4 0.051900584375 0.48148148125 0.1766569203125 0.48032407343749994 0.1742202734375 0.42390046249999996 0.169346978125 0.4108796296875 0.17543859687500002 0.41052532187499996 0.1766569203125 0.38773148125 0.1766569203125 0.2994791671875 0.17543859687500002 0.2531828703125 0.161062378125 0.2523148140625 0.077241715625 0.25694444375000003 0.051169590625000004 0.2589699078125 0.0523879140625 0.431134259375 0.051900584375 0.48148148125
7 0.0475243671875 0.3125 0.032904482812500004 0.3125 0.032904482812500004 0.4325925921875 0.0475243671875 0.4325925921875 0.0475243671875 0.3125
7 0.054834307812500004 0.5063541671875 0.0316764125 0.5063541671875 0.0316764125 0.617766203125 0.054834307812500004 0.617766203125 0.054834307812500004 0.5063541671875
7 0.0572709546875 0.6814120375 0.0341130609375 0.6814120375 0.0341130609375 0.7957175921874999 0.0572709546875 0.7957175921874999 0.0572709546875 0.6814120375
7 0.45931773906249995 0.9042129624999999 0.3386939578125 0.9042129624999999 0.3386939578125 0.9490740734375 0.45931773906249995 0.9490740734375 0.45931773906249995 0.9042129624999999
7 0.8175048734375 0.896990740625 0.6956725140625 0.896990740625 0.6956725140625 0.9418518515625 0.8175048734375 0.9418518515625 0.8175048734375 0.896990740625
7 0.9502923984375 0.3284143515625 0.9356725140625001 0.3298611109375 0.9125243671875 0.3313078703125 0.9173976609375 0.43402777812500004 0.951510721875 0.43258101875 0.9502923984375 0.3284143515625
7 0.5275341124999999 0.2300231484375 0.45687134531250007 0.2300231484375 0.45687134531250007 0.274884259375 0.5275341124999999 0.274884259375 0.5275341124999999 0.2300231484375
6 0.5605283046875 0.8985260765625 0.5871822421874999 0.8985260765625 0.5816127625 0.6283068765625 0.6528225328125 0.62736205625 0.653220353125 0.6131897203125 0.5605283046875 0.615079365625 0.5601304859375 0.6826341640625 0.40498070625000004 0.6826341640625 0.404582884375 0.696334090625 0.5577435656249999 0.6930272109375 0.5605283046875 0.8985260765625
1 0.66651671875 0.4665242171875 0.6597690796875 0.4665242171875 0.6597690796875 0.510149571875 0.485829959375 0.515491453125 0.482831009375 0.5252849 0.4730844203125 0.5243945875 0.4730844203125 0.515491453125 0.3996101359375 0.5137108265625 0.3988604 0.54398148125 0.22117258906249998 0.545762109375 0.221922328125 0.60541310625 0.22941970312499999 0.60541310625 0.22941970312499999 0.6169871812500001 0.22042285156250002 0.6169871812500001 0.221922328125 0.6819800578125 0.377867746875 0.6810897437500001 0.3771180078125 0.670405984375 0.386864596875 0.670405984375 0.386114859375 0.6810897437500001 0.4018593484375 0.6810897437500001 0.4026090875 0.6152065531249999 0.67326435625 0.6116452984375 0.67326435625 0.6027421640624999 0.6822612078125 0.6036324796875 0.6822612078125 0.6107549859375 0.71300045 0.608974359375 0.71300045 0.5671296296875 0.70700255 0.5662393171875 0.70700255 0.5591168109375 0.7144999265624999 0.5582264953125 0.7122507109375 0.4344729359375 0.6875093718749999 0.43625356093749995 0.6875093718749999 0.44604700937499997 0.6770130453125 0.446937321875 0.6762633078125 0.437143875 0.66051881875 0.43625356093749995 0.65901934375 0.4594017078125 0.66651671875 0.46029202343750003 0.66651671875 0.4665242171875
5 0.5592202734375 0.617777778125 0.40448343124999997 0.617777778125 0.40448343124999997 0.6814351859375 0.5592202734375 0.6814351859375 0.5592202734375 0.617777778125
3 0.9502923984375 0.3284143515625 0.9466374265624999 0.21701388906250002 0.5275341124999999 0.22858796250000002 0.5275341124999999 0.274884259375 0.9125243671875 0.26475694375000003 0.9137426906250001 0.3298611109375 0.9502923984375 0.3284143515625
3 0.8187134500000001 0.9432870375 0.9710038984375 0.941840278125 0.95394736875 0.43402777812500004 0.9149610140625001 0.43402777812500004 0.9271442499999999 0.89554398125 0.8174951265624999 0.89554398125 0.8187134500000001 0.9432870375
3 0.6932261203125 0.899884259375 0.4617446390625 0.899884259375 0.4617446390625 0.9447453703124999 0.6932261203125 0.9447453703124999 0.6932261203125 0.899884259375
3 0.211500975 0.27430555624999997 0.4561403515625 0.2731481484375 0.45516569218749997 0.22916666718749998 0.1764132546875 0.23148148124999998 0.1783625734375 0.3865740734375 0.2144249515625 0.3854166671875 0.211500975 0.27430555624999997
3 0.217348928125 0.446759259375 0.1783625734375 0.446759259375 0.1783625734375 0.5821759265625001 0.217348928125 0.5821759265625001 0.217348928125 0.446759259375
3 0.336257309375 0.9050925921875 0.22319688124999998 0.909722221875 0.2192982453125 0.6458333328125 0.1822612078125 0.6458333328125 0.1851851859375 0.9548611109375 0.336257309375 0.95023148125 0.336257309375 0.9050925921875
6 0.055555556250000006 0.6192129625 0.033138401562499996 0.6192129625 0.033138401562499996 0.678240740625 0.055555556250000006 0.678240740625 0.055555556250000006 0.6192129625
6 0.1832358671875 0.8391203703125001 0.1471734890625 0.8391203703125001 0.1471734890625 0.85648148125 0.1832358671875 0.85648148125 0.1832358671875 0.8391203703125001
4 0.21832358749999997 0.42206789999999994 0.2202729046875 0.5300925921874999 0.372332684375 0.524691359375 0.3716829109375 0.47222222187499996 0.3911760875 0.47222222187499996 0.390526315625 0.494598765625 0.47239766093749996 0.49228395156250004 0.4775958421875 0.4830246921875 0.48279402187500003 0.48379629687500003 0.48214425 0.49228395156250004 0.54777128125 0.49305555625 0.5445224171875 0.27777777812500004 0.3885769984375 0.2770061734375 0.3879272265625 0.33487654375 0.36908382031250003 0.3356481484375 0.367784275 0.2770061734375 0.2144249515625 0.27777777812500004 0.21832358749999997 0.4112654328125 0.2267706296875 0.41280864062499995 0.2267706296875 0.42129629687500003 0.21832358749999997 0.42206789999999994
6 0.3840155953125 0.27430555624999997 0.3713450296875 0.27430555624999997 0.3713450296875 0.33305555625 0.3840155953125 0.33305555625 0.3840155953125 0.27430555624999997
4 0.377133309375 0.7109788359375 0.3762183234375 0.70023148125 0.3576998046875 0.70023148125 0.224171540625 0.703703703125 0.22709551718749998 0.9074074078125 0.33918128593749997 0.9016203703125001 0.366471734375 0.9004629625 0.391812865625 0.9004629625 0.5575048734375 0.8958333328125001 0.5555555562500001 0.6956018515625 0.53508771875 0.6944444437499999 0.50487329375 0.6944444437499999 0.4366471734375 0.6979166671875 0.386939571875 0.70023148125 0.3858853484375 0.71239606875 0.377133309375 0.7109788359375
2 0.11306042812499999 0.8379629625 0.0909681625 0.8395061734375 0.091617934375 0.8626543218749999 0.11500974687500001 0.8634259265625 0.11500974687500001 0.8827160484375 0.12345678906249999 0.880401234375 0.12345678906249999 0.8611111109375 0.1442495125 0.8603395062500001 0.1455490578125 0.8387345671875 0.1228070171875 0.8379629625 0.12215724531250001 0.81558641875 0.11565951875 0.8171296296874999 0.11306042812499999 0.81558641875 0.11306042812499999 0.8379629625
2 0.35867446406250003 0.6851851859375 0.35867446406250003 0.6944444437499999 0.3645224171875 0.6990740734374999 0.377133309375 0.6986961453125 0.37816764062499997 0.703703703125 0.37816764062499997 0.7083333328125 0.3840155953125 0.7083333328125 0.3840155953125 0.703703703125 0.387476628125 0.697751321875 0.40299160624999997 0.697751321875 0.403508771875 0.6921296296875 0.403508771875 0.6828703703125 0.38986354843750004 0.6828703703125 0.3846918890625 0.6821617546875001 0.3846918890625 0.6736583515625 0.37792895 0.6731859421874999 0.37792895 0.6831065765625 0.3632096125 0.6831065765625 0.35867446406250003 0.6851851859375
4 0.9181286546875 0.6219135812500001 0.6809616625 0.6280864187499999 0.6809616625 0.6358024703125 0.6725146203125 0.6350308640625 0.6718648484374999 0.6273148140625 0.58414555 0.628858025 0.5886939578125 0.8958333328125001 0.9233268359375 0.8927469140625 0.9181286546875 0.6219135812500001
2 0.6735091703125 0.6339758125 0.6798742890625 0.6344482250000001 0.6794764703125 0.625944821875 0.70215220625 0.6264172343750001 0.7025500250000001 0.6131897203125 0.6798742890625 0.61366213125 0.6790786484375 0.605631140625 0.6735091703125 0.607048375 0.6747026296875 0.6141345421875 0.6544138125 0.61366213125 0.653618171875 0.625944821875 0.6735091703125 0.6264172343750001 0.6735091703125 0.6339758125
6 0.35803795156249996 0.6835789859375 0.221585709375 0.68594104375 0.2207900703125 0.7010582015625 0.35803795156249996 0.6986961453125 0.35803795156249996 0.6835789859375
2 0.17106257656249999 0.60893801875 0.17066475625 0.6141345421875 0.1806102546875 0.614606953125 0.18128655 0.6388888890625 0.1832358671875 0.64351851875 0.2144249515625 0.64351851875 0.2191987921875 0.643896446875 0.2188009703125 0.615079365625 0.227553009375 0.614606953125 0.2267573703125 0.6075207875 0.2188009703125 0.607048375 0.2188009703125 0.5839002265625 0.2124756328125 0.5833333328125 0.2027290453125 0.5833333328125 0.1832358671875 0.5833333328125 0.18128655 0.5856481484375 0.18128655 0.608796296875 0.17106257656249999 0.60893801875
4 0.0584795328125 0.6296296296875 0.0584795328125 0.6550925921874999 0.059275171875 0.6821617546875001 0.059275171875 0.778061225 0.059672992187499996 0.8385298562499999 0.11099176562499999 0.8371126234374999 0.1117874046875 0.814909296875 0.12332418281249999 0.81207483125 0.1265067421875 0.8366402109375001 0.1423001953125 0.8379629625 0.1822015359375 0.8371126234374999 0.1814058953125 0.777116403125 0.18128655 0.6458333328125 0.17941679531250002 0.6164966 0.1694712984375 0.6160241875 0.1682778375 0.6075207875 0.17933723125 0.60648148125 0.1773879140625 0.5069444437499999 0.1774276953125 0.49933862500000004 0.11500974687500001 0.5 0.11306042812499999 0.5 0.065242471875 0.50122826875 0.056888251562500006 0.50122826875 0.057683892187499995 0.5602796671875 0.0584795328125 0.6296296296875
2 0.17225603750000001 0.41761148906249995 0.1762342359375 0.41950113437500003 0.1782233359375 0.44737339374999996 0.196125234375 0.44737339374999996 0.20885547187500003 0.445956159375 0.216811871875 0.44737339374999996 0.21597644843750002 0.43381519218750003 0.216811871875 0.41997354375 0.22437045000000003 0.419028721875 0.22437045000000003 0.41477702031249997 0.21601623124999997 0.41099773125 0.21522059062499999 0.3873771734375 0.1867366828125 0.3875188953125 0.17893941093750002 0.3875188953125 0.17699009375000002 0.4060374140625 0.1758364171875 0.4128873765625 0.1698691171875 0.412414965625 0.17225603750000001 0.41761148906249995
2 0.1304970765625 0.2333796296875 0.0831481484375 0.2333796296875 0.0831481484375 0.2541666671875 0.1304970765625 0.2541666671875 0.1304970765625 0.2333796296875
2 0.1273023828125 0.1266061984375 0.11138958437499999 0.12613378749999998 0.1094004859375 0.12377173125 0.1054222859375 0.12140967656249999 0.10343318593749999 0.1266061984375 0.0847356484375 0.12944066406250002 0.0847356484375 0.1473922890625 0.1273023828125 0.1469198796875 0.1273023828125 0.1266061984375
6 0.1708901890625 0.15972222187500001 0.1851851859375 0.1612654328125 0.1851851859375 0.1442901234375 0.3710201421875 0.14351851875 0.3723196875 0.22839506250000002 0.38986354843750004 0.22839506250000002 0.38986354843750004 0.1242283953125 0.12930474218750002 0.12577160468749998 0.1286549703125 0.1458333328125 0.1708901890625 0.1466049375 0.1708901890625 0.15972222187500001
4 0.187784275 0.22916666718749998 0.3703703703125 0.22762345625 0.3697205984375 0.1450617296875 0.187134503125 0.1466049375 0.187784275 0.1797839515625 0.1949317734375 0.18055555625 0.1949317734375 0.1898148140625 0.18648473125 0.1898148140625 0.187784275 0.22916666718749998
2 0.16708437812500002 0.185657596875 0.17106257656249999 0.185657596875 0.17106257656249999 0.2106953890625 0.1857819140625 0.2106953890625 0.186179734375 0.187547240625 0.192544853125 0.18613000625 0.192147034375 0.1814058953125 0.186179734375 0.1799886625 0.186179734375 0.16250944843749998 0.17106257656249999 0.1620370375 0.1714603984375 0.1799886625 0.16708437812500002 0.180933484375 0.16708437812500002 0.185657596875
6 0.44769330781249994 0.512345678125 0.44777452812499996 0.49768518593750005 0.3868583484375 0.49768518593750005 0.388076671875 0.47453703750000004 0.3758934359375 0.47453703750000004 0.37467511249999996 0.5266203703125 0.21994801718749998 0.5280671296875 0.21872969375 0.54398148125 0.397011046875 0.54012345625 0.3966049375 0.512152778125 0.44769330781249994 0.512345678125
6 0.72319688125 0.5424382703124999 0.71637426875 0.271990740625 0.6993177390625 0.271990740625 0.704353475 0.431327159375 0.71637426875 0.431134259375 0.7173489281250001 0.5408950625 0.72319688125 0.5424382703124999
6 0.724902534375 0.5938464515625 0.7160493828125001 0.593364196875 0.71669915625 0.612654321875 0.7041910328125 0.612654321875 0.7041910328125 0.6227816359375 0.9186159843749999 0.6198881187499999 0.9149610140625001 0.605420525 0.7238466531250001 0.61033950625 0.724902534375 0.5938464515625
2 0.47563352812500004 0.5216049375 0.4801819359375 0.52237654375 0.48408057187500003 0.513117284375 0.5081221578124999 0.512345678125 0.507472384375 0.494598765625 0.480831709375 0.496141975 0.4801819359375 0.4861111109375 0.47758284531250006 0.486882715625 0.47433398281250005 0.493827159375 0.44769330781249994 0.494598765625 0.4483430796875 0.513117284375 0.4736842109375 0.5138888890625 0.47563352812500004 0.5216049375
6 0.656920078125 0.5069444437499999 0.6549707609375 0.48842592656250006 0.6354775828125 0.48996913593749997 0.6348278109375001 0.493827159375 0.57244964375 0.49305555625 0.57179986875 0.43904321093750004 0.65756985 0.43904321093750004 0.6562703062499999 0.4104938265625 0.5776478218750001 0.41280864062499995 0.576348278125 0.274691359375 0.5471085125 0.2762345671875 0.550357375 0.494598765625 0.5087719296875 0.4953703703125 0.5094217015625 0.5100308640625 0.656920078125 0.5069444437499999
2 0.6848602984375 0.44444444375 0.6848602984375 0.43441358125 0.70305393125 0.433641975 0.7017543859375001 0.40895061874999994 0.6842105265625 0.40972222187499996 0.6835607546875 0.40354938125000006 0.67966211875 0.40277777812500004 0.67966211875 0.40895061874999994 0.6595191671875 0.40972222187499996 0.6595321640625 0.433641975 0.6790123453125 0.43441358125 0.6790123453125 0.443672840625 0.6848602984375 0.44444444375
4 0.7264457453125 0.568672840625 0.7270955171875 0.60648148125 0.9155295656250001 0.6033950625 0.9083820656249999 0.2677469140625 0.7212475640625 0.2708333328125 0.7264457453125 0.558641975 0.7335932421875 0.5594135812500001 0.7329434703125 0.5671296296875 0.7264457453125 0.568672840625
2 0.710214425 0.5655864187499999 0.716062378125 0.5655864187499999 0.7154126062499999 0.5910493812500001 0.7245094203125 0.5925925921874999 0.7238596484375 0.5655864187499999 0.7310071484375 0.5655864187499999 0.730357375 0.5609567890625 0.7238596484375 0.5609567890625 0.7232098765625 0.5424382703124999 0.71671215 0.5424382703124999 0.71671215 0.5617283953125 0.7095646531249999 0.5601851859375 0.710214425 0.5655864187499999
2 0.628330084375 0.46296296249999996 0.6335282656250001 0.4645061734375 0.63287849375 0.486882715625 0.656920078125 0.487654321875 0.656920078125 0.4645061734375 0.6647173484375 0.46527777812500004 0.6640675765624999 0.46141975156250004 0.656920078125 0.45987654375 0.6582196234375 0.441358025 0.6341780375 0.44058641875 0.6341780375 0.45679012343750003 0.6289798578125 0.45987654375 0.628330084375 0.46296296249999996
4 0.6848602984375 0.40046296249999996 0.687459390625 0.40663580312500003 0.69980506875 0.4074074078125 0.69980506875 0.2916666671875 0.700454840625 0.2716049375 0.5808966859375 0.2754629625 0.5802469140625 0.4104938265625 0.6770630265625 0.40817901093750003 0.6783625734375 0.4012345671875 0.6848602984375 0.40046296249999996
1 0.631578946875 0.46604938125000006 0.6270305406250001 0.4637345671875 0.626380765625 0.45679012343750003 0.631578946875 0.45679012343750003 0.6335282656250001 0.441358025 0.573099415625 0.441358025 0.5743989609375 0.490740740625 0.630929175 0.490740740625 0.631578946875 0.46604938125000006
6 0.17542885 0.23225694375 0.13190058437500002 0.23225694375 0.13190058437500002 0.2523263890625 0.17542885 0.2523263890625 0.17542885 0.23225694375
6 0.1851851859375 0.21218750000000003 0.17348927812499998 0.21218750000000003 0.17348927812499998 0.2299421296875 0.1851851859375 0.2299421296875 0.1851851859375 0.21218750000000003
6 0.0903183875 0.8418209890625 0.0571799859375 0.8410493812500001 0.0571799859375 0.79783950625 0.034437946875 0.79783950625 0.03508771875 0.8611111109375 0.08901884374999999 0.8611111109375 0.0903183875 0.8418209890625
6 0.1773879140625 0.49691358125 0.1773879140625 0.4822530859375 0.048083171875000004 0.4830246921875 0.048083171875000004 0.433641975 0.0324886296875 0.433641975 0.0337881734375 0.5046296296875 0.0532813515625 0.5046296296875 0.0532813515625 0.49922839531249996 0.1773879140625 0.49691358125
6 0.08317089062500001 0.23688271562500002 0.049382715625000004 0.23765432187500002 0.04873294375 0.1550925921875 0.0838206625 0.1504629625 0.0838206625 0.130401234375 0.036387265625 0.13811728437499998 0.034437946875 0.31172839531249996 0.049382715625000004 0.31172839531249996 0.049382715625000004 0.2584876546875 0.08317089062500001 0.256172840625 0.08317089062500001 0.23688271562500002
1 0.1656920078125 0.18672839531250002 0.1650422359375 0.1797839515625 0.170240415625 0.178240740625 0.168940871875 0.1481481484375 0.05198180625 0.1574074078125 0.0526315796875 0.23148148124999998 0.1708901890625 0.22839506250000002 0.170240415625 0.1890432109375 0.1656920078125 0.18672839531250002