5 0.1248137109375 0.3375087 0.14033780468749998 0.3514265828125 0.16641828125 0.35316631875 0.16703924375 0.06871955468749999 0.0813462484375 0.070459290625 0.0813462484375 0.35316631875 0.10432190781249999 0.35403618593749997 0.1248137109375 0.3375087
7 0.15102086406249998 0.04036534375 0.0963710875 0.04036534375 0.0963710875 0.066816284375 0.15102086406249998 0.066816284375 0.15102086406249998 0.04036534375
4 0.2701266765625 0.0687056375 0.17884500781249998 0.0687056375 0.17884500781249998 0.26269311093750003 0.2701266765625 0.26269311093750003 0.2701266765625 0.0687056375
7 0.2573248875 0.04036534375 0.21757824218750002 0.04036534375 0.21757824218750002 0.066816284375 0.2573248875 0.066816284375 0.2573248875 0.04036534375
4 0.2781917546875 0.24269311093749998 0.277570790625 0.406228253125 0.38686040625 0.406228253125 0.38686040625 0.069589421875 0.2788127171875 0.070459290625 0.2781917546875 0.201809325 0.29557873749999997 0.2435629796875 0.2781917546875 0.24269311093749998
6 0.27695230937500004 0.0669832984375 0.2707377046875 0.0669832984375 0.2707377046875 0.20441544843749998 0.27695230937500004 0.20441544843749998 0.27695230937500004 0.0669832984375
7 0.31693740625 0.041764092187500004 0.277190759375 0.041764092187500004 0.277190759375 0.06821503125 0.31693740625 0.06821503125 0.31693740625 0.041764092187500004
7 0.3884724296875 0.04036534375 0.3487257828125 0.04036534375 0.3487257828125 0.066816284375 0.3884724296875 0.066816284375 0.3884724296875 0.04036534375
4 0.468211625 0.0687056375 0.3936959765625 0.0687056375 0.3936959765625 0.2574739046875 0.468211625 0.2574739046875 0.468211625 0.0687056375
7 0.44808494843749996 0.04036534375 0.40833830156250006 0.04036534375 0.40833830156250006 0.066816284375 0.44808494843749996 0.066816284375 0.44808494843749996 0.04036534375
4 0.5526527578125 0.0687265140625 0.4750372578125 0.0687265140625 0.4750372578125 0.2566179546875 0.5526527578125 0.2566179546875 0.5526527578125 0.0687265140625
7 0.554388971875 0.04036534375 0.514642325 0.04036534375 0.514642325 0.066816284375 0.554388971875 0.066816284375 0.554388971875 0.04036534375
4 0.6600894187499999 0.0687265140625 0.55949329375 0.0687265140625 0.55949329375 0.40797494843750004 0.6600894187499999 0.40797494843750004 0.6600894187499999 0.0687265140625
6 0.5271982109375 0.266179540625 0.552657725 0.266179540625 0.552657725 0.3966597078125 0.5278191765625 0.3966597078125 0.5278191765625 0.4044885171875 0.5551415796875 0.4044885171875 0.553899653125 0.4157968 0.6147540984375001 0.4157968 0.6147540984375001 0.40883785625 0.5588673625 0.40883785625 0.5588673625 0.0678496875 0.554520615625 0.0678496875 0.5532786890625 0.25835073125 0.5271982109375 0.2592205984375 0.5271982109375 0.266179540625
7 0.614001490625 0.041764092187500004 0.57425484375 0.041764092187500004 0.57425484375 0.06821503125 0.614001490625 0.06821503125 0.614001490625 0.041764092187500004
7 0.6785916546874999 0.0835177453125 0.6617064078125 0.0835177453125 0.6617064078125 0.14057411250000001 0.6785916546874999 0.14057411250000001 0.6785916546874999 0.0835177453125
7 0.9438673625 0.23521920624999998 0.924001490625 0.23521920624999998 0.924001490625 0.3062004171875 0.9438673625 0.3062004171875 0.9438673625 0.23521920624999998
7 0.8764232484375001 0.38830897656249996 0.85842026875 0.38830897656249996 0.85842026875 0.501043840625 0.8764232484375001 0.501043840625 0.8764232484375001 0.38830897656249996
7 0.8753129656249999 0.5414091859375 0.8594113265625 0.5414091859375 0.8594113265625 0.5887369515625 0.8753129656249999 0.5887369515625 0.8753129656249999 0.5414091859375
7 0.8743144562499999 0.6249164921875 0.8584128171875 0.6249164921875 0.8584128171875 0.672244259375 0.8743144562499999 0.672244259375 0.8743144562499999 0.6249164921875
7 0.8743144562499999 0.6889457203125 0.8584128171875 0.6889457203125 0.8584128171875 0.7362734859375 0.8743144562499999 0.7362734859375 0.8743144562499999 0.6889457203125
3 0.804150521875 0.742004175 0.794210134375 0.742004175 0.794210134375 0.7689770359375 0.804150521875 0.7689770359375 0.804150521875 0.742004175
7 0.8395380031249999 0.741826721875 0.8037704921875 0.741826721875 0.8037704921875 0.7682776625 0.8395380031249999 0.7682776625 0.8395380031249999 0.741826721875
3 0.7575782421875 0.742860125 0.7482637859375 0.742860125 0.7482637859375 0.768956159375 0.7575782421875 0.768956159375 0.7575782421875 0.742860125
7 0.7938301046875 0.7432254703125001 0.75806259375 0.7432254703125001 0.75806259375 0.7696764093749999 0.7938301046875 0.7696764093749999 0.7938301046875 0.7432254703125001
7 0.7461400890625 0.7432254703125001 0.710372578125 0.7432254703125001 0.710372578125 0.7696764093749999 0.7461400890625 0.7696764093749999 0.7461400890625 0.7432254703125001
7 0.6577123703125001 0.8824112734374999 0.614985096875 0.8824112734374999 0.614985096875 0.9088622125000001 0.6577123703125001 0.9088622125000001 0.6577123703125001 0.8824112734374999
7 0.5990983609375 0.8824112734374999 0.5563710875 0.8824112734374999 0.5563710875 0.9088622125000001 0.5990983609375 0.9088622125000001 0.5990983609375 0.8824112734374999
7 0.5196199703125 0.8810125265625001 0.47689269687499997 0.8810125265625001 0.47689269687499997 0.907463465625 0.5196199703125 0.907463465625 0.5196199703125 0.8810125265625001
7 0.4600074515625 0.8810125265625001 0.41728017812499996 0.8810125265625001 0.41728017812499996 0.907463465625 0.4600074515625 0.907463465625 0.4600074515625 0.8810125265625001
7 0.3815126671875 0.8810125265625001 0.3387853953125 0.8810125265625001 0.3387853953125 0.907463465625 0.3815126671875 0.907463465625 0.3815126671875 0.8810125265625001
7 0.32190014843750003 0.8824112734374999 0.2791728765625 0.8824112734374999 0.2791728765625 0.9088622125000001 0.32190014843750003 0.9088622125000001 0.32190014843750003 0.8824112734374999
7 0.2424217578125 0.8824112734374999 0.1996944859375 0.8824112734374999 0.1996944859375 0.9088622125000001 0.2424217578125 0.9088622125000001 0.2424217578125 0.8824112734374999
7 0.18280924062499998 0.8810125265625001 0.1400819671875 0.8810125265625001 0.1400819671875 0.907463465625 0.18280924062499998 0.907463465625 0.18280924062499998 0.8810125265625001
4 0.1924987578125 0.5375782874999999 0.19311972187499998 0.6845859437499999 0.07824143125000001 0.68284620625 0.07824143125000001 0.8820459296875001 0.26949826093749996 0.8803061937500001 0.26887729843749997 0.5367084203125 0.1924987578125 0.5375782874999999
6 0.13226527500000002 0.6732776625 0.07699950312500001 0.6741475296874999 0.07699950312500001 0.681106471875 0.19187779375 0.68284620625 0.1912568296875 0.5375782874999999 0.2198211625 0.5375782874999999 0.2185792359375 0.528879609375 0.1825633390625 0.52800974375 0.1825633390625 0.534098815625 0.1862891203125 0.535838553125 0.186910084375 0.6741475296874999 0.13785395 0.6741475296874999 0.13785395 0.535838553125 0.15834575312500002 0.5367084203125 0.1595876796875 0.5262700062500001 0.1111525078125 0.527139875 0.11239443593750001 0.535838553125 0.132886240625 0.535838553125 0.13226527500000002 0.6732776625
3 0.1384749140625 0.8811760609375 0.07824143125000001 0.8820459296875001 0.0788623953125 0.5045233125 0.059612518749999996 0.5053931796875 0.059612518749999996 0.90901183125 0.1384749140625 0.90727209375 0.1384749140625 0.8811760609375
0 0.1321385984375 0.5358350734374999 0.0794858421875 0.5358350734374999 0.0794858421875 0.6750208765625 0.1321385984375 0.6750208765625 0.1321385984375 0.5358350734374999
0 0.186788375 0.5344363249999999 0.1400968703125 0.5344363249999999 0.1400968703125 0.6736221296875 0.186788375 0.6736221296875 0.186788375 0.5344363249999999
1 0.613512171875 0.4427627 0.613512171875 0.41753653437500005 0.552657725 0.41753653437500005 0.552657725 0.40709812031250003 0.529061103125 0.40709812031250003 0.49925484375 0.4297146828125 0.49925484375 0.4053583859375 0.4769001484375 0.406228253125 0.475658221875 0.41753653437500005 0.44336810781249997 0.41666666562500004 0.41294088437500004 0.4427627 0.41480377500000004 0.418406403125 0.37382016875 0.418406403125 0.343392946875 0.4436325671875 0.343392946875 0.41927626875 0.2601838046875 0.41927626875 0.2328614015625 0.43928322968750005 0.23224043593750002 0.418406403125 0.2098857421875 0.418406403125 0.183184303125 0.4401530953125 0.18504719375 0.4201461375 0.17138599062499998 0.4201461375 0.1720069546875 0.372303409375 0.080104321875 0.370563675 0.0813462484375 0.527139875 0.086313959375 0.527139875 0.086313959375 0.501913709375 0.10991058125 0.5262700062500001 0.1595876796875 0.524530271875 0.1595876796875 0.5053931796875 0.183805265625 0.5262700062500001 0.21671634375 0.527139875 0.21609537968749998 0.49930410625 0.245280675 0.525400140625 0.343392946875 0.525400140625 0.3421510171875 0.501043840625 0.3713363140625 0.525400140625 0.4123199203125 0.525400140625 0.4110779921875 0.501043840625 0.441505215625 0.524530271875 0.4980129171875 0.527139875 0.4980129171875 0.5001739734374999 0.5278191765625 0.525400140625 0.6147540984375001 0.524530271875 0.6147540984375001 0.5027835765625001 0.6426974671875 0.524530271875 0.6836810734375 0.525400140625 0.6830601093750001 0.501913709375 0.7110034765625 0.524530271875 0.7246646796875 0.524530271875 0.72528564375 0.491475296875 0.707898659375 0.44972164374999996 0.7240437156249999 0.451461378125 0.7246646796875 0.20876826718750002 0.667536015625 0.20702853281250003 0.667536015625 0.4157968 0.6445603578125 0.418406403125 0.613512171875 0.4427627
6 0.2223050171875 0.4079679890625 0.2098857421875 0.40709812031250003 0.2092647796875 0.4157968 0.2328614015625 0.4157968 0.2328614015625 0.4079679890625 0.2272727265625 0.40709812031250003 0.2272727265625 0.271398746875 0.27074018906249997 0.2705288796875 0.270119225 0.406228253125 0.2583209140625 0.40709812031250003 0.2570789859375 0.41666666562500004 0.344013909375 0.41666666562500004 0.344013909375 0.4079679890625 0.2763288625 0.40883785625 0.276949825 0.2435629796875 0.27136115156249996 0.2418232421875 0.27136115156249996 0.26443980625 0.1794585203125 0.2635699375 0.1782165921875 0.2705288796875 0.22292598125000002 0.2705288796875 0.2223050171875 0.4079679890625
1 0.2215573765625 0.27140918593749996 0.1788301046875 0.27140918593749996 0.1788301046875 0.4077974953125 0.2215573765625 0.4077974953125 0.2215573765625 0.27140918593749996
1 0.27023845 0.27138830937499997 0.22850968749999997 0.27138830937499997 0.22850968749999997 0.406398746875 0.27023845 0.406398746875 0.27023845 0.27138830937499997
3 0.1974664671875 0.8803131531249999 0.1825633390625 0.8803131531249999 0.1825633390625 0.9072860125 0.1974664671875 0.9072860125 0.1974664671875 0.8803131531249999
3 0.2769448578125 0.8811691015625 0.2434128171875 0.8811691015625 0.2434128171875 0.9081419625 0.2769448578125 0.9081419625 0.2769448578125 0.8811691015625
3 0.33780178906249997 0.8820459296875001 0.3216616984375 0.8820459296875001 0.3216616984375 0.9081419625 0.33780178906249997 0.9081419625 0.33780178906249997 0.8820459296875001
3 0.4160506703125 0.882035490625 0.381892696875 0.882035490625 0.381892696875 0.906398746875 0.4160506703125 0.906398746875 0.4160506703125 0.882035490625
3 0.4769076 0.882035490625 0.4601415796875 0.882035490625 0.4601415796875 0.906398746875 0.4769076 0.906398746875 0.4769076 0.882035490625
3 0.5557600593750001 0.8803027140624999 0.5203651265625 0.8803027140624999 0.5203651265625 0.9081315234374999 0.5557600593750001 0.9081315234374999 0.5557600593750001 0.8803027140624999
3 0.6147540984375001 0.8829123171875001 0.6004769 0.8829123171875001 0.6004769 0.906398746875 0.6147540984375001 0.906398746875 0.6147540984375001 0.8829123171875001
3 0.8767958265625 0.6715448859375 0.857540984375 0.6715448859375 0.857540984375 0.68807933125 0.8767958265625 0.68807933125 0.8767958265625 0.6715448859375
3 0.8761698953125 0.5889039671875 0.8581669156249999 0.5889039671875 0.8581669156249999 0.622828809375 0.8761698953125 0.622828809375 0.8761698953125 0.5889039671875
3 0.8768032781249999 0.5027766171875 0.8594113265625 0.5027766171875 0.8594113265625 0.5393110640625001 0.8768032781249999 0.5393110640625001 0.8768032781249999 0.5027766171875
3 0.5725335328125001 0.0408768265625 0.5570044703125 0.0408768265625 0.5570044703125 0.06609603281250001 0.5725335328125001 0.06609603281250001 0.5725335328125001 0.0408768265625
6 0.446472925 0.266179540625 0.46882762031249997 0.265309671875 0.46882762031249997 0.4079679890625 0.441505215625 0.40709812031250003 0.44088425156250005 0.41405706249999996 0.47441629374999994 0.4157968 0.47441629374999994 0.4053583859375 0.49863387968749995 0.4044885171875 0.4998758078125 0.3966597078125 0.47379533125 0.3966597078125 0.47379533125 0.265309671875 0.4998758078125 0.265309671875 0.5004967703125 0.25835073125 0.47441629374999994 0.2574808625 0.47441629374999994 0.06871955468749999 0.46882762031249997 0.06871955468749999 0.469448584375 0.2566109953125 0.44709388906249997 0.2566109953125 0.446472925 0.266179540625
3 0.5135469453125 0.0408768265625 0.4495827125 0.0408768265625 0.4495827125 0.066972859375 0.5135469453125 0.066972859375 0.5135469453125 0.0408768265625
6 0.3719572765625 0.41666666562500004 0.4141828125 0.41666666562500004 0.4141828125 0.40883785625 0.393691009375 0.4079679890625 0.394311971875 0.266179540625 0.41915052187499996 0.266179540625 0.4197714859375 0.2574808625 0.393691009375 0.2574808625 0.393691009375 0.0678496875 0.3874813703125 0.0678496875 0.3881023359375 0.4079679890625 0.3719572765625 0.4079679890625 0.3719572765625 0.41666666562500004
3 0.40610283125 0.041743215625 0.3899627421875 0.041743215625 0.3899627421875 0.06610647187499999 0.40610283125 0.06610647187499999 0.40610283125 0.041743215625
3 0.34773472499999997 0.0426200421875 0.317928465625 0.0426200421875 0.317928465625 0.0669832984375 0.34773472499999997 0.0669832984375 0.34773472499999997 0.0426200421875
3 0.27507451562499996 0.0408663890625 0.2589344265625 0.0408663890625 0.2589344265625 0.0652296453125 0.27507451562499996 0.0652296453125 0.27507451562499996 0.0408663890625
3 0.21609537968749998 0.041753653125 0.152131146875 0.041753653125 0.152131146875 0.066972859375 0.21609537968749998 0.066972859375 0.21609537968749998 0.041753653125
7 0.07886736250000001 0.4375469734375 0.059612518749999996 0.4375469734375 0.059612518749999996 0.5027870562500001 0.07886736250000001 0.5027870562500001 0.07886736250000001 0.4375469734375
3 0.0788623953125 0.43580375781249997 0.0794833578125 0.0678496875 0.09562841562499999 0.06697981875 0.09562841562499999 0.041753653125 0.0602334828125 0.04001391875 0.0602334828125 0.43493388906249997 0.0788623953125 0.43580375781249997
3 0.6805762546875 0.0826374390625 0.6787133640625 0.041753653125 0.6159960250000001 0.041753653125 0.6166169890625001 0.0678496875 0.6607054140625 0.0678496875 0.6607054140625 0.0826374390625 0.6805762546875 0.0826374390625
3 0.9426229515625 0.23225469687500003 0.943243915625 0.1791927625 0.6793343265625 0.1791927625 0.6805762546875 0.1417884484375 0.6594634875 0.1417884484375 0.6600844515625 0.2052887953125 0.923373075 0.20702853281250003 0.9227521125000001 0.23225469687500003 0.9426229515625 0.23225469687500003
3 0.858792846875 0.38622129374999997 0.8774217578125001 0.38622129374999997 0.8774217578125001 0.3592553921875 0.943243915625 0.3583855265625 0.943243915625 0.3088030625 0.9239940390625 0.3088030625 0.9239940390625 0.33228949218750004 0.8594138109375 0.333159359375 0.858792846875 0.38622129374999997
5 0.746398409375 0.2870563671875 0.737083953125 0.311412665625 0.7358420265625 0.3296798890625 0.923373075 0.33054975625 0.9221311468750001 0.20789839843750002 0.7358420265625 0.20789839843750002 0.7358420265625 0.2540013921875 0.746398409375 0.2766179546875 0.746398409375 0.2870563671875
6 0.7339791359375 0.2070250515625 0.7265275703125 0.2070250515625 0.7265275703125 0.2522651359375 0.7339791359375 0.2522651359375 0.7339791359375 0.2070250515625
4 0.8581743671875 0.3453444671875 0.73336065625 0.3453444671875 0.73336065625 0.5280167015624999 0.8581743671875 0.5280167015624999 0.8581743671875 0.3453444671875
6 0.73211624375 0.34359777187499996 0.858792846875 0.344467640625 0.8600347734374999 0.3348990953125 0.7352210625 0.333159359375 0.7352210625 0.311412665625 0.7265275703125 0.31054279687499997 0.72528564375 0.45407098125 0.732737209375 0.451461378125 0.73211624375 0.34359777187499996
6 0.7110034765625 0.5367084203125 0.8563089906249999 0.535838553125 0.858792846875 0.52800974375 0.7314952796874999 0.5262700062500001 0.7314952796874999 0.491475296875 0.7259066062499999 0.491475296875 0.7259066062499999 0.5262700062500001 0.7103825140625 0.527139875 0.7110034765625 0.5367084203125
2 0.7432935921875 0.2879262359375 0.74391455625 0.2818371609375 0.7339791359375 0.2531315234375 0.7277694984374999 0.2531315234375 0.727148534375 0.3088030625 0.733358171875 0.3096729296875 0.7432935921875 0.2879262359375
2 0.7259066062499999 0.489735559375 0.7339791359375 0.48886569375000005 0.732737209375 0.45320111250000006 0.711624440625 0.451461378125 0.70976155 0.45233124687500004 0.7259066062499999 0.489735559375
4 0.8569299546875 0.5375782874999999 0.6662891203125 0.5375782874999999 0.6662891203125 0.7411273484375 0.8569299546875 0.7411273484375 0.8569299546875 0.5375782874999999
2 0.70976155 0.534968684375 0.7091405859375 0.525400140625 0.6843020375 0.5053931796875 0.6855439640625 0.535838553125 0.70976155 0.534968684375
3 0.8407848984375 0.76809325 0.8755588671875 0.7689631171875 0.87680079375 0.7376478765625001 0.858792846875 0.7376478765625001 0.8594138109375 0.7437369515625 0.8407848984375 0.7428670828125 0.8407848984375 0.76809325
3 0.6576005968749999 0.9081419625 0.6780923999999999 0.90901183125 0.6793343265625 0.7689631171875 0.7091405859375 0.7698329859374999 0.70976155 0.7428670828125 0.6600844515625 0.7428670828125 0.6600844515625 0.8811760609375 0.6576005968749999 0.8820459296875001 0.6576005968749999 0.9081419625
4 0.6594634875 0.5358350734374999 0.5588673625 0.5358350734374999 0.5588673625 0.8785699375 0.6594634875 0.8785699375 0.6594634875 0.5358350734374999
4 0.5526527578125 0.683716075 0.4750372578125 0.683716075 0.4750372578125 0.8777035484375 0.5526527578125 0.8777035484375 0.5526527578125 0.683716075
4 0.468211625 0.681106471875 0.3936959765625 0.681106471875 0.3936959765625 0.8803131531249999 0.468211625 0.8803131531249999 0.468211625 0.681106471875
6 0.64393939375 0.41666666562500004 0.6662940875000001 0.41666666562500004 0.6662940875000001 0.20702853281250003 0.6607054140625 0.20702853281250003 0.6600844515625 0.4079679890625 0.64331843125 0.4079679890625 0.64393939375 0.41666666562500004
6 0.6576005968749999 0.5367084203125 0.6594634875 0.7428670828125 0.6662940875000001 0.7393876140625 0.665673125 0.535838553125 0.6849230000000001 0.5367084203125 0.6836810734375 0.527139875 0.6414555390625 0.528879609375 0.6420765015625001 0.535838553125 0.6576005968749999 0.5367084203125
6 0.6153750625 0.527139875 0.5271982109375 0.527139875 0.526577246875 0.5367084203125 0.5520367609375 0.5367084203125 0.5520367609375 0.6724077937499999 0.526577246875 0.6724077937499999 0.526577246875 0.681976340625 0.553899653125 0.681976340625 0.5532786890625 0.879436325 0.5582463984375 0.879436325 0.5582463984375 0.5367084203125 0.6153750625 0.5367084203125 0.6153750625 0.527139875
6 0.469448584375 0.6741475296874999 0.44585196250000003 0.6741475296874999 0.44523099843749997 0.6793667375 0.46882762031249997 0.681106471875 0.46882762031249997 0.8785664578124999 0.47441629374999994 0.8811760609375 0.475658221875 0.681106471875 0.49925484375 0.68284620625 0.4998758078125 0.6741475296874999 0.47441629374999994 0.6732776625 0.47379533125 0.5375782874999999 0.4998758078125 0.5375782874999999 0.4998758078125 0.527139875 0.4421261796875 0.527139875 0.4421261796875 0.5375782874999999 0.46820665781250004 0.5375782874999999 0.469448584375 0.6741475296874999
4 0.3880998515625 0.5367119 0.27756333906249997 0.5367119 0.27756333906249997 0.8794467640624999 0.3880998515625 0.8794467640624999 0.3880998515625 0.5367119
6 0.394311971875 0.8803061937500001 0.39244908125 0.681976340625 0.41915052187499996 0.681976340625 0.4197714859375 0.6732776625 0.3930700453125 0.6741475296874999 0.393691009375 0.5367084203125 0.4135618484375 0.5375782874999999 0.4135618484375 0.527139875 0.3725782421875 0.527139875 0.3719572765625 0.535838553125 0.3881023359375 0.5367084203125 0.38686040625 0.879436325 0.394311971875 0.8803061937500001
6 0.270119225 0.879436325 0.277570790625 0.8803061937500001 0.2763288625 0.5393180234375 0.344013909375 0.5375782874999999 0.344013909375 0.527139875 0.2459016390625 0.527139875 0.245280675 0.534968684375 0.270119225 0.535838553125 0.270119225 0.879436325
6 0.103703428125 0.35664926874999997 0.0794858421875 0.35664926874999997 0.0794858421875 0.368820459375 0.103703428125 0.368820459375 0.103703428125 0.35664926874999997
6 0.14406358749999998 0.36969380625000003 0.17262791875 0.3679540703125 0.1732488828125 0.41666666562500004 0.1862891203125 0.41753653437500005 0.186910084375 0.40883785625 0.1775956296875 0.4079679890625 0.1782165921875 0.06871955468749999 0.1689021359375 0.06871955468749999 0.16766020937499998 0.35577592343750003 0.14406358749999998 0.35577592343750003 0.14406358749999998 0.36969380625000003
2 0.1434426234375 0.3575156578125 0.1248137109375 0.3418580375 0.10556383437500001 0.3566457890625 0.104942871875 0.36969380625000003 0.142821659375 0.36969380625000003 0.1434426234375 0.3575156578125
4 0.44585196250000003 0.266179540625 0.446472925 0.2905358390625 0.4185295578125 0.267919275 0.3955539 0.267919275 0.3961748625 0.40709812031250003 0.46882762031249997 0.4053583859375 0.46820665781250004 0.266179540625 0.44585196250000003 0.266179540625
2 0.44523099843749997 0.260090465625 0.4216343765625 0.25835073125 0.4203924484375 0.267049409375 0.444610034375 0.2870563671875 0.44523099843749997 0.260090465625
4 0.5507948328125 0.26878914374999996 0.5296820671875 0.267919275 0.5004967703125 0.294015309375 0.5004967703125 0.267919275 0.4750372578125 0.267049409375 0.475658221875 0.3931802359375 0.5520367609375 0.3940501046875 0.5507948328125 0.26878914374999996
2 0.5271982109375 0.2566109953125 0.5017386984375001 0.2566109953125 0.501117734375 0.2879262359375 0.5278191765625 0.267049409375 0.5271982109375 0.2566109953125
2 0.5271982109375 0.3949199734375 0.5017386984375001 0.3949199734375 0.4998758078125 0.42797494843750006 0.526577246875 0.40883785625 0.5271982109375 0.3949199734375
2 0.6426974671875 0.40883785625 0.6159960250000001 0.40883785625 0.6141331343750001 0.43928322968750005 0.6420765015625001 0.41927626875 0.6426974671875 0.40883785625
2 0.4402632890625 0.4079679890625 0.41666666562500004 0.40709812031250003 0.41480377500000004 0.43928322968750005 0.44088425156250005 0.4201461375 0.4402632890625 0.4079679890625
2 0.343392946875 0.4410229640625 0.3719572765625 0.41753653437500005 0.3713363140625 0.4079679890625 0.3446348734375 0.4079679890625 0.343392946875 0.4410229640625
2 0.27136115156249996 0.2052887953125 0.27136115156249996 0.2400835078125 0.293094884375 0.2418232421875 0.2788127171875 0.2052887953125 0.27136115156249996 0.2052887953125
2 0.2583209140625 0.40709812031250003 0.23348236562500002 0.4079679890625 0.234103328125 0.4375434921875 0.2570789859375 0.41927626875 0.2583209140625 0.40709812031250003
2 0.20864381562499998 0.40970772499999997 0.1881520125 0.40883785625 0.1844262296875 0.4375434921875 0.2092647796875 0.418406403125 0.20864381562499998 0.40970772499999997
2 0.6166169890625001 0.534968684375 0.6420765015625001 0.535838553125 0.6414555390625 0.5262700062500001 0.6166169890625001 0.5053931796875 0.6166169890625001 0.534968684375
4 0.4980129171875 0.6497912312499999 0.526577246875 0.6706680578124999 0.551415796875 0.6706680578124999 0.551415796875 0.5384481562500001 0.47627918437499994 0.5401878921875001 0.475658221875 0.6715379265625 0.4973919515625 0.6724077937499999 0.4980129171875 0.6497912312499999
2 0.5004967703125 0.5053931796875 0.5023596609375 0.5367084203125 0.5271982109375 0.5393180234375 0.5271982109375 0.525400140625 0.5004967703125 0.5053931796875
4 0.44709388906249997 0.646311759375 0.44709388906249997 0.6715379265625 0.46882762031249997 0.6715379265625 0.46820665781250004 0.5401878921875001 0.3961748625 0.5393180234375 0.3949329359375 0.6706680578124999 0.4179085953125 0.669798190625 0.44709388906249997 0.646311759375
2 0.4123199203125 0.5045233125 0.416045703125 0.5367084203125 0.441505215625 0.5375782874999999 0.4421261796875 0.525400140625 0.4123199203125 0.5045233125
2 0.3725782421875 0.527139875 0.344013909375 0.5053931796875 0.3458768 0.534968684375 0.3725782421875 0.534968684375 0.3725782421875 0.527139875
2 0.49925484375 0.6584899109375 0.5004967703125 0.68284620625 0.5259562843750001 0.68284620625 0.5253353203125 0.6689283234375 0.5004967703125 0.6506611 0.49925484375 0.6584899109375
2 0.4197714859375 0.6706680578124999 0.41915052187499996 0.67849686875 0.44523099843749997 0.680236603125 0.44585196250000003 0.6515309671875 0.4197714859375 0.6706680578124999
2 0.2192001984375 0.534968684375 0.245280675 0.534098815625 0.2446597125 0.5262700062500001 0.21733730625 0.5036534453125 0.2192001984375 0.534968684375
2 0.16020864375 0.534968684375 0.183184303125 0.534968684375 0.1825633390625 0.525400140625 0.1595876796875 0.5071329171875 0.16020864375 0.534968684375
6 0.08880029843750001 0.5288830890625 0.0788599109375 0.5288830890625 0.0788599109375 0.5358350734374999 0.08880029843750001 0.5358350734374999 0.08880029843750001 0.5288830890625
2 0.1111525078125 0.534968684375 0.1111525078125 0.5262700062500001 0.0881768515625 0.5071329171875 0.08879781406250001 0.534098815625 0.1111525078125 0.534968684375