4 0.5294117640625 0.351301115625 0.54607843125 0.35408921875 0.54607843125 0.382899628125 0.71176470625 0.38475836406249997 0.7127450984375 0.09758364375 0.5039215687499999 0.0938661703125 0.501960784375 0.12918215625 0.4872549015625 0.13011152343750002 0.4852941171875 0.096654275 0.3990196078125 0.092936803125 0.3970588234375 0.38475836406249997 0.53039215625 0.382899628125 0.5294117640625 0.351301115625
7 0.6304705875 0.05576208125 0.52639215625 0.05576208125 0.52639215625 0.092936803125 0.6304705875 0.092936803125 0.6304705875 0.05576208125
6 0.811463046875 0.34172147656249996 0.81176470625 0.359665428125 0.93823529375 0.359665428125 0.938159878125 0.4132113234375 0.8069381609375 0.411781528125 0.8049019609375 0.4256505578125 0.923076921875 0.4246496984375 0.9225490203125 0.4814126390625 0.8084464546874999 0.48041178125000006 0.8068627453125 0.5315985125 0.8265460046875001 0.531884471875 0.8250377062500001 0.49899914062499995 0.9336349921875 0.496139546875 0.9351432859375001 0.6076637093749999 0.8264705875 0.6068773234375 0.8245098046875 0.5957249078125 0.813725490625 0.59758364375 0.8144796390625 0.6262510703124999 0.9321266984375001 0.6262510703124999 0.9336349921875 0.9179296546875 0.9607843140625001 0.9179296546875 0.9607843140625001 0.1000857875 0.936651584375 0.0986559921875 0.936651584375 0.34172147656249996 0.811463046875 0.34172147656249996
4 0.7735294125000001 0.30576208125000004 0.7833333328125 0.30576208125000004 0.784313725 0.335501859375 0.81176470625 0.335501859375 0.813725490625 0.3401486984375 0.934313725 0.3410780671875 0.9303921562499999 0.10037174687499999 0.736274509375 0.09758364375 0.736274509375 0.3364312265625 0.7735294125000001 0.33736059531249996 0.7735294125000001 0.30576208125000004
7 0.901960784375 0.0586245359375 0.785803921875 0.0586245359375 0.785803921875 0.0943866171875 0.901960784375 0.0943866171875 0.901960784375 0.0586245359375
4 0.265686275 0.34758364375 0.282352940625 0.346654275 0.282352940625 0.38197026093750003 0.3735294125 0.38475836406249997 0.3764705875 0.20074349374999997 0.1745098046875 0.2016728625 0.1735294125 0.230483271875 0.159803921875 0.23141263906249998 0.159803921875 0.1998141265625 0.0725490203125 0.197026021875 0.0705882359375 0.38754646875 0.263725490625 0.38475836406249997 0.265686275 0.34758364375
7 0.307686275 0.16013011093750001 0.20360784375000002 0.16013011093750001 0.20360784375000002 0.1930297390625 0.307686275 0.1930297390625 0.307686275 0.16013011093750001
4 0.9313725484375001 0.9172862453124999 0.9352941171875001 0.6282527875 0.784313725 0.6282527875 0.7833333328125 0.657063196875 0.771568628125 0.6579925656250001 0.771568628125 0.6301115234375 0.734313725 0.6310408921875 0.7352941171875 0.6319702609375 0.7352941171875 0.9182156140625001 0.848039215625 0.9163568765625 0.9313725484375001 0.9172862453124999
7 0.9004509796875 0.92078066875 0.787313725 0.92078066875 0.787313725 0.9565427515625 0.9004509796875 0.9565427515625 0.9004509796875 0.92078066875
6 0.1644042234375 0.488990565625 0.1644042234375 0.500428940625 0.0678733015625 0.49899914062499995 0.0678733015625 0.4046325421875 0.22624434531249998 0.40606233906250006 0.22775263906249998 0.39176436875 0.0693816 0.39176436875 0.07088989375 0.0957963984375 0.05429864375 0.0957963984375 0.0512820515625 0.5175865015625 0.190045246875 0.5175865015625 0.190045246875 0.4975693453125 0.17496229375 0.500428940625 0.1734539953125 0.4904203609375 0.1644042234375 0.488990565625
3 0.1297058828125 0.1615613390625 0.0663725484375 0.1615613390625 0.0663725484375 0.193011153125 0.1297058828125 0.193011153125 0.1297058828125 0.1615613390625
3 0.7843333328125001 0.05576208125 0.6319803921875 0.05576208125 0.6319803921875 0.092936803125 0.7843333328125001 0.092936803125 0.7843333328125001 0.05576208125
3 0.9638039218750001 0.0586245359375 0.9049803921875 0.0586245359375 0.9049803921875 0.09721189531249999 0.9638039218750001 0.09721189531249999 0.9638039218750001 0.0586245359375
3 0.9607843140625001 0.9193680296875 0.901960784375 0.9193680296875 0.901960784375 0.9551301109375 0.9607843140625001 0.9551301109375 0.9607843140625001 0.9193680296875
3 0.7873333328125 0.92078066875 0.7149411765625 0.92078066875 0.7149411765625 0.9565427515625 0.7873333328125 0.9565427515625 0.7873333328125 0.92078066875
3 0.4494720984375 0.0900772078125 0.4494720984375 0.0543322859375 0.3604826546875 0.0543322859375 0.3574660625 0.1587074640625 0.3107088984375 0.1587074640625 0.3092006046875 0.19731198125 0.3966817484375 0.19731198125 0.3966817484375 0.0915070078125 0.4494720984375 0.0900772078125
6 0.714932125 0.9179296546875 0.733031675 0.91935945 0.7300150828125 0.4975693453125 0.266968325 0.4975693453125 0.2684766203125 0.5175865015625 0.7119155375 0.51615670625 0.714932125 0.9179296546875
6 0.49321267031250005 0.3889047765625 0.3951734546875 0.3889047765625 0.3966817484375 0.1987417765625 0.3800904984375 0.1958821859375 0.37707390625000003 0.387474978125 0.3167420828125 0.387474978125 0.315233784375 0.4046325421875 0.49321267031250005 0.40606233906250006 0.49321267031250005 0.3889047765625
6 0.7164404234374999 0.0943665984375 0.714932125 0.387474978125 0.5837104078124999 0.3860451828125 0.5837104078124999 0.40606233906250006 0.733031675 0.40606233906250006 0.733031675 0.0943665984375 0.7164404234374999 0.0943665984375
2 0.7823529406249999 0.6542750921875 0.7823529406249999 0.625464684375 0.813725490625 0.625464684375 0.81176470625 0.6068773234375 0.7794117640625 0.6068773234375 0.778431371875 0.576208178125 0.7705882359375 0.5780669140625 0.7705882359375 0.60408921875 0.7333333328125 0.6059479546875 0.734313725 0.625464684375 0.7725490203125001 0.624535315625 0.7735294125000001 0.6542750921875 0.7823529406249999 0.6542750921875
2 0.7852941171875 0.5659851296875 0.8058823531250001 0.5659851296875 0.8068627453125 0.5947955390625 0.8294117640625001 0.5938661703125 0.8294117640625001 0.5631970265625 0.8490196078125001 0.5631970265625 0.8450980390625 0.5548327140625 0.83039215625 0.5539033453125 0.83039215625 0.5343866171875 0.8068627453125 0.5334572484375 0.8068627453125 0.55669145 0.784313725 0.5557620812499999 0.7852941171875 0.5659851296875
2 0.7872549015625 0.4581784390625 0.8068627453125 0.45910780625000003 0.8058823531250001 0.47769516718749994 0.828431371875 0.47955390312499996 0.83039215625 0.46003717499999996 0.8460784312499999 0.46003717499999996 0.8460784312499999 0.4516728625 0.828431371875 0.45260223125000004 0.8294117640625001 0.42750929375 0.8068627453125 0.42750929375 0.8068627453125 0.44981412656249997 0.786274509375 0.44981412656249997 0.7872549015625 0.4581784390625
1 0.2029411765625 0.46561338281250003 0.178431371875 0.46468401562499995 0.1774509796875 0.4934944234375 0.2254901953125 0.4944237921875 0.2254901953125 0.471189590625 0.236274509375 0.471189590625 0.236274509375 0.495353159375 0.7333333328125 0.4944237921875 0.734313725 0.6022304828125 0.76960784375 0.6022304828125 0.76960784375 0.576208178125 0.7813725484375 0.5752788109375 0.7813725484375 0.6022304828125 0.8058823531250001 0.6031598515625001 0.8049019609375 0.567843865625 0.7833333328125 0.567843865625 0.7823529406249999 0.5548327140625 0.8058823531250001 0.5548327140625 0.8049019609375 0.46096654218750005 0.7833333328125 0.46096654218750005 0.784313725 0.44795539062499995 0.8049019609375 0.44795539062499995 0.8058823531250001 0.390334571875 0.7892156859375 0.390334571875 0.7901960781249999 0.3801115234375 0.8058823531250001 0.37918215625 0.8058823531250001 0.3633829 0.7852941171875 0.3633829 0.7852941171875 0.40520446093749996 0.7725490203125001 0.4042750921875 0.7725490203125001 0.3643122671875 0.736274509375 0.36245353125 0.7352941171875 0.407992565625 0.5411764703124999 0.407063196875 0.5411764703124999 0.44888475781250003 0.5294117640625 0.44795539062499995 0.53039215625 0.407992565625 0.2813725484375 0.407992565625 0.2813725484375 0.44981412656249997 0.265686275 0.44981412656249997 0.2666666671875 0.4089219328125 0.17941176406249998 0.4089219328125 0.17941176406249998 0.45446096718750006 0.20392156875 0.4535315984375 0.2029411765625 0.46561338281250003
2 0.7745098046875001 0.4014869890625 0.7823529406249999 0.403345725 0.7823529406249999 0.3615241640625 0.8107843140625001 0.36245353125 0.8107843140625001 0.33921933125 0.7833333328125 0.3382899625 0.7823529406249999 0.30669145000000003 0.7745098046875001 0.30669145000000003 0.7745098046875001 0.3401486984375 0.734313725 0.33921933125 0.734313725 0.36245353125 0.7745098046875001 0.3643122671875 0.7745098046875001 0.4014869890625
2 0.7901960781249999 0.38104089218750004 0.7901960781249999 0.3884758359375 0.8068627453125 0.38754646875 0.8078431374999999 0.41078066875 0.828431371875 0.41263940468750004 0.8274509796875 0.3921933078125 0.8421568625000001 0.3921933078125 0.8441176468749999 0.383828996875 0.8294117640625001 0.383828996875 0.828431371875 0.36245353125 0.8088235296875 0.3643122671875 0.8088235296875 0.38197026093750003 0.7901960781249999 0.38104089218750004
2 0.5 0.1273234203125 0.501960784375 0.0947955390625 0.5235294125000001 0.09572490781250001 0.5235294125000001 0.053903345312499996 0.5 0.053903345312499996 0.5 0.033457248437499996 0.48823529375 0.03252788125 0.48823529375 0.053903345312499996 0.45196078437500004 0.053903345312499996 0.45294117656250005 0.0938661703125 0.4872549015625 0.0947955390625 0.48823529375 0.1282527875 0.5 0.1273234203125
2 0.1647058828125 0.157063196875 0.1313725484375 0.157992565625 0.13039215625 0.197955390625 0.16176470625 0.197955390625 0.16176470625 0.230483271875 0.171568628125 0.22955390312500001 0.1725490203125 0.1998141265625 0.20196078437499998 0.19888475781249998 0.2029411765625 0.1598513015625 0.1735294125 0.157992565625 0.1735294125 0.132899628125 0.163725490625 0.1347583640625 0.1647058828125 0.157063196875
2 0.267647059375 0.447026021875 0.278431371875 0.44795539062499995 0.278431371875 0.4061338296875 0.3127450984375 0.407992565625 0.3147058828125 0.38475836406249997 0.28039215624999997 0.383828996875 0.2813725484375 0.351301115625 0.2686274515625 0.3485130109375 0.2666666671875 0.3866171 0.22941176406250002 0.3856877328125 0.2274509796875 0.4061338296875 0.26960784375 0.407992565625 0.267647059375 0.447026021875
2 0.5313725484375 0.35408921875 0.53039215625 0.3856877328125 0.49705882343749996 0.38475836406249997 0.49705882343749996 0.40520446093749996 0.5313725484375 0.4061338296875 0.5313725484375 0.44330854999999997 0.53823529375 0.447026021875 0.5392156859375 0.4061338296875 0.5833333328125 0.4061338296875 0.5833333328125 0.383828996875 0.544117646875 0.3856877328125 0.5431372546875 0.3559479546875 0.5313725484375 0.35408921875
0 0.933352940625 0.5009479546875 0.8284509796874999 0.5009479546875 0.8284509796874999 0.6041078062499999 0.933352940625 0.6041078062499999 0.933352940625 0.5009479546875
0 0.9196274515624999 0.4293866171875 0.8304117640625 0.4293866171875 0.8304117640625 0.4786431234375 0.9196274515624999 0.4786431234375 0.9196274515624999 0.4293866171875
1 0.9343333328125001 0.3615241640625 0.829431371875 0.3615241640625 0.829431371875 0.41171003749999996 0.9343333328125001 0.41171003749999996 0.9343333328125001 0.3615241640625
1 0.159803921875 0.46468401562499995 0.13627450937500002 0.46282527812499996 0.1372549015625 0.4535315984375 0.1568627453125 0.45260223125000004 0.1588235296875 0.423791821875 0.0931372546875 0.42286245312500004 0.0921568625 0.407063196875 0.071568628125 0.407063196875 0.06960784375 0.495353159375 0.1568627453125 0.49721189531250004 0.159803921875 0.46468401562499995
6 0.1764705875 0.43122676562500006 0.1764705875 0.407063196875 0.0970588234375 0.407063196875 0.0970588234375 0.4210037171875 0.16176470625 0.4210037171875 0.1607843140625 0.432156134375 0.1764705875 0.43122676562500006
2 0.13823529375000002 0.4618959109375 0.1607843140625 0.4618959109375 0.1607843140625 0.48884758437500003 0.1754901953125 0.48884758437500003 0.1764705875 0.463754646875 0.2 0.46468401562499995 0.20196078437499998 0.4572490703125 0.1754901953125 0.456319703125 0.1754901953125 0.4330855015625 0.1627450984375 0.4349442375 0.1627450984375 0.456319703125 0.1392156859375 0.455390334375 0.13823529375000002 0.4618959109375
2 0.22352941249999997 0.5250929375 0.23333333281250002 0.5241635687499999 0.232352940625 0.5176579921875 0.2666666671875 0.5185873609375 0.2666666671875 0.4981412640625 0.23431372499999997 0.4981412640625 0.23431372499999997 0.4739776953125 0.2254901953125 0.47304832656249995 0.2254901953125 0.49628252812499996 0.194117646875 0.49721189531250004 0.194117646875 0.51579925625 0.2254901953125 0.51579925625 0.22352941249999997 0.5250929375
6 0.39509803906249996 0.00092936875 0.3813725484375 0.00092936875 0.3813725484375 0.052973978125 0.39509803906249996 0.052973978125 0.39509803906249996 0.00092936875
6 0.7323725484375 0.0000185875 0.7157058828125 0.0000185875 0.7157058828125 0.054851301562499996 0.7323725484375 0.054851301562499996 0.7323725484375 0.0000185875
1 0.355960784375 0.09864312343750001 0.07392156875 0.09864312343750001 0.07392156875 0.15726765781250002 0.355960784375 0.15726765781250002 0.355960784375 0.09864312343750001