4 0.49801244375 0.8126934984374999 0.49688904218749996 0.737405009375 0.48565502968749996 0.7402195328125 0.482198409375 0.7233323953124999 0.49602488749999996 0.7233323953124999 0.496111303125 0.07894736875 0.2603698578125 0.07430340625000001 0.235914275 0.07739938125 0.23677843125 0.2406417109375 0.23764258593749998 0.813397128125 0.294590390625 0.8157894734375001 0.49801244375 0.8126934984374999
7 0.44762832656249996 0.0309597515625 0.27566064687499997 0.0309597515625 0.27566064687499997 0.07458204375000001 0.44762832656249996 0.07458204375000001 0.44762832656249996 0.0309597515625
4 0.6723124781250001 0.6079369546875 0.6723124781250001 0.6290458765625 0.71292775625 0.6290458765625 0.7145696515625 0.0792288203125 0.5111475984375 0.0776808328125 0.5111475984375 0.6287644234374999 0.662806775 0.6276386140625 0.662806775 0.6093442171875 0.6723124781250001 0.6079369546875
7 0.6705798484375001 0.0309597515625 0.547005703125 0.0309597515625 0.547005703125 0.07458204375000001 0.6705798484375001 0.07458204375000001 0.6705798484375001 0.0309597515625
6 0.7872450734374999 0.42217844062500004 0.78638091875 0.43625105625 0.793294159375 0.4376583171875 0.7941583125 0.45032367031250004 0.8027998625 0.45173093125 0.803664015625 0.43906557968750004 0.9281023156250001 0.4376583171875 0.9289664703125 0.53616661875 0.8062564812499999 0.53616661875 0.8045281718749999 0.5277230515625 0.7950224671874999 0.5277230515625 0.7941583125 0.55446101875 0.8053923265625 0.55446101875 0.8045281718749999 0.54601745 0.9298306249999999 0.54601745 0.9298306249999999 0.7233323953124999 0.8062564812499999 0.7247396562499999 0.8053923265625 0.6346749218750001 0.7941583125 0.6332676609375001 0.7950224671874999 0.737405009375 0.9289664703125 0.7359977484375 0.9289664703125 0.813397128125 0.7829243 0.8148043906250001 0.7820601453125 0.8528004499999999 0.9488420328125 0.8499859265625 0.9453854140625 0.07599211875 0.9264258562500001 0.07599211875 0.9289664703125 0.42217844062500004 0.7872450734374999 0.42217844062500004
4 0.7561354984374999 0.388404165625 0.7682336671875001 0.388404165625 0.7682336671875001 0.4193639171875 0.92637400625 0.4193639171875 0.9255098515625001 0.07599211875 0.7258900796875001 0.07739938125 0.7276183890625 0.4193639171875 0.7561354984374999 0.41795665625 0.7561354984374999 0.388404165625
7 0.8883460078125 0.0323684203125 0.763041825 0.0323684203125 0.763041825 0.0759907125 0.8883460078125 0.0759907125 0.8883460078125 0.0323684203125
3 0.5461454375 0.0309597515625 0.44849334531249996 0.0309597515625 0.44849334531249996 0.07458204375000001 0.5461454375 0.07458204375000001 0.5461454375 0.0309597515625
3 0.763911596875 0.0309597515625 0.6714496203125 0.0309597515625 0.6714496203125 0.07458204375000001 0.763911596875 0.07458204375000001 0.763911596875 0.0309597515625
3 0.9540209125000001 0.033784829687500004 0.8909410640625 0.033784829687500004 0.8909410640625 0.0731811140625 0.9540209125000001 0.0731811140625 0.9540209125000001 0.033784829687500004
3 0.2350501203125 0.0731775953125 0.2739370890625 0.071770334375 0.273072934375 0.0309597515625 0.20566885625000003 0.029552490625 0.2048047 0.2082746984375 0.2350501203125 0.2082746984375 0.2350501203125 0.0731775953125
6 0.22127549218749998 0.20968195781249999 0.2230038015625 0.8162116515625 0.2178188734375 0.8148043906250001 0.21695471875 0.8542077125 0.7095229859375001 0.8542077125 0.70865883125 0.8148043906250001 0.51508814375 0.8176189140625001 0.51508814375 0.7922882078125 0.49780504687500005 0.7908809453125001 0.49953335625 0.813397128125 0.23769443437499999 0.8162116515625 0.2351019703125 0.21108922031250002 0.22127549218749998 0.20968195781249999
6 0.6308330453125001 0.6515620609375 0.629968890625 0.6332676609375001 0.5124438296875 0.6332676609375001 0.509851365625 0.07599211875 0.49688904218749996 0.0731775953125 0.49861735312500005 0.6726709828125 0.513307984375 0.6726709828125 0.513307984375 0.6501547984375 0.6308330453125001 0.6515620609375
6 0.73280331875 0.4418801 0.73280331875 0.42217844062500004 0.725025925 0.42217844062500004 0.725025925 0.0745848578125 0.711199446875 0.0745848578125 0.7155720703124999 0.6318604 0.703422053125 0.6332676609375001 0.703422053125 0.6501547984375 0.7276183890625 0.6501547984375 0.7258900796875001 0.44047284062500003 0.73280331875 0.4418801
2 0.48570687812499996 0.7345904875 0.49866920156249994 0.7359977484375 0.49866920156249994 0.7908809453125001 0.5107673703125 0.7908809453125001 0.5116315250000001 0.737405009375 0.5237296921875 0.737405009375 0.5237296921875 0.7275541796875 0.513359834375 0.728961440625 0.513359834375 0.67407824375 0.49780504687500005 0.6754855046875 0.49866920156249994 0.7261469171875 0.4865710328125 0.7275541796875 0.48570687812499996 0.7345904875
2 0.7518665734375001 0.8725021109375 0.7518665734375001 0.8528004499999999 0.7812478390625001 0.8542077125 0.7795195296874999 0.8148043906250001 0.7484099546875 0.813397128125 0.7492741109375001 0.7908809453125001 0.7414967156250001 0.789473684375 0.7414967156250001 0.813397128125 0.70865883125 0.8148043906250001 0.7103871421875 0.8542077125 0.74408918125 0.8513931890625 0.7423608703125 0.8739093734375001 0.7518665734375001 0.8725021109375
2 0.7708779812500001 0.7796228546874999 0.7933460078125 0.7782155921875 0.7942101625 0.8119898687499999 0.8080366390625 0.8077680828125 0.8071724859374999 0.781030115625 0.8305046656249999 0.7782155921875 0.831368821875 0.7683647609375 0.80630833125 0.7711792843749999 0.80630833125 0.7402195328125 0.795938471875 0.7388122703125 0.795938471875 0.7683647609375 0.7700138265625001 0.7669575 0.7708779812500001 0.7796228546874999
2 0.7734704453125001 0.5980861234375 0.792481853125 0.5966788625 0.7942101625 0.6290458765625 0.8071724859374999 0.6304531375 0.80630833125 0.5994933859375 0.8279122015624999 0.5994933859375 0.82877635625 0.5896425562500001 0.8080366390625 0.5868280328125 0.80630833125 0.5572755421875 0.7933460078125 0.5558682796875 0.7907535421875 0.5868280328125 0.7734704453125001 0.584013509375 0.7734704453125001 0.5980861234375
1 0.513307984375 0.7402195328125 0.5150362953125 0.813397128125 0.7405807125 0.813397128125 0.7388524015625 0.788066421875 0.74749395 0.788066421875 0.750086415625 0.81058260625 0.792430003125 0.8119898687499999 0.792430003125 0.781030115625 0.7708261328125 0.7852519 0.769097821875 0.7669575 0.7941583125 0.7683647609375 0.7915658484375 0.5980861234375 0.7716902875 0.600900646875 0.7725544421875 0.5811989859375 0.793294159375 0.584013509375 0.7915658484375 0.5009850828125 0.7725544421875 0.5023923453125 0.7725544421875 0.47846890000000003 0.7941583125 0.47846890000000003 0.792430003125 0.44047284062500003 0.7639128937499999 0.44047284062500003 0.7647770484375 0.465803546875 0.7569996546875 0.465803546875 0.7569996546875 0.44047284062500003 0.72848254375 0.4432873625 0.7293466984375 0.6543765828125 0.6740407875 0.6557838453125 0.6731766328125001 0.6825218125 0.65935015625 0.676892765625 0.6602143109374999 0.6543765828125 0.5150362953125 0.652969321875 0.5150362953125 0.7233323953124999 0.528862771875 0.7247396562499999 0.52367784375 0.7458485796875001 0.513307984375 0.7402195328125
2 0.757051503125 0.4672108078125 0.7656930515625 0.465803546875 0.7631005875 0.4461018859375 0.78643276875 0.4418801 0.7872969234375 0.42077117968750005 0.764828896875 0.42077117968750005 0.7656930515625 0.39544047187500003 0.7579156593749999 0.3940332125 0.7587798140625 0.42077117968750005 0.7319910125 0.42077117968750005 0.733719321875 0.4446946234375 0.7561873484375 0.4432873625 0.757051503125 0.4672108078125
2 0.67063601875 0.67407824375 0.6715001734375 0.6543765828125 0.7026097484375 0.6543765828125 0.7026097484375 0.6304531375 0.6697718625 0.6304531375 0.67063601875 0.6121587390625 0.6628586249999999 0.6121587390625 0.6628586249999999 0.6318604 0.63088489375 0.6304531375 0.63088489375 0.6543765828125 0.664586934375 0.652969321875 0.6637227796875 0.6754855046875 0.67063601875 0.67407824375
2 0.7743346 0.4953560375 0.7907535421875 0.4981705609375 0.7916176984375001 0.524908528125 0.8054441765625 0.5263157890625 0.80630833125 0.49394877499999995 0.8279122015624999 0.49254151406249996 0.8296405109375 0.48409794531249994 0.8071724859374999 0.48269068437499996 0.80630833125 0.45454545468749996 0.7933460078125 0.45313819375 0.7933460078125 0.4798761609375 0.77519875625 0.481283421875 0.7743346 0.4953560375
0 0.8269961984374999 0.4953560375 0.8079847906250001 0.4967632984375 0.8062564812499999 0.5333520968750001 0.9272381609375 0.5333520968750001 0.9272381609375 0.44047284062500003 0.8062564812499999 0.4432873625 0.8088489453125 0.47846890000000003 0.8269961984374999 0.481283421875 0.8269961984374999 0.4953560375
0 0.8269961984374999 0.602307909375 0.8079847906250001 0.600900646875 0.8071206359374999 0.7233323953124999 0.9281023156250001 0.7233323953124999 0.9281023156250001 0.5488319734375 0.8071206359374999 0.5488319734375 0.8079847906250001 0.584013509375 0.8295886625 0.5868280328125 0.8269961984374999 0.602307909375
1 0.8321811265625 0.7824373765625 0.8097131 0.7838446375 0.8097131 0.8119898687499999 0.9289664703125 0.81058260625 0.9281023156250001 0.7388122703125 0.8079847906250001 0.7402195328125 0.8071206359374999 0.7697720234375 0.831316971875 0.7683647609375 0.8321811265625 0.7824373765625