3 0.0411025140625 0.2974701125 0.047147003124999996 0.7047539609375 0.0906673109375 0.7047539609375 0.0858317203125 0.2960800671875 0.0411025140625 0.2974701125
7 0.087047871875 0.2279663609375 0.0386968078125 0.2279663609375 0.0386968078125 0.2960703359375 0.087047871875 0.2960703359375 0.087047871875 0.2279663609375
7 0.0943085109375 0.7061314984375 0.045957446875 0.7061314984375 0.045957446875 0.7742354734375 0.0943085109375 0.7742354734375 0.0943085109375 0.7061314984375
4 0.3300290140625 0.11120377968749999 0.0822050296875 0.109813734375 0.09187620937499999 0.6616624953125 0.3372823984375 0.66027245 0.3300290140625 0.11120377968749999
7 0.210332446875 0.0597706421875 0.1511037234375 0.0597706421875 0.1511037234375 0.1084250765625 0.210332446875 0.1084250765625 0.210332446875 0.0597706421875
4 0.5863152796875 0.109813734375 0.3747582203125 0.112593828125 0.3783849125 0.318320821875 0.5911508703125 0.3169307765625 0.5863152796875 0.109813734375
7 0.5101462765625 0.0583944953125 0.45091755312500004 0.0583944953125 0.45091755312500004 0.10704892968749999 0.5101462765625 0.10704892968749999 0.5101462765625 0.0583944953125
6 0.8788684703125 0.433694746875 0.63950676875 0.436474840625 0.63950676875 0.45454545625 0.877659575 0.4503753125 0.877659575 0.5407283859375001 0.9115087046875001 0.54211843125 0.9078820109375 0.24881845937499997 0.8740328828124999 0.2474284125 0.8740328828124999 0.3127606328125 0.8595261109375001 0.31415068125 0.8571083171874999 0.332221296875 0.8752417796874999 0.3336113421875 0.8788684703125 0.433694746875
5 0.877659575 0.336406728125 0.638297871875 0.336406728125 0.638297871875 0.43509174375 0.877659575 0.43509174375 0.877659575 0.336406728125
1 0.5947739359375 0.34056575 0.379587765625 0.34056575 0.379587765625 0.430932721875 0.5947739359375 0.430932721875 0.5947739359375 0.34056575
3 0.5113636359375 0.1070336390625 0.5899419734375 0.10564359375000001 0.6068665375 0.8701695875000001 0.647969053125 0.8687795375 0.63346228125 0.109813734375 0.6733558984375 0.10842368437500001 0.672147003125 0.0569919390625 0.5101547390625 0.058381984374999994 0.5113636359375 0.1070336390625
3 0.334864603125 0.3475118171875 0.3783849125 0.3475118171875 0.37234042500000003 0.109813734375 0.44850096875 0.109813734375 0.44850096875 0.058381984374999994 0.2127659578125 0.059772034375000005 0.2127659578125 0.10842368437500001 0.3312379125 0.10842368437500001 0.334864603125 0.3475118171875
3 0.0858317203125 0.22657770312499997 0.083413925 0.109813734375 0.1474854921875 0.11120377968749999 0.1474854921875 0.0611620796875 0.037475821874999996 0.0611620796875 0.0398936171875 0.22657770312499997 0.0858317203125 0.22657770312499997
3 0.045938103125000004 0.7770364187500001 0.0483558984375 0.8798999171874999 0.094294003125 0.8785098687499999 0.09308510625000001 0.7770364187500001 0.045938103125000004 0.7770364187500001
3 0.3795938109375 0.4253544625 0.3384912953125 0.4253544625 0.34621127343749997 0.8718278875 0.38773796250000003 0.8718278875 0.3795938109375 0.4253544625
6 0.0499253453125 0.9211867578125 0.6141199234375 0.9090909078125 0.6129110234375 0.8673894921875 0.05077369375 0.8785098687499999 0.0499253453125 0.9211867578125
6 0.6491888296874999 0.8715749234375 0.615332446875 0.8715749234375 0.615332446875 0.9494036703125 0.6491888296874999 0.9494036703125 0.6491888296874999 0.8715749234375
4 0.3421179890625 0.681123159375 0.094294003125 0.6825132046875 0.09550290156249999 0.8757297734374999 0.344535784375 0.8729496781250001 0.3421179890625 0.681123159375
6 0.247832446875 0.66443425 0.09067819218749999 0.66443425 0.09067819218749999 0.6797247703125 0.247832446875 0.6797247703125 0.247832446875 0.66443425
6 0.34090425468749996 0.6630581046875 0.3143085109375 0.6630581046875 0.3143085109375 0.6783486234375 0.34090425468749996 0.6783486234375 0.34090425468749996 0.6630581046875
1 0.383220503125 0.45315540624999995 0.3856382984375 0.6825132046875 0.6032398453125001 0.681123159375 0.5984042546875 0.4503753125 0.383220503125 0.45315540624999995
4 0.60082205 0.7047539609375 0.38805609375 0.706144009375 0.38805609375 0.8687795375 0.6032398453125001 0.8646093968749999 0.60082205 0.7047539609375
6 0.459375 0.6853058109375 0.385625 0.6853058109375 0.385625 0.7019724765625 0.459375 0.7019724765625 0.459375 0.6853058109375
6 0.6056382984375001 0.6839296640625 0.5258510640625 0.6839296640625 0.5258510640625 0.7005963296875 0.6056382984375001 0.7005963296875 0.6056382984375001 0.6839296640625
6 0.5959707453124999 0.43232415937499996 0.5089228718750001 0.43232415937499996 0.5089228718750001 0.447614678125 0.5959707453124999 0.447614678125 0.5959707453124999 0.43232415937499996
6 0.44486702187500005 0.43230886875 0.383218084375 0.43230886875 0.383218084375 0.44897553593749995 0.44486702187500005 0.44897553593749995 0.44486702187500005 0.43230886875
6 0.44246010625 0.3197247703125 0.3783909578125 0.3197247703125 0.3783909578125 0.3391743125 0.44246010625 0.3391743125 0.44246010625 0.3197247703125
6 0.591156915625 0.3183180421875 0.505332446875 0.3183180421875 0.505332446875 0.337767584375 0.591156915625 0.337767584375 0.591156915625 0.3183180421875
6 0.795465425 0.314159021875 0.6383111703125001 0.314159021875 0.6383111703125001 0.3336085625 0.795465425 0.3336085625 0.795465425 0.314159021875
2 0.4679413453125 0.35870732968749997 0.4775145078125 0.357242146875 0.4775145078125 0.3391715328125 0.504110253125 0.3391715328125 0.504110253125 0.31415068125 0.4775145078125 0.31415068125 0.4775145078125 0.2974701125 0.46866014843750003 0.2967187375 0.46905222343749997 0.318320821875 0.4413456015625 0.318208115625 0.44124758281250004 0.3391715328125 0.46905222343749997 0.3391715328125 0.4679413453125 0.35870732968749997
2 0.82590569375 0.34878915625 0.8338125375000001 0.34878915625 0.8352501437500001 0.3372179515625 0.8582518703125 0.3380444671875 0.8582518703125 0.311596 0.83309373125 0.3107694859375 0.832374928125 0.2892801078125 0.82590569375 0.288453590625 0.826624496875 0.3107694859375 0.79643473125 0.3107694859375 0.7971535375000001 0.3355649234375 0.8273433000000001 0.3363914375 0.82590569375 0.34878915625
2 0.47153536406249996 0.4694602875 0.4801610140625 0.47028680156249997 0.4808798171875 0.45292999375000004 0.5074755609375 0.45127696562499997 0.5081943640625 0.42896107031249997 0.47872340468749996 0.4297875875 0.47944220781249997 0.41325729375 0.47153536406249996 0.41408380781250004 0.47225417031249994 0.42896107031249997 0.44422081718750006 0.42896107031249997 0.44422081718750006 0.45127696562499997 0.47225417031249994 0.45127696562499997 0.47153536406249996 0.4694602875
2 0.3155549171875 0.392594428125 0.332806209375 0.3934209453125 0.3335250140625 0.42565501250000004 0.38024726875 0.42565501250000004 0.38024726875 0.394247459375 0.4039677984375 0.394247459375 0.40468660156249997 0.382676253125 0.378809659375 0.382676253125 0.378809659375 0.3479626421875 0.332806209375 0.3479626421875 0.3335250140625 0.381849740625 0.3155549171875 0.382676253125 0.3155549171875 0.392594428125
2 0.49813110937499994 0.728985865625 0.49813110937499994 0.7074964859375 0.524726853125 0.7050169453125 0.524726853125 0.6802215046875 0.495974696875 0.681048021875 0.495974696875 0.664517728125 0.48950546250000004 0.664517728125 0.48950546250000004 0.681048021875 0.45859689374999996 0.6802215046875 0.4593157 0.7050169453125 0.48950546250000004 0.705843459375 0.49022426562500004 0.7273328375 0.49813110937499994 0.728985865625
2 0.2738895109375 0.707655990625 0.2827547578125 0.708729009375 0.2827547578125 0.6829765531249999 0.314483015625 0.6829765531249999 0.314483015625 0.6593701375000001 0.281821575 0.6599066484375 0.281821575 0.6400557984375 0.2734229203125 0.6389827765625 0.2734229203125 0.6599066484375 0.25009331874999996 0.6599066484375 0.25009331874999996 0.6819035359375001 0.2738895109375 0.6819035359375001 0.2738895109375 0.707655990625