3 0.9265955281249999 0.2732227484375 0.8955182921875 0.2732227484375 0.8955182921875 0.3415165875 0.9265955281249999 0.3415165875 0.9265955281249999 0.2732227484375
3 0.7675813015624999 0.7722274875 0.639654471875 0.7722274875 0.639654471875 0.812654028125 0.7675813015624999 0.812654028125 0.7675813015624999 0.7722274875
3 0.8381157343750001 0.8168385828125 0.9576757546874999 0.8182325078125 0.958871353125 0.77641483125 0.9253945484375 0.7736269859375 0.9265901484375 0.41120713750000004 0.8967001437500001 0.41120713750000004 0.8955045421875001 0.775020909375 0.8381157343750001 0.7736269859375 0.8381157343750001 0.8168385828125
3 0.11597321875 0.57429606875 0.101626015625 0.6133258984375 0.20086083124999998 0.6621131874999999 0.2175992359375 0.6244772796875 0.11597321875 0.57429606875
3 0.28813964687500004 0.6607192625 0.27259684375000004 0.7011430171875 0.3718316578125 0.75271815 0.39096126249999996 0.7136883203125 0.28813964687500004 0.6607192625
3 0.5607364890625 0.7694452187499999 0.4949784796875 0.7708391421874999 0.45671927187500005 0.74853638125 0.44237207187500005 0.7889601328125 0.4854136765625 0.812656815625 0.5619320890624999 0.8154446609375 0.5607364890625 0.7694452187499999
4 0.4158197828125 0.4709715640625 0.4217479671875 0.4620853078125 0.43106368437500003 0.46998420156250004 0.4717140921875 0.3830963671875 0.45562330624999997 0.37322274843750003 0.469173440625 0.3406398109375 0.330284553125 0.26954976249999996 0.3167344171875 0.30410742343749997 0.3048780484375 0.298183253125 0.18292682968750001 0.605252765625 0.34383468906250003 0.6891785140625 0.43191056874999995 0.48084518281250005 0.4158197828125 0.4709715640625
7 0.21520803437499997 0.628659046875 0.1972740328125 0.66490103125 0.2690100421875 0.6997490953125001 0.2857484453125 0.6621131874999999 0.21520803437499997 0.628659046875
4 0.4573170734375 0.49763033125 0.4429200546875 0.48973143906249994 0.356537940625 0.6980647703125 0.4988143640625 0.7681674578125001 0.6952913265625 0.7701421796875 0.7012195125 0.43937598749999995 0.5987466125 0.417654028125 0.5911246609374999 0.4413507109375 0.5826558265624999 0.4413507109375 0.587737128125 0.41469194375 0.48441734375 0.388033175 0.44800135625 0.475908371875 0.46493902499999995 0.48874407656249996 0.4573170734375 0.49763033125
7 0.3897656625 0.719264009375 0.3730272609375 0.7568999171875 0.441176471875 0.7889601328125 0.4555236734375 0.74853638125 0.3897656625 0.719264009375
7 0.638455284375 0.7708412328125 0.5607317078125 0.7708412328125 0.5607317078125 0.8126658765625001 0.638455284375 0.8126658765625001 0.638455284375 0.7708412328125
2 0.8106169281250001 0.8293838859375 0.8106169281250001 0.8168385828125 0.8381157343750001 0.8154446609375 0.8393113328125 0.7722330640624999 0.8106169281250001 0.7694452187499999 0.81181253125 0.74853638125 0.7998565281250001 0.747142459375 0.802247728125 0.7708391421874999 0.7663797234375 0.7722330640624999 0.7675753234375 0.8168385828125 0.802247728125 0.8182325078125 0.8034433296874999 0.8335656546875001 0.8106169281250001 0.8293838859375
4 0.800304878125 0.745458134375 0.8104674796875001 0.744470775 0.8121612453125 0.7681674578125001 0.8934620593749999 0.773104265625 0.8926151765625001 0.614139021875 0.7537262859375 0.614139021875 0.7511856359375 0.645734596875 0.74441056875 0.644747234375 0.745257453125 0.614139021875 0.7147696484375 0.614139021875 0.7105352296875 0.7691548171875 0.80199864375 0.7691548171875 0.800304878125 0.745458134375
2 0.7511856359375 0.6407977890625001 0.7520325203125 0.614139021875 0.7711621234375 0.6133258984375 0.7687709234375 0.5952049078125 0.7508369203124999 0.5952049078125 0.74964131875 0.5798717578125 0.74366331875 0.5812656828125 0.7424677187500001 0.5952049078125 0.729316115625 0.5965988296875 0.728120515625 0.6119319765625 0.7460545203125 0.6119319765625 0.7460545203125 0.6425982718750001 0.7511856359375 0.6407977890625001
2 0.4175135515625 0.46998420156250004 0.43275745312499997 0.4798578203125 0.4217479671875 0.5035545031249999 0.43360433593750003 0.5104660359375 0.44376693749999996 0.48676935312499997 0.4564701890625 0.494668246875 0.4615514890625 0.48775671249999997 0.44715447187499996 0.477883096875 0.45562330624999997 0.4522116890625 0.4454607046875 0.445300159375 0.43275745312499997 0.46998420156250004 0.423441734375 0.4620853078125 0.4175135515625 0.46998420156250004
2 0.5318428187500001 0.32879146875 0.5436991875 0.3307661921875 0.5386178859374999 0.359399684375 0.5504742546875 0.3623617703125 0.5547086734375 0.3337282765625 0.56825880625 0.3366903625 0.56825880625 0.3317535546875 0.5547086734375 0.326816746875 0.5597899734375 0.30312006406249997 0.5487804875 0.30114533906249996 0.5436991875 0.3228672984375 0.5318428187500001 0.32089257656250003 0.5318428187500001 0.32879146875
1 0.5716463421875 0.3416271734375 0.5547086734375 0.337677725 0.545392953125 0.3870458125 0.5911246609374999 0.3988941546875 0.5978997296874999 0.37717219687500003 0.604674796875 0.37914691875 0.5995934953125001 0.4008688796875 0.685128725 0.42061611406250005 0.6876693765625 0.3742101109375 0.7283197828125 0.37322274843750003 0.7300135515624999 0.42950237031249994 0.7181571812499999 0.434439178125 0.7164634140625 0.5924170609375 0.74186991875 0.5924170609375 0.742716803125 0.5766192718750001 0.7511856359375 0.5756319125 0.7503387546875 0.5924170609375 0.7723577234375 0.5914296984375 0.7740514890625 0.5460110593749999 0.7537262859375 0.544036334375 0.7562669375 0.535150078125 0.7715108390625 0.53416271875 0.7748983734375 0.42061611406250005 0.8926151765625001 0.4225908359375 0.8951558265624999 0.3811216421875 0.88075880625 0.38013428125000004 0.879065040625 0.3692733015625 0.8934620593749999 0.3692733015625 0.8943089437499999 0.30509478749999996 0.700372628125 0.30805687187499997 0.56571815625 0.27843601875 0.5564024390625 0.32582938437500003 0.572493225 0.32977883124999996 0.5716463421875 0.3416271734375
2 0.590277778125 0.43937598749999995 0.5962059609375 0.41666666562500004 0.6317750671875 0.42357819843750005 0.6360094859375 0.41172985781250004 0.5970528453124999 0.4028436015625 0.60298103125 0.37914691875 0.5978997296874999 0.37815955625000003 0.5919715453125 0.3998815171875 0.5614837390625 0.3939573453125 0.5580962046875 0.40679305 0.5911246609374999 0.41469194375 0.583502709375 0.43937598749999995 0.590277778125 0.43937598749999995
2 0.7588075875 0.545023696875 0.7748983734375 0.5430489734374999 0.7748983734375 0.5736571875 0.7884485109375 0.5736571875 0.7892953921875 0.544036334375 0.8130081296875 0.545023696875 0.8130081296875 0.535150078125 0.7901422765625 0.535150078125 0.7901422765625 0.5124407578125 0.7748983734375 0.5114533953125 0.7748983734375 0.536137440625 0.7562669375 0.536137440625 0.7588075875 0.545023696875
2 0.88075880625 0.3811216421875 0.8951558265624999 0.3811216421875 0.8943089437499999 0.408767771875 0.9290311640625 0.409755134375 0.9281842828125001 0.38408372812499997 0.9476626015624999 0.38408372812499997 0.9459688359375 0.37322274843750003 0.9281842828125001 0.3742101109375 0.9281842828125001 0.3436018953125 0.8951558265624999 0.3436018953125 0.8934620593749999 0.37322274843750003 0.88075880625 0.3722353859375 0.88075880625 0.3811216421875
1 0.8130081296875 0.8204976296875 0.8138550140625 0.833333334375 0.80199864375 0.833333334375 0.8011517625 0.8175355453125001 0.7511856359375 0.8165481828125 0.7520325203125 0.8678909953125 0.852811653125 0.8688783578124999 0.852811653125 0.8185229078124999 0.8130081296875 0.8204976296875
0 0.8138550140625 0.5460110593749999 0.7909891609375 0.545023696875 0.7892953921875 0.595379146875 0.8951558265624999 0.5983412328125 0.896002709375 0.43937598749999995 0.7892953921875 0.43937598749999995 0.7909891609375 0.535150078125 0.8138550140625 0.536137440625 0.8138550140625 0.5460110593749999
6 0.8943089437499999 0.42555292187499993 0.776592140625 0.42357819843750005 0.7748983734375 0.5084913109375 0.7884485109375 0.5094786734375 0.7892953921875 0.4374012625 0.8943089437499999 0.438388625 0.8943089437499999 0.42555292187499993
6 0.8943089437499999 0.6013033171875 0.7884485109375 0.5983412328125 0.7876016265625 0.5756319125 0.7740514890625 0.577606634375 0.7757452578125 0.5943917843750001 0.7698170734375 0.595379146875 0.7723577234375 0.6101895734375 0.8934620593749999 0.6111769359375 0.8943089437499999 0.6013033171875
6 0.16937669375 0.6003159546875 0.180386178125 0.604265403125 0.3048780484375 0.29522116875000004 0.294715446875 0.2912717234375 0.16937669375 0.6003159546875
6 0.47425474218749997 0.3307661921875 0.33282520312499997 0.257701421875 0.3285907859375 0.26757504062500004 0.470020325 0.3396524484375 0.47425474218749997 0.3307661921875
6 0.4827235765625 0.3870458125 0.47425474218749997 0.38210900468750003 0.4454607046875 0.445300159375 0.45562330624999997 0.4512243296875 0.4827235765625 0.3870458125
6 0.43191056874999995 0.5104660359375 0.4209010828125 0.504541865625 0.3463753390625 0.6891785140625 0.35569105625 0.695102684375 0.43191056874999995 0.5104660359375
6 0.7283197828125 0.6111769359375 0.7266260156250001 0.5973538703125 0.7139227640625 0.5973538703125 0.7147696484375 0.4334518171875 0.702913278125 0.434439178125 0.697831978125 0.7701421796875 0.7096883468749999 0.7701421796875 0.7122289984375 0.6101895734375 0.7283197828125 0.6111769359375
6 0.48441734375 0.3307661921875 0.4945799453125 0.337677725 0.5242208671874999 0.266587678125 0.5530149046874999 0.27349921093749996 0.5487804875 0.29917061562499997 0.5580962046875 0.3021327015625 0.56317750625 0.275473934375 0.6995257453125 0.30608215 0.8951558265624999 0.30312006406249997 0.8951558265624999 0.2883096375 0.6961382109375001 0.289296996875 0.5191395671875 0.247827803125 0.48441734375 0.3307661921875
6 0.56063685625 0.3939573453125 0.545392953125 0.3900078984375 0.549627371875 0.3653238546875 0.5403116531250001 0.36137440781249996 0.53438346875 0.3900078984375 0.49712059531249997 0.38013428125000004 0.4886517625 0.3890205375 0.5580962046875 0.40481832500000003 0.56063685625 0.3939573453125
6 0.6885162609375 0.42357819843750005 0.6385501359375 0.4127172203125 0.6334688359375 0.4225908359375 0.6876693765625 0.4334518171875 0.6885162609375 0.42357819843750005
1 0.5326897015625 0.3870458125 0.5403116531250001 0.3317535546875 0.5293021687499999 0.32879146875 0.530995934375 0.31891785 0.5411585359375 0.32089257656250003 0.5513211375 0.27349921093749996 0.5242208671874999 0.2685624 0.4979674796875 0.337677725 0.509823846875 0.349526065625 0.49712059531249997 0.37717219687500003 0.5326897015625 0.3870458125
3 0.299950134375 0.2415375046875 0.28341748125 0.2825759546875 0.31488287656249997 0.299364421875 0.331415528125 0.258325971875 0.299950134375 0.2415375046875
3 0.475987146875 0.33038574375 0.45941032187499997 0.3714926375 0.48874246093749996 0.387659340625 0.506875065625 0.3459990359375 0.475987146875 0.33038574375
3 0.72693089375 0.37914691875 0.6898577234375 0.37914691875 0.6898577234375 0.43071089999999995 0.72693089375 0.43071089999999995 0.72693089375 0.37914691875