4 0.8937250546875 0.0948671734375 0.21660753906250002 0.0948671734375 0.21660753906250002 0.4816793171875 0.8937250546875 0.4816793171875 0.8937250546875 0.0948671734375
7 0.383758315625 0.04962049375 0.2780155203125 0.04962049375 0.2780155203125 0.0963377609375 0.383758315625 0.0963377609375 0.383758315625 0.04962049375
7 0.7521729484375 0.049629981249999996 0.59696230625 0.049629981249999996 0.59696230625 0.0948861484375 0.7521729484375 0.0948861484375 0.7521729484375 0.049629981249999996
3 0.5952549890625 0.05108159375 0.3837694015625 0.05108159375 0.3837694015625 0.0948766609375 0.5952549890625 0.0948766609375 0.5952549890625 0.05108159375
3 0.2746119734375 0.04962049375 0.06481152968750001 0.04962049375 0.06481152968750001 0.0963377609375 0.2746119734375 0.0963377609375 0.2746119734375 0.04962049375
3 0.220023878125 0.5225514515625 0.21320143281249998 0.09341701875 0.15521064375 0.09341701875 0.15350503124999998 0.6977083640624999 0.20296776562500002 0.6962487234375 0.201262153125 0.5210918125 0.220023878125 0.5225514515625
3 0.8937404062500001 0.3079842359375 0.9500255828125 0.3065245953125 0.9466143609375001 0.0510874328125 0.753880265625 0.049627790625 0.753880265625 0.0963363015625 0.8954460171875 0.0948766609375 0.8937404062500001 0.3079842359375
3 0.30701006249999996 0.9677419359374999 0.9483199734375001 0.9633630140625 0.9500255828125 0.373668078125 0.8937404062500001 0.373668078125 0.8954460171875 0.9181141437499999 0.3087156734375 0.9195737859375 0.30701006249999996 0.9677419359374999
2 0.8596281781249999 0.34739454062499997 0.89203479375 0.3459349 0.8937404062500001 0.36928915625 0.9568480312500001 0.3707487953125 0.958553640625 0.3459349 0.989254646875 0.34739454062499997 0.9841378140625 0.334257771875 0.95514241875 0.3357174140625 0.9517311953125001 0.3094438765625 0.8971516296875001 0.3094438765625 0.8937404062500001 0.334257771875 0.8562169531249999 0.3357174140625 0.8596281781249999 0.34739454062499997
2 0.308203990625 0.551549653125 0.3104212859375 0.5225514515625 0.3428279046875 0.5210918125 0.3428279046875 0.4831411484375 0.30701006249999996 0.4831411484375 0.3089430890625 0.4497153703125 0.2993348109375 0.4503478796875 0.29848200625 0.48460078749999996 0.26607538750000004 0.48460078749999996 0.2643697765625 0.5210918125 0.29848200625 0.5225514515625 0.30018761718750003 0.5488249890625 0.308203990625 0.551549653125
2 0.5959974984375 0.5554906828124999 0.6028199453124999 0.5569503250000001 0.602365115625 0.5300442750000001 0.638637784375 0.529217146875 0.638637784375 0.47958935468749997 0.606231165625 0.47958935468749997 0.606231165625 0.4518561765625 0.5908806625 0.4518561765625 0.5908806625 0.4825086359375 0.5580192171875 0.48197343437500006 0.558474046875 0.5321364265625 0.5942918875000001 0.5321364265625 0.5959974984375 0.5554906828124999
6 0.2623835921875 0.4851328265625 0.21655210625 0.4851328265625 0.21655210625 0.5199146109375 0.2623835921875 0.5199146109375 0.2623835921875 0.4851328265625
6 0.38654841093750003 0.9196710953125 0.416851440625 0.9190385828125001 0.41611234374999995 0.5199240984375 0.5454545453125 0.5192915874999999 0.5469327421875 0.5319418078125 0.553584628125 0.5313092984375001 0.553584628125 0.5281467421875 0.5594974125000001 0.5287792546875 0.558758315625 0.485135990625 0.34072431718749996 0.484503478125 0.3422025125 0.5199240984375 0.38654841093750003 0.520556609375 0.38654841093750003 0.9196710953125
2 0.5543126390625 0.53321631875 0.546929046875 0.53321631875 0.546929046875 0.58317836875 0.5543126390625 0.58317836875 0.5543126390625 0.53321631875
6 0.56762749375 0.661606578125 0.555801921875 0.661606578125 0.5543237249999999 0.5838077171875 0.510716925 0.5831752046875 0.510716925 0.5932953828125 0.54323725 0.5926628703125 0.5439763484375 0.6559139796875 0.41832963906250004 0.6559139796875 0.41832963906250004 0.67678684375 0.5683665921875 0.6761543328124999 0.56762749375 0.661606578125
2 0.4804138953125 0.62112586875 0.48706578125 0.62175838125 0.48706578125 0.59392789375 0.5084996296875001 0.59392789375 0.5092387296875 0.58254269375 0.48706578125 0.58254269375 0.48632668125 0.5528146734375 0.4796747953125 0.5521821625000001 0.4804138953125 0.5831752046875 0.45898004375 0.5831752046875 0.458240946875 0.5932953828125 0.4804138953125 0.5932953828125 0.4804138953125 0.62112586875
2 0.6090169999999999 0.6046805828124999 0.6422764234375 0.6046805828124999 0.6422764234375 0.633776090625 0.6570583875 0.633776090625 0.6570583875 0.60531309375 0.691796009375 0.6046805828124999 0.69327420625 0.5983554703125 0.6585365859375 0.597722959375 0.6592756828125 0.5679949390625 0.645232815625 0.5686274515624999 0.6444937187499999 0.597722959375 0.6104951953125 0.597722959375 0.6090169999999999 0.6046805828124999
2 0.6060606046875 0.707147375 0.6060606046875 0.67678684375 0.6348854390625001 0.6774193546875 0.6356245390625 0.661606578125 0.6038433109375 0.661606578125 0.6045824109375 0.6318785578125 0.5986696234375 0.63251106875 0.597930525 0.6609740671875 0.5691056921875 0.6622390890625 0.5705838875 0.6774193546875 0.597930525 0.678051865625 0.5994087203125 0.707147375 0.6060606046875 0.707147375
2 0.7819660015625 0.7413029734375 0.781226903125 0.7109424421874999 0.8152254250000001 0.7103099296875001 0.8144863265625 0.6963946875 0.7790096078125 0.6963946875 0.778270509375 0.666666665625 0.7708795281249999 0.6679316890625 0.7723577234375 0.6970271968749999 0.7383592015625 0.6957621765625001 0.7376201046875 0.7122074625 0.771618625 0.7122074625 0.771618625 0.7413029734375 0.7819660015625 0.7413029734375
6 0.6363636359375 0.6748893109375 0.645232815625 0.6748893109375 0.6422764234375 0.918406071875 0.656319290625 0.9190385828125001 0.656319290625 0.70967741875 0.7376201046875 0.7103099296875001 0.7383592015625 0.697659709375 0.6570583875 0.697659709375 0.656319290625 0.6344086015625 0.6444937187499999 0.633776090625 0.64375461875 0.661606578125 0.6356245390625 0.6609740671875 0.6363636359375 0.6748893109375
6 0.645232815625 0.5679949390625 0.656319290625 0.5686274515624999 0.6570583875 0.521189121875 0.8950480421875 0.5192915874999999 0.8965262375 0.4838709671875 0.637102734375 0.48323845781249997 0.6363636359375 0.52751423125 0.645232815625 0.52751423125 0.645232815625 0.5679949390625
4 0.8935587578125 0.7109392796875 0.6577937921875 0.7109392796875 0.6577937921875 0.9190417453125 0.8935587578125 0.9190417453125 0.8935587578125 0.7109392796875
6 0.8935587578125 0.69891840625 0.8152217296875 0.69891840625 0.8152217296875 0.7103036046875 0.8935587578125 0.7103036046875 0.8935587578125 0.69891840625
0 0.5432483375 0.5211859578125 0.417594234375 0.5211859578125 0.417594234375 0.58253320625 0.5432483375 0.58253320625 0.5432483375 0.5211859578125
0 0.5432261640625 0.5945540796875 0.4183259421875 0.5945540796875 0.4183259421875 0.6552751421874999 0.5432261640625 0.6552751421874999 0.5432261640625 0.5945540796875
1 0.643004434375 0.5300474390625001 0.5557982265625 0.5300474390625001 0.5557982265625 0.6616034156249999 0.643004434375 0.6616034156249999 0.643004434375 0.5300474390625001
6 0.28307465 0.7735610375 0.319290465625 0.7735610375 0.319290465625 0.733712840625 0.3858093125 0.7349778609375 0.3858093125 0.72106261875 0.3229859578125 0.7216951296875 0.3215077609375 0.6179633156250001 0.283813746875 0.6179633156250001 0.283813746875 0.6388361796875001 0.2002956390625 0.6388361796875001 0.2002956390625 0.650853890625 0.28307465 0.650853890625 0.28307465 0.7735610375
1 0.2815964515625 0.617330803125 0.3222468578125 0.61606578125 0.3222468578125 0.7204301078124999 0.385070215625 0.72106261875 0.3858093125 0.5224541421875 0.2017738359375 0.5224541421875 0.2025129328125 0.636938646875 0.2808573546875 0.6375711578125001 0.2815964515625 0.617330803125
4 0.8920842578125001 0.52245730625 0.6592682921875 0.52245730625 0.6592682921875 0.697656546875 0.8920842578125001 0.697656546875 0.8920842578125001 0.52245730625
4 0.6415410203125 0.6774193546875 0.41907982187500004 0.6774193546875 0.41907982187500004 0.918406071875 0.6415410203125 0.918406071875 0.6415410203125 0.6774193546875
6 0.4577051 0.5834914609374999 0.4165299328125 0.5834914609374999 0.4165299328125 0.5936622390624999 0.4577051 0.5936622390624999 0.4577051 0.5834914609374999