4 0.1662638265625 0.851924634375 0.271002709375 0.8530805687499999 0.27173515 0.8819789625000001 0.4621694859375 0.8831348953125 0.4621694859375 0.759449771875 0.49659415625000003 0.7582938390625 0.49659415625000003 0.8854467671874999 0.8869845468750001 0.884290834375 0.8855196671875 0.5791238015625 0.897971140625 0.5779678671874999 0.897238703125 0.4404115125 0.8840547875 0.4404115125 0.8833223453124999 0.1421800953125 0.1362337953125 0.1398682234375 0.048341023437500005 0.8877586390625 0.1662638265625 0.884290834375 0.1662638265625 0.851924634375
7 0.1281769578125 0.1988209484375 0.0944847296875 0.19304126562499999 0.070314215625 0.3883944078125 0.1018091265625 0.3964859578125 0.1281769578125 0.1988209484375
7 0.16992602343750002 0.88660270625 0.04614370625 0.8889145781250001 0.080568371875 0.61149 0.04614370625 0.60339845 0.007324396875 0.9339960703125 0.16919358281250002 0.9339960703125 0.16992602343750002 0.88660270625
7 0.4540990984375 0.886587678125 0.29442942968749997 0.886587678125 0.29442942968749997 0.9328436015625 0.4540990984375 0.9328436015625 0.4540990984375 0.886587678125
7 0.6621021015624999 0.88772511875 0.5075675671875 0.88772511875 0.5075675671875 0.9339810421875001 0.6621021015624999 0.9339810421875001 0.6621021015624999 0.88772511875
7 0.8745045046875 0.88772511875 0.7199699703125 0.88772511875 0.7199699703125 0.9339810421875001 0.8745045046875 0.9339810421875001 0.8745045046875 0.88772511875
2 0.7566102703124999 0.1699225546875 0.7566102703124999 0.1398682234375 0.78151321875 0.1410241609375 0.78151321875 0.0913189234375 0.755877828125 0.0924748578125 0.755145390625 0.072823953125 0.7485534328125001 0.072823953125 0.7485534328125001 0.0924748578125 0.7251153609375 0.0924748578125 0.72438291875 0.1410241609375 0.7492858703125 0.1421800953125 0.7492858703125 0.17107848750000001 0.7566102703124999 0.1699225546875
6 0.72438291875 0.093630796875 0.137698675 0.0947867296875 0.13476891562499999 0.13755635 0.72365048125 0.13755635 0.72438291875 0.093630796875
3 0.1516150296875 0 0.1208525578125 0.001155934375 0.09521716875 0.19304126562499999 0.1296418375 0.1965090765625 0.1516150296875 0
3 0.10400644375000001 0.397641890625 0.071779096875 0.390706275 0.04687614375 0.5999306453125001 0.0813008140625 0.609178128125 0.10400644375000001 0.397641890625
3 0.268805390625 0.855392440625 0.1669962640625 0.854236503125 0.16846114375000001 0.9351520046875 0.29444078125 0.9339960703125 0.29444078125 0.8854467671874999 0.2702702703125 0.88660270625 0.268805390625 0.855392440625
3 0.50758075 0.8854467671874999 0.4958617140625 0.884290834375 0.4973265953125 0.7606057109375 0.462901925 0.7617616453125 0.46509924687500004 0.8854467671874999 0.4541126484375 0.8854467671874999 0.45557752812499996 0.9351520046875 0.50758075 0.9351520046875 0.50758075 0.8854467671874999
3 0.7192642640625 0.887748815625 0.665060059375 0.887748815625 0.665060059375 0.9328199046875 0.7192642640625 0.9328199046875 0.7192642640625 0.887748815625
6 0.913352375 0.884290834375 0.9126199375 0.13755635 0.9433824046874999 0.13755635 0.9426499671874999 0.093630796875 0.7822456609375 0.093630796875 0.7822456609375 0.13755635 0.884787225 0.1387122890625 0.8855196671875 0.43694370625 0.897971140625 0.43694370625 0.897971140625 0.5814356734375 0.887716984375 0.5814356734375 0.8884494265624999 0.8854467671874999 0.8767303906249999 0.88660270625 0.8774628281249999 0.9351520046875 0.944114846875 0.9351520046875 0.944114846875 0.8854467671874999 0.913352375 0.884290834375
3 0.2579579578125 0.4356161140625 0.15621621562500002 0.4356161140625 0.15621621562500002 0.48457345937499996 0.2579579578125 0.48457345937499996 0.2579579578125 0.4356161140625
3 0.557402403125 0.43656398125000007 0.463858859375 0.43656398125000007 0.463858859375 0.48163507031249997 0.557402403125 0.48163507031249997 0.557402403125 0.43656398125000007