4 0.1995228796875 0.22838680937500003 0.1122316203125 0.22838680937500003 0.11168943906249999 0.382130125 0.2081977875 0.382130125 0.20765560624999999 0.27963458124999996 0.2510301453125 0.27963458124999996 0.2504879640625 0.080213903125 0.11114725624999999 0.080213903125 0.1122316203125 0.2161319078125 0.1995228796875 0.2161319078125 0.1995228796875 0.22838680937500003
7 0.162654521875 0.0623863640625 0.1301236171875 0.0623863640625 0.1301236171875 0.08020721875 0.162654521875 0.08020721875 0.162654521875 0.0623863640625
7 0.23494469687500003 0.06090240625 0.2009694203125 0.06090240625 0.2009694203125 0.0787232625 0.23494469687500003 0.0787232625 0.23494469687500003 0.06090240625
4 0.280307959375 0.2785204984375 0.32314031718749997 0.27963458124999996 0.3236824984375 0.080213903125 0.25753632656250003 0.0813279859375 0.25753632656250003 0.3832442078125 0.2813923234375 0.3832442078125 0.280307959375 0.2785204984375
7 0.307957059375 0.0623863640625 0.2739817828125 0.0623863640625 0.2739817828125 0.08020721875 0.307957059375 0.08020721875 0.307957059375 0.0623863640625
4 0.3730210359375 0.3810160421875 0.39525048749999997 0.3810160421875 0.39525048749999997 0.08244206875 0.331815225 0.08244206875 0.3312730421875 0.2785204984375 0.37356321875 0.27740641718750003 0.3730210359375 0.3810160421875
7 0.3780774234375 0.06090240625 0.347062459375 0.06090240625 0.347062459375 0.0787232625 0.3780774234375 0.0787232625 0.3780774234375 0.06090240625
4 0.4413359359375 0.382130125 0.46302320625000004 0.3832442078125 0.4624810234375 0.08244206875 0.40175666874999993 0.08355615 0.4012144875 0.2785204984375 0.4413359359375 0.2785204984375 0.4413359359375 0.382130125
7 0.4489264796875 0.0623863640625 0.41495120312499995 0.0623863640625 0.41495120312499995 0.08020721875 0.4489264796875 0.08020721875 0.4489264796875 0.0623863640625
4 0.5080242890625 0.3810160421875 0.5324224671875 0.382130125 0.5318802859375 0.080213903125 0.4695293859375 0.0813279859375 0.4695293859375 0.2528966140625 0.509108653125 0.2528966140625 0.5080242890625 0.3810160421875
7 0.5168770328125001 0.06090240625 0.48290175625 0.06090240625 0.48290175625 0.0787232625 0.5168770328125001 0.0787232625 0.5168770328125001 0.06090240625
5 0.6001984390625 0.08132352968749999 0.5389297328125 0.08132352968749999 0.5389297328125 0.38212566875 0.6001984390625 0.38212566875 0.6001984390625 0.08132352968749999
7 0.5862784640625 0.0623863640625 0.5523031875 0.0623863640625 0.5523031875 0.08020721875 0.5862784640625 0.08020721875 0.5862784640625 0.0623863640625
4 0.6950769890624999 0.2272727265625 0.6072435484375001 0.22615864531250002 0.6077857296875 0.382130125 0.7010409890625 0.382130125 0.7004988078125 0.2807486625 0.7433311640625 0.27963458124999996 0.7433311640625 0.08355615 0.6072435484375001 0.08244206875 0.606701365625 0.21501782500000002 0.6945348078125 0.2161319078125 0.6950769890624999 0.2272727265625
7 0.65640208125 0.06387032031249999 0.6224268046875 0.06387032031249999 0.6224268046875 0.0816911765625 0.65640208125 0.0816911765625 0.65640208125 0.06387032031249999
7 0.7286922578125 0.06090240625 0.693272609375 0.06090240625 0.693272609375 0.0787232625 0.7286922578125 0.0787232625 0.7286922578125 0.06090240625
4 0.792669703125 0.3810160421875 0.88646714375 0.3810160421875 0.887009325 0.22838680937500003 0.7991758828125 0.22838680937500003 0.7986337015625 0.21724598906249998 0.88646714375 0.21724598906249998 0.887009325 0.080213903125 0.7503795265625001 0.08355615 0.7498373453125 0.2807486625 0.792669703125 0.27963458124999996 0.792669703125 0.3810160421875
7 0.7997983078125 0.0623863640625 0.7655627843749999 0.0623863640625 0.7655627843749999 0.08020721875 0.7997983078125 0.08020721875 0.7997983078125 0.0623863640625
7 0.8718282374999999 0.060895721874999996 0.8378529609375001 0.060895721874999996 0.8378529609375001 0.0772326203125 0.8718282374999999 0.0772326203125 0.8718282374999999 0.060895721874999996
4 0.9363478640625 0.3810160421875 0.9623725875 0.3810160421875 0.9618304046875 0.080213903125 0.8951420515624999 0.080213903125 0.8940576890624999 0.27963458124999996 0.93580568125 0.2785204984375 0.9363478640625 0.3810160421875
7 0.9441184125 0.0623796796875 0.9101431359375001 0.0623796796875 0.9101431359375001 0.078716578125 0.9441184125 0.078716578125 0.9441184125 0.0623796796875
7 0.9448405984375 0.7961898390625 0.910865321875 0.7961898390625 0.910865321875 0.8125267375 0.9448405984375 0.8125267375 0.9448405984375 0.7961898390625
7 0.8711060500000001 0.7961898390625 0.837130775 0.7961898390625 0.837130775 0.8125267375 0.8711060500000001 0.8125267375 0.8711060500000001 0.7961898390625
7 0.7995380609375 0.7961898390625 0.7655627843749999 0.7961898390625 0.7655627843749999 0.8125267375 0.7995380609375 0.8125267375 0.7995380609375 0.7961898390625
7 0.7286922578125 0.7991577546874999 0.69471698125 0.7991577546874999 0.69471698125 0.8154946531249999 0.7286922578125 0.8154946531249999 0.7286922578125 0.7991577546874999
7 0.65640208125 0.7976737968750001 0.6224268046875 0.7976737968750001 0.6224268046875 0.8140106953125 0.65640208125 0.8140106953125 0.65640208125 0.7976737968750001
7 0.5862784640625 0.7961898390625 0.5523031875 0.7961898390625 0.5523031875 0.8125267375 0.5862784640625 0.8125267375 0.5862784640625 0.7961898390625
7 0.51759921875 0.7976737968750001 0.4836239421875 0.7976737968750001 0.4836239421875 0.8140106953125 0.51759921875 0.8140106953125 0.51759921875 0.7976737968750001
7 0.4489199734375 0.7961898390625 0.414944696875 0.7961898390625 0.414944696875 0.8125267375 0.4489199734375 0.8125267375 0.4489199734375 0.7961898390625
7 0.380240728125 0.7961898390625 0.3462654515625 0.7961898390625 0.3462654515625 0.8125267375 0.380240728125 0.8125267375 0.380240728125 0.7961898390625
7 0.3072283671875 0.7961898390625 0.27325309062500003 0.7961898390625 0.27325309062500003 0.8125267375 0.3072283671875 0.8125267375 0.3072283671875 0.7961898390625
7 0.23493819062500002 0.7976737968750001 0.2009629140625 0.7976737968750001 0.2009629140625 0.8140106953125 0.23493819062500002 0.8140106953125 0.23493819062500002 0.7976737968750001
7 0.1640923875 0.7961898390625 0.1301171109375 0.7961898390625 0.1301171109375 0.8125267375 0.1640923875 0.8125267375 0.1640923875 0.7961898390625
3 0.2009629140625 0.7961898390625 0.16337020156249998 0.7961898390625 0.16337020156249998 0.8125267375 0.2009629140625 0.8125267375 0.2009629140625 0.7961898390625
3 0.27325309062500003 0.7949732625 0.23566037812500001 0.7949732625 0.23566037812500001 0.8113101609375001 0.27325309062500003 0.8113101609375001 0.27325309062500003 0.7949732625
3 0.34482107968750003 0.7961898390625 0.3072283671875 0.7961898390625 0.3072283671875 0.8125267375 0.34482107968750003 0.8125267375 0.34482107968750003 0.7961898390625
3 0.4152081984375 0.7974064171874999 0.379391671875 0.7974064171874999 0.379391671875 0.8137433156249999 0.4152081984375 0.8137433156249999 0.4152081984375 0.7974064171874999
3 0.48322706562500006 0.7974064171874999 0.44918672812500005 0.7974064171874999 0.44918672812500005 0.8137433156249999 0.48322706562500006 0.8137433156249999 0.48322706562500006 0.7974064171874999
3 0.55183474375 0.7974064171874999 0.5177944046875 0.7974064171874999 0.5177944046875 0.8137433156249999 0.55183474375 0.8137433156249999 0.55183474375 0.7974064171874999
3 0.6210344828125 0.7974064171874999 0.5869941437499999 0.7974064171874999 0.5869941437499999 0.8137433156249999 0.6210344828125 0.8137433156249999 0.6210344828125 0.7974064171874999
3 0.69437540625 0.7961898390625 0.6567892 0.7961898390625 0.6567892 0.8125267375 0.69437540625 0.8125267375 0.69437540625 0.7961898390625
3 0.765943396875 0.7961898390625 0.7283571890625 0.7961898390625 0.7283571890625 0.8125267375 0.765943396875 0.8125267375 0.765943396875 0.7961898390625
3 0.8375113859375001 0.7961898390625 0.7999251796875 0.7961898390625 0.7999251796875 0.8125267375 0.8375113859375001 0.8125267375 0.8375113859375001 0.7961898390625
3 0.9096714374999999 0.7949732625 0.87208523125 0.7949732625 0.87208523125 0.8113101609375001 0.9096714374999999 0.8113101609375001 0.9096714374999999 0.7949732625
3 0.9102634999999999 0.062112299999999995 0.87267729375 0.062112299999999995 0.87267729375 0.0784491984375 0.9102634999999999 0.0784491984375 0.9102634999999999 0.062112299999999995
3 0.8363272609375001 0.062112299999999995 0.7987410546875 0.062112299999999995 0.7987410546875 0.0784491984375 0.8363272609375001 0.0784491984375 0.8363272609375001 0.062112299999999995
3 0.765351334375 0.0645454546875 0.7289492515625 0.0645454546875 0.7289492515625 0.080882353125 0.765351334375 0.080882353125 0.765351334375 0.0645454546875
3 0.6931912812500001 0.0633288765625 0.6567892 0.0633288765625 0.6567892 0.07966577500000001 0.6931912812500001 0.07966577500000001 0.6931912812500001 0.0633288765625
3 0.6222153546875 0.0633288765625 0.585813271875 0.0633288765625 0.585813271875 0.07966577500000001 0.6222153546875 0.07966577500000001 0.6222153546875 0.0633288765625
3 0.48263175 0.062112299999999995 0.44859791875 0.062112299999999995 0.44859791875 0.0784491984375 0.48263175 0.0784491984375 0.48263175 0.062112299999999995
3 0.5530156140625 0.062112299999999995 0.5166135328125 0.062112299999999995 0.5166135328125 0.0784491984375 0.5530156140625 0.0784491984375 0.5530156140625 0.062112299999999995
3 0.41343201093750004 0.0633288765625 0.379398178125 0.0633288765625 0.379398178125 0.07966577500000001 0.41343201093750004 0.07966577500000001 0.41343201093750004 0.0633288765625
3 0.3471893296875 0.062112299999999995 0.3084255046875 0.062112299999999995 0.3084255046875 0.0784491984375 0.3471893296875 0.0784491984375 0.3471893296875 0.062112299999999995
3 0.27325309062500003 0.0633288765625 0.23567338906250002 0.0633288765625 0.23567338906250002 0.07966577500000001 0.27325309062500003 0.07966577500000001 0.27325309062500003 0.0633288765625
3 0.20050097656250002 0.062112299999999995 0.162921275 0.062112299999999995 0.162921275 0.0784491984375 0.20050097656250002 0.0784491984375 0.20050097656250002 0.062112299999999995
3 0.1111965453125 0.41443850312499997 0.1117880171875 0.080213903125 0.1283492046875 0.080213903125 0.128940675 0.0619834703125 0.1029159515625 0.06076810781250001 0.10232448125 0.413223140625 0.1111965453125 0.41443850312499997
3 0.129532146875 0.7960622265625 0.1111965453125 0.7960622265625 0.1117880171875 0.4618376265625 0.1029159515625 0.4618376265625 0.10232448125 0.814292659375 0.129532146875 0.814292659375 0.129532146875 0.7960622265625
3 0.9623232984375001 0.413223140625 0.9706038921875001 0.41443850312499997 0.9711953624999999 0.0619834703125 0.9451706390625001 0.0619834703125 0.94457916875 0.080213903125 0.9629147687499999 0.080213903125 0.9623232984375001 0.413223140625
3 0.9457621109375 0.8155080218749999 0.971786834375 0.8155080218749999 0.9711953624999999 0.4618376265625 0.9629147687499999 0.4618376265625 0.9623232984375001 0.7960622265625 0.9451706390625001 0.7936315031250001 0.9457621109375 0.8155080218749999
5 0.9995901109374999 0.47995989375 0.9809564078124999 0.47995989375 0.9809564078124999 0.6613502671875 0.9995901109374999 0.6613502671875 0.9995901109374999 0.47995989375
2 0.9899154203125 0.42914438437499997 0.984710475 0.42112299531249997 0.97770154375 0.413223140625 0.9711953624999999 0.412007778125 0.9623232984375001 0.41443850312499997 0.9623232984375001 0.459406903125 0.9936712609375 0.4618376265625 0.9930797890624999 0.44117647031249996 0.9899154203125 0.42914438437499997
6 0.935260246875 0.3342179140625 0.93146714375 0.3342179140625 0.93146714375 0.383241978125 0.935260246875 0.383241978125 0.935260246875 0.3342179140625
2 0.9469746265625 0.330882353125 0.950878334375 0.3215240640625 0.9541314249999999 0.30949197812499996 0.9541314249999999 0.30013368906250004 0.9531554984374999 0.294786096875 0.935588809375 0.2961229953125 0.932661028125 0.30013368906250004 0.932661028125 0.33355615 0.9375406640625 0.33622994687499996 0.9407937546875 0.3348930484375 0.9469746265625 0.330882353125
2 0.960312296875 0.341577540625 0.95705920625 0.34090909062499997 0.9505530249999999 0.3435828875 0.9459986984375 0.34893048125 0.9424203 0.3582887703125 0.9394925171875 0.367647059375 0.9378659734375001 0.382352940625 0.93819128125 0.3970588234375 0.9593363703125 0.396390375 0.9593363703125 0.38903743281250003 0.9599869875 0.3836898390625 0.960312296875 0.341577540625
1 0.599653003125 0.7943404640625 0.599110821875 0.4757130125 0.9623725875 0.4779411765625 0.9623725875 0.396613190625 0.11168943906249999 0.396613190625 0.11114725624999999 0.47682709531249995 0.5389286484375 0.4757130125 0.5383864671875 0.7943404640625 0.599653003125 0.7943404640625
4 0.9363478640625 0.490196078125 0.9363478640625 0.5949197859375001 0.8945998703125 0.5960338671875001 0.8940576890624999 0.7943404640625 0.9623725875 0.7943404640625 0.9618304046875 0.48908199531249996 0.9363478640625 0.490196078125
6 0.9352634999999999 0.49019385 0.932010409375 0.49019385 0.932010409375 0.5425601609374999 0.9352634999999999 0.5425601609374999 0.9352634999999999 0.49019385
2 0.9433962265625 0.5113636359375 0.9456733890625 0.5173796796875 0.9499024078125 0.5220588234375 0.9531554984374999 0.52540106875 0.95705920625 0.52606951875 0.9593363703125 0.52606951875 0.959661678125 0.47727272656249997 0.9407937546875 0.47727272656249997 0.9404684453125001 0.49398395781250004 0.9404684453125001 0.502673796875 0.9433962265625 0.5113636359375
2 0.9521795703124999 0.5588235296875 0.9492517890625001 0.5514705875 0.94534808125 0.544117646875 0.9407937546875 0.5407754015624999 0.9365647359375 0.538770053125 0.9323357187499999 0.5414438500000001 0.9323357187499999 0.5775401062500001 0.95348080625 0.5788770046875 0.95348080625 0.5688502671875 0.9521795703124999 0.5588235296875
4 0.7503795265625001 0.7921123 0.887009325 0.7921123 0.887009325 0.658422459375 0.799718065625 0.658422459375 0.7991758828125 0.6472816406249999 0.8880936890625 0.6472816406249999 0.887009325 0.4913101609375 0.793211884375 0.490196078125 0.793211884375 0.5949197859375001 0.750921709375 0.592691621875 0.7503795265625001 0.7921123
6 0.7921307750000001 0.49019385 0.7877911515625 0.49019385 0.7877911515625 0.541437165625 0.7921307750000001 0.541437165625 0.7921307750000001 0.49019385
2 0.818477553125 0.5247326203125 0.822706571875 0.5200534765625 0.8253090437499999 0.51604278125 0.828562134375 0.50534759375 0.8292127515625 0.497326203125 0.8295380609375 0.4879679140625 0.8292127515625 0.479278075 0.8106701359375 0.4779411765625 0.810344828125 0.52606951875 0.8126219906250001 0.5274064171874999 0.818477553125 0.5247326203125
2 0.8106701359375 0.5695187171875 0.8087182828125 0.562165775 0.8070917375000001 0.5534759359375 0.8035133374999999 0.54679144375 0.7999349375 0.5427807484375 0.794079375 0.5407754015624999 0.788549121875 0.5414438500000001 0.787898503125 0.5775401062500001 0.8106701359375 0.5788770046875 0.8106701359375 0.5695187171875
6 0.7915842546875 0.3342312828125 0.7877911515625 0.3342312828125 0.7877911515625 0.3854745984375 0.7915842546875 0.3854745984375 0.7915842546875 0.3342312828125
2 0.8243331171875001 0.346256684375 0.8197787906249999 0.3502673796875 0.8148991546875 0.356951871875 0.813272609375 0.362299465625 0.8109954453125001 0.37032085625 0.810344828125 0.37967914375 0.8106701359375 0.39572192500000003 0.8292127515625 0.39572192500000003 0.8298633703125 0.346256684375 0.8243331171875001 0.346256684375
2 0.7934287578125 0.33622994687499996 0.7989590109375 0.33355615 0.8028627203125 0.32820855625 0.806766428125 0.3221925140625 0.8083929734374999 0.314839571875 0.8100195187500001 0.304812834375 0.809694209375 0.29679144375 0.7931034484375 0.29679144375 0.787898503125 0.2987967921875 0.7882238125 0.3328877 0.7901756671875 0.33355615 0.7934287578125 0.33622994687499996
2 0.6873780093749999 0.32286096249999996 0.68998048125 0.32820855625 0.6938841906250001 0.3322192515625 0.6981132078125001 0.3348930484375 0.7010409890625 0.335561496875 0.705595315625 0.33422459843749996 0.7065712421875 0.29679144375 0.6834743 0.2961229953125 0.6847755375 0.312834225 0.6873780093749999 0.32286096249999996
2 0.6837996093750001 0.372326203125 0.6821730640625 0.3649732625 0.6798959015625 0.35895721875 0.677293428125 0.35427807499999997 0.67241379375 0.346925134375 0.6665582296875 0.3422459890625 0.6613532859375 0.34090909062499997 0.6616785953125001 0.3970588234375 0.6837996093750001 0.39572192500000003 0.6837996093750001 0.3810160421875 0.6837996093750001 0.372326203125
4 0.606701365625 0.490196078125 0.606701365625 0.6450534765625 0.6945348078125 0.6450534765625 0.6945348078125 0.658422459375 0.6072435484375001 0.657308378125 0.6061591843749999 0.7954545453125 0.7433311640625 0.79322638125 0.7427889828125 0.5949197859375001 0.7010409890625 0.5938057046874999 0.7010409890625 0.4924242421875 0.606701365625 0.490196078125
2 0.692582953125 0.5414438500000001 0.6883539359374999 0.549465240625 0.6847755375 0.5608288765625 0.6834743 0.5688502671875 0.6834743 0.5795454546875 0.705595315625 0.5775401062500001 0.705920625 0.5414438500000001 0.70169160625 0.538770053125 0.6990891343750001 0.53676470625 0.692582953125 0.5414438500000001
2 0.6665582296875 0.5113636359375 0.67111255625 0.5207219249999999 0.6756668828125 0.52540106875 0.6795705921875 0.5274064171874999 0.6831489921875 0.5267379671875 0.6834743 0.479278075 0.6668835390625001 0.479278075 0.6642810671875 0.479278075 0.6646063765625 0.4986631015625 0.6665582296875 0.5113636359375
2 0.5650618093750001 0.42179144375 0.5689655171875 0.4157754015625 0.57124268125 0.40708556093750004 0.5725439171875 0.41310160468749996 0.5754716984375 0.42045454531250004 0.5806766421875 0.4251336890625 0.585556278125 0.42580213906250003 0.585556278125 0.383021390625 0.5569290828125 0.383021390625 0.5566037734375 0.424465240625 0.5585556281249999 0.4251336890625 0.5650618093750001 0.42179144375
6 0.509648665625 0.3843649734375 0.49663630468750003 0.3843649734375 0.49663630468750003 0.3955013375 0.509648665625 0.3955013375 0.509648665625 0.3843649734375
2 0.5263500328124999 0.367647059375 0.5224463234375001 0.35962566875 0.518542615625 0.3556149734375 0.515289525 0.353609625 0.5097592718749999 0.350935828125 0.5097592718749999 0.39572192500000003 0.5292778140625 0.39572192500000003 0.5296031234374999 0.3810160421875 0.5263500328124999 0.367647059375
6 0.477661028125 0.3854745984375 0.4619355890625 0.3854745984375 0.4619355890625 0.39439171093750003 0.477661028125 0.39439171093750003 0.477661028125 0.3854745984375
1 0.50259921875 0.26626336875 0.4695283015625 0.26626336875 0.4695283015625 0.382132353125 0.50259921875 0.382132353125 0.50259921875 0.26626336875
6 0.503144653125 0.3843582890625 0.5074821078125 0.3854723703125 0.5080242890625 0.2551247765625 0.47007156875 0.256238859375 0.4689872046875 0.2651515140625 0.503144653125 0.26403743281250003 0.503144653125 0.3843582890625
2 0.4834092390625 0.3582887703125 0.4798308390625 0.3656417109375 0.4788549125 0.372994653125 0.47787898437500004 0.382352940625 0.47820429375 0.39572192500000003 0.496746909375 0.39572192500000003 0.49707221874999996 0.3502673796875 0.49251789218750003 0.350935828125 0.48731294687500004 0.35427807499999997 0.4834092390625 0.3582887703125
6 0.4402504875 0.3331082890625 0.436457384375 0.3331082890625 0.436457384375 0.3854745984375 0.4402504875 0.3854745984375 0.4402504875 0.3331082890625
2 0.460312296875 0.37032085625 0.45868575156249997 0.3663101609375 0.4557579703125 0.3602941171875 0.4525048796875 0.3549465234375 0.4466493171875 0.35227272656249997 0.44307091718749997 0.351604278125 0.4427456078125 0.396390375 0.4619388421875 0.3950534765625 0.4622641515625 0.37967914375 0.460312296875 0.37032085625
2 0.4463240078125 0.33355615 0.45055302499999994 0.330213903125 0.45413142500000003 0.32419786093749997 0.456733896875 0.31550802187500004 0.4580351328125 0.3081550796875 0.4580351328125 0.29679144375 0.4365647359375 0.2961229953125 0.4365647359375 0.335561496875 0.4427456078125 0.33622994687499996 0.4463240078125 0.33355615
4 0.530795921875 0.658422459375 0.44404684375 0.658422459375 0.4435046625 0.6461675578125 0.5324224671875 0.6461675578125 0.5318802859375 0.4913101609375 0.44296248125000004 0.4913101609375 0.4435046625 0.5938057046874999 0.4006723046875 0.5949197859375001 0.4012144875 0.7909982171875 0.530795921875 0.7943404640625 0.530795921875 0.658422459375
6 0.44296356562500006 0.49019385 0.4391704625 0.49019385 0.4391704625 0.5425601609374999 0.44296356562500006 0.5425601609374999 0.44296356562500006 0.49019385
2 0.47657774843749995 0.5167112296874999 0.4801561484375 0.50467914375 0.48048145781249996 0.4959893046875 0.48048145781249996 0.478609625 0.46096291406249995 0.47727272656249997 0.46128822343750003 0.5267379671875 0.46584254999999997 0.5274064171874999 0.4713728046875 0.524064171875 0.47657774843749995 0.5167112296874999
2 0.4557579703125 0.5487967921875 0.4521795703125 0.5421123 0.44827586249999996 0.5401069515625 0.439167209375 0.539438503125 0.4388419 0.57820855625 0.46063760625 0.5788770046875 0.46128822343750003 0.56751336875 0.45901106093750005 0.5581550796875 0.4557579703125 0.5487967921875
4 0.33073086093750004 0.5938057046874999 0.3301886796875 0.79322638125 0.39470830625 0.7921123 0.39470830625 0.490196078125 0.37356321875 0.48908199531249996 0.37356321875 0.5960338671875001 0.33073086093750004 0.5938057046874999
2 0.383214053125 0.54679144375 0.3786597265625 0.539438503125 0.373780090625 0.538770053125 0.36759921875 0.5401069515625 0.3689004546875 0.5788770046875 0.3903708515625 0.5788770046875 0.389394925 0.565508021875 0.38646714375 0.5514705875 0.383214053125 0.54679144375
6 0.3719355890625 0.49019385 0.3681424859375 0.49019385 0.3681424859375 0.5425601609374999 0.3719355890625 0.5425601609374999 0.3719355890625 0.49019385
2 0.3887443078125 0.5173796796875 0.3916720890625 0.508021390625 0.393298634375 0.497994653125 0.393298634375 0.4779411765625 0.37410540000000003 0.478609625 0.373780090625 0.52606951875 0.378009109375 0.5274064171874999 0.383864671875 0.5233957218749999 0.3887443078125 0.5173796796875
4 0.2813923234375 0.5938057046874999 0.2813923234375 0.48908199531249996 0.2586206890625 0.4924242421875 0.2586206890625 0.79322638125 0.3236824984375 0.7954545453125 0.322598134375 0.5938057046874999 0.2813923234375 0.5938057046874999
2 0.27358490625 0.5421123 0.27033181562499997 0.5481283421875001 0.266753415625 0.5548128343750001 0.26415094375 0.5688502671875 0.263175015625 0.5788770046875 0.28529603125 0.5788770046875 0.285621340625 0.538770053125 0.2778139234375 0.538770053125 0.27358490625 0.5421123
2 0.2589459984375 0.502673796875 0.2615484703125 0.5120320859375 0.26415094375 0.5193850265625 0.2677293421875 0.5233957218749999 0.2713077421875 0.5274064171874999 0.2748861421875 0.5294117640625 0.2774886140625 0.5267379671875 0.2778139234375 0.479278075 0.257970071875 0.478609625 0.25829538125 0.4913101609375 0.2589459984375 0.502673796875
6 0.3719355890625 0.33422459843749996 0.3681424859375 0.33422459843749996 0.3681424859375 0.3843582890625 0.3719355890625 0.3843582890625 0.3719355890625 0.33422459843749996
2 0.3939492515625 0.372326203125 0.3913467796875 0.3636363640625 0.38581652499999997 0.3556149734375 0.380286271875 0.350935828125 0.3754066359375 0.350935828125 0.3754066359375 0.39572192500000003 0.3945998703125 0.396390375 0.3949251796875 0.387700534375 0.3939492515625 0.372326203125
2 0.380936890625 0.3322192515625 0.38418998125 0.32820855625 0.386141834375 0.3235294125 0.3887443078125 0.31751336874999997 0.39004554375 0.30681818125000004 0.3903708515625 0.2961229953125 0.3689004546875 0.2961229953125 0.3682498375 0.335561496875 0.3757319453125 0.33622994687499996 0.380936890625 0.3322192515625
6 0.25699089062499997 0.08133021406249999 0.2515712421875 0.08133021406249999 0.2515712421875 0.386584225 0.25699089062499997 0.386584225 0.25699089062499997 0.08133021406249999
2 0.2661027984375 0.3582887703125 0.2628497078125 0.3656417109375 0.260247234375 0.372326203125 0.2586206890625 0.383021390625 0.2586206890625 0.39572192500000003 0.27846454062500003 0.39572192500000003 0.27846454062500003 0.351604278125 0.2748861421875 0.350935828125 0.27033181562499997 0.35427807499999997 0.2661027984375 0.3582887703125
2 0.267078725 0.32419786093749997 0.270657125 0.32954545468749996 0.2765126875 0.3368983953125 0.284970721875 0.3368983953125 0.285621340625 0.2961229953125 0.263500325 0.2961229953125 0.264476253125 0.30748663125000003 0.2654521796875 0.314839571875 0.267078725 0.32419786093749997
2 0.193233571875 0.31818181874999996 0.1971372796875 0.32820855625 0.2003903703125 0.33422459843749996 0.20527000625 0.3368983953125 0.21242680468750003 0.3375668453125 0.21242680468750003 0.2961229953125 0.1912817171875 0.2961229953125 0.1916070265625 0.3028074859375 0.1916070265625 0.310160428125 0.193233571875 0.31818181874999996
2 0.1766428109375 0.3602941171875 0.17371502968750002 0.3689839578125 0.171763175 0.3763368984375 0.17111255625 0.3950534765625 0.1909564078125 0.3950534765625 0.1906311 0.351604278125 0.184450228125 0.35227272656249997 0.180221209375 0.3556149734375 0.1766428109375 0.3602941171875
4 0.2081977875 0.5938057046874999 0.2081977875 0.4913101609375 0.1122316203125 0.4913101609375 0.11168943906249999 0.79322638125 0.2504879640625 0.7943404640625 0.2504879640625 0.592691621875 0.2081977875 0.5938057046874999
2 0.17241379375000002 0.5073529406249999 0.175016265625 0.5173796796875 0.1789199734375 0.5233957218749999 0.1831489921875 0.52606951875 0.187378009375 0.5280748656250001 0.190305790625 0.5267379671875 0.1906311 0.4779411765625 0.17111255625 0.478609625 0.17078724843749998 0.497326203125 0.17241379375000002 0.5073529406249999
2 0.20169160625 0.5414438500000001 0.1974625890625 0.5474598937499999 0.193233571875 0.5581550796875 0.1916070265625 0.5661764703125 0.190305790625 0.57820855625 0.2127521140625 0.57820855625 0.21340273281250002 0.539438503125 0.2068965515625 0.5374331546875 0.20169160625 0.5414438500000001
6 0.3301854265625 0.07909759375 0.324765778125 0.07909759375 0.324765778125 0.3843516046875 0.3301854265625 0.3843516046875 0.3301854265625 0.07909759375
6 0.4006668828125 0.08133021406249999 0.395247234375 0.08133021406249999 0.395247234375 0.386584225 0.4006668828125 0.386584225 0.4006668828125 0.08133021406249999
6 0.4684417703125 0.0802205875 0.4630221203125 0.0802205875 0.4630221203125 0.3854745984375 0.4684417703125 0.3854745984375 0.4684417703125 0.0802205875
6 0.5378432015625 0.0791109625 0.532423553125 0.0791109625 0.532423553125 0.3843649734375 0.5378432015625 0.3843649734375 0.5378432015625 0.0791109625
6 0.6061581 0.08134358281250001 0.6007384515624999 0.08134358281250001 0.6007384515624999 0.38659759375 0.6061581 0.38659759375 0.6061581 0.08134358281250001
6 0.7498340921875 0.0802339578125 0.74441444375 0.0802339578125 0.74441444375 0.3854879671875 0.7498340921875 0.3854879671875 0.7498340921875 0.0802339578125
6 0.893510084375 0.07912433125 0.8880904359375 0.07912433125 0.8880904359375 0.3843783421875 0.893510084375 0.3843783421875 0.893510084375 0.07912433125
6 0.893510084375 0.487994653125 0.8880904359375 0.487994653125 0.8880904359375 0.7954812828125 0.893510084375 0.7954812828125 0.893510084375 0.487994653125
6 0.7498340921875 0.487994653125 0.74441444375 0.487994653125 0.74441444375 0.7954812828125 0.7498340921875 0.7954812828125 0.7498340921875 0.487994653125
6 0.4006668828125 0.489104278125 0.395247234375 0.489104278125 0.395247234375 0.796590909375 0.4006668828125 0.796590909375 0.4006668828125 0.489104278125
6 0.32963890625 0.487994653125 0.3242192578125 0.487994653125 0.3242192578125 0.7954812828125 0.32963890625 0.7954812828125 0.32963890625 0.487994653125
6 0.2569843859375 0.4902272734375 0.2515647359375 0.4902272734375 0.2515647359375 0.797713903125 0.2569843859375 0.797713903125 0.2569843859375 0.4902272734375
6 0.1707905015625 0.383241978125 0.11114834062500001 0.383241978125 0.11114834062500001 0.3955013375 0.1707905015625 0.3955013375 0.1707905015625 0.383241978125
6 0.25916395625 0.3843516046875 0.19030904375 0.3843516046875 0.19030904375 0.3966109625 0.25916395625 0.3966109625 0.25916395625 0.3843516046875
6 0.3757319453125 0.3843582890625 0.27813923281249997 0.3843582890625 0.27813923281249997 0.3943850265625 0.3757319453125 0.3943850265625 0.3757319453125 0.3843582890625
6 0.44350683125 0.38546791406250003 0.394710475 0.38546791406250003 0.394710475 0.395494653125 0.44350683125 0.395494653125 0.44350683125 0.38546791406250003
6 0.5568184781250001 0.383241978125 0.529167209375 0.383241978125 0.529167209375 0.3955013375 0.5568184781250001 0.3955013375 0.5568184781250001 0.383241978125
6 0.17078724843749998 0.47905748593749997 0.1122316203125 0.47905748593749997 0.1122316203125 0.49019385 0.17078724843749998 0.49019385 0.17078724843749998 0.47905748593749997
6 0.259160703125 0.4779478609375 0.190845803125 0.4779478609375 0.190845803125 0.48908422500000004 0.259160703125 0.48908422500000004 0.259160703125 0.4779478609375
6 0.374108653125 0.4779478609375 0.277055953125 0.4779478609375 0.277055953125 0.48908422500000004 0.374108653125 0.48908422500000004 0.374108653125 0.4779478609375
6 0.46030904375 0.47793449218750006 0.3930806765625 0.47793449218750006 0.3930806765625 0.49019385 0.46030904375 0.49019385 0.46030904375 0.47793449218750006
6 0.6625471703125 0.3843582890625 0.58555953125 0.3843582890625 0.58555953125 0.3943850265625 0.6625471703125 0.3943850265625 0.6625471703125 0.3843582890625
6 0.8111027984374999 0.383241978125 0.6820657125 0.383241978125 0.6820657125 0.3955013375 0.8111027984374999 0.3955013375 0.8111027984374999 0.383241978125
6 0.937976578125 0.383241978125 0.8289980484375 0.383241978125 0.8289980484375 0.3955013375 0.937976578125 0.3955013375 0.937976578125 0.383241978125
6 0.942312946875 0.4790508015625 0.8289947953125001 0.4790508015625 0.8289947953125001 0.48907754062500003 0.942312946875 0.48907754062500003 0.942312946875 0.4790508015625
6 0.8116460640625001 0.47793449218750006 0.6815224468750001 0.47793449218750006 0.6815224468750001 0.49019385 0.8116460640625001 0.49019385 0.8116460640625001 0.47793449218750006
6 0.8875536765625001 0.6495053468750001 0.8013467796875 0.6495053468750001 0.8013467796875 0.6561898390625001 0.8875536765625001 0.6561898390625001 0.8875536765625001 0.6495053468750001
6 0.6929082625 0.6483890375 0.606701365625 0.6483890375 0.606701365625 0.6561831546875 0.6929082625 0.6561831546875 0.6929082625 0.6483890375
6 0.5318802859375 0.6483890375 0.44404684375 0.6483890375 0.44404684375 0.6561831546875 0.5318802859375 0.6561831546875 0.5318802859375 0.6483890375
6 0.8880936890625 0.21834893125 0.800260246875 0.21834893125 0.800260246875 0.2261430484375 0.8880936890625 0.2261430484375 0.8880936890625 0.21834893125
6 0.6934515296875 0.21834893125 0.6061581 0.21834893125 0.6061581 0.2261430484375 0.6934515296875 0.2261430484375 0.6934515296875 0.21834893125
6 0.7053773578125 0.335340909375 0.7015842546875 0.335340909375 0.7015842546875 0.383241978125 0.7053773578125 0.383241978125 0.7053773578125 0.335340909375
6 0.7053773578125 0.49019385 0.7015842546875 0.49019385 0.7015842546875 0.541437165625 0.7053773578125 0.541437165625 0.7053773578125 0.49019385
6 0.2862752109375 0.49019385 0.2819355890625 0.49019385 0.2819355890625 0.5425601609374999 0.2862752109375 0.5425601609374999 0.2862752109375 0.49019385
6 0.7883322484375 0.29745989375000004 0.7927781390625 0.2987967921875 0.792669703125 0.2818627453125 0.7503795265625001 0.2818627453125 0.7504879640625 0.2901069515625 0.7883322484375 0.2885472359375 0.7883322484375 0.29745989375000004
6 0.7070049890625001 0.29077540156250004 0.745499890625 0.28966131875 0.744415528125 0.2807486625 0.7015831703125001 0.28297682812499997 0.702125353125 0.29968805781249996 0.70646280625 0.29968805781249996 0.7070049890625001 0.29077540156250004
6 0.43591411874999997 0.29968805781249996 0.440251571875 0.29968805781249996 0.4407937546875 0.2818627453125 0.4006723046875 0.2807486625 0.4006723046875 0.29077540156250004 0.4353719375 0.2918894828125 0.43591411874999997 0.29968805781249996
6 0.3301886796875 0.29077540156250004 0.36759921875 0.29077540156250004 0.36759921875 0.2963458109375 0.3719366734375 0.2963458109375 0.3724788546875 0.2807486625 0.33073086093750004 0.2807486625 0.3301886796875 0.29077540156250004
6 0.9363478640625 0.57820855625 0.9314682281250001 0.57820855625 0.9325525921875 0.5860071296875 0.8945998703125 0.5848930484375 0.8940576890624999 0.5938057046874999 0.9368900453125001 0.591577540625 0.9363478640625 0.57820855625
6 0.7872478859375 0.5837789671875 0.7503795265625001 0.5848930484375 0.750921709375 0.591577540625 0.792669703125 0.592691621875 0.792127521875 0.5759803921875 0.7883322484375 0.5759803921875 0.7872478859375 0.5837789671875
6 0.702667534375 0.5935828875 0.7439817828125 0.5929144390625 0.7433311640625 0.5842245984375001 0.705595315625 0.5842245984375001 0.705595315625 0.575534759375 0.70169160625 0.575534759375 0.702667534375 0.5935828875
6 0.44307091718749997 0.5748663109375001 0.4388419 0.5748663109375001 0.439167209375 0.5842245984375001 0.4001301234375 0.5842245984375001 0.4001301234375 0.5929144390625 0.44242030000000004 0.5935828875 0.44307091718749997 0.5748663109375001
6 0.2869225765625 0.2901069515625 0.3243331171875 0.2901069515625 0.3240078078125 0.28208556093750004 0.2813923234375 0.2807486625 0.2810670140625 0.30013368906250004 0.2865972671875 0.299465240625 0.2869225765625 0.2901069515625
6 0.3728041640625 0.5748663109375001 0.3682498375 0.5748663109375001 0.3682498375 0.5842245984375001 0.3301886796875 0.5842245984375001 0.3298633703125 0.5922459890625 0.3724788546875 0.5935828875 0.3728041640625 0.5748663109375001
6 0.28171763125 0.5762032078125 0.2813923234375 0.5922459890625 0.3240078078125 0.5929144390625 0.3236824984375 0.5842245984375001 0.2865972671875 0.5835561499999999 0.2865972671875 0.5768716578124999 0.28171763125 0.5762032078125
6 0.20884840625 0.5922459890625 0.25113858125 0.5922459890625 0.250813271875 0.5848930484375 0.21242680468750003 0.5848930484375 0.2130774234375 0.5748663109375001 0.20852309687499998 0.5741978609375 0.20884840625 0.5922459890625
0 0.2510279765625 0.2930013375 0.2136174359375 0.2930013375 0.2136174359375 0.3843516046875 0.2510279765625 0.3843516046875 0.2510279765625 0.2930013375
6 0.20852309687499998 0.2987967921875 0.2127521140625 0.2987967921875 0.2127521140625 0.2901069515625 0.25113858125 0.29077540156250004 0.25113858125 0.28208556093750004 0.20852309687499998 0.28208556093750004 0.20852309687499998 0.2987967921875
6 0.2130774234375 0.33355615 0.20852309687499998 0.33355615 0.20852309687499998 0.383021390625 0.2130774234375 0.383021390625 0.2130774234375 0.33355615
6 0.28627195781250003 0.33422459843749996 0.28171763125 0.33422459843749996 0.28171763125 0.3836898390625 0.28627195781250003 0.3836898390625 0.28627195781250003 0.33422459843749996
6 0.2130774234375 0.48997326250000006 0.20852309687499998 0.48997326250000006 0.20852309687499998 0.5421123 0.2130774234375 0.5421123 0.2130774234375 0.48997326250000006
6 0.1984385171875 0.6483957218749999 0.1112556921875 0.6483957218749999 0.1112556921875 0.6570855609375 0.1984385171875 0.6570855609375 0.1984385171875 0.6483957218749999
6 0.198763825 0.2185828875 0.11158100156249999 0.2185828875 0.11158100156249999 0.2272727265625 0.198763825 0.2272727265625 0.198763825 0.2185828875
6 0.4809926578125 0.4879679140625 0.53211265 0.48987776875 0.531647921875 0.7954545453125 0.5376893765624999 0.7954545453125 0.53861883125 0.478418640625 0.48145738437499996 0.478418640625 0.4809926578125 0.4879679140625
6 0.6654893578125 0.478418640625 0.5999628218749999 0.476508784375 0.5994980937500001 0.7954545453125 0.6069337296875 0.7944996171875001 0.606469003125 0.48987776875 0.6654893578125 0.490832696875 0.6654893578125 0.478418640625
2 0.09055519375 0.4188948296875 0.0856755578125 0.4266934046875 0.08188028593749999 0.43672014375 0.07971155937499999 0.4512032078125 0.0786271953125 0.462344028125 0.11061591875000001 0.462344028125 0.1111581 0.415552584375 0.1019410109375 0.41109625625 0.09651919375 0.41332442187499996 0.09055519375 0.4188948296875
5 0.09271633124999999 0.47905748593749997 0.041206896874999996 0.47905748593749997 0.041206896874999996 0.661771390625 0.09271633124999999 0.661771390625 0.09271633124999999 0.47905748593749997
0 0.3236824984375 0.2918917109375 0.28627195781250003 0.2918917109375 0.28627195781250003 0.383241978125 0.3236824984375 0.383241978125 0.3236824984375 0.2918917109375
0 0.3681392328125 0.2918917109375 0.3307286921875 0.2918917109375 0.3307286921875 0.383241978125 0.3681392328125 0.383241978125 0.3681392328125 0.2918917109375
0 0.43591086562500003 0.29188502656250004 0.401213403125 0.29188502656250004 0.401213403125 0.38212566875 0.43591086562500003 0.38212566875 0.43591086562500003 0.29188502656250004
0 0.4386206890625 0.4924197859375 0.40121015 0.4924197859375 0.40121015 0.582660428125 0.4386206890625 0.582660428125 0.4386206890625 0.4924197859375
0 0.3675927125 0.4913101609375 0.3301821734375 0.4913101609375 0.3301821734375 0.5815508015625 0.3675927125 0.5815508015625 0.3675927125 0.4913101609375
0 0.3242160046875 0.49131684531250003 0.286805465625 0.49131684531250003 0.286805465625 0.5826671125 0.3242160046875 0.5826671125 0.3242160046875 0.49131684531250003
0 0.2499349375 0.490200534375 0.21252439843749998 0.490200534375 0.21252439843749998 0.583783421875 0.2499349375 0.583783421875 0.2499349375 0.490200534375
0 0.743864671875 0.4913101609375 0.70645413125 0.4913101609375 0.70645413125 0.5848930484375 0.743864671875 0.5848930484375 0.743864671875 0.4913101609375
0 0.7872413796875 0.4913101609375 0.7498308390624999 0.4913101609375 0.7498308390624999 0.5848930484375 0.7872413796875 0.5848930484375 0.7872413796875 0.4913101609375
0 0.7877813921875 0.29077540156250004 0.7503708515625 0.29077540156250004 0.7503708515625 0.3843582890625 0.7877813921875 0.3843582890625 0.7877813921875 0.29077540156250004
0 0.7427781390625 0.293008021875 0.7053676 0.293008021875 0.7053676 0.3832486625 0.7427781390625 0.3832486625 0.7427781390625 0.293008021875
0 0.931997396875 0.293008021875 0.8945868578124999 0.293008021875 0.8945868578124999 0.3832486625 0.931997396875 0.3832486625 0.931997396875 0.293008021875
0 0.931997396875 0.49131684531250003 0.8945868578124999 0.49131684531250003 0.8945868578124999 0.5826671125 0.931997396875 0.5826671125 0.931997396875 0.49131684531250003
6 0.932010409375 0.29745989375000004 0.9363478640625 0.2963458109375 0.93580568125 0.2807486625 0.8945998703125 0.2818627453125 0.8945998703125 0.29077540156250004 0.9314682281250001 0.2885472359375 0.932010409375 0.29745989375000004