5 0.14452473593749998 0.68583408125 0.1257643125 0.7337526203125 0.15842134531250002 0.7966457015625 0.1778765984375 0.7487271640625 0.14452473593749998 0.68583408125
1 0.1684963875 0.8273435156250001 0.17197053906249998 0.8370769687499999 0.17579210625 0.844564240625 0.18135075 0.8602875109375001 0.187604225 0.873015871875 0.1945525296875 0.8864929625 0.2021956640625 0.898472596875 0.210186215625 0.9089547781249999 0.220608671875 0.9201856828125001 0.2296414671875 0.92767295625 0.236589771875 0.9336627734375 0.2407587546875 0.9411500437500001 0.24249583125 0.9501347718750001 0.242148415625 0.9606169515625 0.23936909375 0.9696016765625 0.2994719296875 0.9710991328125 0.17891884375 0.7494758906250001 0.15946359062499998 0.7973944296875 0.1622429125 0.8048816999999999 0.16536964999999998 0.8161126078125 0.1684963875 0.8273435156250001
5 0.146609228125 0.8310871515624999 0.1549471921875 0.8655286015625 0.16606448125 0.8969751421875 0.1785714296875 0.917939503125 0.1938576984375 0.9418987718749999 0.2077543078125 0.9568733140625 0.223040578125 0.9673554953125001 0.2327682046875 0.9733453125 0.2404113390625 0.9658580421874999 0.2418010015625 0.9478885890625 0.23624235625 0.9344115015625001 0.229294053125 0.9284216828125 0.2223457484375 0.926924228125 0.20011117343749998 0.898472596875 0.1834352421875 0.8700209640625 0.1702334625 0.8370769687499999 0.1605058359375 0.805630428125 0.1577265140625 0.7936507953125 0.150778209375 0.7876609765625 0.14244024375 0.7936507953125 0.14035575312499998 0.805630428125 0.14244024375 0.822102425 0.146609228125 0.8310871515624999
1 0.591833965625 0.5489639703125 0.592738859375 0.4694944171875 0.3868751375 0.4709667984375 0.3866489140625 0.365657453125 0.32918805 0.365657453125 0.3289618265625 0.31544049531249996 0.2893726484375 0.307639803125 0.277932184375 0.5525606484375001 0.27050284375 0.563618771875 0.2697545640625 0.5757135953125 0.1611037140625 0.6737847984374999 0.160877490625 0.6767100593750001 0.193227503125 0.73472770625 0.20883695000000002 0.6957242453125 0.2513670390625 0.6952367015625 0.281002365625 0.7493540046875 0.28778908125 0.832723903125 0.2708222921875 0.8746526250000001 0.3067918875 0.9404709671875 0.37805240625000003 0.9385207953125001 0.37783523125 0.694251865625 0.4420737609375 0.5475013421875 0.591833965625 0.5489639703125
7 0.2737632015625 0.8879904171874999 0.26612006718750003 0.9059598671875 0.2904391328125 0.95387840625 0.2994719296875 0.9344115015625001 0.2737632015625 0.8879904171874999
7 0.189688715625 0.735250075 0.1605058359375 0.6828391734375 0.15425236250000002 0.700808625 0.1827404109375 0.7532195265625 0.189688715625 0.735250075
7 0.1479988875 0.6349206359374999 0.16120066718749998 0.6379155437499999 0.16675931093750002 0.5345911953125 0.15286270156249998 0.5345911953125 0.1479988875 0.6349206359374999
7 0.17579210625 0.3504043125 0.1632851578125 0.34591194999999997 0.1550027796875 0.49565738125000003 0.16953863281249998 0.49565738125000003 0.17579210625 0.3504043125
7 0.18418565781250001 0.2201257859375 0.16959421875 0.217130878125 0.1661200671875 0.3174603171875 0.177932184375 0.3204552265625 0.18418565781250001 0.2201257859375
7 0.1911339625 0.11530398281250001 0.17584769375 0.11230907500000001 0.17167870937500002 0.1841868828125 0.18627015 0.1886792453125 0.1911339625 0.11530398281250001
7 0.37735408593750003 0.94190775625 0.3064786 0.94190775625 0.3064786 0.9733542984374999 0.37735408593750003 0.9733542984374999 0.37735408593750003 0.94190775625
7 0.4635165375 0.938909853125 0.3891682875 0.938909853125 0.3891682875 0.97035639375 0.4635165375 0.97035639375 0.4635165375 0.938909853125
7 0.5573200390624999 0.9344234796875 0.482971790625 0.9344234796875 0.482971790625 0.9658700203125001 0.5573200390624999 0.9658700203125001 0.5573200390624999 0.9344234796875
7 0.651123540625 0.9314255765624999 0.5767752921875 0.9314255765624999 0.5767752921875 0.9628721171875 0.651123540625 0.9628721171875 0.651123540625 0.9314255765624999
3 0.8533025296875 0.922431865625 0.838020428125 0.922431865625 0.838020428125 0.95387840625 0.8533025296875 0.95387840625 0.8533025296875 0.922431865625
3 0.753944553125 0.9269182390624999 0.7386624515625 0.9269182390624999 0.7386624515625 0.9583647796875001 0.753944553125 0.9583647796875001 0.753944553125 0.9269182390624999
3 0.6663959140625 0.9314046125000001 0.6511138125 0.9314046125000001 0.6511138125 0.962851153125 0.6663959140625 0.962851153125 0.6663959140625 0.9314046125000001
3 0.5760700390625 0.9328930812499999 0.557315175 0.9328930812499999 0.557315175 0.964339621875 0.5760700390625 0.964339621875 0.5760700390625 0.9328930812499999
3 0.481575875 0.9373794546875001 0.4628210109375 0.9373794546875001 0.4628210109375 0.9688259953125 0.481575875 0.9688259953125 0.481575875 0.9373794546875001
3 0.3891682875 0.9403773578125 0.37875000000000003 0.9403773578125 0.37875000000000003 0.9718239000000001 0.3891682875 0.9718239000000001 0.3891682875 0.9403773578125
3 0.9494163421874999 0.91823899375 0.9460116734374999 0.9192872124999999 0.9460116734374999 0.950733753125 0.96303501875 0.950733753125 0.9630252921875 0.61740041875 0.9489202328124999 0.6184486375 0.9494163421874999 0.91823899375
3 0.666819065625 0.27253668750000004 0.6532003890625 0.27253668750000004 0.6532003890625 0.3207547171875 0.9484338515624999 0.3207547171875 0.9489202328124999 0.5744234796875001 0.9635116734375 0.5744234796875001 0.9630252921875 0.276729559375 0.666819065625 0.27882599531249996 0.666819065625 0.27253668750000004
2 0.97080739375 0.5870020968749999 0.9630252921875 0.5890985328125 0.9630252921875 0.5754716984375 0.9479474703124999 0.5744234796875001 0.9484338515624999 0.5890985328125 0.9411381328124999 0.5890985328125 0.9425972765624999 0.5995807125 0.9484338515624999 0.5974842765624999 0.9479474703124999 0.6163522015625 0.9630252921875 0.61740041875 0.9635116734375 0.5974842765624999 0.97080739375 0.5974842765624999 0.97080739375 0.5870020968749999
2 0.8325038453125 0.515333234375 0.8426839203125001 0.515333234375 0.8424027234375 0.53668763125 0.8482393 0.53668763125 0.84872568125 0.5146750531250001 0.85553501875 0.5146750531250001 0.8560214 0.5073375265625 0.8482393 0.50838574375 0.8482393 0.4842767296875 0.8433754859375 0.4842767296875 0.8428891046875 0.5062893078124999 0.832675096875 0.5062893078124999 0.8325038453125 0.515333234375
2 0.8973638125000001 0.6037735843750001 0.9085505843749999 0.6016771484375 0.9075778203124999 0.62683438125 0.9173054468749999 0.6247379453125 0.9177918281249999 0.6006289312499999 0.9260603109375 0.6006289312499999 0.9241147859375 0.5922431859375 0.9173054468749999 0.5922431859375 0.9173054468749999 0.57232704375 0.9075778203124999 0.57232704375 0.9080642015624999 0.5932914046875 0.8973638125000001 0.594339621875 0.8973638125000001 0.6037735843750001
6 0.84019998125 0.567987909375 0.84019998125 0.6118668031250001 0.819613609375 0.6118668031250001 0.8193873859374999 0.623567840625 0.8404262062500001 0.623567840625 0.84019998125 0.9219443234375 0.8490227125 0.922431865625 0.8487964890624999 0.6586709578125001 0.9164374265624999 0.6581834125 0.9164374265624999 0.6264931 0.9085195921875 0.62698064375 0.9085195921875 0.64160694375 0.8465297250000001 0.64160694375 0.8463035015625 0.5665252781250001 0.8512804265625 0.5665252781250001 0.8510542031250001 0.54702355 0.848791965625 0.54702355 0.8487964890624999 0.5377602265625 0.843588815625 0.5372726828125 0.8433625921875001 0.5465360046875001 0.6408922265625 0.5479986359375 0.640666003125 0.5640875624999999 0.6546918828125 0.56360001875 0.65514433125 0.9297450140624999 0.6648719578125 0.9297450140624999 0.6639715859375 0.568475453125 0.824590534375 0.567012821875 0.84019998125 0.567987909375
1 0.9080982484375 0.5685010484374999 0.8474464984375001 0.5685010484374999 0.8474464984375001 0.64126834375 0.9080982484375 0.64126834375 0.9080982484375 0.5685010484374999
2 0.8623443578125001 0.58176100625 0.8652626453125001 0.582809225 0.8657490265625001 0.567085953125 0.875963034375 0.5681341718749999 0.8769357984375 0.5461215937499999 0.8662354078125001 0.5450733750000001 0.866721790625 0.531446540625 0.8633171203125001 0.531446540625 0.8633171203125001 0.5461215937499999 0.85164396875 0.5450733750000001 0.8511575875 0.5702306078125 0.8618579765625001 0.5702306078125 0.8623443578125001 0.58176100625
2 0.5234678984375 0.4848008390625 0.5272276265625 0.4842767296875 0.5277140078125 0.4706498953125 0.537441634375 0.4706498953125 0.537928015625 0.454926625 0.5277140078125 0.45387840625000003 0.5282003890625 0.43710691874999996 0.5247957203125 0.43605869999999997 0.5238229578125 0.4570230609375 0.51506809375 0.454926625 0.5149562249999999 0.47038784062500005 0.5238229578125 0.4706498953125 0.5234678984375 0.4848008390625
5 0.6527140078125 0.2610062890625 0.51409533125 0.2610062890625 0.51409533125 0.4570230609375 0.6527140078125 0.4570230609375 0.6527140078125 0.2610062890625
2 0.6709022375 0.397012578125 0.6754620625000001 0.39766771562500003 0.6751580734375 0.3793239 0.6854936765625 0.3793239 0.685797665625 0.3668763109375 0.67576605 0.3655660375 0.6760700390625 0.3432914046875 0.6718142015625 0.34263626875000003 0.6712062249999999 0.3655660375 0.6623905640625 0.364255765625 0.6623905640625 0.3786687625 0.6712062249999999 0.3786687625 0.6709022375 0.397012578125
0 0.7372616734374999 0.377851153125 0.7017461093749999 0.377851153125 0.7017461093749999 0.45049266250000003 0.7372616734374999 0.45049266250000003 0.7372616734374999 0.377851153125
2 0.7241001953125 0.3943920328125 0.7277480546875 0.3930817609375 0.7277480546875 0.3786687625 0.7371716921875 0.3786687625 0.73777966875 0.3655660375 0.7271400781249999 0.3649109015625 0.7271400781249999 0.350497903125 0.7247081718749999 0.3498427671875 0.7244041828125 0.3649109015625 0.7146765562499999 0.3636006296875 0.71437256875 0.37997903593750004 0.7244041828125 0.3786687625 0.7241001953125 0.3943920328125
2 0.6781979578125 0.485455975 0.6821498046875 0.486766246875 0.6818458171875 0.46842243124999994 0.6915734437500001 0.46842243124999994 0.6915734437500001 0.4494234796875 0.6821498046875 0.4494234796875 0.6818458171875 0.4323899375 0.6794139109375 0.4323899375 0.6794139109375 0.450078615625 0.66847033125 0.450733753125 0.6681663421875 0.47038784062500005 0.6781979578125 0.47038784062500005 0.6781979578125 0.485455975
2 0.7253161484375 0.4848008390625 0.7283560312499999 0.4848008390625 0.7286600187500001 0.46973270468750006 0.7380836578125 0.46907756875000006 0.7380836578125 0.4494234796875 0.7286600187500001 0.44876834375 0.7289640078125 0.4363207546875 0.7259241249999999 0.4376310265625 0.7262281125000001 0.4494234796875 0.7152845328125 0.44876834375 0.7152845328125 0.46907756875000006 0.7256201359375 0.46907756875000006 0.7253161484375 0.4848008390625
2 0.7590588515625 0.4848008390625 0.761490759375 0.4848008390625 0.7617947468749999 0.46842243124999994 0.7718263624999999 0.46907756875000006 0.7721303500000001 0.450733753125 0.7633146890625 0.4494234796875 0.7627067125 0.4310796640625 0.7587548640625 0.4317348015625 0.7593628406249999 0.450078615625 0.7496352140625 0.4494234796875 0.7493312249999999 0.46973270468750006 0.7590588515625 0.46973270468750006 0.7590588515625 0.4848008390625
2 0.7000851171875 0.646619496875 0.7028210109375 0.646619496875 0.7028210109375 0.626310271875 0.7137645921875 0.626965409375 0.7137645921875 0.613207546875 0.703125 0.6125524109375 0.7034289890625 0.5961740046874999 0.70069309375 0.5942085953125 0.7009970812499999 0.613207546875 0.689445525 0.613207546875 0.6891415375000001 0.6256551359375 0.7003891046875 0.626310271875 0.7000851171875 0.646619496875
2 0.8083049609374999 0.6446540875 0.81134484375 0.643343815625 0.81104085625 0.62827568125 0.8198565171875 0.62827568125 0.8198565171875 0.6092767296875 0.81134484375 0.6086215937499999 0.81104085625 0.593553459375 0.8092169265625 0.59158805 0.80860895 0.609931865625 0.8004012640625 0.609931865625 0.8000972765625001 0.6256551359375 0.8089129375 0.626310271875 0.8083049609374999 0.6446540875
2 0.7049489296875 1 0.7046449421875 0.962395178125 0.7396035999999999 0.9617400421875001 0.7392996109375 0.9257075468749999 0.70555690625 0.9263626828125 0.7052529187500001 0.8549528296875 0.7016050578125 0.8529874218750001 0.7016050578125 0.9283280921875001 0.6657344359375 0.928983228125 0.6660384234375 0.9630503140625001 0.7013010703125 0.9617400421875001 0.7013010703125 1 0.7049489296875 1
2 0.79736138125 0.9997379453124999 0.7976653703125 0.9564989515625 0.8383998046875 0.955843815625 0.8383998046875 0.92112159375 0.79736138125 0.922431865625 0.7976653703125 0.857573375 0.7946254859375 0.8582285109375001 0.7943214984375 0.922431865625 0.7548030156250001 0.9237421390625 0.7544990265625 0.9597746328125 0.7943214984375 0.9578092249999999 0.7946254859375 0.999082809375 0.79736138125 0.9997379453124999
2 0.89858949375 0.9977725359375 0.9013253890625 0.999082809375 0.9010214 0.9551886796875 0.9457076843750001 0.9532232703125001 0.9457076843750001 0.9178459125 0.9022373546875 0.9185010484375 0.9022373546875 0.8529874218750001 0.89828550625 0.8510220125 0.89828550625 0.919156184375 0.8535992218749999 0.92046645625 0.8535992218749999 0.9551886796875 0.89858949375 0.955843815625 0.89858949375 0.9977725359375
2 0.5839615765625 0.5110062890625 0.5912572953125 0.511661425 0.5912572953125 0.5326257859375 0.5985530156250001 0.5326257859375 0.5982490265625 0.513626834375 0.6046327828125 0.513626834375 0.605240759375 0.5051100625 0.5973370625000001 0.5051100625 0.5979450390625 0.48414570156250003 0.5909533078125 0.48414570156250003 0.5912572953125 0.5051100625 0.5842655640625 0.5044549265625 0.5839615765625 0.5110062890625
2 0.6310797671875 0.5850366874999999 0.6316877437499999 0.5660377359375001 0.64111138125 0.5653826 0.6401994156249999 0.5490041921875 0.6307757781250001 0.5496593296875 0.6304717906249999 0.5313155140625 0.6271279187500001 0.53197065 0.62743190625 0.5490041921875 0.6180082687499999 0.5490041921875 0.6177042796875 0.5660377359375001 0.6277358953125 0.5660377359375001 0.62743190625 0.5856918234374999 0.6310797671875 0.5850366874999999
2 0.45871838593750003 0.7357180296875 0.467534046875 0.73506289375 0.467838034375 0.7573375265625 0.47513375468749997 0.7573375265625 0.47513375468749997 0.73440775625 0.48334143906250004 0.73440775625 0.48425340468750006 0.729821803125 0.47543774375 0.729821803125 0.47513375468749997 0.710167715625 0.46814202343750005 0.709512578125 0.467534046875 0.729821803125 0.4593263625 0.729821803125 0.45871838593750003 0.7357180296875
4 0.468052665625 0.7537418953125 0.4676002171875 0.649895178125 0.4427155921875 0.649895178125 0.4431680390625 0.573350884375 0.4409058 0.573350884375 0.3967921453125 0.6737847984374999 0.41692607031250006 0.6737847984374999 0.416699846875 0.7537418953125 0.468052665625 0.7537418953125
2 0.417071984375 0.5752096437499999 0.4228477625 0.58831236875 0.41646400781250004 0.6027253671875 0.42345573906249995 0.61517295625 0.42923151718749997 0.60207023125 0.432879378125 0.6092767296875 0.435615271875 0.6053459125 0.43135943593750004 0.5942085953125 0.43743920156250005 0.579795596875 0.43227140000000003 0.5686582812500001 0.42558365781249996 0.583071278125 0.42041585625 0.5712788265625 0.417071984375 0.5752096437499999
7 0.416767996875 0.626965409375 0.41160019531250003 0.6171383640625 0.40156857968750004 0.6387578609375 0.40612840468750006 0.649895178125 0.416767996875 0.626965409375
2 0.36904182812499997 0.8529874218750001 0.3775535015625 0.852332284375 0.37724951406249996 0.8739517812500001 0.38454523281249997 0.8732966453125 0.38424124531250003 0.8529874218750001 0.391840953125 0.8542976937500001 0.3912329765625 0.8451257859375 0.38484922187500004 0.8451257859375 0.38454523281249997 0.824161425 0.37724951406249996 0.8235062890625 0.37724951406249996 0.8457809218750001 0.36964980468749997 0.8451257859375 0.36904182812499997 0.8529874218750001
1 0.2732784375 0.7566671546875 0.24794136249999998 0.70937545625 0.2108406484375 0.7084003703125 0.19658854375 0.7435034859375 0.26422948125 0.8634391296875 0.2782598859375 0.8288235578125001 0.2732784375 0.7566671546875
2 0.20124027187500002 0.824161425 0.20914396875 0.8058176093749999 0.22099951406249999 0.831367925 0.2304231515625 0.8058176093749999 0.219175584375 0.782887840625 0.2258633265625 0.76781970625 0.22312743125 0.7619234796875001 0.2155277234375 0.7789570234375 0.20428015624999998 0.7573375265625 0.19516050625 0.779612159375 0.2064080734375 0.802541928125 0.198504378125 0.8189203359375 0.20124027187500002 0.824161425
2 0.2325510703125 0.8798480078124999 0.239846790625 0.8628144656250001 0.251702334375 0.8850890984375 0.2611259734375 0.859538784375 0.249574415625 0.8385744234375 0.25687013593749997 0.8195754718750001 0.2529182875 0.8143343812499999 0.24562256875 0.8333333328125001 0.234375 0.8143343812499999 0.2255593390625 0.8366090140625 0.2361989296875 0.8569182390625001 0.2292071984375 0.872641509375 0.2325510703125 0.8798480078124999
2 0.2243433859375 0.72785639375 0.22738326875 0.7272012578125 0.22768725625 0.7075471703125 0.237718871875 0.7075471703125 0.2374148828125 0.696409853125 0.22768725625 0.6970649890625 0.22738326875 0.6774109015625001 0.2243433859375 0.6767557656250001 0.2243433859375 0.6977201265625 0.2155277234375 0.6977201265625 0.2155277234375 0.7055817609374999 0.2246473734375 0.7068920328125 0.2243433859375 0.72785639375
2 0.2665977625 0.7973008390625 0.2760214 0.7973008390625 0.27693336562500004 0.8110587 0.28301313281249996 0.809748428125 0.2821011671875 0.7940251578125 0.29152480468749997 0.7907494765624999 0.29091682812499997 0.7835429765625 0.2811892015625 0.7855083859375 0.2796692609375 0.7651991609375 0.27480544687499997 0.7658542984375 0.27541342343749997 0.7868186578125 0.2659897859375 0.7874737953125 0.2665977625 0.7973008390625
3 0.1902966921875 0.7337526203125 0.18269698437499998 0.752751571875 0.19546449375 0.7776467499999999 0.2030642015625 0.759302934375 0.1902966921875 0.7337526203125
3 0.229815175 0.80778301875 0.2225194546875 0.8267819703124999 0.2255593390625 0.835953878125 0.234375 0.8156446546874999 0.229815175 0.80778301875
3 0.27419747031249997 0.8857442343749999 0.26082198437500004 0.8621593296875 0.25261429999999996 0.8844339625 0.2647738328125 0.90736373125 0.27419747031249997 0.8857442343749999
3 0.1611138125 0.6813417187499999 0.1592898828125 0.6774109015625001 0.16141780156250002 0.6374475890625 0.1474343390625 0.6354821796875 0.14469844375000002 0.6833071281249999 0.152602140625 0.7003406703125 0.1611138125 0.6813417187499999
3 0.1696254859375 0.496593290625 0.155338034375 0.4959381546875 0.15290612812499998 0.53197065 0.16719357968749998 0.533280921875 0.1696254859375 0.496593290625
3 0.1796571015625 0.3203616359375 0.16476167343749998 0.317741090625 0.1635457203125 0.3446016765625 0.17752918281250002 0.3485324953125 0.1796571015625 0.3203616359375
3 0.1866488328125 0.188024109375 0.171145428125 0.1854035640625 0.1696254859375 0.2155398328125 0.184824903125 0.21816037812500003 0.1866488328125 0.188024109375
6 0.368962084375 0.1633269953125 0.368962084375 0.023889620312500002 0.26218441718749996 0.00048754375000000004 0.1832322875 0.00048754375000000004 0.18164872031249998 0.020964360937500003 0.1961270484375 0.02535225 0.19657949531250002 0.015601384375 0.3537960375 0.0497294125 0.3537960375 0.197455025 0.421889421875 0.1969674796875 0.421889421875 0.26034810625000004 0.6675821203125001 0.2598605625 0.6673558953125001 0.22865779218750001 0.437964890625 0.22817025000000002 0.4377341421875 0.162839453125 0.368962084375 0.1633269953125
3 0.19424854062500002 0.0720649890625 0.179049125 0.06944444375 0.17570525312500002 0.11137316562499999 0.192120621875 0.11464884687500002 0.19424854062500002 0.0720649890625
2 0.1726653703125 0.0471698109375 0.18026507812499998 0.047824946875 0.17874513593750002 0.0674790359375 0.1933365765625 0.07075471718750001 0.193944553125 0.0524109015625 0.20124027187500002 0.055031446875 0.20124027187500002 0.0471698109375 0.19546449375 0.045859539062499996 0.1960724703125 0.026860587499999998 0.18148103124999998 0.0222746328125 0.18026507812499998 0.0425838578125 0.173273346875 0.040618448437499996 0.1726653703125 0.0471698109375
2 0.2222154671875 0.058962264062500006 0.228599221875 0.061582809375000006 0.22768725625 0.0825471703125 0.233159046875 0.08123689687499999 0.2340710109375 0.064858490625 0.2431906609375 0.064858490625 0.2441026265625 0.058307128124999996 0.2349829765625 0.054376310937500005 0.23589494218749998 0.035377357812499996 0.2301191640625 0.03341195 0.229815175 0.0524109015625 0.221607490625 0.053066037499999996 0.2222154671875 0.058962264062500006
2 0.3125 0.077961215625 0.31949173124999997 0.07861635156249999 0.31827577812499996 0.098270440625 0.32374756875 0.0995807125 0.32465953281250004 0.0818920328125 0.3328672171875 0.0818920328125 0.33256322968749996 0.074685534375 0.32587548593750004 0.07337526250000001 0.3270914390625 0.054376310937500005 0.32040369687500003 0.053066037499999996 0.31979572031250003 0.07075471718750001 0.3131079765625 0.071409853125 0.3125 0.077961215625
5 0.3146774046875 0.1350494859375 0.1952312 0.10920969218750001 0.1950049765625 0.11506021250000001 0.192290290625 0.11506021250000001 0.18211021562500002 0.2647359953125 0.3155823 0.2964263078125 0.3146774046875 0.1350494859375
2 0.30307636250000003 0.14937106875 0.30368433906250003 0.1329926625 0.313411965625 0.13364779843750002 0.313715953125 0.1185796640625 0.30429231562500003 0.11726939218750002 0.30490029218750003 0.10089098593750001 0.30125243125 0.1022012578125 0.3006444546875 0.11595911875 0.29152480468749997 0.11530398281250001 0.29122081718750004 0.12971698125 0.30034046718749996 0.1323375265625 0.30034046718749996 0.151336478125 0.30307636250000003 0.14937106875
2 0.3006444546875 0.3236373171875 0.30307636250000003 0.3249475890625 0.30368433906250003 0.3118448640625 0.3143239296875 0.314465409375 0.31401994218749996 0.2967767296875 0.30550826875000003 0.2948113203125 0.30581225624999997 0.2764675046875 0.30216439687499996 0.2751572328125 0.3018604078125 0.29284591249999997 0.29182879375000004 0.290880503125 0.29122081718750004 0.30922431875 0.30125243125 0.3098794546875 0.3006444546875 0.3236373171875
2 0.266293775 0.40225366874999996 0.27571741250000004 0.404219078125 0.27541342343749997 0.42714884687500004 0.2833171203125 0.42780398281250004 0.2833171203125 0.4061844859375 0.2939567125 0.40880503125 0.29426070000000004 0.40094339687499997 0.283925096875 0.3963574421875 0.28483706249999996 0.37604821875 0.27754134218750004 0.3734276734375 0.27693336562500004 0.3963574421875 0.2672057390625 0.39177148906250003 0.266293775 0.40225366874999996
2 0.26021400781250004 0.51493710625 0.27115758749999996 0.516902515625 0.270245621875 0.54179769375 0.27754134218750004 0.5431079671875 0.27814931875000004 0.5208333328125 0.28818093437500003 0.523453878125 0.28878891093750003 0.513626834375 0.279061284375 0.5110062890625 0.27936527187500004 0.4893867921875 0.27237354062499997 0.4861111109375 0.27176556406249996 0.50904088125 0.26082198437500004 0.5064203359375 0.26021400781250004 0.51493710625
6 0.474061284375 0.321446540625 0.466930934375 0.321446540625 0.466930934375 0.46819706562499996 0.474061284375 0.46819706562499996 0.474061284375 0.321446540625
2 0.4888697859375 0.4826678359375 0.4909058 0.48169275 0.491132025 0.4709667984375 0.501538321875 0.4709667984375 0.501538321875 0.45780312968750003 0.49203691875000005 0.45780312968750003 0.4918106953125 0.4378138546875 0.4888697859375 0.43732631250000004 0.4888697859375 0.45975330468750003 0.47891593437499996 0.459265759375 0.4784634875 0.4695041671875 0.4888697859375 0.4695041671875 0.4888697859375 0.4826678359375
6 0.214912678125 0.7084003703125 0.21513890156249998 0.6976744187499999 0.20789973750000001 0.6986495046875 0.1927427390625 0.7361903375 0.1963623203125 0.7425284000000001 0.21061442343749998 0.7074252828125001 0.214912678125 0.7084003703125
6 0.27373088437500004 0.7552045234375 0.2739571078125 0.7644678468749999 0.27916025625 0.7639803046875 0.278707809375 0.7503290921875 0.25065605 0.6971868765625 0.2379875125 0.6971868765625 0.2377612890625 0.707912828125 0.2483938109375 0.707912828125 0.27373088437500004 0.7552045234375
6 0.2857207484375 0.8322363609375 0.2832322875 0.8102969140624999 0.2780291375 0.81175954375 0.27938648125 0.8283360140625 0.2646819296875 0.8653893046875 0.2685277359375 0.8736775390625 0.2857207484375 0.8322363609375
6 0.38412937812500003 0.87464360625 0.37711575937499997 0.87464360625 0.37711575937499997 0.9385220125 0.38412937812500003 0.9385220125 0.38412937812500003 0.87464360625
6 0.3841326578125 0.8224854953125 0.383906434375 0.7742187125 0.46760926718749996 0.7737311671875 0.46760926718749996 0.936083078125 0.4743959828125 0.936083078125 0.47416975937499994 0.75471698125 0.416256446875 0.75471698125 0.416256446875 0.7400906828125 0.4167088953125 0.674759884375 0.395670075 0.674759884375 0.40607637343749997 0.6508702640624999 0.401325671875 0.6401443125 0.37689349375000003 0.6952367015625 0.3773459421875 0.8229730390625001 0.3841326578125 0.8224854953125
4 0.4671595328125 0.776519915625 0.3845914390625 0.776519915625 0.3845914390625 0.937568134375 0.4671595328125 0.937568134375 0.4671595328125 0.776519915625
6 0.4433942625 0.5723757984375 0.4433942625 0.6494076359375 0.467830965625 0.6479450046874999 0.467830965625 0.7084003703125 0.47461768125 0.7088879140625 0.47461768125 0.5709131671875001 0.56985793125 0.5694505390625 0.5703103796875 0.5640875624999999 0.6173649453125 0.5655501921874999 0.6178173921875 0.548973721875 0.44091484999999997 0.548486178125 0.43208306875 0.5680074109375 0.4375124421875 0.5797084484374999 0.44067957656249995 0.5723952999999999 0.4433942625 0.5723757984375
4 0.6540177359375 0.5655501921874999 0.5707583031250001 0.5655501921874999 0.5707583031250001 0.5709131671875001 0.47483938124999997 0.5714007125 0.47507465312499997 0.9350689875 0.654470184375 0.9297060109374999 0.6540177359375 0.5655501921874999
6 0.8264007781249999 0.5679769390625 0.8214202328125 0.5679769390625 0.8214202328125 0.6133228515625 0.8264007781249999 0.6133228515625 0.8264007781249999 0.5679769390625
6 0.6890824359375001 0.6240553859375 0.689308659375 0.613329434375 0.68749886875 0.613329434375 0.68749886875 0.5689629953125 0.682974390625 0.5694505390625 0.6827481671875 0.6138169765625 0.6637453625 0.6138169765625 0.6639715859375 0.624542928125 0.6890824359375001 0.6240553859375
6 0.7981223421875 0.6123543453125 0.7981223421875 0.5675003640625 0.7924667453125 0.5675003640625 0.7924667453125 0.6118668031250001 0.720753778125 0.6118668031250001 0.720753778125 0.568475453125 0.7157768531250001 0.568475453125 0.7157768531250001 0.6250304718749999 0.7997059078125 0.6240553859375 0.7997059078125 0.6123543453125 0.7981223421875 0.6123543453125
4 0.8404262062500001 0.6250304718749999 0.6646502578125 0.6260055578125 0.6653289296875 0.9277948421875 0.8395213109374999 0.9204816921875001 0.8404262062500001 0.6250304718749999
4 0.948561215625 0.6947491593749999 0.9141751875 0.6947491593749999 0.9141751875 0.6601335875000001 0.8492489375 0.65964604375 0.8494751609375 0.9209692374999999 0.9492398874999999 0.917556434375 0.948561215625 0.6947491593749999
5 0.9492412453125001 0.567012578125 0.9157587546875 0.567012578125 0.9157587546875 0.693280921875 0.9492412453125001 0.693280921875 0.9492412453125001 0.567012578125
6 0.94946498125 0.5460377359375 0.8766245140625 0.5460377359375 0.8766245140625 0.56457023125 0.94946498125 0.56457023125 0.94946498125 0.5460377359375
6 0.9162110890624999 0.56408805 0.9087500000000001 0.56408805 0.9087500000000001 0.57092243125 0.9162110890624999 0.57092243125 0.9162110890624999 0.56408805
5 0.8492489375 0.5460484609375 0.9483349921875 0.5440982890625 0.9483349921875 0.320803471875 0.8487964890624999 0.3217785578125 0.848570265625 0.5362975953125 0.8490227125 0.5362975953125 0.8492489375 0.5460484609375
6 0.7721065968749999 0.4680415390625 0.8431408921875001 0.46755399531249997 0.8431408921875001 0.4846180109375 0.848344040625 0.4831553796875 0.848344040625 0.3212910140625 0.8404262062500001 0.3212910140625 0.8404262062500001 0.45048998124999995 0.771880371875 0.45048998124999995 0.7721065968749999 0.4680415390625
6 0.7429237171875 0.45146506718749996 0.7429237171875 0.3212910140625 0.73749434375 0.3212910140625 0.738399240625 0.46755399531249997 0.7490317609375 0.46755399531249997 0.7490317609375 0.45097752343749997 0.7429237171875 0.45146506718749996
4 0.83997568125 0.320807128125 0.7431566140625 0.320807128125 0.7431566140625 0.4509748421875 0.83997568125 0.4509748421875 0.83997568125 0.320807128125
6 0.6861370015625 0.3666325390625 0.6859153015625 0.3778460328125 0.6963216 0.377358490625 0.696317075 0.45146506718749996 0.692018821875 0.45097752343749997 0.691797121875 0.4680415390625 0.7146457328125 0.4680415390625 0.7146457328125 0.45048998124999995 0.7017509734375 0.45000243749999996 0.7012940015625 0.376870946875 0.7139670625 0.3778460328125 0.7141932859375 0.365657453125 0.7017509734375 0.3661449953125 0.7017509734375 0.3222661 0.6965478234375 0.3217785578125 0.6963216 0.3661449953125 0.6861370015625 0.3666325390625
6 0.5379558421875 0.46901662499999996 0.5913492 0.46852908125 0.591344675 0.483642921875 0.59723101875 0.483642921875 0.59723101875 0.46755399531249997 0.668265315625 0.46755399531249997 0.668265315625 0.45048998124999995 0.6623834953125 0.45000243749999996 0.661931046875 0.3217785578125 0.6535607640625 0.3212910140625 0.6531037921875 0.45780312968750003 0.538182065625 0.4573155875 0.5379558421875 0.46901662499999996
6 0.5040222609375 0.4612159328125 0.5019862453124999 0.4612159328125 0.5015337984375 0.4699917125 0.5144285578125001 0.4699917125 0.51488100625 0.45877821562500004 0.5126187671875 0.45780312968750003 0.5135236640625 0.2598605625 0.5040222609375 0.2598605625 0.5040222609375 0.4612159328125
6 0.5972227625000001 0.5338574421875 0.5908900781249999 0.5338574421875 0.5908900781249999 0.5523899375 0.5972227625000001 0.5523899375 0.5972227625000001 0.5338574421875
0 0.69608949375 0.377851153125 0.662607003125 0.377851153125 0.662607003125 0.45049266250000003 0.69608949375 0.45049266250000003 0.69608949375 0.377851153125
0 0.696308365625 0.3222746328125 0.662602140625 0.3222746328125 0.662602140625 0.36615303906249996 0.696308365625 0.36615303906249996 0.696308365625 0.3222746328125
0 0.7370330734375 0.3222746328125 0.7024221796875 0.3222746328125 0.7024221796875 0.364685534375 0.7370330734375 0.364685534375 0.7370330734375 0.3222746328125
1 0.23187946718750002 0.0243771640625 0.19704099218749999 0.016576471875000002 0.192064065625 0.0897079625 0.227354990625 0.0999463703125 0.23187946718750002 0.0243771640625
1 0.321237896875 0.0443664375 0.2352728265625 0.02486470625 0.2321056921875 0.10043391406249999 0.3178445390625 0.12042318593750001 0.321237896875 0.0443664375
6 0.2352728265625 0.02486470625 0.23165324375 0.023889620312500002 0.231200796875 0.034615571875 0.23459415468749997 0.034615571875 0.2352728265625 0.02486470625
1 0.3923476 0.25716282343749997 0.3923476 0.32005590625 0.47600518750000004 0.32005590625 0.4753566796875 0.45981830781250005 0.502594034375 0.4612159328125 0.5032425421875 0.26275331875 0.4202334625 0.26275331875 0.420881971875 0.19986023749999998 0.3527885859375 0.19846261406250001 0.35149156875 0.053109712499999996 0.326199740625 0.04612159375 0.32490272343750004 0.09923130625 0.324254215625 0.2557651984375 0.3923476 0.25716282343749997
6 0.325762375 0.04339135 0.32169034375 0.0429038078125 0.321237896875 0.0526546734375 0.325762375 0.053629759374999995 0.325762375 0.04339135
6 0.23165324375 0.101409 0.2321056921875 0.08190726875 0.228486109375 0.0823948140625 0.227354990625 0.0994588265625 0.1950049765625 0.092633221875 0.19477875312499998 0.10823460625 0.291150121875 0.12822388125 0.2916025703125 0.1131100375 0.23165324375 0.101409
6 0.3139987328125 0.1330993125 0.3155823 0.1330993125 0.316260971875 0.29740139375 0.3146774046875 0.29740139375 0.3146774046875 0.312515234375 0.32191656874999997 0.31397786562499996 0.323726359375 0.10043391406249999 0.3192018828125 0.0994588265625 0.31965432968749996 0.122860903125 0.3139987328125 0.121398275 0.3139987328125 0.1330993125
4 0.281422496875 0.3052020859375 0.180979096875 0.282287553125 0.17238258906249998 0.4378138546875 0.27418333125 0.460240846875 0.281422496875 0.3052020859375
6 0.2784815859375 0.37199551406250003 0.285042078125 0.37443323125 0.287530540625 0.3056896296875 0.2916025703125 0.3066647171875 0.29182879375000004 0.29252596249999996 0.1818839921875 0.2666861671875 0.180752871875 0.28131246718749997 0.2825536140625 0.30422699999999997 0.2784815859375 0.37199551406250003
4 0.2680752875 0.5582370437499999 0.2694326296875 0.54556091875 0.2728259890625 0.47194188437499995 0.17170391875 0.451952609375 0.16039272499999999 0.656233240625 0.266265496875 0.5611623046875 0.2680752875 0.5582370437499999
6 0.17147769531249998 0.45048998124999995 0.2735046609375 0.47047925625 0.2732784375 0.485593096875 0.2789340328125 0.48851835625 0.282327390625 0.42855053437499996 0.2753144515625 0.4280629921875 0.27463577968749997 0.4612159328125 0.172156365625 0.43878894375 0.17147769531249998 0.45048998124999995
6 0.159714053125 0.6581834125 0.15903538125 0.6728097125 0.268753959375 0.574813515625 0.2696588546875 0.56457510625 0.2730522125 0.5567744125 0.2757668984375 0.5528740671875 0.2764455703125 0.5431232015624999 0.27056375 0.542148115625 0.26920640625000003 0.555311784375 0.2683015109375 0.5611623046875 0.159714053125 0.6581834125
3 0.3058546734375 0.974111453125 0.30608089843749997 0.9409585093749999 0.30427110625 0.9409585093749999 0.3004253 0.934132903125 0.2906976734375 0.9536346359375001 0.3011039734375 0.9736239093749999 0.3058546734375 0.974111453125
1 0.8429134234375001 0.46853249531249996 0.5976896890625001 0.46853249531249996 0.5976896890625001 0.54555555625 0.8429134234375001 0.54555555625 0.8429134234375001 0.46853249531249996
1 0.7150924125 0.5689622640625001 0.68794260625 0.5689622640625001 0.68794260625 0.6118763109375001 0.7150924125 0.6118763109375001 0.7150924125 0.5689622640625001
1 0.8207393 0.568480084375 0.798793775 0.568480084375 0.798793775 0.6108909859375 0.8207393 0.6108909859375 0.8207393 0.568480084375
6 0.467574578125 0.4542278140625 0.3916990921875 0.4514325640625 0.3916990921875 0.43326345312500003 0.38521400781250004 0.4334381546875 0.38521400781250004 0.468204053125 0.46765564218750005 0.46802935 0.467574578125 0.4542278140625
2 0.377675096875 0.40723270468750006 0.38472762656250004 0.40723270468750006 0.38472762656250004 0.43134171875 0.39275291874999996 0.43134171875 0.39250972812499996 0.40880503125 0.39907587499999997 0.409329140625 0.39883268437499997 0.40408805000000003 0.39202334687499996 0.40408805000000003 0.39202334687499996 0.378406709375 0.38497081718750004 0.378406709375 0.38472762656250004 0.40251572343750003 0.37840466875 0.4030398328125 0.377675096875 0.40723270468750006
2 0.35821984375000004 0.37997903593750004 0.3601653703125 0.38050314531249996 0.3604085609375 0.36373165625000003 0.372324903125 0.363207546875 0.372324903125 0.3485324953125 0.36089494218749996 0.3474842765625 0.36138132343749996 0.3343815515625 0.358949415625 0.3333333328125 0.358706225 0.3474842765625 0.3467898828125 0.3480083859375 0.3460603109375 0.3653039828125 0.358706225 0.36740041875 0.35821984375000004 0.37997903593750004
6 0.391050584375 0.3207547171875 0.391050584375 0.258909853125 0.38570038906250004 0.25838574375 0.38521400781250004 0.3511530390625 0.372811284375 0.35062893125 0.372811284375 0.364255765625 0.38618677031250004 0.36373165625000003 0.38570038906250004 0.3778826 0.39202334687499996 0.3778826 0.39202334687499996 0.3333333328125 0.46692607031250005 0.3333333328125 0.46668287968750005 0.3197064984375 0.391050584375 0.3207547171875
6 0.3857611875 0.264019915625 0.38606517500000004 0.2587788265625 0.3292193578125 0.2587788265625 0.32830739375 0.364255765625 0.3465466921875 0.3649109015625 0.34624270468749996 0.3498427671875 0.33347519531250003 0.34918763125 0.33317120624999996 0.264675053125 0.3857611875 0.264019915625