7 0.041856925 0.2436974796875 0.028158295312499998 0.2436974796875 0.028158295312499998 0.340336134375 0.041856925 0.340336134375 0.041856925 0.2436974796875
7 0.041856925 0.5462184875 0.029680365625 0.5462184875 0.029680365625 0.61904761875 0.041856925 0.61904761875 0.041856925 0.5462184875
3 0.0433789953125 0.7072829125 0.064687975 0.7072829125 0.064687975 0.7044817921875001 0.0654490109375 0.6820728296875 0.0426179609375 0.6820728296875 0.0426179609375 0.6204481796875 0.029680365625 0.61904761875 0.029680365625 0.7815126046875001 0.0433789953125 0.7815126046875001 0.0433789953125 0.7072829125
1 0.1328843234375 0.7085994390625 0.043614915625 0.7085994390625 0.043614915625 0.767647059375 0.1328843234375 0.767647059375 0.1328843234375 0.7085994390625
7 0.090563165625 0.68487395 0.0654490109375 0.68487395 0.0654490109375 0.7072829125 0.090563165625 0.7072829125 0.090563165625 0.68487395
7 0.207001521875 0.7535014 0.16590563125 0.7535014 0.16590563125 0.778711484375 0.207001521875 0.778711484375 0.207001521875 0.7535014
7 0.42770167499999995 0.7535014 0.37975646875 0.7535014 0.37975646875 0.778711484375 0.42770167499999995 0.778711484375 0.42770167499999995 0.7535014
1 0.54550989375 0.7093697484375 0.45336377499999997 0.7093697484375 0.45336377499999997 0.766148459375 0.54550989375 0.766148459375 0.54550989375 0.7093697484375
7 0.5175038046875 0.6834733890625 0.48021308906250004 0.6834733890625 0.48021308906250004 0.7072829125 0.5175038046875 0.7072829125 0.5175038046875 0.6834733890625
7 0.6217656015624999 0.7535014 0.57458143125 0.7535014 0.57458143125 0.777310925 0.6217656015624999 0.777310925 0.6217656015624999 0.7535014
7 0.8242009124999999 0.7535014 0.781582953125 0.7535014 0.781582953125 0.777310925 0.8242009124999999 0.777310925 0.8242009124999999 0.7535014
1 0.9461567734375 0.7101260500000001 0.85524353125 0.7101260500000001 0.85524353125 0.7669047625000001 0.9461567734375 0.7669047625000001 0.9461567734375 0.7101260500000001
7 0.9307458140625 0.68487395 0.89878234375 0.68487395 0.89878234375 0.7086834734374999 0.9307458140625 0.7086834734374999 0.9307458140625 0.68487395
7 0.9596651453125 0.532212884375 0.94672755 0.532212884375 0.94672755 0.6078431375 0.9596651453125 0.6078431375 0.9596651453125 0.532212884375
7 0.9573820390625001 0.24229691875 0.9452054796875 0.24229691875 0.9452054796875 0.338935575 0.9573820390625001 0.338935575 0.9573820390625001 0.24229691875
4 0.8449847796875 0.10750700312499999 0.750783865625 0.10750700312499999 0.750783865625 0.32403361406250003 0.8449847796875 0.32403361406250003 0.8449847796875 0.10750700312499999
7 0.808219178125 0.08123249375 0.7648401828125 0.08123249375 0.7648401828125 0.10504201718749999 0.808219178125 0.10504201718749999 0.808219178125 0.08123249375
6 0.58868731875 0.2354455296875 0.58868731875 0.2717843890625 0.5726438765624999 0.2717843890625 0.5709983953125 0.29222499687500003 0.5755234687499999 0.29222499687500003 0.5759348390625 0.284654403125 0.588275946875 0.2838973421875 0.58868731875 0.2899538203125 0.594857871875 0.2899538203125 0.594857871875 0.24831554374999998 0.6433995640625 0.24755848125000002 0.6442223046875 0.337648575 0.5960919812500001 0.33840563281249997 0.5956806125 0.326292678125 0.599794315625 0.32553561875 0.5989715734375001 0.317965025 0.5895100578125 0.3156938453125 0.5890986875 0.3497615265625 0.599794315625 0.3497615265625 0.599794315625 0.3580891828125 0.6092558312499999 0.3580891828125 0.6092558312499999 0.34824740625 0.6450450453125 0.3490044671875 0.644633675 0.38610038593749996 0.65327245 0.3868574453125 0.65327245 0.3490044671875 0.7075733265624999 0.34824740625 0.707984696875 0.3247785609375 0.7022255125 0.326292678125 0.7014027734375 0.337648575 0.6536838203124999 0.3391626921875 0.65286108125 0.24755848125000002 0.7009914015625001 0.2468014234375 0.70181414375 0.2944961765625 0.7083960671875 0.2944961765625 0.7083960671875 0.284654403125 0.719503065625 0.2838973421875 0.7186803234375 0.27405556875000003 0.70716195625 0.27481262812499996 0.70716195625 0.2354455296875 0.6536838203124999 0.2354455296875 0.652449709375 0.10674539999999999 0.643810934375 0.10523128281250001 0.644633675 0.2362025875 0.58868731875 0.2354455296875
4 0.7080093796875 0.2732682265625 0.741741740625 0.2732682265625 0.7409190015625 0.10822923749999999 0.6516516515624999 0.1067151171875 0.6532971328125 0.2346581875 0.7080093796875 0.233901128125 0.7080093796875 0.2732682265625
7 0.7191780828125001 0.08123249375 0.6948249625 0.08123249375 0.6948249625 0.10504201718749999 0.7191780828125001 0.10504201718749999 0.7191780828125001 0.08123249375
4 0.587420296875 0.2339314125 0.643778025 0.2339314125 0.6429552843749999 0.107502459375 0.5516310843750001 0.1082595203125 0.552042453125 0.273298509375 0.5878316671875 0.2717843890625 0.587420296875 0.2339314125
7 0.601978690625 0.082633053125 0.5776255703125 0.082633053125 0.5776255703125 0.1064425765625 0.601978690625 0.1064425765625 0.601978690625 0.082633053125
4 0.5434398781249999 0.10750700312499999 0.4504718421875 0.10750700312499999 0.4504718421875 0.3861064421875 0.5434398781249999 0.3861064421875 0.5434398781249999 0.10750700312499999
7 0.5213089796875 0.08123249375 0.46803652968750004 0.08123249375 0.46803652968750004 0.10504201718749999 0.5213089796875 0.10504201718749999 0.5213089796875 0.08123249375
6 0.2641243984375 0.27481262812499996 0.2641243984375 0.2914679390625 0.267003990625 0.2899538203125 0.267003990625 0.284654403125 0.28099057968749996 0.284654403125 0.28099057968749996 0.2899538203125 0.2904520953125 0.2876826421875 0.290863465625 0.278597925 0.287161134375 0.27708380625 0.28674976406249997 0.24831554374999998 0.336114196875 0.24755848125000002 0.336525565625 0.33840563281249997 0.287161134375 0.3391626921875 0.287161134375 0.3156938453125 0.2801678390625 0.31720796406249996 0.2801678390625 0.3490044671875 0.2962112796875 0.3497615265625 0.29662265 0.384586265625 0.30279320468750004 0.3823150875 0.3032045734375 0.347490346875 0.336525565625 0.34824740625 0.33693693750000003 0.3823150875 0.34804393437500003 0.385343328125 0.34804393437500003 0.34824740625 0.385067259375 0.3490044671875 0.385067259375 0.35884624062500003 0.3941174046875 0.35884624062500003 0.3941174046875 0.3497615265625 0.4056357734375 0.3497615265625 0.4052244015625 0.31190854687499997 0.3990538484375 0.31266560781249997 0.3982311078125 0.3391626921875 0.34722119375 0.33840563281249997 0.3468098234375 0.24831554374999998 0.39864247812500003 0.24755848125000002 0.39864247812500003 0.277840865625 0.394528775 0.278597925 0.394940146875 0.289196759375 0.40604714375000006 0.2899538203125 0.40604714375000006 0.2823832234375 0.417154140625 0.2831402828125 0.41797688125 0.2914679390625 0.42291332343750004 0.29222499687500003 0.4225019546875 0.27405556875000003 0.4052244015625 0.273298509375 0.4052244015625 0.2346884703125 0.34722119375 0.2354455296875 0.34598708437500003 0.10674539999999999 0.336114196875 0.10523128281250001 0.33693693750000003 0.2346884703125 0.280579209375 0.2346884703125 0.280579209375 0.27481262812499996 0.2641243984375 0.27481262812499996
4 0.4064091484375 0.2716481171875 0.4417869921875 0.270134 0.44137562187499996 0.10660912812500001 0.3475832 0.10660912812500001 0.34717182968750004 0.2345521984375 0.40558640781250005 0.23303808125 0.4064091484375 0.2716481171875
7 0.41019786874999997 0.07983193281249999 0.3858447484375 0.07983193281249999 0.3858447484375 0.10364145625000001 0.41019786874999997 0.10364145625000001 0.41019786874999997 0.07983193281249999
4 0.3356616890625 0.232417290625 0.3348389484375 0.1082595203125 0.2463943390625 0.107502459375 0.2459829703125 0.27102733125 0.2793039625 0.273298509375 0.2801267015625 0.23090317031250002 0.3356616890625 0.232417290625
7 0.29452054843750003 0.08123249375 0.270167428125 0.08123249375 0.270167428125 0.10504201718749999 0.29452054843750003 0.10504201718749999 0.29452054843750003 0.08123249375
4 0.235319634375 0.10750700312499999 0.1394748859375 0.10750700312499999 0.1394748859375 0.31798319375 0.235319634375 0.31798319375 0.235319634375 0.10750700312499999
7 0.22146118750000002 0.082633053125 0.1719939125 0.082633053125 0.1719939125 0.10504201718749999 0.22146118750000002 0.10504201718749999 0.22146118750000002 0.082633053125
3 0.36834094375 0.08123249375 0.31506849375 0.08123249375 0.31506849375 0.10504201718749999 0.36834094375 0.10504201718749999 0.36834094375 0.08123249375
3 0.46727549531249996 0.08123249375 0.41171993906250004 0.08123249375 0.41171993906250004 0.10364145625000001 0.46727549531249996 0.10364145625000001 0.46727549531249996 0.08123249375
3 0.5761035 0.08123249375 0.5205479453125 0.08123249375 0.5205479453125 0.10364145625000001 0.5761035 0.10364145625000001 0.5761035 0.08123249375
3 0.67351598125 0.08123249375 0.6217656015624999 0.08123249375 0.6217656015624999 0.10364145625000001 0.67351598125 0.10364145625000001 0.67351598125 0.08123249375
3 0.764079146875 0.082633053125 0.7207001515625 0.082633053125 0.7207001515625 0.10504201718749999 0.764079146875 0.10504201718749999 0.764079146875 0.082633053125
3 0.270167428125 0.082633053125 0.222222221875 0.082633053125 0.222222221875 0.10364145625000001 0.270167428125 0.10364145625000001 0.270167428125 0.082633053125
3 0.165144596875 0.7549019609375 0.13470319687500001 0.7549019609375 0.13470319687500001 0.7759103640625 0.165144596875 0.7759103640625 0.165144596875 0.7549019609375
3 0.3782267890625 0.7577030812500001 0.32816590625000003 0.7577030812500001 0.32816590625000003 0.778711484375 0.3782267890625 0.778711484375 0.3782267890625 0.7577030812500001
3 0.45129375937500005 0.7549019609375 0.42922374375 0.7549019609375 0.42922374375 0.7759103640625 0.45129375937500005 0.7759103640625 0.45129375937500005 0.7549019609375
3 0.5738203953125 0.7563025203125 0.5471841703125 0.7563025203125 0.5471841703125 0.777310925 0.5738203953125 0.777310925 0.5738203953125 0.7563025203125
6 0.6841252203125 0.8388220140625 0.6841252203125 0.9062003187500001 0.647101896875 0.9062003187500001 0.647101896875 0.7790143078125 0.6368176390625 0.7790143078125 0.6368176390625 0.9273979859375 0.6948208484375 0.9266409265625001 0.694409478125 0.8380649546875001 0.6841252203125 0.8388220140625
3 0.699391171875 0.7535014 0.623287671875 0.7535014 0.623287671875 0.7745098046875001 0.699391171875 0.7745098046875001 0.699391171875 0.7535014
3 0.7800608828125 0.7549019609375 0.7366818875 0.7549019609375 0.7366818875 0.7759103640625 0.7800608828125 0.7759103640625 0.7800608828125 0.7549019609375
3 0.8554033484374999 0.7563025203125 0.8264840187500001 0.7563025203125 0.8264840187500001 0.777310925 0.8554033484374999 0.777310925 0.8554033484374999 0.7563025203125
3 0.9581430750000001 0.2394957984375 0.9581430750000001 0.07983193281249999 0.8097412484375001 0.07983193281249999 0.8097412484375001 0.10504201718749999 0.9444444437499999 0.10364145625000001 0.9452054796875 0.2394957984375 0.9581430750000001 0.2394957984375
3 0.735920853125 0.4089635859375 0.9452054796875 0.41036414531250004 0.9452054796875 0.5294117640625 0.9596651453125 0.5294117640625 0.9581430750000001 0.338935575 0.9459665140625001 0.338935575 0.94672755 0.386554621875 0.7374429218749999 0.386554621875 0.735920853125 0.4089635859375
3 0.932267884375 0.7072829125 0.94672755 0.7072829125 0.947488584375 0.7801120453125 0.9619482500000001 0.777310925 0.9611872140625 0.6106442578125 0.94672755 0.6106442578125 0.9459665140625001 0.6834733890625 0.932267884375 0.6834733890625 0.932267884375 0.7072829125
3 0.7062404875 0.38795518281249997 0.590563165625 0.38795518281249997 0.590563165625 0.4089635859375 0.7062404875 0.4089635859375 0.7062404875 0.38795518281249997
4 0.5442770171875 0.41032212812499996 0.4521308984375 0.41032212812499996 0.4521308984375 0.6790896359375 0.5442770171875 0.6790896359375 0.5442770171875 0.41032212812499996
3 0.55175038125 0.386554621875 0.443683409375 0.386554621875 0.443683409375 0.4089635859375 0.55175038125 0.4089635859375 0.55175038125 0.386554621875
3 0.405631659375 0.386554621875 0.2823439875 0.386554621875 0.2823439875 0.40756302499999997 0.405631659375 0.40756302499999997 0.405631659375 0.386554621875
6 0.276440825 0.8373078968750001 0.276440825 0.9077144374999999 0.23900612968749999 0.9092285578125001 0.2394175 0.7790143078125 0.2283105015625 0.7797713671875 0.228721871875 0.92891210625 0.28672508125 0.9281550453125 0.28672508125 0.8373078968750001 0.276440825 0.8373078968750001
3 0.2928386609375 0.7535014 0.2092922375 0.7535014 0.2092922375 0.777310925 0.2928386609375 0.777310925 0.2928386609375 0.7535014
6 0.8540258749999999 0.5125490203124999 0.8457914765625001 0.5125490203124999 0.8457914765625001 0.7540616250000001 0.8540258749999999 0.7540616250000001 0.8540258749999999 0.5125490203124999
3 0.8721461187499999 0.686274509375 0.84931506875 0.686274509375 0.84931506875 0.7086834734374999 0.8721461187499999 0.7086834734374999 0.8721461187499999 0.686274509375
3 0.552511415625 0.6820728296875 0.518264840625 0.6820728296875 0.518264840625 0.705882353125 0.552511415625 0.705882353125 0.552511415625 0.6820728296875
6 0.452092846875 0.707086834375 0.44385844687500003 0.707086834375 0.44385844687500003 0.7555462187499999 0.452092846875 0.7555462187499999 0.452092846875 0.707086834375
3 0.47945205468749996 0.6820728296875 0.4452054796875 0.6820728296875 0.4452054796875 0.7072829125 0.47945205468749996 0.7072829125 0.47945205468749996 0.6820728296875
3 0.1407914765625 0.6834733890625 0.11643835625000001 0.6834733890625 0.11643835625000001 0.7044817921875001 0.1407914765625 0.7044817921875001 0.1407914765625 0.6834733890625
3 0.0403348546875 0.10504201718749999 0.1719939125 0.10504201718749999 0.1712328765625 0.08123249375 0.0251141546875 0.082633053125 0.025875190625 0.2408963578125 0.041095890625 0.24229691875 0.0403348546875 0.10504201718749999
3 0.041856925 0.41036414531250004 0.2519025875 0.40756302499999997 0.252663621875 0.38515406093750004 0.0426179609375 0.38795518281249997 0.0426179609375 0.3417366953125 0.028158295312499998 0.340336134375 0.028919329687500002 0.5434173671875 0.0426179609375 0.5448179265624999 0.041856925 0.41036414531250004
6 0.1332800609375 0.768431371875 0.0431887359375 0.768431371875 0.0431887359375 0.7805322125 0.1332800609375 0.7805322125 0.1332800609375 0.768431371875
6 0.1415220703125 0.7063305328125 0.1336986296875 0.7063305328125 0.1336986296875 0.7532773109375 0.1415220703125 0.7532773109375 0.1415220703125 0.7063305328125
2 0.1160064171875 0.469376940625 0.1184746390625 0.47770459687500005 0.12341108281249999 0.48224695312500004 0.1279361546875 0.48451813125000004 0.1320498578125 0.48603225156249996 0.1328725984375 0.4784616546875 0.141511375 0.47770459687500005 0.14192274375 0.44742221249999997 0.134106709375 0.44817927187500006 0.130815746875 0.4436369125 0.1160064171875 0.469376940625
1 0.178929615625 0.4943447640625 0.2352873421875 0.49358770625000004 0.2361100828125 0.41258233125 0.14149491875 0.41258233125 0.1419062890625 0.6071466421875 0.17851824375 0.6116889999999999 0.178929615625 0.4943447640625
6 0.140273971875 0.411834734375 0.1328767125 0.411834734375 0.1328767125 0.448165265625 0.140273971875 0.448165265625 0.140273971875 0.411834734375
6 0.1406925421875 0.47845938437499996 0.133706240625 0.47845938437499996 0.133706240625 0.682100840625 0.1406925421875 0.682100840625 0.1406925421875 0.47845938437499996
4 0.236118721875 0.6283613453125 0.1423287671875 0.6283613453125 0.1423287671875 0.7517507 0.236118721875 0.7517507 0.236118721875 0.6283613453125
2 0.147681928125 0.63744416875 0.1530297421875 0.648043 0.156732075 0.6548565375 0.160845778125 0.648043 0.16413673906249998 0.63744416875 0.1657822203125 0.6283594515625001 0.162491259375 0.6253312125 0.1616685171875 0.607161784375 0.147681928125 0.607161784375 0.1468591875 0.6245741546875 0.14521370625000002 0.6291165125 0.147681928125 0.63744416875
6 0.14643835624999998 0.6071568625 0.14150685000000002 0.6071568625 0.14150685000000002 0.625336134375 0.14643835624999998 0.625336134375 0.14643835624999998 0.6071568625
2 0.253815459375 0.48148989374999995 0.259163271875 0.4754334171875 0.26451108749999996 0.470891059375 0.2653338265625 0.4618063453125 0.24764490625 0.43076690156249997 0.2468221640625 0.4383374953125 0.2365379078125 0.4383374953125 0.23612653749999998 0.4724051796875 0.247233534375 0.470891059375 0.24764490625 0.48603225156249996 0.253815459375 0.48148989374999995
6 0.24599695625 0.40957983125 0.2365296796875 0.40957983125 0.2365296796875 0.43759103593750004 0.24599695625 0.43759103593750004 0.24599695625 0.40957983125
2 0.317989221875 0.4602922234375 0.31963470312500003 0.469376940625 0.32703936875 0.47467635625 0.3319758109375 0.47997577343750003 0.3360895140625 0.4830040109375 0.33650088437500003 0.4724051796875 0.34801925312500004 0.47164811718750005 0.34801925312500004 0.43758043750000003 0.33896910625 0.433795140625 0.3360895140625 0.43303808125 0.317989221875 0.4602922234375
6 0.34802891874999997 0.41033613437499994 0.3373287671875 0.41033613437499994 0.3373287671875 0.436834734375 0.34802891874999997 0.436834734375 0.34802891874999997 0.41033613437499994
1 0.417516146875 0.2936028453125 0.41669340625 0.28451813125 0.40558640781250005 0.2830040109375 0.40723188906249996 0.351896434375 0.394068040625 0.351139375 0.39530215156250004 0.38520705624999996 0.40682051875 0.38520705624999996 0.40682051875 0.41170414062500005 0.3488173109375 0.410190021875 0.34922867968750004 0.49573775312499996 0.44343247343750003 0.49573775312499996 0.4417869921875 0.2928457875 0.417516146875 0.2936028453125
2 0.3945040921875 0.3823150875 0.40437697968749997 0.378529790625 0.40437697968749997 0.3724733140625 0.397383684375 0.3580891828125 0.38421983593750003 0.3580891828125 0.3833970953125 0.373987434375 0.3945040921875 0.37474449375 0.3945040921875 0.3823150875
6 0.393683409375 0.3747478984375 0.384216134375 0.3747478984375 0.384216134375 0.3860924375 0.393683409375 0.3860924375 0.393683409375 0.3747478984375
6 0.45085235937499996 0.36717086875 0.4434550984375 0.36717086875 0.4434550984375 0.3845938375 0.45085235937499996 0.3845938375 0.45085235937499996 0.36717086875
2 0.462791559375 0.4724051796875 0.46772800156249994 0.4671057625 0.45209593124999997 0.44212279531250004 0.4508618203125 0.44817927187500006 0.442634415625 0.44742221249999997 0.441811675 0.47467635625 0.45209593124999997 0.476947534375 0.45744374531250004 0.4784616546875 0.462791559375 0.4724051796875
6 0.4512785390625 0.41032212812499996 0.4434550984375 0.41032212812499996 0.4434550984375 0.4466526609375 0.4512785390625 0.4466526609375 0.4512785390625 0.41032212812499996
6 0.5454794515625 0.7669047625000001 0.45251141562499997 0.7669047625000001 0.45251141562499997 0.7797619046875 0.5454794515625 0.7797619046875 0.5454794515625 0.7669047625000001
2 0.29536385625 0.8418502546875001 0.299477559375 0.8365508374999999 0.3023571515625 0.8297373 0.287547821875 0.8085396328125001 0.276029453125 0.8130819890625001 0.276029453125 0.8342796578125 0.2871364515625 0.8357937765625 0.287547821875 0.843364371875 0.29536385625 0.8418502546875001
6 0.286316590625 0.7782492999999999 0.276849315625 0.7782492999999999 0.276849315625 0.8115546218749999 0.286316590625 0.8115546218749999 0.286316590625 0.7782492999999999
6 0.3455479453125 0.781288515625 0.33566971093750003 0.781288515625 0.33566971093750003 0.8433613453125 0.3455479453125 0.8433613453125 0.3455479453125 0.781288515625
5 0.3360197875 0.778991596875 0.2874809734375 0.778991596875 0.2874809734375 0.9205602234375 0.3360197875 0.9205602234375 0.3360197875 0.778991596875
2 0.300711671875 0.7926413812499999 0.306059484375 0.8009690359375 0.3105845578125 0.7986978578125 0.3122300375 0.7926413812499999 0.3130527796875 0.7994549156249999 0.31675511093750003 0.8009690359375 0.32251429531250003 0.7933984390625 0.3266279984375 0.7827996046875 0.32745073750000003 0.7540313421875 0.29412974531249997 0.7540313421875 0.29412974531249997 0.7797713671875 0.29659796875 0.784313725 0.300711671875 0.7926413812499999
1 0.3376560125 0.7055742296874999 0.247975646875 0.7055742296874999 0.247975646875 0.7540336140624999 0.3376560125 0.7540336140624999 0.3376560125 0.7055742296874999
2 0.3097618171875 0.7237489578125 0.31181866875 0.7199636609375 0.3126414078125 0.725263078125 0.316343740625 0.7267771953125 0.31963470312500003 0.722234840625 0.32251429531250003 0.7154213031250001 0.3258052578125 0.7108789468750001 0.324571146875 0.681353621875 0.29659796875 0.681353621875 0.2961865984375 0.707093646875 0.306882225 0.7282913171875001 0.3097618171875 0.7237489578125
6 0.3319758109375 0.684381859375 0.3258052578125 0.684381859375 0.3262166265625 0.7048224703125 0.338146365625 0.7048224703125 0.3377349953125 0.7563025203125 0.3488419921875 0.7563025203125 0.34801925312500004 0.51025815625 0.40849068125 0.5095010984375 0.40931342343750005 0.495874025 0.34801925312500004 0.496631084375 0.34801925312500004 0.4724051796875 0.33691225468749997 0.4724051796875 0.3377349953125 0.692709515625 0.332798553125 0.692709515625 0.3319758109375 0.684381859375
6 0.2365379078125 0.751003103125 0.2468221640625 0.7517601625 0.247233534375 0.704065409375 0.2957752265625 0.704065409375 0.2961865984375 0.681353621875 0.291661525 0.6805965625 0.291250153125 0.6904383359375 0.247233534375 0.69195245625 0.24641079375000002 0.47316223749999997 0.2365379078125 0.47316223749999997 0.23612653749999998 0.495874025 0.179768809375 0.496631084375 0.179768809375 0.5526534937500001 0.186350734375 0.554924671875 0.186350734375 0.5095010984375 0.2365379078125 0.5087440390625 0.23612653749999998 0.614732378125 0.1867621046875 0.614732378125 0.18717347499999998 0.5715799828125 0.1810029203125 0.570822925 0.1801801796875 0.611704140625 0.1620798875 0.61094708125 0.162491259375 0.6253312125 0.2365379078125 0.6268453328125 0.2365379078125 0.751003103125
2 0.1666049609375 0.570822925 0.1711300328125 0.5761223421875 0.1748323671875 0.5791505796875 0.1805915515625 0.5799076390625 0.1805915515625 0.570822925 0.1884075859375 0.570822925 0.18881895625 0.5571958515625 0.1801801796875 0.5541676140625 0.178123328125 0.5488681953125 0.1666049609375 0.570822925
2 0.113538196875 0.7093648265625 0.113538196875 0.6866530390625 0.09255831249999999 0.6858959796875 0.09255831249999999 0.7123930640625 0.0946151625 0.7237489578125 0.1011970875 0.7343477921875 0.113538196875 0.7093648265625
4 0.4430060875 0.5117647062499999 0.34880517499999997 0.5117647062499999 0.34880517499999997 0.7532773109375 0.4430060875 0.7532773109375 0.4430060875 0.5117647062499999
2 0.40643383125000004 0.517828753125 0.408902053125 0.5306987640624999 0.415895346875 0.5314558265625 0.4253568625 0.511015215625 0.425768234375 0.49435990468749996 0.4101361625 0.495116965625 0.4101361625 0.5087440390625 0.4068452015625 0.5087440390625 0.40643383125000004 0.517828753125
4 0.6441628609375 0.5110084031250001 0.5557153734375 0.5110084031250001 0.5557153734375 0.751008403125 0.6441628609375 0.751008403125 0.6441628609375 0.5110084031250001
2 0.612941709375 0.540540540625 0.618289521875 0.5352411234375001 0.623225965625 0.5231281703125 0.62404870625 0.50722991875 0.6248714468750001 0.49435990468749996 0.5968982671874999 0.4936028453125 0.5964868984375 0.51025815625 0.6080052640625 0.5352411234375001 0.612941709375 0.540540540625
5 0.3381354640625 0.41033613437499994 0.24722222187499998 0.41033613437499994 0.24722222187499998 0.6904481796875 0.3381354640625 0.6904481796875 0.3381354640625 0.41033613437499994
2 0.27438397187499997 0.44590809218749994 0.277674934375 0.4383374953125 0.2809658984375 0.4322810203125 0.2817886375 0.42168218749999997 0.2813772671875 0.4133545328125 0.2809658984375 0.3868574453125 0.2534040875 0.38610038593749996 0.2534040875 0.40956923281249996 0.267390678125 0.44212279531250004 0.27438397187499997 0.44590809218749994
1 0.29617014375 0.3497615265625 0.2793039625 0.3497615265625 0.27971533125 0.2907108796875 0.27971533125 0.2861685203125 0.2673742234375 0.2861685203125 0.2665514828125 0.292982059375 0.24680570937500002 0.29222499687500003 0.24557159999999997 0.33234915625 0.1431404 0.3315920953125 0.1439631421875 0.38610038593749996 0.29617014375 0.38382920781249996 0.29617014375 0.3497615265625
2 0.2093874703125 0.292982059375 0.2044510265625 0.29676735625 0.20074869374999998 0.30812325 0.2019828046875 0.336134453125 0.2229626875 0.337648575 0.2229626875 0.31720796406249996 0.2093874703125 0.292982059375
2 0.261220125 0.255129078125 0.2562836796875 0.25361496093749997 0.245999425 0.269513209375 0.245588053125 0.2914679390625 0.263276975 0.2937391171875 0.263276975 0.2717843890625 0.261220125 0.255129078125
2 0.27232712187499997 0.314179725 0.27808630624999997 0.31645090468750003 0.291250153125 0.314936784375 0.291661525 0.28843969999999997 0.28014315624999997 0.28843969999999997 0.27191575156250003 0.2982814734375 0.270681640625 0.30660912812499996 0.27232712187499997 0.314179725
2 0.11970875 0.3565750609375 0.12341108281249999 0.3633886 0.1279361546875 0.37095919374999997 0.1431568546875 0.37095919374999997 0.143568225 0.3353773953125 0.1316384875 0.3353773953125 0.11970875 0.34143387187499996 0.1168291578125 0.3490044671875 0.11970875 0.3565750609375
2 0.41548397656249997 0.30660912812499996 0.41466123593750004 0.300552653125 0.4101361625 0.29222499687500003 0.4068452015625 0.289196759375 0.3949154625 0.289196759375 0.3949154625 0.314179725 0.41383849687499996 0.314936784375 0.41548397656249997 0.30660912812499996
2 0.4389320828125 0.262699675 0.4339956390625 0.255129078125 0.42947056562499997 0.24755848125000002 0.4253568625 0.2528578984375 0.4220659015625 0.2604284953125 0.41959767968749995 0.269513209375 0.42247727187499995 0.2899538203125 0.4405775625 0.292982059375 0.440988934375 0.27405556875000003 0.4389320828125 0.262699675
2 0.45250730156249996 0.3724733140625 0.46484840937499994 0.3527897640625 0.46484840937499994 0.3459762296875 0.46114607812499997 0.3353773953125 0.45291867343750003 0.33462033281250003 0.441811675 0.336134453125 0.442634415625 0.3664168375 0.45168456093750003 0.365659778125 0.45250730156249996 0.3724733140625
2 0.3040026328125 0.12642895 0.3134641484375 0.107502459375 0.31469826093750003 0.0802483171875 0.29536385625 0.0802483171875 0.29495248749999997 0.1090165796875 0.29865481875 0.12642895 0.3040026328125 0.12642895
2 0.37928339218749996 0.12188659375 0.3833970953125 0.12037247343749999 0.385453946875 0.1097736390625 0.38504257656249996 0.0787341953125 0.3698218765625 0.0794912546875 0.3698218765625 0.10674539999999999 0.3751696890625 0.12112953281250001 0.37928339218749996 0.12188659375
2 0.611296228125 0.1271860078125 0.62075774375 0.107502459375 0.6211691140625 0.081005375 0.6034801921875 0.081005375 0.6026574515625 0.1082595203125 0.607182525 0.1271860078125 0.611296228125 0.1271860078125
6 0.5516438359375 0.1044817921875 0.5442465750000001 0.1044817921875 0.5442465750000001 0.3845938375 0.5516438359375 0.3845938375 0.5516438359375 0.1044817921875
1 0.6001727765625 0.384586265625 0.6001727765625 0.3497615265625 0.5886544078125 0.3505185859375 0.587420296875 0.2869255796875 0.57795878125 0.2869255796875 0.5767246703125 0.2944961765625 0.5532765640624999 0.2952532359375 0.5540993046875 0.4913316671875 0.643778025 0.4936028453125 0.643778025 0.41259747031250005 0.5890657781249999 0.41411159062499997 0.5890657781249999 0.38307214843750004 0.6001727765625 0.384586265625
2 0.5623431640625001 0.25134378125 0.5586408328125 0.2558861375 0.5537043890625 0.269513209375 0.5545271296875 0.292982059375 0.57180468125 0.292982059375 0.5713933109375 0.26648497187500003 0.5681023484375001 0.2543720203125 0.5623431640625001 0.25134378125
2 0.5820889375 0.3156938453125 0.5874367515625 0.3202362015625 0.6006006015625001 0.314179725 0.599366490625 0.28843969999999997 0.5886708625 0.28843969999999997 0.58044345625 0.2982814734375 0.5783866062499999 0.30888030781250003 0.5820889375 0.3156938453125
2 0.61211896875 0.38080096874999997 0.6117075984375 0.3573321234375 0.5977210093750001 0.3565750609375 0.5899049734374999 0.373987434375 0.5977210093750001 0.3800439109375 0.61211896875 0.38080096874999997
2 0.68287465625 0.12642895 0.6873997296875001 0.125671890625 0.6915298859375001 0.114315996875 0.6931753671875 0.11053069687499999 0.693981653125 0.107502459375 0.6943930234375 0.081762434375 0.67464725 0.081762434375 0.674252334375 0.11128775937499999 0.679600146875 0.12037247343749999 0.68287465625 0.12642895
1 0.741330371875 0.3368612296875 0.741330371875 0.2861382375 0.709654859375 0.2853811796875 0.7084207484375 0.3512453640625 0.6541198734375 0.34973124375000003 0.6541198734375 0.386070103125 0.8441729406249999 0.3853130453125 0.8433502 0.3368612296875 0.741330371875 0.3368612296875
2 0.7236167671875 0.25361496093749997 0.7182689546875001 0.262699675 0.7199144359375 0.27405556875000003 0.72238265625 0.2854114625 0.7384260968749999 0.2869255796875 0.7384260968749999 0.2687561515625 0.728553209375 0.2490726015625 0.7236167671875 0.25361496093749997
2 0.7141552515625 0.318722084375 0.71909169375 0.3111514875 0.7158007328125 0.300552653125 0.7120984 0.2937391171875 0.7026368828125 0.2952532359375 0.7014027734375 0.326292678125 0.7108642890625 0.32553561875 0.7141552515625 0.318722084375
2 0.7844995671875 0.3134226671875 0.780385865625 0.30358089062500004 0.7758607937499999 0.3050950109375 0.7676333859375 0.3209932640625 0.7676333859375 0.33991975 0.7853223093749999 0.3391626921875 0.7853223093749999 0.3247785609375 0.7844995671875 0.3134226671875
6 0.854436834375 0.37777310937499997 0.84373668125 0.37777310937499997 0.84373668125 0.3860924375 0.854436834375 0.3860924375 0.854436834375 0.37777310937499997
2 0.8675963640625 0.35884624062500003 0.864716771875 0.34824740625 0.8589575875 0.3429479890625 0.8437368875000001 0.34370504999999996 0.844559628125 0.3792868484375 0.8552552562500001 0.3792868484375 0.8675963640625 0.35884624062500003
5 0.743363775 0.41109243749999996 0.6545053265624999 0.41109243749999996 0.6545053265624999 0.6881792718749999 0.743363775 0.6881792718749999 0.743363775 0.41109243749999996
2 0.7046937359375 0.4231963046875 0.7083960671875 0.43606631875 0.7120984 0.4428798546875 0.7178575828125 0.4436369125 0.734723765625 0.41259747031250005 0.734723765625 0.388371565625 0.7067505859375001 0.388371565625 0.707984696875 0.40502687656249997 0.7046937359375 0.411083353125 0.7046937359375 0.4231963046875
2 0.7256736187499999 0.47316223749999997 0.7297873218750001 0.48376107343749997 0.736369246875 0.4867893109375 0.7425398000000001 0.489060490625 0.7429511703125 0.47997577343750003 0.7544695375 0.48073283437500003 0.7540581671875 0.444393975 0.7413056890624999 0.439851615625 0.726496359375 0.46559164218750004 0.7256736187499999 0.47316223749999997
2 0.66479081875 0.48981754843749997 0.6705500015625 0.48148989374999995 0.6730182234375001 0.4784616546875 0.67342959375 0.470134 0.6565634124999999 0.440608675 0.643810934375 0.44136573593749995 0.64298819375 0.48981754843749997 0.659031634375 0.49057460781250006 0.66479081875 0.48981754843749997
2 0.86060306875 0.5117722765625 0.866362253125 0.5095010984375 0.8712986953125 0.5019305015625 0.8721214375 0.49435990468749996 0.8717100671875 0.4875463703125 0.8560779953125 0.462563403125 0.8441482578124999 0.462563403125 0.8437368875000001 0.5125293359375 0.853609775 0.5132863953125 0.86060306875 0.5117722765625
6 0.8223456328125 0.6261185546875 0.8231683750000001 0.6147626609375 0.80835904375 0.6140056015625001 0.80835904375 0.59053675625 0.8001316375 0.59053675625 0.8001316375 0.6132485437499999 0.753646796875 0.6132485437499999 0.753646796875 0.50953138125 0.800543009375 0.50877431875 0.8009543796875 0.5519267171875 0.79848615625 0.5549549546875 0.7993088984375001 0.56403966875 0.807947675 0.5647967281249999 0.807947675 0.495874025 0.7540581671875 0.495874025 0.7540581671875 0.48148989374999995 0.7437739109375 0.48073283437500003 0.7441852812499999 0.6904383359375 0.7334896546875 0.6881671593750001 0.7334896546875 0.70330835 0.7445966515625 0.70330835 0.7445966515625 0.7532742828125001 0.7540581671875 0.7533045656249999 0.753235428125 0.6261185546875 0.8223456328125 0.6261185546875
1 0.8087786421875001 0.6124612015625 0.8190628984374999 0.6132182609375 0.81947426875 0.6064047234375 0.8445678546875 0.607161784375 0.8437451156250001 0.4118404125 0.753655025 0.411083353125 0.7557118765624999 0.49435990468749996 0.8087786421875001 0.49435990468749996 0.8087786421875001 0.6124612015625
2 0.8186433015624999 0.5874782359374999 0.8190546718749999 0.5799076390625 0.8157637093749999 0.570065865625 0.8095931546875 0.56249526875 0.7968406765625 0.561738209375 0.797252046875 0.592777653125 0.8116500062500001 0.592020590625 0.8186433015624999 0.5874782359374999
4 0.8441552515625 0.627619046875 0.75365296875 0.627619046875 0.75365296875 0.75176470625 0.8441552515625 0.75176470625 0.8441552515625 0.627619046875
2 0.8293389281250001 0.6533424171875 0.8334526296875 0.6533424171875 0.838389075 0.6427435828125 0.8437368875000001 0.6321447499999999 0.844559628125 0.6253312125 0.8449709984375 0.60791884375 0.8235797437500001 0.60791884375 0.8231683750000001 0.6268453328125 0.8248138546874999 0.64047240625 0.8293389281250001 0.6533424171875
2 0.8902217296874999 0.732833675 0.8935126906249999 0.7260201375 0.8959809125 0.7192066015624999 0.896803653125 0.7108789468750001 0.896803653125 0.6874100984375 0.8741782875 0.6858959796875 0.8745896578125001 0.7093648265625 0.8877535062499999 0.7343477921875 0.8902217296874999 0.732833675
1 0.74378234375 0.704061625 0.6553348546875 0.704061625 0.6553348546875 0.7525210078125 0.74378234375 0.7525210078125 0.74378234375 0.704061625
2 0.7116870296875 0.722234840625 0.7158007328125 0.7229918984375 0.7174462125 0.718449540625 0.719503065625 0.722234840625 0.7244395078125 0.722234840625 0.7293759515625 0.7146642437499999 0.7330782828125 0.7063365875 0.7334896546875 0.6790824421874999 0.70058003125 0.6790824421874999 0.70181414375 0.7002801125 0.705516475 0.71163600625 0.7116870296875 0.722234840625
5 0.7417199390625 0.7782633046874999 0.6952359203125 0.7782633046874999 0.6952359203125 0.9289075625000001 0.7417199390625 0.9289075625000001 0.7417199390625 0.7782633046874999
2 0.7153893625000001 0.7986978578125 0.7182689546875001 0.791884321875 0.7203258046875 0.7994549156249999 0.7240281375000001 0.7994549156249999 0.7351351359375 0.780528428125 0.7351351359375 0.7540313421875 0.7014027734375 0.7540313421875 0.70058003125 0.776743128125 0.7108642890625 0.8009690359375 0.7153893625000001 0.7986978578125
2 0.6997572921875 0.8426073140625 0.705516475 0.8373078968750001 0.707984696875 0.8327655375 0.705927846875 0.8229237640625 0.7014027734375 0.8123249296875 0.69523221875 0.8085396328125001 0.6841252203125 0.8085396328125001 0.6841252203125 0.8426073140625 0.6935867359375 0.8426073140625 0.6997572921875 0.8426073140625
6 0.946582953125 0.7669047625000001 0.8556697109375 0.7669047625000001 0.8556697109375 0.7797619046875 0.946582953125 0.7797619046875 0.946582953125 0.7669047625000001
6 0.7499543375 0.7782492999999999 0.7404870625 0.7782492999999999 0.7404870625 0.8456162468749999 0.7499543375 0.8456162468749999 0.7499543375 0.7782492999999999
6 0.694414003125 0.7752240890625 0.684124809375 0.7752240890625 0.684124809375 0.8085294125000001 0.694414003125 0.8085294125000001 0.694414003125 0.7752240890625
6 0.8532039578124999 0.40956582656249996 0.844147640625 0.40956582656249996 0.844147640625 0.4618067234375 0.8532039578124999 0.4618067234375 0.8532039578124999 0.40956582656249996
6 0.753242009375 0.41032212812499996 0.742952815625 0.41032212812499996 0.742952815625 0.44514005624999997 0.753242009375 0.44514005624999997 0.753242009375 0.41032212812499996
6 0.6536834093749999 0.411834734375 0.643394215625 0.411834734375 0.643394215625 0.44362745156249994 0.6536834093749999 0.44362745156249994 0.6536834093749999 0.411834734375
6 0.610898021875 0.38004201718749997 0.5997869109375 0.38004201718749997 0.5997869109375 0.3868487390625 0.610898021875 0.3868487390625 0.610898021875 0.38004201718749997
6 0.5537214609375 0.7078571421875 0.5454870625 0.7078571421875 0.5454870625 0.7555602234375 0.5537214609375 0.7555602234375 0.5537214609375 0.7078571421875
6 0.644633675 0.7532742828125001 0.6540951921875 0.7532742828125001 0.6545065609375 0.48830342812499994 0.644633675 0.48830342812499994 0.643810934375 0.495116965625 0.62447653125 0.495116965625 0.6240651609375 0.5087440390625 0.6442223046875 0.5095010984375 0.644633675 0.7532742828125001
6 0.5969147234375 0.50877431875 0.5969147234375 0.49363312812500004 0.552898103125 0.49287607031249997 0.552898103125 0.40959951562499997 0.5442593265625 0.41262775312500005 0.5446706984375 0.6813839046875 0.5541322140625 0.6813839046875 0.554543584375 0.50953138125 0.5969147234375 0.50877431875
6 0.7844995671875 0.3232644390625 0.7844995671875 0.336134453125 0.8441482578124999 0.3353773953125 0.844559628125 0.34143387187499996 0.8523756640625001 0.3421909296875 0.8527870328124999 0.1059883421875 0.8449709984375 0.104474221875 0.84538236875 0.3232644390625 0.7844995671875 0.3232644390625
6 0.7388374671875 0.2717843890625 0.738014728125 0.2801120453125 0.741717059375 0.280869103125 0.7413056890624999 0.337648575 0.7676333859375 0.336134453125 0.7672220171874999 0.3247785609375 0.7503558359375 0.3247785609375 0.74953309375 0.10674539999999999 0.7421284296875 0.10674539999999999 0.7425398000000001 0.2717843890625 0.7388374671875 0.2717843890625
6 0.4508675796875 0.1059943984375 0.442222221875 0.1059943984375 0.442222221875 0.336134453125 0.4508675796875 0.336134453125 0.4508675796875 0.1059943984375
6 0.6450285906250001 0.034067681249999995 0.6454399609375 0.0787341953125 0.650787775 0.0802483171875 0.650376403125 0.033310621875 0.7458143078125 0.034067681249999995 0.7458143078125 0.081005375 0.75033938125 0.081762434375 0.75033938125 0.025740025 0.5401291703125 0.0242259078125 0.5397178 0.0794912546875 0.5450656140625 0.0794912546875 0.5450656140625 0.033310621875 0.6450285906250001 0.034067681249999995
6 0.2340696859375 0.0802483171875 0.23859475937500002 0.081005375 0.23859475937500002 0.033310621875 0.34226006875000003 0.0325535625 0.34143732656250003 0.0794912546875 0.346373771875 0.081005375 0.346373771875 0.033310621875 0.4438685265625 0.0325535625 0.4438685265625 0.0794912546875 0.4488049703125 0.0794912546875 0.4488049703125 0.0242259078125 0.2340696859375 0.0242259078125 0.2340696859375 0.0802483171875
6 0.2270681640625 0.3390718453125 0.22747953437500001 0.330744190625 0.24516845625 0.330744190625 0.24393434531249997 0.10514043437500001 0.23529556875000002 0.10589749374999999 0.23611831093750002 0.31938829687500003 0.22254309062500002 0.31938829687500003 0.2229544609375 0.3368006671875 0.2270681640625 0.3390718453125
6 0.143148628125 0.3368006671875 0.1427372578125 0.330744190625 0.19621539375 0.33150124999999997 0.197038134375 0.3360436078125 0.20074046562499998 0.33755772500000003 0.20074046562499998 0.3186312359375 0.1402690359375 0.3186312359375 0.13862355625 0.10816867187500001 0.1308075203125 0.1066545546875 0.13163026093750002 0.33528654687500004 0.143148628125 0.3368006671875
4 0.1299923890625 0.1067366953125 0.0407229828125 0.1067366953125 0.0407229828125 0.3876050421875 0.1299923890625 0.3876050421875 0.1299923890625 0.1067366953125
0 0.701004565625 0.2490756296875 0.6536986296875 0.2490756296875 0.6536986296875 0.337647059375 0.701004565625 0.337647059375 0.701004565625 0.2490756296875
0 0.6437975640625 0.2498319328125 0.5960806703125 0.2498319328125 0.5960806703125 0.33689075625 0.6437975640625 0.33689075625 0.6437975640625 0.2498319328125
0 0.3352511421875 0.24981792656250001 0.28794520625 0.24981792656250001 0.28794520625 0.33763305312499997 0.3352511421875 0.33763305312499997 0.3352511421875 0.24981792656250001
0 0.39777016718749997 0.249061625 0.34840943750000003 0.249061625 0.34840943750000003 0.33687675 0.39777016718749997 0.33687675 0.39777016718749997 0.249061625
0 0.23614155312500001 0.5110084031250001 0.1876027390625 0.5110084031250001 0.1876027390625 0.6124649859375 0.23614155312500001 0.6124649859375 0.23614155312500001 0.5110084031250001
0 0.7997412484375 0.5102801125 0.754901065625 0.5102801125 0.754901065625 0.6117366953125 0.7997412484375 0.6117366953125 0.7997412484375 0.5102801125
4 0.945753425 0.41184873906249997 0.8552511421875 0.41184873906249997 0.8552511421875 0.684397759375 0.945753425 0.684397759375 0.945753425 0.41184873906249997
4 0.1328919328125 0.41182072812500004 0.0432115671875 0.41182072812500004 0.0432115671875 0.6813445375 0.1328919328125 0.6813445375 0.1328919328125 0.41182072812500004
4 0.9453805171875 0.1067366953125 0.8536453578125001 0.1067366953125 0.8536453578125001 0.38457983125 0.9453805171875 0.38457983125 0.9453805171875 0.1067366953125
1 0.745410959375 0.0355742296875 0.650388128125 0.0355742296875 0.650388128125 0.08100840312499999 0.745410959375 0.08100840312499999 0.745410959375 0.0355742296875
1 0.644611871875 0.034817926562500004 0.5458904109375 0.034817926562500004 0.5458904109375 0.0802521015625 0.644611871875 0.0802521015625 0.644611871875 0.034817926562500004
1 0.341027396875 0.033991596875 0.23982496250000002 0.033991596875 0.23982496250000002 0.0786694671875 0.341027396875 0.0786694671875 0.341027396875 0.033991596875
1 0.44222983281249995 0.0347478984375 0.34678082187500003 0.0347478984375 0.34678082187500003 0.0794257703125 0.44222983281249995 0.0794257703125 0.44222983281249995 0.0347478984375
0 0.3364611875 0.3496918765625 0.3039649921875 0.3496918765625 0.3039649921875 0.38526610625 0.3364611875 0.38526610625 0.3364611875 0.3496918765625
0 0.383774734375 0.35120448125000003 0.3484018265625 0.35120448125000003 0.3484018265625 0.3867787109375 0.383774734375 0.3867787109375 0.383774734375 0.35120448125000003
0 0.6437595125 0.35120448125000003 0.610030440625 0.35120448125000003 0.610030440625 0.3867787109375 0.6437595125 0.3867787109375 0.6437595125 0.35120448125000003
1 0.2755479453125 0.7790056015625 0.240585996875 0.7790056015625 0.240585996875 0.9077170875 0.2755479453125 0.9077170875 0.2755479453125 0.7790056015625
1 0.6815296796875 0.78054621875 0.6465677328125 0.78054621875 0.6465677328125 0.909257703125 0.6815296796875 0.909257703125 0.6815296796875 0.78054621875