7 0.9331197296875 0.47597186718750006 0.8984485671875 0.47597186718750006 0.8984485671875 0.6976342718749999 0.9331197296875 0.6976342718749999 0.9331197296875 0.47597186718750006
7 0.2323440140625 0.06677749375 0.1658347390625 0.06677749375 0.1658347390625 0.13639386250000002 0.2323440140625 0.13639386250000002 0.2323440140625 0.06677749375
7 0.5002866781249999 0.06819693125000001 0.370067453125 0.06819693125000001 0.370067453125 0.13640665000000002 0.5002866781249999 0.13640665000000002 0.5002866781249999 0.06819693125000001
3 0.369123103125 0.06820971875000001 0.23516020312500002 0.06820971875000001 0.23516020312500002 0.1378260875 0.369123103125 0.1378260875 0.369123103125 0.06820971875000001
3 0.1367809625 0.794259734375 0.1358441078125 0.8084683140625 0.0430953734375 0.8084683140625 0.041221659375000004 0.1378232453125 0.0065579921875 0.1378232453125 0.009368559375 0.8624609265625001 0.19018174999999998 0.8624609265625001 0.19018174999999998 0.8084683140625 0.147086378125 0.8084683140625 0.1461495234375 0.794259734375 0.1367809625 0.794259734375
3 0.10024451875 0.06961636875 0.0056239453125 0.06961636875 0.0056239453125 0.13923273593750002 0.10024451875 0.13923273593750002 0.10024451875 0.06961636875
3 0.9321753796875001 0.06819693125000001 0.501214165625 0.06819693125000001 0.501214165625 0.13640665000000002 0.9321753796875001 0.13640665000000002 0.9321753796875001 0.06819693125000001
3 0.9331112984375001 0.13639386250000002 0.897512646875 0.13639386250000002 0.897512646875 0.4745524296875 0.9331112984375001 0.4745524296875 0.9331112984375001 0.13639386250000002
3 0.6239460375 0.794259734375 0.6080194875 0.794259734375 0.6070826312500001 0.8084683140625 0.2810567734375 0.8098891734375 0.28199362968749997 0.86104006875 0.93404534375 0.8624609265625001 0.93404534375 0.6990622328125 0.8984448203125 0.6990622328125 0.8993816750000001 0.8098891734375 0.6258197484375 0.81131003125 0.6239460375 0.794259734375
6 0.044032228125 0.707587384375 0.1377178203125 0.7047456671875 0.1367809625 0.7232168234375 0.148023234375 0.7260585390625 0.147086378125 0.7047456671875 0.1948660296875 0.706166525 0.1939291734375 0.6393861890625 0.1845606140625 0.6365444734375 0.1826869015625 0.68769536875 0.0430953734375 0.690537084375 0.044032228125 0.707587384375
1 0.1958028859375 0.5356635390625 0.300730746875 0.5385052578125 0.2988570359375 0.1378232453125 0.0459059390625 0.143506678125 0.042158515625 0.44330775781250004 0.1958028859375 0.444728615625 0.1958028859375 0.5356635390625
6 0.1854974703125 0.558397271875 0.1948660296875 0.558397271875 0.1958028859375 0.5527138390624999 0.2379614015625 0.5541346984375 0.2388982578125 0.5385052578125 0.1948660296875 0.5385052578125 0.1948660296875 0.4475703328125 0.044032228125 0.44899119218749994 0.0430953734375 0.46035805625000004 0.183623759375 0.463199771875 0.1854974703125 0.558397271875
4 0.6042664421875 0.1406649609375 0.322276559375 0.1406649609375 0.322276559375 0.6578516624999999 0.6042664421875 0.6578516624999999 0.6042664421875 0.1406649609375
6 0.4365748546875 0.6592782046875 0.43470114375 0.67490764375 0.6061457734375 0.6763285015625 0.6061457734375 0.686274509375 0.62488289375 0.689116225 0.622072325 0.1378232453125 0.60520891875 0.1364023859375 0.6061457734375 0.6592782046875 0.4365748546875 0.6592782046875
6 0.3222784328125 0.6606990609375 0.318531009375 0.1378232453125 0.300730746875 0.1392441015625 0.30166760312499996 0.6763285015625 0.36256323749999997 0.67490764375 0.36350009375000003 0.6592782046875 0.3222784328125 0.6606990609375
2 0.1498969453125 0.193236715625 0.1573917921875 0.1761864171875 0.1630129296875 0.1577152609375 0.164886640625 0.1406649609375 0.164886640625 0.066780334375 0.10305415 0.066780334375 0.10024358124999999 0.1364023859375 0.1414652421875 0.2017618640625 0.1498969453125 0.193236715625
4 0.897512646875 0.139245525 0.62488195625 0.139245525 0.62488195625 0.8070460359375 0.897512646875 0.8070460359375 0.897512646875 0.139245525
2 0.6726625453125 0.731741971875 0.6735994 0.7189542484375 0.6642308421875 0.706166525 0.6529885703125 0.6976413765625 0.6398725875 0.6919579437500001 0.6258197484375 0.6919579437500001 0.6089563421874999 0.690537084375 0.6080194875 0.7928388749999999 0.62488289375 0.7928388749999999 0.6726625453125 0.731741971875
1 0.147086378125 0.8084683140625 0.6042720625 0.8056265984375001 0.6070826312500001 0.6763285015625 0.300730746875 0.6791702203125001 0.30166760312499996 0.5569764140625 0.1967397421875 0.5555555546875001 0.1967397421875 0.7104291 0.1489600890625 0.707587384375 0.147086378125 0.8084683140625
2 0.431890575 0.62944018125 0.42345887187500003 0.60528559375 0.4140903140625 0.58823529375 0.36537380625 0.653594771875 0.36443695 0.672065928125 0.43470114375 0.6763285015625 0.43563799843749995 0.6464904812500001 0.431890575 0.62944018125
2 0.20704515625000003 0.6436487640624999 0.215476859375 0.6393861890625 0.2239085625 0.62944018125 0.23421397812500003 0.62375675 0.2379614015625 0.6166524578125 0.197676596875 0.558397271875 0.1854974703125 0.558397271875 0.1854974703125 0.6436487640624999 0.1967397421875 0.6464904812500001 0.20704515625000003 0.6436487640624999
2 0.1686340640625 0.7914180156249999 0.17893947968749999 0.7885763 0.1864343265625 0.772946859375 0.1489600890625 0.7232168234375 0.1377178203125 0.7246376796875 0.1377178203125 0.79852230625 0.1498969453125 0.799943165625 0.1592655046875 0.799943165625 0.1686340640625 0.7914180156249999
2 0.1883080390625 0.8922989484375 0.1920554625 0.9079283890625 0.1967397421875 0.917874396875 0.2023608765625 0.936345553125 0.20798201249999998 0.9462915593749999 0.21641371562499997 0.959079284375 0.2801199171875 0.8638817859374999 0.2810567734375 0.8070474578125 0.1920554625 0.8056265984375001 0.1883080390625 0.8525149187500001 0.1873711828125 0.8724069328124999 0.1883080390625 0.8922989484375
2 0.2520142390625 0.47740835625000005 0.24545625000000001 0.48593350312499994 0.24264568125000002 0.4958795109375 0.237024546875 0.5086672359375 0.237024546875 0.5328218234375 0.241708825 0.5527138390624999 0.29979389218749997 0.5527138390624999 0.29979389218749997 0.5328218234375 0.2576353765625 0.47030406406249997 0.2520142390625 0.47740835625000005
6 0.306340640625 0 0.306340640625 0.06818414375000001 0.3157166953125 0.06818414375000001 0.3157166953125 0 0.306340640625 0
6 0.0206070828125 0 0.0206070828125 0.06961636875 0.0290387859375 0.06961636875 0.0290387859375 0 0.0206070828125 0
1 0.0299747046875 0 0.0299747046875 0.06818414375000001 0.305404721875 0.06818414375000001 0.305404721875 0 0.0299747046875 0
0 0.1836256328125 0.46461636874999995 0.0449747046875 0.46461636874999995 0.0449747046875 0.686278771875 0.1836256328125 0.686278771875 0.1836256328125 0.46461636874999995
0 0.13583473906250002 0.7090025578125 0.0440303546875 0.7090025578125 0.0440303546875 0.8056265984375001 0.13583473906250002 0.8056265984375001 0.13583473906250002 0.7090025578125