7 0.0902358609375 1 0.0902358609375 0.9771183375 0.0366309296875 0.9771183375 0.0366309296875 1 0.0902358609375 1
7 0.1831492890625 1 0.1831492890625 0.9771183375 0.1295443578125 0.9771183375 0.1295443578125 1 0.1831492890625 1
7 0.285001340625 1 0.285001340625 0.9771183375 0.2313964078125 0.9771183375 0.2313964078125 1 0.285001340625 1
7 0.3761297234375 1 0.3761297234375 0.9771183375 0.32252479218749996 0.9771183375 0.32252479218749996 1 0.3761297234375 1
7 0.6816778343750001 1 0.6816778343750001 0.9781210484375 0.628072903125 0.9781210484375 0.628072903125 1 0.6816778343750001 1
7 0.77280621875 1 0.77280621875 0.9782475156249999 0.7192012859375 0.9782475156249999 0.7192012859375 1 0.77280621875 1
7 0.8755481109375 1 0.8755481109375 0.9786269203125 0.821943178125 0.9786269203125 0.821943178125 1 0.8755481109375 1
7 0.96846421875 1 0.96846421875 0.9786269203125 0.9148592875 0.9786269203125 0.9148592875 1 0.96846421875 1
4 0.20235861718749998 0.0925925921875 0.056955240625 0.0925925921875 0.056955240625 0.4765130984375 0.20235861718749998 0.4765130984375 0.20235861718749998 0.0925925921875
7 0.17421870781249998 0.0662466125 0.12061377656250001 0.0662466125 0.12061377656250001 0.089128275 0.17421870781249998 0.089128275 0.17421870781249998 0.0662466125
1 0.8437118437500001 0.502860584375 0.8437118437500001 0.37940379375 0.8026147296874999 0.3799056515625 0.802912534375 0.49081601875 0.5968134843749999 0.49131787656250003 0.5977069 0.28304727500000004 0.4074093921875 0.2865602734375 0.4074093921875 0.4903141625 0.04704130625 0.49081601875 0.0473391109375 0.28304727500000004 0.0133893203125 0.28304727500000004 0.013984931249999999 0.5771354015625 0.991095625 0.5771354015625 0.990231990625 0.3868914984375 0.9583668359375 0.3863896421875 0.9583668359375 0.5018568703125 0.8437118437500001 0.502860584375
6 0.34173143906250003 0.48834688281250005 0.34072634687500003 0.477055103125 0.21006432656250001 0.4776196921875 0.21006432656250001 0.08918247500000001 0.203028678125 0.08918247500000001 0.203028678125 0.4776196921875 0.163830071875 0.4776196921875 0.164165103125 0.4894760609375 0.34173143906250003 0.48834688281250005
4 0.400026803125 0.0914634140625 0.21106941875000002 0.0914634140625 0.21106941875000002 0.4765130984375 0.400026803125 0.4765130984375 0.400026803125 0.0914634140625
7 0.2769606 0.06775067812499999 0.22335566875 0.06775067812499999 0.22335566875 0.0906323390625 0.2769606 0.0906323390625 0.2769606 0.06775067812499999
7 0.36808898437500004 0.06775067812499999 0.314484053125 0.06775067812499999 0.314484053125 0.0906323390625 0.36808898437500004 0.0906323390625 0.36808898437500004 0.06775067812499999
3 0.22424685000000003 0.0662466125 0.175109890625 0.0662466125 0.175109890625 0.088830171875 0.22424685000000003 0.088830171875 0.22424685000000003 0.0662466125
3 0.314481371875 0.06775067812499999 0.2769579203125 0.06775067812499999 0.2769579203125 0.0903342359375 0.314481371875 0.0903342359375 0.314481371875 0.06775067812499999
4 0.7942468500000001 0.0913392046875 0.606927096875 0.0913392046875 0.606927096875 0.475761065625 0.7942468500000001 0.475761065625 0.7942468500000001 0.0913392046875
6 0.605065665625 0.4765130984375 0.6047306359375 0.07734869062500001 0.5970249265625001 0.07734869062500001 0.5976949874999999 0.152439025 0.5973599578125001 0.490063234375 0.7216563921875 0.4894986453125 0.7216563921875 0.4770776875 0.605065665625 0.4765130984375
3 0.712051728125 0.06624435468749999 0.6736357546875 0.06624435468749999 0.6736357546875 0.090331978125 0.712051728125 0.090331978125 0.712051728125 0.06624435468749999
1 0.5976936484375 0.1513121046875 0.40918386562500003 0.1513121046875 0.40918386562500003 0.2725090328125 0.5976936484375 0.2725090328125 0.5976936484375 0.1513121046875
7 0.4699370140625 0.12646793125 0.42884079374999995 0.12646793125 0.42884079374999995 0.149051490625 0.4699370140625 0.149051490625 0.4699370140625 0.12646793125
3 0.48512597187499995 0.12646793125 0.4699370140625 0.12646793125 0.4699370140625 0.149051490625 0.48512597187499995 0.149051490625 0.48512597187499995 0.12646793125
2 0.48512463125 0.12345679062499999 0.48512463125 0.15206263125 0.5199678375000001 0.15206263125 0.522648084375 0.12195121874999999 0.5056731890624999 0.10388437187499999 0.48512463125 0.12345679062499999
3 0.5342629328124999 0.12646793125 0.519073975 0.12646793125 0.519073975 0.149051490625 0.5342629328124999 0.149051490625 0.5342629328124999 0.12646793125
7 0.5762543546875001 0.127971996875 0.535158134375 0.127971996875 0.535158134375 0.15055555625 0.5762543546875001 0.15055555625 0.5762543546875001 0.127971996875
3 1 0.06624435468749999 0.764765478125 0.06624435468749999 0.764765478125 0.090331978125 1 0.090331978125 1 0.06624435468749999
3 0.719199946875 0.9771160796875 0.68346421875 0.9771160796875 0.68346421875 0.9981955734374999 0.719199946875 0.9981955734374999 0.719199946875 0.9771160796875
3 0.821943178125 1 0.821943178125 0.9771183375 0.773698740625 0.9771183375 0.773698740625 1 0.821943178125 1
3 0.914857946875 0.9771160796875 0.8755467703125 0.9771160796875 0.8755467703125 0.9981955734374999 0.914857946875 0.9981955734374999 0.914857946875 0.9771160796875
3 0.3225221125 0.9771160796875 0.284998659375 0.9771160796875 0.284998659375 0.9981955734374999 0.3225221125 0.9981955734374999 0.3225221125 0.9771160796875
3 0.23139372812499998 0.977113821875 0.1831492890625 0.977113821875 0.1831492890625 0.9996973796875 0.23139372812499998 0.9996973796875 0.23139372812499998 0.977113821875
3 0.1295456984375 1 0.1295456984375 0.9771183375 0.0911297234375 0.9771183375 0.0911297234375 1 0.1295456984375 1
3 0.399356740625 0.15055706093750001 0.42794603750000004 0.15055706093750001 0.428839453125 0.12646793125 0.4145448046875 0.12646793125 0.4145448046875 0.06775067812499999 0.368087196875 0.06775067812499999 0.368087196875 0.088828665625 0.399356740625 0.0903342359375 0.399356740625 0.15055706093750001
3 0.5762530156250001 0.1507452578125 0.6067408203125 0.1507452578125 0.60662914375 0.0903342359375 0.6218172078124999 0.0914634140625 0.6218172078124999 0.06624510781250001 0.5923344953125 0.06624510781250001 0.5914410796875 0.12646793125 0.5762530156250001 0.12646793125 0.5762530156250001 0.1507452578125
3 0.41365138906250004 0.94098163125 0.423478959375 0.94098163125 0.42414902187500003 0.9180216796874999 0.40036183281250004 0.9180216796874999 0.40025015625 0.978620896875 0.3761279375 0.9771153265624999 0.3761279375 0.9981933156249999 0.4127579734375 0.9996988859375 0.41365138906250004 0.94098163125
3 0.5914410796875 0.9981933156249999 0.628071115625 0.9981933156249999 0.6289645312500001 0.9771153265624999 0.60662914375 0.9756097562500001 0.605735728125 0.9168925015625 0.5798266765625 0.9168925015625 0.5789332625 0.94098163125 0.5914410796875 0.9394760609375 0.5914410796875 0.9981933156249999
6 0.0472393453125 0.2822944890625 0.0475743765625 0.49004064999999997 0.13769766875 0.4894760609375 0.1380326984375 0.476490515625 0.0552800859375 0.476490515625 0.05561511718749999 0.0886178859375 0.0482444390625 0.08920505937499999 0.0475743765625 0.26987353281250004 0.0140712953125 0.26930894375 0.0134012328125 0.2822944890625 0.0472393453125 0.2822944890625
3 0.1206124359375 0.06624435468749999 0.0464580546875 0.06624435468749999 0.0464580546875 0.090331978125 0.1206124359375 0.090331978125 0.1206124359375 0.06624435468749999
3 0 0.40857271875 0.013176092187499999 0.40857271875 0.013176092187499999 0.0653026203125 0 0.0653026203125 0 0.40857271875
3 0.0357366203125 0.9756097562500001 0.014294648437499998 0.9756097562500001 0.014294648437499998 0.46672688906250004 0.000893415625 0.4682324609375 0.000893415625 0.9981933156249999 0.0357366203125 0.9981933156249999 0.0357366203125 0.9756097562500001
6 0.486017153125 0.2755216796875 0.408290003125 0.2755216796875 0.408290003125 0.28605916875 0.486017153125 0.28605916875 0.486017153125 0.2755216796875
6 0.5976936484375 0.2725090328125 0.519073975 0.2725090328125 0.519073975 0.283046521875 0.5976936484375 0.283046521875 0.5976936484375 0.2725090328125
2 0.48423121562500004 0.2694971390625 0.4869114625 0.2845528453125 0.5181810062500001 0.2845528453125 0.519074421875 0.2694971390625 0.5047797734375 0.24992472187499998 0.48423121562500004 0.2694971390625
2 0.1383677296875 0.490063234375 0.1634950421875 0.490063234375 0.16316001093750002 0.473690153125 0.139372821875 0.45110659374999995 0.1383677296875 0.490063234375
4 0.20235861718749998 0.592818428125 0.01474135625 0.592818428125 0.01474135625 0.972222221875 0.20235861718749998 0.972222221875 0.20235861718749998 0.592818428125
2 0.1510989015625 0.578703703125 0.1259715890625 0.57983288125 0.1263066203125 0.6170957546875 0.1517689625 0.5933830171875 0.1510989015625 0.578703703125
4 0.399356740625 0.59168925 0.21106941875000002 0.59168925 0.21106941875000002 0.9733514 0.399356740625 0.9733514 0.399356740625 0.59168925
2 0.3028678640625 0.578703703125 0.3028678640625 0.5922538390625001 0.3276601453125 0.6154019875000001 0.32900026875 0.57983288125 0.3028678640625 0.578703703125
2 0.34173143906250003 0.4894986453125 0.36752881249999997 0.4894986453125 0.36752881249999997 0.47594850937500005 0.34273653125000003 0.45167118281249996 0.34173143906250003 0.4894986453125
6 0.1259729296875 0.5781413734374999 0.0130675421875 0.5781413734374999 0.0130675421875 0.5911269203125 0.1259729296875 0.5911269203125 0.1259729296875 0.5781413734374999
2 0.038863575 0.0434733515625 0.0150763875 0.0649277328125 0.0150763875 0.08807588125 0.046569284375 0.0886404703125 0.046569284375 0.0649277328125 0.038863575 0.0434733515625
5 0.0479094078125 0.08920505937499999 0.0137362640625 0.08920505937499999 0.0137362640625 0.26987353281250004 0.0479094078125 0.26987353281250004 0.0479094078125 0.08920505937499999
7 0 0.4674548328125 0.012731171874999999 0.4674548328125 0.012731171874999999 0.40930216875000003 0 0.40930216875000003 0 0.4674548328125
2 0.046904315625 0.3737353203125 0.021777003125 0.3726061421875 0.021777003125 0.40140018125 0.046569284375 0.42567750625 0.046904315625 0.3737353203125
3 0.02110828125 0.3731684734375 0.0127325109375 0.3731684734375 0.0127325109375 0.398574978125 0.02110828125 0.398574978125 0.02110828125 0.3731684734375
6 0.747118734375 0.4894986453125 0.8023988203125001 0.490063234375 0.8023988203125001 0.07734869062500001 0.7950281421875001 0.07734869062500001 0.7946931125 0.4770776875 0.747118734375 0.4770776875 0.747118734375 0.4894986453125
7 0.6737469843749999 0.0683152671875 0.620142053125 0.0683152671875 0.620142053125 0.0886404703125 0.6737469843749999 0.0886404703125 0.6737469843749999 0.0683152671875
7 0.7652104 0.06887985468749999 0.7116054671875001 0.06887985468749999 0.7116054671875001 0.08920505937499999 0.7652104 0.08920505937499999 0.7652104 0.06887985468749999
5 0.8022871437499999 0.3653518015625 0.893415528125 0.3653518015625 0.8937133328125 0.0998695171875 0.8910330859375 0.0998695171875 0.8913308921875001 0.0903342359375 0.8502337765625001 0.0903342359375 0.849935971875 0.30211783593749997 0.8025849484375 0.3016159796875 0.8022871437499999 0.3653518015625
6 0.801728759375 0.3009259265625 0.849973196875 0.3009259265625 0.849973196875 0.0897696484375 0.84260251875 0.0897696484375 0.84293755 0.289634146875 0.802063790625 0.289634146875 0.801728759375 0.3009259265625
5 0.84293755 0.0914634140625 0.8027338515625001 0.0914634140625 0.8027338515625001 0.2890695578125 0.84293755 0.2890695578125 0.84293755 0.0914634140625
6 0.8365719640625 0.3788392046875 0.8442776734375 0.378274615625 0.8442776734375 0.501919603125 0.8694049859374999 0.501919603125 0.870075046875 0.48893405625 0.8516483515625 0.4894986453125 0.8519833828125 0.3788392046875 0.89654248125 0.378274615625 0.8968775125 0.387872628125 0.9099437140625 0.387872628125 0.9102787453125 0.4894986453125 0.8955373890624999 0.4894986453125 0.8955373890624999 0.501919603125 0.9571830609375 0.501919603125 0.9575180921875001 0.454494128125 0.9501474140624999 0.454494128125 0.9498123828124999 0.490063234375 0.913964084375 0.4894986453125 0.913964084375 0.382791328125 0.9008978828125 0.382791328125 0.9005628515625 0.2766486 0.9494773515625001 0.2766486 0.9498123828124999 0.330284553125 0.9199946390625 0.330284553125 0.9199946390625 0.3370596203125 0.9494773515625001 0.3370596203125 0.9494773515625001 0.421183378125 0.9575180921875001 0.421183378125 0.9568480296875 0.385049684375 0.9635486468750001 0.3856142734375 0.9635486468750001 0.3760162609375 0.9575180921875001 0.3760162609375 0.9575180921875001 0.263663053125 0.9005628515625 0.263663053125 0.9005628515625 0.0914634140625 0.8938622359374999 0.0903342359375 0.8935272046874999 0.3652890703125 0.8365719640625 0.3652890703125 0.8365719640625 0.3788392046875
0 0.95806903125 0.37534879062500004 0.9911254062499999 0.37534879062500004 0.9914232109375 0.15704105156249998 0.9011882421875 0.15754290937499998 0.9008904375 0.2629328515625 0.95806903125 0.2629328515625 0.95806903125 0.37534879062500004
2 0.9220048249999999 0.1480477765625 0.9032430984375001 0.1475459203125 0.9026474875 0.1570812 0.9217070187499999 0.17665361875000002 0.9220048249999999 0.1480477765625
6 0.90223800625 0.148489159375 0.9008978828125 0.148489159375 0.9008978828125 0.1558288171875 0.90223800625 0.1558288171875 0.90223800625 0.148489159375
6 0.9223398546875 0.15582655781250002 0.950817475 0.15582655781250002 0.95048244375 0.1479223125 0.948472259375 0.1479223125 0.948472259375 0.0914634140625 0.944116859375 0.0903342359375 0.9437818281249999 0.1484869015625 0.9220048249999999 0.1479223125 0.9223398546875 0.15582655781250002
3 0.9993969437500001 0.09202800312500001 0.9916912359375001 0.0914634140625 0.9913562046875001 0.9778681125 0.967904046875 0.977958446875 0.968239078125 0.9988482390625 1 0.9988482390625 0.9993969437500001 0.09202800312500001
7 0.9997333156250001 0.5041802171875001 0.99202760625 0.5041802171875001 0.99202760625 0.563462059375 0.9997333156250001 0.563462059375 0.9997333156250001 0.5041802171875001
4 0.9904998656249999 0.589681571875 0.8019900828125 0.589681571875 0.8019900828125 0.977617434375 0.9904998656249999 0.977617434375 0.9904998656249999 0.589681571875
6 0.9916925750000001 0.577574525 0.8727566343750001 0.577574525 0.8727566343750001 0.5899954828125 0.9916925750000001 0.5899954828125 0.9916925750000001 0.577574525
6 0.7946931125 0.978997290625 0.802063790625 0.9784327015625 0.801728759375 0.5899954828125 0.8466228890625 0.58943089375 0.8469579203125001 0.577574525 0.6754221390625 0.5781391140625 0.6754221390625 0.58943089375 0.7950281421875001 0.5899954828125 0.7946931125 0.978997290625
2 0.8707451078125 0.6154019875000001 0.8724202625 0.5781391140625 0.8469579203125001 0.5781391140625 0.8469579203125001 0.5922538390625001 0.8707451078125 0.6154019875000001
4 0.794841865625 0.5911856375 0.604841865625 0.5911856375 0.604841865625 0.9781187890625 0.794841865625 0.9781187890625 0.794841865625 0.5911856375
2 0.6754221390625 0.57983288125 0.649289734375 0.5792682921875 0.648954703125 0.59168925 0.6730769234375 0.6148373984375 0.6754221390625 0.57983288125
1 0.5914406328124999 1 0.5914406328124999 0.939979675 0.412756634375 0.939979675 0.412756634375 1 0.5914406328124999 1
2 0.4589922265625 0.9406052390624999 0.45865719687500006 0.9180216796874999 0.42414902187500003 0.9180216796874999 0.423478959375 0.9417344171875 0.434199946875 0.957542909375 0.4589922265625 0.9406052390624999
2 0.581278478125 0.941169828125 0.581278478125 0.9191508578124999 0.5461002406250001 0.9180216796874999 0.5457652109375 0.9422990062500001 0.5578263203125 0.9581074984375 0.581278478125 0.941169828125
6 0.41335358437499997 0.5866606453125 0.5339646796874999 0.5861587875 0.533666875 0.5901736421875 0.648917478125 0.5906755 0.6492152828125 0.5781391140625 0.3287769140625 0.578630934375 0.32907471875 0.5906755 0.41335358437499997 0.5906755 0.41335358437499997 0.5866606453125
6 0.604841865625 0.5916802171875 0.597779415625 0.5916802171875 0.597779415625 0.9081391140624999 0.604841865625 0.9081391140624999 0.604841865625 0.5916802171875
6 0.40709997343750004 0.59067750625 0.40054945000000003 0.59067750625 0.40054945000000003 0.907560975 0.40709997343750004 0.907560975 0.40709997343750004 0.59067750625
6 0.4751694296875 0.9168925015625 0.48244438437500003 0.9168925015625 0.48206149218750005 0.7865531031249999 0.5326032859375001 0.785907859375 0.532986178125 0.8078461734375001 0.540644025 0.806555684375 0.5402611328125 0.7536456312500001 0.532986178125 0.7536456312500001 0.532986178125 0.7730029671875001 0.48206149218750005 0.7736482125 0.48244438437500003 0.695573621875 0.532986178125 0.695573621875 0.532986178125 0.714930959375 0.5402611328125 0.715576203125 0.5410269171875 0.5929797390625 0.5333690703125 0.59168925 0.5333690703125 0.6826687312499999 0.48206149218750005 0.6820234875 0.48206149218750005 0.58652729375 0.47555232187499996 0.58652729375 0.4747865375 0.614918053125 0.4077803734375 0.614918053125 0.4070145890625 0.6278229453125 0.4751694296875 0.62653245625 0.4751694296875 0.9168925015625
1 0.41335358437499997 0.917394359375 0.47499925468750004 0.9168925015625 0.47470144999999997 0.6273210875 0.40739748125 0.62681923125 0.40739748125 0.907357221875 0.4127579734375 0.9083609359375 0.41335358437499997 0.917394359375
1 0.5902498578125 0.9058516515624999 0.597099378125 0.906855365625 0.5973971828125 0.6002208171875 0.5905476640625 0.6002208171875 0.591738884375 0.5906855359375001 0.5408142 0.59168925 0.54051639375 0.9168925015625 0.5914410796875 0.9158887890624999 0.5902498578125 0.9058516515624999
2 0.8019893390625 0.37940379375 0.83713035 0.3789019375 0.8365347390625001 0.3643480875 0.8025849484375 0.3417645296875 0.8019893390625 0.37940379375
2 0.97054706875 0.149051490625 0.9514875375 0.148549634375 0.9517853421875 0.1751480484375 0.97054706875 0.1570812 0.97054706875 0.149051490625
6 0.9913923875 0.1485478765625 0.9702479234375 0.1485478765625 0.9702479234375 0.1560772359375 0.9913923875 0.1560772359375 0.9913923875 0.1485478765625
0 0.9434467968750001 0.0908333328125 0.9011578671875 0.0908333328125 0.9011578671875 0.148046521875 0.9434467968750001 0.148046521875 0.9434467968750001 0.0908333328125
0 0.991393728125 0.091336946875 0.9491047968749999 0.091336946875 0.9491047968749999 0.147542909375 0.991393728125 0.147542909375 0.991393728125 0.091336946875
0 0.9100926171875001 0.388939075 0.88894845 0.38944093125 0.8886506453124999 0.3789019375 0.8529140234374999 0.3799056515625 0.85261621875 0.48880859218749995 0.9097948125 0.48880859218749995 0.9100926171875001 0.388939075
2 0.8955001640625 0.4903141625 0.8692933078125 0.4903141625 0.8701867234374999 0.5274515703125 0.8955001640625 0.5038642984374999 0.8955001640625 0.4903141625
0 0.901754071875 0.381913078125 0.9142618890625 0.381913078125 0.9142618890625 0.4893104484375 0.9499985109375 0.4893104484375 0.9494028999999999 0.33825153124999996 0.9199201875 0.3387533875 0.9196223828125 0.3292181078125 0.94970070625 0.32971996406250004 0.9499985109375 0.27752684843750003 0.9014562671874999 0.27752684843750003 0.9005628515625 0.366355515625 0.9020518781250001 0.3653518015625 0.901754071875 0.381913078125
6 0.992287590625 0.37639114687499997 0.986034575 0.37639114687499997 0.986034575 0.38442186093749997 0.992287590625 0.38442186093749997 0.992287590625 0.37639114687499997
2 0.9642931593749999 0.3844223625 0.9860329374999999 0.3844223625 0.986628546875 0.37639265312500003 0.9642931593749999 0.35431095 0.9642931593749999 0.3844223625
2 0.9571455375 0.42156052343750006 0.9502948265625 0.42156052343750006 0.9502948265625 0.4536788625 0.9571455375 0.4536788625 0.9571455375 0.42156052343750006
2 0.721879746875 0.48880859218749995 0.7471931859375001 0.4893104484375 0.7474909921874999 0.4762621703125 0.721879746875 0.45116932656250003 0.721879746875 0.48880859218749995
6 0.2026936484375 0.976738934375 0.2097292953125 0.9773035234374999 0.2093942640625 0.5905600718749999 0.301527740625 0.5905600718749999 0.3025328328125 0.578703703125 0.1517689625 0.578703703125 0.15143393125 0.5905600718749999 0.2026936484375 0.5911246609374999 0.2026936484375 0.976738934375
6 0.3999523515625 0.1510589171875 0.40114357187499994 0.478269596875 0.3677893921875 0.478269596875 0.3674915875 0.4893104484375 0.407099675 0.4893104484375 0.407099675 0.1510589171875 0.3999523515625 0.1510589171875
6 0.5398780484375 0.873663053125 0.532987134375 0.873663053125 0.532987134375 0.9175383921875 0.5398780484375 0.9175383921875 0.5398780484375 0.873663053125
3 0.5460050921875 0.9188279125 0.4590873765625 0.9188279125 0.4590873765625 0.9394738031250001 0.5460050921875 0.9394738031250001 0.5460050921875 0.9188279125
3 0.6038206921875 0.9091486 0.5919498796875 0.9091486 0.5919498796875 0.9291531171875 0.6038206921875 0.9291531171875 0.6038206921875 0.9091486
3 0.4127579734375 0.90850496875 0.4012704375 0.90850496875 0.4012704375 0.9278635953125001 0.4127579734375 0.9278635953125001 0.4127579734375 0.90850496875
3 0.2148016625 0.9039859984374999 0.19833690625 0.9039859984374999 0.19833690625 0.9330239390624999 0.2148016625 0.9330239390624999 0.2148016625 0.9039859984374999
3 0.41352318437499996 0.577493225 0.40050522656250004 0.577493225 0.40050522656250004 0.600076784375 0.41352318437499996 0.600076784375 0.41352318437499996 0.577493225
3 0.6049705171875 0.5794286359374999 0.591952559375 0.5794286359374999 0.591952559375 0.6000745249999999 0.6049705171875 0.6000745249999999 0.6049705171875 0.5794286359374999
3 0.21518493749999998 0.5749141828125001 0.1975730375 0.5749141828125001 0.1975730375 0.6033062328125001 0.21518493749999998 0.6033062328125001 0.21518493749999998 0.5749141828125001
3 0.1141021171875 0.9065672984375001 0.101084159375 0.9065672984375001 0.101084159375 0.9304426375 0.1141021171875 0.9304426375 0.1141021171875 0.9065672984375001
3 0.11716429843750001 0.5781391140625 0.1045296171875 0.5781391140625 0.1045296171875 0.6007226734375 0.11716429843750001 0.6007226734375 0.11716429843750001 0.5781391140625
3 0.1171656390625 0.3658514 0.10338113125 0.3658514 0.10338113125 0.3890808484375 0.1171656390625 0.3890808484375 0.1171656390625 0.3658514
3 0.31167515468749996 0.3658536578125 0.298273921875 0.3658536578125 0.298273921875 0.3884372171875 0.31167515468749996 0.3884372171875 0.31167515468749996 0.3658536578125
3 0.413524525 0.3677890703125 0.4008898421875 0.3677890703125 0.4008898421875 0.388434959375 0.413524525 0.388434959375 0.413524525 0.3677890703125
3 0.41390779999999994 0.138080396875 0.4005065671875 0.138080396875 0.4005065671875 0.16066395625000002 0.41390779999999994 0.16066395625000002 0.41390779999999994 0.138080396875
3 0.1148686671875 0.0767841015625 0.101084159375 0.0767841015625 0.101084159375 0.10065944062500001 0.1148686671875 0.10065944062500001 0.1148686671875 0.0767841015625
3 0.31244036406250003 0.0767841015625 0.29788930625 0.0767841015625 0.29788930625 0.10065944062500001 0.31244036406250003 0.10065944062500001 0.31244036406250003 0.0767841015625
3 0.6045872421875 0.13679313437500001 0.591569284375 0.13679313437500001 0.591569284375 0.1606684734375 0.6045872421875 0.1606684734375 0.6045872421875 0.13679313437500001
3 0.706818546875 0.077429990625 0.6926507640625 0.077429990625 0.6926507640625 0.10130532968749999 0.706818546875 0.10130532968749999 0.706818546875 0.077429990625
3 0.9040096484375001 0.0767841015625 0.8906084156249999 0.0767841015625 0.8906084156249999 0.0993676609375 0.9040096484375001 0.0993676609375 0.9040096484375001 0.0767841015625
3 0.9013280625 0.3658536578125 0.8890766546875 0.3658536578125 0.8890766546875 0.3884372171875 0.9013280625 0.3884372171875 0.9013280625 0.3658536578125
3 0.6049705171875 0.3652100265625 0.591952559375 0.3652100265625 0.591952559375 0.390372628125 0.6049705171875 0.390372628125 0.6049705171875 0.3652100265625
3 0.7068198875 0.3658514 0.6930353796875 0.3658514 0.6930353796875 0.3890808484375 0.7068198875 0.3890808484375 0.7068198875 0.3658514
3 0.9013280625 0.580074525 0.8883101046874999 0.580074525 0.8883101046874999 0.6020121953124999 0.9013280625 0.6020121953124999 0.9013280625 0.580074525
3 0.8067542218750001 0.5742705515625001 0.7906727421874999 0.5742705515625001 0.7906727421874999 0.6039498640625001 0.8067542218750001 0.6039498640625001 0.8067542218750001 0.5742705515625001
3 0.80751943125 0.8904381203125 0.7902881265625 0.8904381203125 0.7902881265625 0.9459304421875 0.80751943125 0.9459304421875 0.80751943125 0.8904381203125
3 0.999350040625 0.9059236671875001 0.98556553125 0.9059236671875001 0.98556553125 0.930444896875 0.999350040625 0.930444896875 0.999350040625 0.9059236671875001