7 0.693165434375 0.9211714546875 0.5853373375 0.9211714546875 0.5853373375 0.9724730703125 0.693165434375 0.9724730703125 0.693165434375 0.9211714546875
7 0.437915896875 0.9216113109374999 0.3404205171875 0.9216113109374999 0.3404205171875 0.973972171875 0.437915896875 0.973972171875 0.437915896875 0.9216113109374999
7 0.24184380781249998 0.9216113109374999 0.14325785625 0.9216113109374999 0.14325785625 0.973972171875 0.24184380781249998 0.973972171875 0.24184380781249998 0.9216113109374999
7 0.8980268015625 0.596068221875 0.8441173750000001 0.596068221875 0.8441173750000001 0.689712746875 0.8980268015625 0.689712746875 0.8980268015625 0.596068221875
1 0.280341959375 0.107715440625 0.1186044359375 0.107715440625 0.1186044359375 0.207957809375 0.280341959375 0.207957809375 0.280341959375 0.107715440625
7 0.2449168203125 0.0538599640625 0.14787430625 0.0538599640625 0.14787430625 0.107719928125 0.2449168203125 0.107719928125 0.2449168203125 0.0538599640625
5 0.2834288359375 0.2094524234375 0.117070240625 0.2094524234375 0.117070240625 0.3889856375 0.2834288359375 0.3889856375 0.2834288359375 0.2094524234375
2 0.28161356875 0.49107614374999997 0.31097096875 0.49107614374999997 0.3120582796875 0.4678424328125 0.31695117968750003 0.46678635625 0.3174948359375 0.463618121875 0.3120582796875 0.46203400468750006 0.31097096875 0.43880029531250003 0.28052625937500003 0.439328334375 0.28052625937500003 0.46203400468750006 0.275633359375 0.463618121875 0.275633359375 0.46520223906249997 0.279982603125 0.46731439375 0.28161356875 0.49107614374999997
2 0.0799173640625 0.46678635625 0.0875285421875 0.46678635625 0.08644123125 0.492660259375 0.1179732515625 0.492660259375 0.11851690781249999 0.465730278125 0.12395346249999999 0.465730278125 0.1234098078125 0.46203400468750006 0.11742959687500001 0.4615059671875 0.11742959687500001 0.43563206250000003 0.0880721984375 0.43563206250000003 0.0869848859375 0.460977928125 0.081004675 0.46203400468750006 0.0799173640625 0.46678635625
2 0.0875285421875 0.5671137390625 0.0869848859375 0.5914035265625001 0.11742959687500001 0.5919315671875001 0.1190605625 0.565001584375 0.125040775 0.5655296234375 0.1234098078125 0.5613053125 0.11742959687500001 0.5607772734375 0.11742959687500001 0.53490336875 0.0869848859375 0.53490336875 0.08644123125 0.5613053125 0.08046102031249999 0.5623613890625 0.08046102031249999 0.5681698171875 0.0875285421875 0.5671137390625
1 0.240839403125 0.7408385265625 0.30118516875 0.7408385265625 0.30227248125 0.67536170625 0.48004784218749996 0.6758897453125 0.48004784218749996 0.6151652765625 0.4392736765625 0.6146372375 0.438186365625 0.6056605765625 0.481135153125 0.60724469375 0.481135153125 0.533847290625 0.29629226875 0.533847290625 0.2952049578125 0.6241419375 0.24029574843749998 0.6230858593749999 0.240839403125 0.7408385265625
2 0.275633359375 0.5739782453125 0.28106991406250004 0.5745062843750001 0.28161356875 0.6035484203125 0.29574861406249997 0.604076459375 0.29574861406249997 0.5739782453125 0.3006415140625 0.5739782453125 0.30118516875 0.5702819734375 0.2952049578125 0.5697539328125 0.29574861406249997 0.541239834375 0.28106991406250004 0.5407117968749999 0.28106991406250004 0.5708100109375 0.2734587359375 0.5708100109375 0.275633359375 0.5739782453125
2 0.4751549421875 0.645263490625 0.48059149687499997 0.6442074140625 0.48059149687499997 0.671665434375 0.48928998593750006 0.671665434375 0.489833640625 0.6442074140625 0.4958138515625 0.644735453125 0.49527019687499996 0.6410391796875 0.489833640625 0.6405111421874999 0.49037729687500003 0.6146372375 0.48059149687499997 0.6141091984375 0.481135153125 0.6394550640625 0.47569859687499993 0.6410391796875 0.4751549421875 0.645263490625
2 0.22561704843750002 0.659520540625 0.2305099484375 0.659520540625 0.23105360468749997 0.6780019015625001 0.23975209375 0.6795860171875 0.24029574843749998 0.6600485796875 0.246275959375 0.659520540625 0.246275959375 0.6552962296875 0.24029574843749998 0.6552962296875 0.23975209375 0.6357587921875 0.23159725937500003 0.635230753125 0.23159725937500003 0.6563523078125 0.22561704843750002 0.65582426875 0.22561704843750002 0.659520540625
2 0.2267043609375 0.7170767765625 0.23105360468749997 0.7170767765625 0.23105360468749997 0.7360861765625 0.23975209375 0.7366142140624999 0.23975209375 0.7154926609375 0.24464499218750002 0.7154926609375 0.24518864843750002 0.7117963875 0.240839403125 0.7117963875 0.24029574843749998 0.6938430671875 0.23159725937500003 0.693315028125 0.23159725937500003 0.7112683484375 0.227248015625 0.7112683484375 0.2267043609375 0.7170767765625
4 0.2392084375 0.7503432250000001 0.23975209375 0.775689090625 0.11742959687500001 0.775689090625 0.11742959687500001 0.920899778125 0.3028161359375 0.920899778125 0.30227248125 0.749287146875 0.2392084375 0.7503432250000001
2 0.265303903125 0.7556236140625 0.270196803125 0.755095575 0.2696531484375 0.7503432250000001 0.29629226875 0.7503432250000001 0.296835925 0.741894603125 0.270196803125 0.7424226421875 0.270196803125 0.7376702921875 0.265303903125 0.7360861765625 0.265847559375 0.741894603125 0.23975209375 0.741894603125 0.23975209375 0.7508712640625 0.265847559375 0.7503432250000001 0.265303903125 0.7556236140625
4 0.4985351203125 0.6838105921875 0.31152033281249997 0.6838105921875 0.31152033281249997 0.9214317781249999 0.4985351203125 0.9214317781249999 0.4985351203125 0.6838105921875
2 0.3425029890625 0.690674834375 0.346852234375 0.6912028718750001 0.346852234375 0.6843383671875001 0.3740350109375 0.6838103281250001 0.3745786671875 0.6758897453125 0.347395890625 0.6769458234375 0.3479395453125 0.6695532796875 0.34359030156250003 0.6695532796875 0.34359030156250003 0.676417784375 0.31695117968750003 0.6758897453125 0.3164075234375 0.6843383671875001 0.3425029890625 0.6838103281250001 0.3425029890625 0.690674834375
4 0.84319778125 0.7582675046875 0.50722735625 0.7582675046875 0.50722735625 0.9214272890625 0.84319778125 0.9214272890625 0.84319778125 0.7582675046875
2 0.5806241171875001 0.7651283140625 0.5800804609375 0.75773576875 0.6072632390625 0.7582638078125 0.605632271875 0.749287146875 0.57899315 0.749287146875 0.57844949375 0.7413665640625 0.5730129390625 0.7424226421875 0.5746439062500001 0.748759109375 0.5474611281249999 0.7503432250000001 0.5485484406250001 0.758791846875 0.5751875609375 0.7582638078125 0.576818528125 0.764600275 0.5806241171875001 0.7651283140625
3 0.341959334375 0.9219524234375 0.241386321875 0.9219524234375 0.241386321875 0.9726436265625 0.341959334375 0.9726436265625 0.341959334375 0.9219524234375
3 0.585517559375 0.9214272890625 0.4365526796875 0.9214272890625 0.4365526796875 0.972648115625 0.585517559375 0.972648115625 0.585517559375 0.9214272890625
3 0.6926171578125 0.972119546875 0.8964879859374999 0.972119546875 0.8964879859374999 0.6912028718750001 0.843753396875 0.690674834375 0.8432097421875 0.92195585625 0.69370446875 0.92195585625 0.6926171578125 0.972119546875
3 0.843753396875 0.5407117968749999 0.8964879859374999 0.5407117968749999 0.8964879859374999 0.45252930625000004 0.843753396875 0.4530573453125 0.843753396875 0.5407117968749999
2 0.8182015874999999 0.5697539328125 0.8426660874999999 0.5697539328125 0.8426660874999999 0.596683915625 0.8975752968749999 0.5956278390625 0.8975752968749999 0.57133805 0.921496140625 0.57133805 0.9242144171875 0.5660576609375 0.897031640625 0.5660576609375 0.897031640625 0.541239834375 0.8432097421875 0.5407117968749999 0.84212243125 0.565001584375 0.8192888984375 0.56394550625 0.8182015874999999 0.5697539328125
6 0.9579210609375 0.7355581375 0.897031640625 0.7350300984375 0.897031640625 0.7434787203125001 0.9671632046875 0.7434787203125001 0.9677068609375 0.5079733875 0.8964879859374999 0.5074453484375 0.8964879859374999 0.5153659312500001 0.9579210609375 0.51589396875 0.9579210609375 0.7355581375
1 0.9584611828125 0.5164183125 0.8981192234375 0.5164183125 0.8981192234375 0.73449730625 0.9584611828125 0.73449730625 0.9584611828125 0.5164183125
6 0.5110351203125 0.6082989234375 0.43981515781249997 0.6082989234375 0.43981515781249997 0.614106821875 0.5110351203125 0.614106821875 0.5110351203125 0.6082989234375
6 0.281602696875 0.5401837578124999 0.295194084375 0.5401837578124999 0.295194084375 0.5327912140625 0.8442753062499999 0.5327912140625 0.843187996875 0.5053331921875001 0.31041644062499996 0.50586123125 0.31096009687500004 0.49213222031250003 0.281602696875 0.49160418281249996 0.281602696875 0.5401837578124999
6 0.488179296875 0.5333213640625 0.48165434375 0.5333213640625 0.48165434375 0.608833034375 0.488179296875 0.608833034375 0.488179296875 0.5333213640625
6 0.4995976953125 0.92195585625 0.5061215609375 0.9214278171875 0.5061215609375 0.7572077312500001 0.5479830375 0.7572077312500001 0.5479830375 0.7498151859375 0.50557790625 0.7498151859375 0.5061215609375 0.676417784375 0.3745569203125 0.676417784375 0.37401326562500004 0.68275425 0.50014135 0.68275425 0.4995976953125 0.92195585625
6 0.4892698703125 0.671669659375 0.48165434375 0.671669659375 0.48165434375 0.6769479359374999 0.4892698703125 0.6769479359374999 0.4892698703125 0.671669659375
6 0.8442791125 0.749811490625 0.6067005546875001 0.749811490625 0.6067005546875001 0.7572082578125 0.8442791125 0.7572082578125 0.8442791125 0.749811490625
6 0.31097096875 0.9214278171875 0.31097096875 0.683282290625 0.3153202140625 0.6843383671875001 0.3153202140625 0.676417784375 0.3028161359375 0.676417784375 0.3028161359375 0.92195585625 0.31097096875 0.9214278171875
0 0.231598890625 0.6853904843749999 0.1179759703125 0.6853904843749999 0.1179759703125 0.766710053125 0.231598890625 0.766710053125 0.231598890625 0.6853904843749999
6 0.2392084375 0.6927869890625 0.2392084375 0.678529940625 0.23159725937500003 0.6780019015625001 0.232684571875 0.68011405625 0.11742959687500001 0.679057978125 0.11688594062499999 0.6853944453125 0.232684571875 0.685922484375 0.232684571875 0.6927869890625 0.2392084375 0.6927869890625
6 0.1163422859375 0.7746330125 0.23866478125 0.7746330125 0.2392084375 0.7360861765625 0.232140915625 0.7355581375 0.232684571875 0.7672404687500001 0.1163422859375 0.7677685078125001 0.1163422859375 0.7746330125
6 0.3028142328125 0.741894075 0.296834565625 0.741894075 0.296834565625 0.74929084375 0.3028142328125 0.74929084375 0.3028142328125 0.741894075
6 0.2397550828125 0.6220242375 0.2326848421875 0.6220242375 0.2326848421875 0.6352289046874999 0.2397550828125 0.6352289046874999 0.2397550828125 0.6220242375
3 0.093508753125 0.6774527406249999 0.093508753125 0.6426021765625001 0.11742959687500001 0.6431302140625 0.11688594062499999 0.6019431828124999 0.0657823203125 0.6008871046875 0.0657823203125 0.9214278171875 0.0021746218750000003 0.9214278171875 0.0010873109375000001 0.972119546875 0.1446123734375 0.9726475875 0.1446123734375 0.920899778125 0.11688594062499999 0.92195585625 0.11688594062499999 0.6779807796874999 0.093508753125 0.6774527406249999
6 0.11688539687499999 0.49159784531249995 0.0880683921875 0.49159784531249995 0.0880683921875 0.53490125625 0.11688539687499999 0.53490125625 0.11688539687499999 0.49159784531249995
6 0.11689001875 0.591400359375 0.08861830000000001 0.591400359375 0.08861830000000001 0.6014362656250001 0.11689001875 0.6014362656250001 0.11689001875 0.591400359375
6 0.29466130156250003 0.6035484203125 0.240839403125 0.6030203828125 0.24138305937500001 0.5945717609375001 0.159834728125 0.5945717609375001 0.16037838437500002 0.6030203828125 0.11851690781249999 0.6030203828125 0.11742959687500001 0.6225578203125 0.294117646875 0.6225578203125 0.29466130156250003 0.6035484203125
3 0.358812384375 0.055973967187499994 0.24355360468749998 0.055973967187499994 0.24355360468749998 0.1066651703125 0.358812384375 0.1066651703125 0.358812384375 0.055973967187499994
3 0.146783734375 0.054914721875 0.04349353125 0.054914721875 0.04349353125 0.1066651703125 0.146783734375 0.1066651703125 0.146783734375 0.054914721875
6 0.11634473125 0.1066606828125 0.0880730125 0.1066606828125 0.0880730125 0.43615798906250003 0.11634473125 0.43615798906250003 0.11634473125 0.1066606828125
6 0.310429759375 0.1066651703125 0.282158040625 0.1066651703125 0.282158040625 0.4393312390625 0.310429759375 0.4393312390625 0.310429759375 0.1066651703125
1 0.15874741718750002 0.5935156828125 0.241926715625 0.5935156828125 0.241926715625 0.6035484203125 0.28161356875 0.60249234375 0.28106991406250004 0.38969268125 0.1179732515625 0.38969268125 0.1179732515625 0.6019643046875001 0.15874741718750002 0.6019643046875001 0.15874741718750002 0.5935156828125
0 0.0940524078125 0.6769458234375 0.23159725937500003 0.678529940625 0.232140915625 0.6236138984374999 0.1190605625 0.6241419375 0.11851690781249999 0.6431513359375 0.0940524078125 0.6431513359375 0.0940524078125 0.6769458234375
4 0.51212351875 0.6146372375 0.489833640625 0.6151652765625 0.489833640625 0.6758897453125 0.5066869625 0.67536170625 0.5066869625 0.748759109375 0.8432097421875 0.748759109375 0.8426660874999999 0.5327912140625 0.489833640625 0.533847290625 0.48928998593750006 0.60724469375 0.5132108296875 0.60724469375 0.51212351875 0.6146372375