4 0.9276610640625 0.0878219171875 0.4926750703125 0.0878219171875 0.4926750703125 0.4157945203125 0.9276610640625 0.4157945203125 0.9276610640625 0.0878219171875
7 0.8344397765625 0.051260273437500004 0.678165265625 0.051260273437500004 0.678165265625 0.08506849375 0.8344397765625 0.08506849375 0.8344397765625 0.051260273437500004
3 0.6545658265625 0.9142054796875 0.626554621875 0.9142054796875 0.626554621875 0.94880821875 0.6545658265625 0.94880821875 0.6545658265625 0.9142054796875
7 0.725350140625 0.9142054796875 0.6545938375 0.9142054796875 0.6545938375 0.94880821875 0.725350140625 0.94880821875 0.725350140625 0.9142054796875
7 0.8683473390625001 0.9142054796875 0.7975910359375 0.9142054796875 0.7975910359375 0.94880821875 0.8683473390625001 0.94880821875 0.8683473390625001 0.9142054796875
3 0.7975910359375 0.9142054796875 0.726834734375 0.9142054796875 0.726834734375 0.94880821875 0.7975910359375 0.94880821875 0.7975910359375 0.9142054796875
4 0.4671148453125 0.0886301375 0.07249299687500001 0.0886301375 0.07249299687500001 0.598712328125 0.4671148453125 0.598712328125 0.4671148453125 0.0886301375
7 0.1916666671875 0.05190410937499999 0.1341596640625 0.05190410937499999 0.1341596640625 0.0850821921875 0.1916666671875 0.0850821921875 0.1916666671875 0.05190410937499999
7 0.3405742296875 0.0533561640625 0.27864145625000003 0.0533561640625 0.27864145625000003 0.086534246875 0.3405742296875 0.086534246875 0.3405742296875 0.0533561640625
7 0.072240896875 0.232150684375 0.0353781515625 0.232150684375 0.0353781515625 0.390753425 0.072240896875 0.390753425 0.072240896875 0.232150684375
7 0.0707703078125 0.6618493156249999 0.036848739062500004 0.6618493156249999 0.036848739062500004 0.79305479375 0.0707703078125 0.79305479375 0.0707703078125 0.6618493156249999
7 0.9627030812499999 0.4945753421875 0.9287815125 0.4945753421875 0.9287815125 0.5681095890625001 0.9627030812499999 0.5681095890625001 0.9627030812499999 0.4945753421875
2 0.7068709828124999 0.780016115625 0.7217004453125 0.779210315625 0.7208765859375 0.8146655921875 0.74559235625 0.8146655921875 0.7447684953125 0.7824335203125 0.764541109375 0.7808219171874999 0.764541109375 0.7703464953125 0.7447684953125 0.76954069375 0.7447684953125 0.73650281875 0.7249958796875 0.7348912171875 0.7233481625 0.76954069375 0.7068709828124999 0.7703464953125 0.7068709828124999 0.780016115625
2 0.5841160000000001 0.9492344875000001 0.6253089468749999 0.9484286875000001 0.6236612296875 0.9105560031250001 0.5824682796875 0.9105560031250001 0.5824682796875 0.890410959375 0.5750535515624999 0.8920225609375001 0.5742296921875 0.9105560031250001 0.5330367453125 0.9113618062500001 0.532212884375 0.9484286875000001 0.57340583125 0.9492344875000001 0.5725819750000001 0.9726027390624999 0.583292140625 0.9717969375 0.5841160000000001 0.9492344875000001
2 0.44405997812500003 0.49637389374999996 0.467128028125 0.49637389374999996 0.4654803109375 0.535858178125 0.493491515625 0.53666398125 0.493491515625 0.49476228750000006 0.5074971171875 0.49395648750000004 0.509144834375 0.486704271875 0.4926676546875 0.48751007187499995 0.493491515625 0.4472199828125 0.46795188750000005 0.44560838125 0.46630416874999997 0.4883158734375 0.44405997812500003 0.48751007187499995 0.44405997812500003 0.49637389374999996
2 0.577525128125 0.4609186140625 0.57670126875 0.43755036093750005 0.6154226390625 0.43755036093750005 0.61459878125 0.413376309375 0.575877409375 0.413376309375 0.575877409375 0.38356164375 0.5676388203125 0.384367446875 0.5692865375 0.41257050624999997 0.5297413078125001 0.41257050624999997 0.53056516875 0.43755036093750005 0.5668149609375 0.43755036093750005 0.5676388203125 0.4625302171875 0.577525128125 0.4609186140625
2 0.23315208437499998 0.11442385156249998 0.2397429546875 0.11361805 0.24056681562499999 0.08863819375000001 0.2776404671875 0.08863819375000001 0.278464328125 0.049153906250000004 0.2397429546875 0.04834810625 0.2397429546875 0.0257856578125 0.23315208437499998 0.0241740515625 0.23397594375000003 0.049959709375 0.1936068546875 0.049959709375 0.1919591375 0.089443996875 0.23315208437499998 0.08863819375000001 0.23315208437499998 0.11442385156249998
4 0.447366946875 0.6244794515625001 0.071680671875 0.6244794515625001 0.071680671875 0.9113561640625001 0.447366946875 0.9113561640625001 0.447366946875 0.6244794515625001
2 0.319649859375 0.5986986296875 0.1614705875 0.5986986296875 0.1614705875 0.62206849375 0.319649859375 0.62206849375 0.319649859375 0.5986986296875
5 0.9284873953125 0.43594520625 0.72417366875 0.43594520625 0.72417366875 0.618849315625 0.9284873953125 0.618849315625 0.9284873953125 0.43594520625
3 0.8675234796875 0.9484286875000001 0.9622672609375 0.9492344875000001 0.9614434 0.5697018515625001 0.9301367624999999 0.56809025 0.926017465625 0.9145850109375001 0.8691711984375001 0.9137792109375 0.8675234796875 0.9484286875000001
3 0.037073653125 0.7937147453125 0.034602074999999996 0.9476228843750001 0.53056516875 0.9492344875000001 0.532212884375 0.9113618062500001 0.070851871875 0.9113618062500001 0.071675728125 0.7937147453125 0.037073653125 0.7937147453125
3 0.06921568593750001 0.392410959375 0.0354341734375 0.392410959375 0.0354341734375 0.66156164375 0.06921568593750001 0.66156164375 0.06921568593750001 0.392410959375
3 0.1342890078125 0.049153906250000004 0.0354259359375 0.047542304687499995 0.034602074999999996 0.231265109375 0.071675728125 0.231265109375 0.0700280109375 0.08783239375 0.13511286875 0.08783239375 0.1342890078125 0.049153906250000004
3 0.6772120609375001 0.052377115625000005 0.3419014671875 0.0507655125 0.3419014671875 0.0862207890625 0.6763882015625 0.08783239375 0.6772120609375001 0.052377115625000005
3 0.93096061875 0.49395648750000004 0.9630911171875001 0.49395648750000004 0.9622672609375 0.0507655125 0.8353929796875 0.0507655125 0.8353929796875 0.0870265921875 0.9276651843750001 0.0870265921875 0.93096061875 0.49395648750000004
6 0.4918437953125 0.43593875937500004 0.5297413078125001 0.43593875937500004 0.53056516875 0.4141821125 0.4910199390625 0.4141821125 0.4910199390625 0.08783239375 0.467128028125 0.08783239375 0.46795188750000005 0.44560838125 0.4926676546875 0.444802578125 0.4918437953125 0.43593875937500004
6 0.9292997203125 0.4157945203125 0.6162464984375 0.4157945203125 0.6162464984375 0.43675342500000003 0.9292997203125 0.43675342500000003 0.9292997203125 0.4157945203125
6 0.74312325 0.815465753125 0.725 0.815465753125 0.725 0.912150684375 0.74312325 0.912150684375 0.74312325 0.815465753125
6 0.1606442578125 0.598712328125 0.06837535 0.598712328125 0.06837535 0.6228767125 0.1606442578125 0.6228767125 0.1606442578125 0.598712328125
4 0.924383753125 0.64449315 0.7456442578125 0.64449315 0.7456442578125 0.9132602734375 0.924383753125 0.9132602734375 0.924383753125 0.64449315
6 0.743120778125 0.7340854140624999 0.7422969187499999 0.6422240140625 0.9293129015625 0.6430298140625 0.9293129015625 0.6196615640625 0.7249958796875 0.6196615640625 0.7241720218750001 0.7340854140624999 0.743120778125 0.7340854140624999
6 0.4498269890625 0.9129734078125 0.47454275937499996 0.91216760625 0.47454275937499996 0.623690571875 0.4918437953125 0.623690571875 0.4918437953125 0.5374697828125 0.4695996046875 0.5374697828125 0.4695996046875 0.6011281234375 0.3213049921875 0.6003223203125 0.320481134375 0.6220789703125 0.4498269890625 0.6228847703125 0.4498269890625 0.9129734078125
1 0.4770143359375 0.9113618062500001 0.7225243031249999 0.9113618062500001 0.7233481625 0.43916196718749995 0.493491515625 0.43755036093750005 0.49431537187499996 0.6253021750000001 0.4770143359375 0.6253021750000001 0.4770143359375 0.9113618062500001