7 0.052325581249999996 0.2174515234375 0.015988371874999997 0.2174515234375 0.015988371874999997 0.3753462609375 0.052325581249999996 0.3753462609375 0.052325581249999996 0.2174515234375
7 0.055232557812500006 0.6565096953125 0.021802325 0.6565096953125 0.021802325 0.7867036015625 0.055232557812500006 0.7867036015625 0.055232557812500006 0.6565096953125
7 0.9760755812499999 0.18858725781250002 0.9414244187499999 0.18858725781250002 0.9414244187499999 0.32282548437499997 0.9760755812499999 0.32282548437499997 0.9760755812499999 0.18858725781250002
7 0.9794186046875 0.5081994453124999 0.9447674421875 0.5081994453124999 0.9447674421875 0.5817174515625 0.9794186046875 0.5817174515625 0.9794186046875 0.5081994453124999
7 0.982761628125 0.7031578953125 0.948110465625 0.7031578953125 0.948110465625 0.7766759000000001 0.982761628125 0.7766759000000001 0.982761628125 0.7031578953125
3 0.9771802328125 0.3238919671875 0.9436337203124999 0.3238919671875 0.9436337203124999 0.5071329640625 0.9771802328125 0.5071329640625 0.9771802328125 0.3238919671875
3 0.980552325 0.5827700828125 0.9459011625 0.5827700828125 0.9459011625 0.7021052625 0.980552325 0.7021052625 0.980552325 0.5827700828125
3 0.055901162500000004 0.3750277015625 0.01787790625 0.3750277015625 0.01787790625 0.65522160625 0.055901162500000004 0.65522160625 0.055901162500000004 0.3750277015625
3 0.94029516875 0.09482207499999999 0.94029516875 0.18751331875 0.9760733453125001 0.18751331875 0.9749552765624999 0.061794160937499995 0.016771020312500003 0.0681866625 0.016771020312500003 0.21414873124999997 0.051431128125 0.21521415 0.051431128125 0.10334540781249998 0.94029516875 0.09482207499999999
3 0.9805456156250001 0.776688684375 0.9481216453125001 0.776688684375 0.9481216453125001 0.933304921875 0.057021468750000005 0.93863200625 0.057021468750000005 0.786277434375 0.021243290625 0.786277434375 0.022361360937499998 0.9727253359375 0.9838998203125 0.9663328359375001 0.9805456156250001 0.776688684375
4 0.6998546515624999 0.42867035937500003 0.942587209375 0.42590027656249996 0.9382267437499999 0.0976454296875 0.5065406984374999 0.1011080328125 0.5072674421875 0.3767313015625 0.69912790625 0.37603878125 0.6998546515624999 0.42867035937500003
6 0.5411449015625001 0.38994246875 0.540026834375 0.37928830156250004 0.5053667265625 0.3782228859375 0.5042486562499999 0.1001491578125 0.4897137734375 0.0980183234375 0.49306797968750005 0.4187087140625 0.5087209296874999 0.4197741328125 0.5087209296874999 0.38994246875 0.5411449015625001 0.38994246875
6 0.6853756718749999 0.44427871249999995 0.9414132390625 0.44321329687500005 0.9425313046875001 0.42829746562500004 0.6976744187499999 0.430428296875 0.6976744187499999 0.3782228859375 0.63170840625 0.37715746875 0.63170840625 0.391007884375 0.6853756718749999 0.391007884375 0.6853756718749999 0.44427871249999995
6 0.49306797968750005 0.58810995 0.5087209296874999 0.58917536875 0.5087209296874999 0.50820370625 0.494186046875 0.507138290625 0.4953041140625 0.544427871875 0.055903398437499995 0.5454932875 0.055903398437499995 0.56040911875 0.49306797968750005 0.5593437031249999 0.49306797968750005 0.58810995
4 0.9433139531249999 0.6433518 0.7056686046875 0.6454293625 0.7056686046875 0.718836565625 0.5123546515624999 0.7216066484375 0.5130813953125 0.9342105265624999 0.9454941859374999 0.930747921875 0.9433139531249999 0.6433518
6 0.6350626109374999 0.7180907734375 0.7043828249999999 0.7170253578125 0.703264759375 0.6435116125 0.943649375 0.6403153625 0.943649375 0.627530365625 0.6864937390625 0.629661196875 0.6876118078125 0.7031749421875 0.6328264765625 0.7031749421875 0.6350626109374999 0.7180907734375
6 0.509838996875 0.72022160625 0.5444991046875 0.72022160625 0.5444991046875 0.705305775 0.509838996875 0.705305775 0.5087209296874999 0.6744086921875 0.4964221828125 0.6744086921875 0.49754025 0.9343703375000001 0.5120751343750001 0.9354357562500001 0.509838996875 0.72022160625
2 0.5857558140625 0.6786703593750001 0.5850290703125001 0.7029085875 0.545784884375 0.7029085875 0.5450581390625 0.7216066484375 0.5857558140625 0.72022160625 0.5864825578125 0.7409972296875 0.5915697671875 0.742382271875 0.5915697671875 0.7216066484375 0.6359011625 0.7216066484375 0.6337209296874999 0.7022160671875 0.59375 0.7015235453125 0.59375 0.6786703593750001 0.5857558140625 0.6786703593750001
2 0.4665697671875 0.6371191140625 0.48982558125000003 0.6364265921875 0.490552325 0.6738227140624999 0.5101744187499999 0.6738227140624999 0.51162790625 0.6371191140625 0.5348837203125 0.637811634375 0.5341569765624999 0.6253462609375 0.5109011625 0.6253462609375 0.5109011625 0.5893351796874999 0.4920058140625 0.5893351796874999 0.4912790703125 0.6253462609375 0.4672965109375 0.6253462609375 0.4665697671875 0.6371191140625
2 0.46802325624999996 0.46745152343749996 0.490552325 0.46745152343749996 0.490552325 0.5069252078125001 0.5101744187499999 0.507617728125 0.5109011625 0.46814404375 0.535610465625 0.46814404375 0.535610465625 0.458448753125 0.51162790625 0.458448753125 0.509447675 0.41966759062500003 0.4912790703125 0.41897506875 0.4920058140625 0.4570637125 0.46802325624999996 0.45775623281250005 0.46802325624999996 0.46745152343749996
1 0.686061046875 0.3912742375 0.5109156984375 0.3912742375 0.5109156984375 0.7029085875 0.686061046875 0.7029085875 0.686061046875 0.3912742375
2 0.5908430234375001 0.4182825484375 0.5908430234375001 0.394044321875 0.630087209375 0.3933518 0.630087209375 0.37396121875 0.5901162796875 0.3732686984375 0.5901162796875 0.353878115625 0.58212209375 0.3531855953125 0.58212209375 0.37396121875 0.5414244187499999 0.3753462609375 0.54287790625 0.3954293625 0.5806686046875 0.394044321875 0.5806686046875 0.41897506875 0.5908430234375001 0.4182825484375
5 0.9433139531249999 0.445290859375 0.6860465109375 0.445290859375 0.6860465109375 0.6267313015625 0.9433139531249999 0.6267313015625 0.9433139531249999 0.445290859375
4 0.49491279062500004 0.5616482 0.057412790625 0.5616482 0.057412790625 0.9335318562499999 0.49491279062500004 0.9335318562499999 0.49491279062500004 0.5616482
4 0.49345930156250006 0.1045844875 0.053052325 0.1045844875 0.053052325 0.5429501390625 0.49345930156250006 0.5429501390625 0.49345930156250006 0.1045844875