7 0.28602464375 0.9216189421875001 0.260771725 0.9216189421875001 0.260771725 0.9482929515625 0.28602464375 0.9482929515625 0.28602464375 0.9216189421875001
7 0.32152399531250003 0.92278634375 0.29627107656249996 0.92278634375 0.29627107656249996 0.949460353125 0.32152399531250003 0.949460353125 0.32152399531250003 0.92278634375
7 0.367256809375 0.92395374375 0.342003890625 0.92395374375 0.342003890625 0.9506277531249999 0.367256809375 0.9506277531249999 0.367256809375 0.92395374375
7 0.40206874218750005 0.92395374375 0.3768158234375 0.92395374375 0.3768158234375 0.9506277531249999 0.40206874218750005 0.9506277531249999 0.40206874218750005 0.92395374375
7 0.5604474703125 0.92164096875 0.535194553125 0.92164096875 0.535194553125 0.9483149781250001 0.5604474703125 0.9483149781250001 0.5604474703125 0.92164096875
7 0.5966212703125 0.9228083703125 0.571368353125 0.9228083703125 0.571368353125 0.949482378125 0.5966212703125 0.949482378125 0.5966212703125 0.9228083703125
7 0.6403047984375 0.92164096875 0.61505188125 0.92164096875 0.61505188125 0.9483149781250001 0.6403047984375 0.9483149781250001 0.6403047984375 0.92164096875
7 0.6764786 0.92164096875 0.65122568125 0.92164096875 0.65122568125 0.9483149781250001 0.6764786 0.9483149781250001 0.6764786 0.92164096875
7 0.721536965625 0.9228083703125 0.696284046875 0.9228083703125 0.696284046875 0.949482378125 0.721536965625 0.949482378125 0.721536965625 0.9228083703125
7 0.756348896875 0.9239757703125001 0.7310959796875001 0.9239757703125001 0.7310959796875001 0.9506497796875 0.756348896875 0.9506497796875 0.756348896875 0.9239757703125001
7 0.8437289234375 0.722257709375 0.8184760046875 0.722257709375 0.8184760046875 0.74893171875 0.8437289234375 0.74893171875 0.8437289234375 0.722257709375
4 0.15866839531250002 0.6960352421875 0.1668828359375 0.6945668125 0.1668828359375 0.7151248171875 0.24729788125000002 0.71585903125 0.24600086562499998 0.9177679890625001 0.41850410781249997 0.9192364156249999 0.4176394296875 0.52129221875 0.1491569390625 0.5227606453125 0.149589278125 0.637298090625 0.15910073593750002 0.63803230625 0.15866839531250002 0.6960352421875
7 0.20069390468749998 0.7187334796875 0.1754409859375 0.7187334796875 0.1754409859375 0.7454074890625 0.20069390468749998 0.7454074890625 0.20069390468749998 0.7187334796875
1 0.2140077828125 0.172544053125 0.1335927359375 0.172544053125 0.1335927359375 0.50587004375 0.2140077828125 0.50587004375 0.2140077828125 0.172544053125
7 0.1617833984375 0.141398678125 0.1365304796875 0.141398678125 0.1365304796875 0.16807268749999998 0.1617833984375 0.16807268749999998 0.1617833984375 0.141398678125
4 0.28058798125 0.5044052859375 0.48940769531250006 0.5044052859375 0.488110678125 0.466960353125 0.5062689140625001 0.4654919234375 0.5071335921875 0.1688693109375 0.32598357031249997 0.169603525 0.327712928125 0.3641703375 0.226113271875 0.3634361234375 0.226113271875 0.42437591875 0.28058798125 0.42437591875 0.28058798125 0.5044052859375
7 0.379539559375 0.139085903125 0.354286640625 0.139085903125 0.354286640625 0.1657599125 0.379539559375 0.1657599125 0.379539559375 0.139085903125
3 0.38911154375 0.13910792968750002 0.37955252968750003 0.13910792968750002 0.37955252968750003 0.1657819390625 0.38911154375 0.1657819390625 0.38911154375 0.13910792968750002
7 0.4150389109375 0.139085903125 0.3897859921875 0.139085903125 0.3897859921875 0.1657599125 0.4150389109375 0.1657599125 0.4150389109375 0.139085903125
7 0.466919584375 0.1402533046875 0.44166666718750003 0.1402533046875 0.44166666718750003 0.16692731249999998 0.466919584375 0.16692731249999998 0.466919584375 0.1402533046875
7 0.5024189359375 0.139085903125 0.47716601875000003 0.139085903125 0.47716601875000003 0.1657599125 0.5024189359375 0.1657599125 0.5024189359375 0.139085903125
4 0.530479896875 0.5036710734375001 0.690445309375 0.5029368562500001 0.690445309375 0.4170337734375 0.7552961515625001 0.4177679890625 0.7548638125 0.3634361234375 0.691742325 0.362701909375 0.6913099875000001 0.1688693109375 0.517942065625 0.1688693109375 0.5175097281250001 0.4662261390625 0.530479896875 0.4662261390625 0.530479896875 0.5036710734375001
7 0.55293774375 0.141398678125 0.5276848249999999 0.141398678125 0.5276848249999999 0.16807268749999998 0.55293774375 0.16807268749999998 0.55293774375 0.141398678125
7 0.5884370953125 0.140231278125 0.5631841765625001 0.140231278125 0.5631841765625001 0.1669052859375 0.5884370953125 0.1669052859375 0.5884370953125 0.140231278125
7 0.64031776875 0.13906387656250002 0.6150648515625 0.13906387656250002 0.6150648515625 0.1657378859375 0.64031776875 0.1657378859375 0.64031776875 0.13906387656250002
7 0.673767834375 0.13906387656250002 0.6485149156250001 0.13906387656250002 0.6485149156250001 0.1657378859375 0.673767834375 0.1657378859375 0.673767834375 0.13906387656250002
1 0.766109440625 0.4225740703125 0.80415526875 0.4225740703125 0.8361483515625 0.388800209375 0.8370130281250001 0.3315314875 0.8815439421875 0.3315314875 0.8819762796875 0.17440960625 0.8024259125000001 0.175143821875 0.8032905906250001 0.36971063437499996 0.7665417796875 0.3689764203125 0.766109440625 0.4225740703125
3 0.8587613484375 0.137940528125 0.8423800265624999 0.137940528125 0.8423800265624999 0.1646145375 0.8587613484375 0.1646145375 0.8587613484375 0.137940528125
7 0.8847016859375 0.137896475 0.8594487671875 0.137896475 0.8594487671875 0.164570484375 0.8847016859375 0.164570484375 0.8847016859375 0.137896475
3 0.6498767828124999 0.13910792968750002 0.64031776875 0.13910792968750002 0.64031776875 0.1657819390625 0.6498767828124999 0.1657819390625 0.6498767828124999 0.13910792968750002
3 0.6150648515625 0.137940528125 0.5884370953125 0.137940528125 0.5884370953125 0.1646145375 0.6150648515625 0.1646145375 0.6150648515625 0.137940528125
6 0.5170752265624999 0.16738986718749999 0.508424125 0.16738986718749999 0.508424125 0.36269823749999996 0.5170752265624999 0.36269823749999996 0.5170752265624999 0.16738986718749999
3 0.52699740625 0.13910792968750002 0.5024189359375 0.13910792968750002 0.5024189359375 0.1657819390625 0.52699740625 0.1657819390625 0.52699740625 0.13910792968750002
3 0.5624967578125 0.1402753296875 0.55293774375 0.1402753296875 0.55293774375 0.1669493390625 0.5624967578125 0.1669493390625 0.5624967578125 0.1402753296875
3 0.4764786 0.1402753296875 0.466919584375 0.1402753296875 0.466919584375 0.1669493390625 0.4764786 0.1669493390625 0.4764786 0.1402753296875
3 0.570680934375 0.92164096875 0.5611219203125 0.92164096875 0.5611219203125 0.9483149781250001 0.570680934375 0.9483149781250001 0.570680934375 0.92164096875
3 0.6505512328124999 0.92164096875 0.6409922171875 0.92164096875 0.6409922171875 0.9483149781250001 0.6505512328124999 0.9483149781250001 0.6505512328124999 0.92164096875
3 0.7317833984375001 0.9228083703125 0.722224384375 0.9228083703125 0.722224384375 0.949482378125 0.7317833984375001 0.949482378125 0.7317833984375001 0.9228083703125
3 0.3768158234375 0.9228083703125 0.367256809375 0.9228083703125 0.367256809375 0.949482378125 0.3768158234375 0.949482378125 0.3768158234375 0.9228083703125
3 0.2955836578125 0.9228083703125 0.28602464375 0.9228083703125 0.28602464375 0.949482378125 0.2955836578125 0.949482378125 0.2955836578125 0.9228083703125
3 0.3413229578125 0.9228083703125 0.3215304796875 0.9228083703125 0.3215304796875 0.949482378125 0.3413229578125 0.949482378125 0.3413229578125 0.9228083703125
3 0.6137029828125 0.9228083703125 0.5973216609375 0.9228083703125 0.5973216609375 0.949482378125 0.6137029828125 0.949482378125 0.6137029828125 0.9228083703125
3 0.6962970171875 0.9228083703125 0.6778664078125 0.9228083703125 0.6778664078125 0.949482378125 0.6962970171875 0.949482378125 0.6962970171875 0.9228083703125
3 0.44030479843750003 0.1414207046875 0.41572632968749995 0.1414207046875 0.41572632968749995 0.1680947140625 0.44030479843750003 0.1680947140625 0.44030479843750003 0.1414207046875
3 0.35360570625 0.1379515421875 0.20683527812500002 0.1379515421875 0.20683527812500002 0.16693832656250002 0.35360570625 0.16693832656250002 0.35360570625 0.1379515421875
6 0.7950713359375 0.16813509531249998 0.792909640625 0.3465491921875 0.7025508 0.348017621875 0.7025508 0.16813509531249998 0.692607003125 0.16813509531249998 0.692607003125 0.36196769375 0.803718115625 0.36123347968749997 0.803285775 0.16813509531249998 0.7950713359375 0.16813509531249998
3 0.812341115625 0.1379515421875 0.6751297015625 0.1379515421875 0.6751297015625 0.16693832656250002 0.812341115625 0.16693832656250002 0.812341115625 0.1379515421875
3 0.4027578671875 0.95293299375 0.435524609375 0.95293299375 0.43484196875 0.76396939375 0.41982387968749996 0.76396939375 0.41777595781250004 0.918154415625 0.4027578671875 0.919313703125 0.4027578671875 0.95293299375
4 0.517942065625 0.73568281875 0.5144833546875 0.7364170328124999 0.514051015625 0.7577092515625 0.5170773890625 0.75917768125 0.5170773890625 0.918502203125 0.5961954171875 0.918502203125 0.5970600953125 0.8817914828125 0.6048421953124999 0.8825256984375001 0.6052745359375 0.9192364156249999 0.7721573703125 0.918502203125 0.7708603546874999 0.6989720984375001 0.7842628625 0.6989720984375001 0.7846952015624999 0.705580028125 0.7851275390625 0.7180616734374999 0.789018590625 0.7187958875 0.7894509296875001 0.524229075 0.530479896875 0.52202643125 0.531344575 0.56534508125 0.51145698125 0.56534508125 0.510159965625 0.578560940625 0.478599221875 0.6116005875 0.42715088593750006 0.610866371875 0.426286209375 0.6960352421875 0.42888024218750004 0.6960352421875 0.42801556406249996 0.726872246875 0.4349329875 0.7283406765625 0.434068309375 0.7577092515625 0.502810203125 0.75917768125 0.50367488125 0.6930983859375 0.517942065625 0.6930983859375 0.517942065625 0.73568281875
3 0.5345074750000001 0.9204729890625 0.5167588234375 0.919313703125 0.5153935421875 0.7628101078125 0.499010171875 0.7628101078125 0.4996928125 0.9517737078125 0.5345074750000001 0.9517737078125 0.5345074750000001 0.9204729890625
3 0.8184859046874999 0.7500579640625 0.8178032640625 0.71991653125 0.77274899375 0.7210758171875 0.7720663531249999 0.919313703125 0.7584135437499999 0.9204729890625 0.7584135437499999 0.9517737078125 0.7918629265625 0.9517737078125 0.7904976453125 0.748898678125 0.8184859046874999 0.7500579640625
3 0.8444262406249999 0.7500579640625 0.89016315 0.7512172515625 0.890845790625 0.651518665625 0.87377978125 0.651518665625 0.8730971406249999 0.7210758171875 0.8444262406249999 0.71991653125 0.8444262406249999 0.7500579640625
3 0.22663662968749998 0.9517737078125 0.25872073125 0.9517737078125 0.2600860125 0.919313703125 0.24506792187499998 0.9204729890625 0.24506792187499998 0.7175979609375001 0.201378934375 0.7152793875000001 0.20206157500000002 0.748898678125 0.2273192703125 0.7477393921875 0.22663662968749998 0.9517737078125
3 0.1474503390625 0.71875724375 0.14813297812499998 0.6410850921875 0.12883700781250002 0.64023495 0.1290190453125 0.7477393921875 0.17475595625 0.7465801062499999 0.174073315625 0.7175979609375001 0.1474503390625 0.71875724375
3 0.980271690625 0.180848596875 0.9966550625 0.180848596875 0.9966550625 0.1367957328125 0.8853846671875001 0.1379550203125 0.8853846671875001 0.1669371671875 0.980271690625 0.16577788124999998 0.980271690625 0.180848596875
3 0.1754409859375 0.1391189421875 0.1617833984375 0.1391189421875 0.1617833984375 0.1681057265625 0.1754409859375 0.1681057265625 0.1754409859375 0.1391189421875
3 0.136528090625 0.1379550203125 0.02184449375 0.1379550203125 0.02184449375 0.18316717031250002 0.038227865625 0.18432645625 0.038227865625 0.170415025 0.13584544999999998 0.170415025 0.136528090625 0.1379550203125
2 0.1872027671875 0.1938325984375 0.19368785156249999 0.1938325984375 0.19498486718750002 0.17254038124999999 0.20665801875 0.1740088109375 0.20665801875 0.1365638765625 0.19498486718750002 0.137298090625 0.1954172078125 0.1123348015625 0.186770428125 0.1123348015625 0.1872027671875 0.1358296625 0.17682663125 0.137298090625 0.1759619546875 0.1703377375 0.1863380890625 0.17254038124999999 0.1872027671875 0.1938325984375
6 0.1335927359375 0.324522759375 0.1322957203125 0.302496328125 0.1240812796875 0.30323054374999997 0.12451361875 0.3223201171875 0.12105490625 0.323788546875 0.12062256874999999 0.345814978125 0.10592304374999999 0.3450807640625 0.105058365625 0.30176211406250003 0.0964115859375 0.302496328125 0.0959792484375 0.3443465484375 0.0384781671875 0.345814978125 0.03934284375 0.185756240625 0.028966709375 0.185756240625 0.0285343703125 0.3634361234375 0.134025075 0.36196769375 0.1335927359375 0.324522759375
2 0.0877648078125 0.24082231875 0.0959792484375 0.24155653593749998 0.0968439265625 0.2518355359375 0.10765240000000001 0.2533039640625 0.10635538281250001 0.24008810625 0.1137051453125 0.24082231875 0.114137484375 0.22980910312499997 0.10635538281250001 0.22907489062500003 0.10592304374999999 0.2173274609375 0.09727626406249999 0.2173274609375 0.0968439265625 0.2312775328125 0.08733246875 0.2283406765625 0.0877648078125 0.24082231875
1 0.12451361875 0.172544053125 0.10635538281250001 0.172544053125 0.10635538281250001 0.2525660796875 0.12451361875 0.2525660796875 0.12451361875 0.172544053125
2 0.1154345 0.243759178125 0.1240812796875 0.24155653593749998 0.12451361875 0.2525697515625 0.134025075 0.2533039640625 0.134457415625 0.24155653593749998 0.1418071765625 0.24155653593749998 0.14267185468750002 0.22980910312499997 0.1335927359375 0.22687224687500002 0.1331603984375 0.2180616734375 0.1262429734375 0.21659324375 0.12451361875 0.23054331874999998 0.11586683906249999 0.23054331874999998 0.1154345 0.243759178125
2 0.08690012968750001 0.28707782656249997 0.0964115859375 0.2856093984375 0.0964115859375 0.30176211406250003 0.10635538281250001 0.30102790156250003 0.10549070468749999 0.2856093984375 0.114569821875 0.2856093984375 0.1154345 0.27753303906250004 0.10549070468749999 0.27753303906250004 0.105058365625 0.2672540375 0.09727626406249999 0.2672540375 0.09727626406249999 0.2767988265625 0.0877648078125 0.2767988265625 0.08690012968750001 0.28707782656249997
1 0.1197578890625 0.321585903125 0.1232166015625 0.3208516890625 0.1240812796875 0.267988253125 0.10592304374999999 0.267988253125 0.105058365625 0.3450807640625 0.11932555156249999 0.343612334375 0.1197578890625 0.321585903125
2 0.11586683906249999 0.2863436125 0.12364894062500001 0.2878120421875 0.12364894062500001 0.302496328125 0.134889753125 0.302496328125 0.134025075 0.2863436125 0.14223951562499998 0.2863436125 0.14223951562499998 0.275330396875 0.1335927359375 0.276064609375 0.1331603984375 0.2665198234375 0.125378296875 0.26505139375 0.12364894062500001 0.276064609375 0.11586683906249999 0.276064609375 0.11586683906249999 0.2863436125
6 0.106348896875 0.17106828125 0.09813878125 0.17106828125 0.09813878125 0.216596915625 0.106348896875 0.216596915625 0.106348896875 0.17106828125
6 0.13273022031249998 0.1710792953125 0.125376134375 0.1710792953125 0.125376134375 0.21733480156249999 0.13273022031249998 0.21733480156249999 0.13273022031249998 0.1710792953125
6 0.133599221875 0.254768721875 0.0367509734375 0.254768721875 0.0367509734375 0.2665088109375 0.133599221875 0.2665088109375 0.133599221875 0.254768721875
6 0.1482922609375 0.6395007328125 0.1487246 0.52129221875 0.419368784375 0.519089575 0.419368784375 0.533039646875 0.42498919218750003 0.53157121875 0.42585386875 0.519089575 0.43925637812499996 0.5198237890625 0.4375270203125 0.505873715625 0.2801556421875 0.5051395000000001 0.2792909640625 0.42584434531250004 0.2144401203125 0.42584434531250004 0.2140077828125 0.5073421437500001 0.1322957203125 0.5080763593750001 0.13186338125 0.36196769375 0.1232166015625 0.362701909375 0.12235192343750001 0.524229075 0.138348465625 0.524229075 0.1374837875 0.64023495 0.1482922609375 0.6395007328125
2 0.198011240625 0.4016152703125 0.2140077828125 0.4008810578125 0.2140077828125 0.42437591875 0.225680934375 0.42511013281250004 0.2252485953125 0.4008810578125 0.2408127984375 0.4008810578125 0.241677475 0.389133628125 0.2252485953125 0.38986784218750004 0.2252485953125 0.3634361234375 0.2140077828125 0.3641703375 0.2144401203125 0.3876651984375 0.19844357968749998 0.386930984375 0.198011240625 0.4016152703125
0 0.09727626406249999 0.17106828125 0.03891050625 0.17106828125 0.03891050625 0.2532929515625 0.09727626406249999 0.2532929515625 0.09727626406249999 0.17106828125
0 0.0959857328125 0.27018722500000003 0.039345006249999995 0.27018722500000003 0.039345006249999995 0.3443502203125 0.0959857328125 0.3443502203125 0.0959857328125 0.27018722500000003
6 0.324254215625 0.16813509531249998 0.316039775 0.16813509531249998 0.315175096875 0.348017621875 0.225680934375 0.348017621875 0.2252485953125 0.16813509531249998 0.21573713749999998 0.16813509531249998 0.2153047984375 0.36123347968749997 0.32511889374999997 0.36196769375 0.324254215625 0.16813509531249998
1 0.31603761406249997 0.16886563906250002 0.22611543437499998 0.16886563906250002 0.22611543437499998 0.3458039640625 0.31603761406249997 0.3458039640625 0.31603761406249997 0.16886563906250002
6 0.4790315609375 0.6101321578125 0.5092952875 0.5770925109375 0.510159965625 0.564610865625 0.5296152171874999 0.56534508125 0.5296152171874999 0.5198237890625 0.5460440984375 0.5205580015625 0.5447470812499999 0.5036710734375001 0.5296152171874999 0.5036710734375001 0.5296152171874999 0.467694565625 0.515780371875 0.467694565625 0.515780371875 0.4610866359375 0.5084306093750001 0.46035242343749994 0.5084306093750001 0.46842878125 0.48940769531250006 0.46842878125 0.48984003437499996 0.505873715625 0.4794639 0.5051395000000001 0.4798962390625 0.524229075 0.48940769531250006 0.524229075 0.49027237343749996 0.56534508125 0.5041072203125 0.56534508125 0.501945525 0.5697503671875 0.47514050937499996 0.5961820859375 0.42585386875 0.5976505125 0.42585386875 0.588839940625 0.41850410781249997 0.588839940625 0.41980112500000005 0.7628487515625 0.426718546875 0.7635829671875001 0.426286209375 0.6086637296874999 0.4790315609375 0.6101321578125
2 0.42541504531249996 0.5323017625 0.4185019453125 0.5323017625 0.4185019453125 0.5880947140624999 0.42541504531249996 0.5880947140624999 0.42541504531249996 0.5323017625
1 0.5023778640625001 0.5660792953125 0.48984003437499996 0.5690161515625001 0.48897535625 0.5638766515625 0.48854301875 0.5234948609375001 0.42715088593750006 0.52129221875 0.42585386875 0.5954478703125 0.474708171875 0.5932452265625 0.5023778640625001 0.5660792953125
2 0.4785927359375 0.507345815625 0.44055123281249997 0.507345815625 0.44055123281249997 0.5198348015625001 0.4785927359375 0.5198348015625001 0.4785927359375 0.507345815625
6 0.5139299609375 0.7323788546875 0.506199740625 0.7323788546875 0.506199740625 0.76317180625 0.5139299609375 0.76317180625 0.5139299609375 0.7323788546875
5 0.498488975 0.8384691625 0.43666018125 0.8384691625 0.43666018125 0.9515308375 0.498488975 0.9515308375 0.498488975 0.8384691625
2 0.4587116296875 0.872980909375 0.464764375 0.872980909375 0.464764375 0.8362701921875001 0.4967574578125 0.8362701921875001 0.497189796875 0.8259911890625 0.464764375 0.825256975 0.46260268125000004 0.792217328125 0.45914396875 0.7914831125 0.460008646875 0.828928046875 0.43666234375 0.828928046875 0.43623000312500004 0.8370044046875 0.45914396875 0.8362701921875001 0.4587116296875 0.872980909375
1 0.498488975 0.770925109375 0.43666018125 0.770925109375 0.43666018125 0.8281938328124999 0.498488975 0.8281938328124999 0.498488975 0.770925109375
2 0.46173800312499996 0.8017621140625 0.46649373125000004 0.8039647578125001 0.46649373125000004 0.770190896875 0.498919153125 0.770190896875 0.498919153125 0.7577092515625 0.4677907484375 0.7584434640625 0.46692607031250005 0.724669603125 0.4604409859375 0.723935390625 0.46130566406250006 0.7584434640625 0.4353653265625 0.7584434640625 0.435797665625 0.7716593234375 0.46130566406250006 0.7723935390625 0.46173800312499996 0.8017621140625
2 0.5162127109375 0.361971365625 0.5084306093750001 0.361971365625 0.5084306093750001 0.46181718125 0.5162127109375 0.46181718125 0.5162127109375 0.361971365625
2 0.584085603125 0.5044052859375 0.545175096875 0.5044052859375 0.545175096875 0.52202643125 0.584085603125 0.52202643125 0.584085603125 0.5044052859375
6 0.79723303125 0.7202643171875 0.796800690625 0.5227606453125 0.8741893640624999 0.52129221875 0.874621703125 0.6497797359375 0.881971465625 0.6497797359375 0.8815391265624999 0.5198237890625 0.8953739734375 0.5205580015625 0.8953739734375 0.5051395000000001 0.8923476000000001 0.5044052859375 0.8932122781249999 0.36049926718749997 0.9870298312499999 0.36123347968749997 0.9874621703124999 0.18281938281250001 0.9792477296875 0.1820851703125 0.9796800687499999 0.3443465484375 0.891482921875 0.3450807640625 0.8919152625000001 0.30837004375 0.8845655000000001 0.30983847343750004 0.8837008203125001 0.32745961874999996 0.8387375703125001 0.326725403125 0.8387375703125001 0.38472834218749996 0.8452226546875 0.39867841406250004 0.8482490265625 0.394273128125 0.8482490265625 0.3414096921875 0.8849978374999999 0.3414096921875 0.8837008203125001 0.5051395000000001 0.8093385218750001 0.5051395000000001 0.8089061828125 0.42437591875 0.8045827921875001 0.41850220312499997 0.7661046265625 0.41850220312499997 0.7665369656250001 0.41336270312499995 0.75659316875 0.41409691562499995 0.7570255078125 0.41850220312499997 0.6913099875000001 0.419236415625 0.692174665625 0.5051395000000001 0.5853869421875 0.5044052859375 0.5858192828125001 0.52202643125 0.7898832687499999 0.52202643125 0.79031560625 0.72099853125 0.79723303125 0.7202643171875
2 0.74146130625 0.3928046984375 0.7557284921874999 0.394273128125 0.7557284921874999 0.41336270312499995 0.7665369656250001 0.41336270312499995 0.76783398125 0.39353891406249997 0.779939471875 0.3928046984375 0.7790747953125 0.3832599125 0.76740164375 0.3817914828125 0.7665369656250001 0.36196769375 0.75659316875 0.36196769375 0.7548638125 0.38472834218749996 0.7418936453125 0.3825256984375 0.74146130625 0.3928046984375
4 0.8122568093750001 0.5024779734375 0.881971465625 0.5024779734375 0.8827821015625 0.3441629953125 0.8503566796875001 0.3441629953125 0.8511673156249999 0.39372246718750004 0.8114461734375 0.43639867812500005 0.8122568093750001 0.5024779734375
2 0.828793775 0.43979442031250005 0.835278859375 0.433186490625 0.829658453125 0.4155653453125 0.8443579765625 0.399412628125 0.8370082140624999 0.38105726875 0.82317336875 0.39647577031250003 0.8171206218749999 0.3781204125 0.8106355375 0.38399412499999996 0.8166882843750001 0.4045521296875 0.8054474703125001 0.4155653453125 0.8132295718749999 0.4339207046875 0.82317336875 0.422173275 0.828793775 0.43979442031250005
2 0.8750540421874999 0.2929515421875 0.8824038046875 0.2929515421875 0.8815391265624999 0.30763582968750003 0.8919152625000001 0.30837004375 0.8923476000000001 0.2929515421875 0.89796800625 0.29148311250000003 0.8988326843750001 0.280469896875 0.8932122781249999 0.2812041125 0.8932122781249999 0.26505139375 0.8837008203125001 0.26505139375 0.8837008203125001 0.28340675625 0.876351059375 0.2826725390625 0.8750540421874999 0.2929515421875
6 0.6039818421875001 0.8825220265624999 0.5974967578125 0.8825220265624999 0.5974967578125 0.9192400875000001 0.6039818421875001 0.9192400875000001 0.6039818421875001 0.8825220265624999
3 0.7847016859375 0.700440528125 0.7721595328124999 0.700440528125 0.7721595328124999 0.7202643171875 0.7847016859375 0.7202643171875 0.7847016859375 0.700440528125
6 0.8914785999999999 0.1666629953125 0.884993515625 0.1666629953125 0.884993515625 0.2643061671875 0.8914785999999999 0.2643061671875 0.8914785999999999 0.1666629953125
1 0.7920428015625001 0.16886563906250002 0.7034176390625 0.16886563906250002 0.7034176390625 0.3465528640625 0.7920428015625001 0.3465528640625 0.7920428015625001 0.16886563906250002
2 0.8249027234374999 0.19016152656250002 0.8313878078125001 0.1908957421875 0.8305231296875 0.171071953125 0.8417639421875001 0.1703377375 0.8417639421875001 0.135095446875 0.83095546875 0.1358296625 0.831820146875 0.113069015625 0.8253350625 0.113069015625 0.8249027234374999 0.1365638765625 0.8132295718749999 0.1365638765625 0.8132295718749999 0.169603525 0.8240380453125 0.1688693109375 0.8249027234374999 0.19016152656250002
6 0.8443579765625 0.137298090625 0.85300475625 0.137298090625 0.8534370953125 0.0690161515625 0.6939040203125 0.067547725 0.692607003125 0.0800293671875 0.8439256374999999 0.07929515468750001 0.8443579765625 0.137298090625
5 0.8439234765625001 0.0822246703125 0.694338521875 0.0822246703125 0.694338521875 0.13508810625 0.8439234765625001 0.13508810625 0.8439234765625001 0.0822246703125
4 0.9788197140625 0.1696145375 0.8932166015625 0.1696145375 0.8932166015625 0.3421475765625 0.9788197140625 0.3421475765625 0.9788197140625 0.1696145375
4 0.8722503250000001 0.5245044046875 0.7992931265625 0.5245044046875 0.7992931265625 0.7199889875000001 0.8722503250000001 0.7199889875000001 0.8722503250000001 0.5245044046875
5 0.292944228125 0.0795925109375 0.13743190624999999 0.0795925109375 0.13743190624999999 0.1398348015625 0.292944228125 0.1398348015625 0.292944228125 0.0795925109375
3 0.42590142656249996 0.3242621140625 0.414202334375 0.3242621140625 0.414202334375 0.36031938281250003 0.42590142656249996 0.36031938281250003 0.42590142656249996 0.3242621140625
3 0.6053307390625 0.323314978125 0.5947989625 0.323314978125 0.5947989625 0.357169603125 0.6053307390625 0.357169603125 0.6053307390625 0.323314978125
3 0.704169909375 0.32427312812500003 0.6923022046875 0.32427312812500003 0.6923022046875 0.360616740625 0.704169909375 0.360616740625 0.704169909375 0.32427312812500003
3 0.22883917031249998 0.3230726875 0.2156744484375 0.3230726875 0.2156744484375 0.3602753296875 0.22883917031249998 0.3602753296875 0.22883917031249998 0.3230726875
3 0.3267898828125 0.3230726875 0.31481841718750003 0.3230726875 0.31481841718750003 0.3623017625 0.3267898828125 0.3623017625 0.3267898828125 0.3230726875
3 0.3353047984375 0.6996916296875 0.325914396875 0.6996916296875 0.325914396875 0.7355066078125 0.3353047984375 0.7355066078125 0.3353047984375 0.6996916296875
3 0.4285538265625 0.696354625 0.417879378125 0.696354625 0.417879378125 0.73509911875 0.4285538265625 0.73509911875 0.4285538265625 0.696354625
3 0.5194293125 0.6908149781249999 0.5033203625 0.6908149781249999 0.5033203625 0.735 0.5194293125 0.735 0.5194293125 0.6908149781249999
3 0.6072762640625 0.7008039640625 0.5913748375 0.7008039640625 0.5913748375 0.738226871875 0.6072762640625 0.738226871875 0.6072762640625 0.7008039640625
3 0.6942412453125 0.7041079296875 0.6826977953125 0.7041079296875 0.6826977953125 0.7401651984375001 0.6942412453125 0.7401651984375001 0.6942412453125 0.7041079296875
3 0.5180090796875 0.32308370000000003 0.5053112843750001 0.32308370000000003 0.5053112843750001 0.36577092499999997 0.5180090796875 0.36577092499999997 0.5180090796875 0.32308370000000003