6 0.5954494375 0.6121076234375 0.5954494375 0.59641255625 0.56904494375 0.59697309375 0.56904494375 0.3223094171875 0.60050561875 0.321188340625 0.601067415625 0.3049327359375 0.5533146062500001 0.3049327359375 0.5533146062500001 0.5958520171874999 0.553866490625 0.6139541015625001 0.5645505625 0.6126681609375 0.5954494375 0.6121076234375
4 0.6522022468750001 0.3228699546875 0.5701797749999999 0.3228699546875 0.5701797749999999 0.5952914796875 0.6522022468750001 0.5952914796875 0.6522022468750001 0.3228699546875
7 0.6460674156249999 0.3045627796875 0.6011235953125 0.3045627796875 0.6011235953125 0.3195179375 0.6460674156249999 0.3195179375 0.6460674156249999 0.3045627796875
6 0.8179213484375 0.4960762328125 0.8173595499999999 0.485986546875 0.663426965625 0.48710762343749997 0.6645505625 0.3200672640625 0.6544382015625 0.3200672640625 0.6544382015625 0.554372196875 0.6639887640625 0.5532511203125 0.6645505625 0.4955156953125 0.8179213484375 0.4960762328125
4 0.887022471875 0.321188340625 0.6662359546875 0.321188340625 0.6662359546875 0.485986546875 0.887022471875 0.485986546875 0.887022471875 0.321188340625
7 0.7471910109375 0.3045627796875 0.702247190625 0.3045627796875 0.702247190625 0.3195179375 0.7471910109375 0.3195179375 0.7471910109375 0.3045627796875
7 0.83240449375 0.3045627796875 0.7874606734375 0.3045627796875 0.7874606734375 0.3195179375 0.83240449375 0.3195179375 0.83240449375 0.3045627796875
7 0.8033707859374999 0.737118834375 0.758426965625 0.737118834375 0.758426965625 0.76234305 0.8033707859374999 0.76234305 0.8033707859374999 0.737118834375
2 0.3112359546875 0.36042600937499997 0.3174157296875 0.3598654703125 0.317977528125 0.38172645781250003 0.3292134828125 0.38172645781250003 0.32977528125 0.36042600937499997 0.3370786515625 0.360986546875 0.3370786515625 0.35313901406250003 0.3286516859375 0.35313901406250003 0.3292134828125 0.33183856562499997 0.317977528125 0.3335201796875 0.3174157296875 0.3508968609375 0.31067415781249996 0.3514573984375 0.3112359546875 0.36042600937499997
6 0.328662921875 0.32325112031250003 0.31929213437500004 0.32325112031250003 0.31929213437500004 0.3344618828125 0.328662921875 0.3344618828125 0.328662921875 0.32325112031250003
7 0.3885842703125 0.295224215625 0.338022471875 0.295224215625 0.338022471875 0.32325112031250003 0.3885842703125 0.32325112031250003 0.3885842703125 0.295224215625
7 0.2874606734375 0.295224215625 0.23689887656250003 0.295224215625 0.23689887656250003 0.32325112031250003 0.2874606734375 0.32325112031250003 0.2874606734375 0.295224215625
7 0.17604494375 0.295224215625 0.1254831453125 0.295224215625 0.1254831453125 0.32325112031250003 0.17604494375 0.32325112031250003 0.17604494375 0.295224215625
7 0.05804494375 0.391434978125 0.0308988765625 0.391434978125 0.0308988765625 0.4418834078125 0.05804494375 0.4418834078125 0.05804494375 0.391434978125
7 0.9026179781250001 0.348464125 0.888573034375 0.348464125 0.888573034375 0.39705156875 0.9026179781250001 0.39705156875 0.9026179781250001 0.348464125
7 0.37077528125 0.610986546875 0.3295842703125 0.610986546875 0.3295842703125 0.6380717484375 0.37077528125 0.6380717484375 0.37077528125 0.610986546875
7 0.40169662968750003 0.6623654703125 0.37641572968750003 0.6623654703125 0.37641572968750003 0.6988004484375 0.40169662968750003 0.6988004484375 0.40169662968750003 0.6623654703125
3 0.236887640625 0.295224215625 0.1778988765625 0.295224215625 0.1778988765625 0.32325112031250003 0.236887640625 0.32325112031250003 0.236887640625 0.295224215625
3 0.3370898875 0.2961434984375 0.2883932578125 0.2961434984375 0.2883932578125 0.324170403125 0.3370898875 0.324170403125 0.3370898875 0.2961434984375
3 0.44383146093750003 0.29708520156249996 0.3904606734375 0.29708520156249996 0.3904606734375 0.324170403125 0.44383146093750003 0.324170403125 0.44383146093750003 0.29708520156249996
3 0.5159101125000001 0.29335201718750004 0.494382021875 0.29335201718750004 0.494382021875 0.3241816140625 0.5159101125000001 0.3241816140625 0.5159101125000001 0.29335201718750004
3 0.5187303375 0.6091255609374999 0.458797753125 0.6091255609374999 0.458797753125 0.6380941703125 0.5187303375 0.6380941703125 0.5187303375 0.6091255609374999
3 0.4028089890625 0.6378923765625 0.375842696875 0.6378923765625 0.375842696875 0.662556053125 0.4028089890625 0.662556053125 0.4028089890625 0.6378923765625
3 0.40730337031249997 0.610986546875 0.37265168593750003 0.610986546875 0.37265168593750003 0.6380717484375 0.40730337031249997 0.6380717484375 0.40730337031249997 0.610986546875
3 0.0589887640625 0.32417787656249997 0.12453183593749999 0.32417787656249997 0.12453183593749999 0.2942825109375 0.02902621875 0.2952167421875 0.0280898875 0.390508221875 0.0589887640625 0.390508221875 0.0589887640625 0.32417787656249997
3 0.3286516859375 0.610986546875 0.059925093750000005 0.6091180875 0.058052434374999996 0.44095665312500004 0.029962545312499998 0.44095665312500004 0.02902621875 0.638079221875 0.3286516859375 0.6399476843749999 0.3286516859375 0.610986546875
6 0.365499009375 0.9687417578125 0.5254461328125 0.9687417578125 0.5228023796875 0.821023478125 0.5280898875 0.8216829328124999 0.5287508265625 0.8038776046875 0.5122273625 0.8038776046875 0.5109054859375 0.9496175156250001 0.3793787171875 0.9502769703125 0.3787177796875 0.8190451078125 0.401189690625 0.8203640203125 0.40052875 0.8058559750000001 0.3767349640625 0.8051965171875001 0.3754130875 0.811131628125 0.367481825 0.8084937999999999 0.365499009375 0.9687417578125
3 0.5103033703125 0.777275784375 0.4559887640625 0.777275784375 0.4559887640625 0.8202578468749999 0.5103033703125 0.8202578468749999 0.5103033703125 0.777275784375
3 0.41386516875 0.7791591921875 0.40168539374999995 0.7791591921875 0.40168539374999995 0.8202578468749999 0.41386516875 0.8202578468749999 0.41386516875 0.7791591921875
6 0.702247190625 0.3045627796875 0.6470112359375 0.3045627796875 0.6470112359375 0.3195179375 0.702247190625 0.3195179375 0.702247190625 0.3045627796875
6 0.7874606734375 0.3045627796875 0.74813483125 0.3045627796875 0.74813483125 0.3195179375 0.7874606734375 0.3195179375 0.7874606734375 0.3045627796875
5 0.8595505625 0.84174140625 0.9091760296875 0.84174140625 0.9082397015625 0.7445814640624999 0.8511235953125 0.7445814640624999 0.850187265625 0.78568759375 0.8595505625 0.78568759375 0.8595505625 0.84174140625
1 0.5140561796875 0.44732062812500006 0.32922471875000003 0.44732062812500006 0.32922471875000003 0.6081950671875 0.5140561796875 0.6081950671875 0.5140561796875 0.44732062812500006
2 0.36235955 0.45852017968750003 0.36235955 0.4473094171875 0.380337078125 0.4478699546875 0.3808988765625 0.434977578125 0.3606741578125 0.4360986546875 0.3612359546875 0.4304932734375 0.35617977500000003 0.429372196875 0.35449438125 0.4360986546875 0.33595505625 0.434417040625 0.33651685468750003 0.4473094171875 0.355617978125 0.44843049375 0.3567415734375 0.45795964062500005 0.36235955 0.45852017968750003
2 0.4634831453125 0.3368834078125 0.4713483140625 0.33576233125 0.4713483140625 0.3256726453125 0.49325842656249996 0.326793721875 0.49213483125 0.292600896875 0.4719101125 0.292600896875 0.4713483140625 0.2791479828125 0.46516853906250005 0.2791479828125 0.4657303375 0.2937219734375 0.444382021875 0.2937219734375 0.4432584265625 0.326793721875 0.4634831453125 0.32735425937499996 0.4634831453125 0.3368834078125
2 0.438202246875 0.6519058296875 0.438202246875 0.6412556046875 0.4612359546875 0.6412556046875 0.4606741578125 0.6087443953125 0.4365168546875 0.6093049328125 0.43595505625 0.593049328125 0.42977528125 0.5947309421875 0.430337078125 0.6087443953125 0.40786516875 0.6087443953125 0.40786516875 0.639573990625 0.42921348281249994 0.6401345296875001 0.42921348281249994 0.6513452921875 0.438202246875 0.6519058296875
2 0.3629213484375 0.7432735421875 0.374157303125 0.74439461875 0.374157303125 0.7617713 0.40337078593750003 0.7606502234375 0.40449438125 0.74495515625 0.41235955 0.74439461875 0.4112359546875 0.7348654703124999 0.40449438125 0.735986546875 0.4028089890625 0.7152466375000001 0.374157303125 0.715807175 0.3730337078125 0.735426009375 0.361797753125 0.7371076234375 0.3629213484375 0.7432735421875
2 0.4331460671875 0.8335201796874999 0.439887640625 0.8340807171875 0.43932584218750004 0.8234304937499999 0.455617978125 0.8234304937499999 0.45786516875 0.775224215625 0.439887640625 0.7746636765625 0.439887640625 0.7612107625 0.43146067343750005 0.7617713 0.43146067343750005 0.775224215625 0.41235955 0.775224215625 0.411797753125 0.8234304937499999 0.4331460671875 0.8228699546874999 0.4331460671875 0.8335201796874999
3 0.4028089890625 0.6995627796874999 0.3747191015625 0.6995627796874999 0.3747191015625 0.714697309375 0.4028089890625 0.714697309375 0.4028089890625 0.6995627796874999
6 0.4095617984375 0.11380044843749999 0.39888764062500004 0.11380044843749999 0.39888764062500004 0.29597533593750003 0.4095617984375 0.29597533593750003 0.4095617984375 0.11380044843749999
1 0.5325842703125 0.1244394625 0.41011235937499996 0.1244394625 0.41011235937499996 0.2914798203125 0.5325842703125 0.2914798203125 0.5325842703125 0.1244394625
2 0.43483146093749997 0.1317264578125 0.441573034375 0.13228699531250002 0.4426966296875 0.1255605375 0.47078651718750003 0.1255605375 0.4713483140625 0.1132287 0.441573034375 0.1132287 0.441573034375 0.10369955156249999 0.43426966250000004 0.10369955156249999 0.433707865625 0.1132287 0.4106741578125 0.11266816093750001 0.4112359546875 0.1244394625 0.43483146093749997 0.125 0.43483146093749997 0.1317264578125
6 0.9038764046875001 0.6126681609375 0.9021910109375 0.55044843125 0.8875842703125001 0.5526905828124999 0.887022471875 0.59641255625 0.663426965625 0.59641255625 0.6645505625 0.5924887890625 0.65331460625 0.5919282515625001 0.65331460625 0.59641255625 0.6392696625000001 0.59641255625 0.6403932578125 0.6121076234375 0.8257865171875001 0.610986546875 0.8499669531249999 0.6113162765625 0.9038764046875001 0.6126681609375
2 0.644382021875 0.576233184375 0.6533707859375 0.5756726453125001 0.6533707859375 0.593049328125 0.6668539328125 0.5919282515625001 0.666292134375 0.5773542593750001 0.675842696875 0.5779147984375 0.6769662921874999 0.5700672640625 0.6657303375 0.5695067265625 0.666292134375 0.5549327359375 0.6528089890625 0.554372196875 0.653932584375 0.5700672640625 0.6432584265625 0.570627803125 0.644382021875 0.576233184375
1 0.8864719093750001 0.4967040359375 0.666247190625 0.4967040359375 0.666247190625 0.5953587437500001 0.8864719093750001 0.5953587437500001 0.8864719093750001 0.4967040359375
2 0.8426966296874999 0.50504484375 0.8426966296874999 0.496636771875 0.8623595500000001 0.4955156953125 0.8623595500000001 0.4848654703125 0.8432584265624999 0.48542600937499997 0.8421348312499999 0.479820628125 0.8331460671875 0.4786995515625 0.8325842703124999 0.48542600937499997 0.8174157296875 0.4848654703125 0.817977528125 0.496636771875 0.8348314609375 0.496636771875 0.8359550562500001 0.507847534375 0.8426966296874999 0.50504484375
4 0.8229887640625 0.6137892375 0.56568539375 0.6137892375 0.56568539375 0.735986546875 0.8229887640625 0.735986546875 0.8229887640625 0.6137892375
3 0.5406477187500001 0.59680823125 0.5419695984375 0.7629912953125 0.7567746203125 0.7623318390625 0.7567746203125 0.73661303125 0.561797753125 0.73793194375 0.5644415078125 0.59680823125 0.5406477187500001 0.59680823125
2 0.6146067421875 0.6266816140625 0.6213483140625 0.6255605375 0.6213483140625 0.6132287 0.6393258421875 0.6132287 0.6382022468749999 0.59641255625 0.6219101125 0.5952914796875 0.6219101125 0.5868834078125 0.6157303375 0.58576233125 0.61404494375 0.5947309421875 0.5955056187500001 0.5952914796875 0.5971910109375 0.6137892375 0.6146067421875 0.6132287 0.6146067421875 0.6266816140625
2 0.8106741578125 0.6743273546874999 0.824157303125 0.6748878921875 0.8247191015625001 0.6967488796875 0.8522471906250001 0.696188340625 0.8511235953125 0.6760089687499999 0.8606629218749999 0.6760089687499999 0.8595393265625001 0.6659192828125 0.8516853937500001 0.6664798203125 0.8511235953125 0.6468609859375001 0.82359550625 0.6463004484375 0.8247191015625001 0.6659192828125 0.8095505624999999 0.667040359375 0.8106741578125 0.6743273546874999
1 0.85050561875 0.7343049328125 0.9696067421875 0.7337443953125 0.9707303375 0.4450672640625 0.9038764046875001 0.4450672640625 0.9044382015625001 0.614417040625 0.8499438203125 0.6132287 0.85050561875 0.7343049328125
6 0.980842696875 0.434417040625 0.9038764046875001 0.434417040625 0.9038764046875001 0.39686098593749997 0.8881460671875001 0.39686098593749997 0.8875842703125001 0.48654708593749996 0.8623033703124999 0.48654708593749996 0.8611797749999999 0.49439461875 0.887022471875 0.496636771875 0.8875842703125001 0.5095291484375 0.9021910109375 0.5095291484375 0.902752809375 0.44338565 0.9707303375 0.4439461890625 0.9701685390625 0.7348654703124999 0.9044382015625001 0.7348654703124999 0.9044382015625001 0.74495515625 0.9802808984375 0.74495515625 0.980842696875 0.434417040625
2 0.8769550562499999 0.5330717484374999 0.885382021875 0.5358744390625 0.887067415625 0.5498878921875 0.9044831453125 0.5498878921875 0.9061685390625 0.5347533624999999 0.9145955062500001 0.5353139015624999 0.9157191015624999 0.5274663671875001 0.9061685390625 0.5263452921875 0.9050449437499999 0.5095291484375 0.8859438203125001 0.5100896859375 0.887067415625 0.52802690625 0.8769550562499999 0.52802690625 0.8769550562499999 0.5330717484374999
2 0.887067415625 0.7539237671875 0.8876292140625001 0.747197309375 0.9039213484375 0.7460762328125 0.9039213484375 0.735426009375 0.885382021875 0.7337443953125 0.8842584265625 0.7258968609374999 0.8769550562499999 0.7264573984375 0.8780786515625 0.735426009375 0.85949438125 0.7343049328125 0.8584157296875 0.746636771875 0.8758314609375001 0.746636771875 0.8763932578125001 0.753363228125 0.887067415625 0.7539237671875
3 0.8038764046875 0.7628923765625 0.85050561875 0.7634529140625 0.8499669531249999 0.7458454234375 0.8499438203125 0.735426009375 0.85050561875 0.6967488796875 0.824662921875 0.696188340625 0.824662921875 0.7371076234375 0.8037012562499999 0.73793194375 0.8038764046875 0.7628923765625
5 0.94713483125 0.5017488796875 0.9038764046875001 0.5017488796875 0.9038764046875001 0.5566816140624999 0.94713483125 0.5566816140624999 0.94713483125 0.5017488796875
4 0.5078764046875001 0.8223094171875 0.38259550625 0.8223094171875 0.38259550625 0.94899103125 0.5078764046875001 0.94899103125 0.5078764046875001 0.8223094171875
1 0.515179775 0.6390246640624999 0.40450561875 0.6390246640624999 0.40450561875 0.7763565015625 0.515179775 0.7763565015625 0.515179775 0.6390246640624999
1 0.51349438125 0.32568385625 0.32978651718749996 0.32568385625 0.32978651718749996 0.43610986562500004 0.51349438125 0.43610986562500004 0.51349438125 0.32568385625
6 0.3286516859375 0.38229820625 0.3185393265625 0.38229820625 0.3185393265625 0.6115582953125 0.3286516859375 0.6115582953125 0.3286516859375 0.38229820625
4 0.317977528125 0.5162556046875 0.26404494375 0.5151345296875001 0.2634831453125 0.38957399062500003 0.317977528125 0.38957399062500003 0.317977528125 0.3256726453125 0.060112359375 0.3251121078125 0.0606741578125 0.6087443953125 0.317977528125 0.6087443953125 0.317977528125 0.5162556046875
5 0.32022471874999997 0.39070627812500003 0.26404494375 0.39070627812500003 0.26404494375 0.5145852015625 0.32022471874999997 0.5145852015625 0.32022471874999997 0.39070627812500003
6 0.8883426968749999 0.348934978125 0.9030898875 0.3482343046875 0.9030898875 0.30409192812499997 0.8342696625 0.3047926015625 0.83286516875 0.3202073984375 0.8883426968749999 0.3202073984375 0.8883426968749999 0.348934978125
6 0.5333773953125001 0.2954365609375 0.5419695984375 0.2960960171875 0.542630534375 0.11474545 0.473892928125 0.11408599374999999 0.4725710515625 0.1233183859375 0.534038334375 0.1246372984375 0.5333773953125001 0.2954365609375
6 0.5155280906249999 0.4365582953125 0.3806966296875 0.4365582953125 0.3806966296875 0.44644618906250005 0.5155280906249999 0.44644618906250005 0.5155280906249999 0.4365582953125
3 0.4005168546875 0.7616816140625 0.376067415625 0.7616816140625 0.376067415625 0.8038789234375001 0.4005168546875 0.8038789234375001 0.4005168546875 0.7616816140625
3 0.5168539328125 0.29741493124999996 0.520158625 0.7781587984375 0.5122273625 0.7781587984375 0.5128883015625 0.8032181484375001 0.5432914734375001 0.8018992359375 0.542630534375 0.29675547343750003 0.5168539328125 0.29741493124999996
3 0.847337078125 0.610661434375 0.8255168546875 0.610661434375 0.8255168546875 0.6436434984375 0.847337078125 0.6436434984375 0.847337078125 0.610661434375