7 0.9625506453125 0.1190422078125 0.9380018421875 0.1190422078125 0.9380018421875 0.19371753281249998 0.9625506453125 0.19371753281249998 0.9625506453125 0.1190422078125
7 0.9613259671875 0.0000081171875 0.9388213625 0.0000081171875 0.9388213625 0.06385551874999999 0.9613259671875 0.06385551874999999 0.9613259671875 0.0000081171875
7 0.9650092078125001 0.4372240265625 0.93841620625 0.4372240265625 0.93841620625 0.515146103125 0.9650092078125001 0.515146103125 0.9650092078125001 0.4372240265625
7 0.962559853125 0.726185065625 0.939023940625 0.726185065625 0.939023940625 0.8041071421874999 0.962559853125 0.8041071421874999 0.962559853125 0.726185065625
3 0.9658195218750001 0.6322159093749999 0.9381952124999999 0.6322159093749999 0.9381952124999999 0.7242126625 0.9658195218750001 0.7242126625 0.9658195218750001 0.6322159093749999
7 0.962559853125 0.5930762984375 0.939023940625 0.5930762984375 0.939023940625 0.6331249999999999 0.962559853125 0.6331249999999999 0.962559853125 0.5930762984375
1 0.558624921875 0 0.558624921875 0.3634559890625 0.5780642515625 0.36255411249999997 0.5770411296875 0.3805916296875 0.558624921875 0.3823953828125 0.5596480453125 0.46536796562499994 0.5443012078125 0.46717171718749995 0.543278084375 0.5330086578125 0.558624921875 0.5321067828125 0.5596480453125 0.552849928125 0.4051565375 0.552849928125 0.4051565375 0.5312049062499999 0.41641088593750003 0.5321067828125 0.41948025468749994 0.46356421406250004 0.4051565375 0.4626623375 0.4031102921875 0.38149350625 0.3887865765625 0.3805916296875 0.3887865765625 0.36165223750000003 0.4051565375 0.36165223750000003 0.4051565375 0.0009018765624999999 0.32842234375 0 0.3294454671875 0.3607503609375 0.3458154296875 0.3598484859375 0.34683855 0.3805916296875 0.325352978125 0.38149350625 0.325352978125 0.5663780671875001 0.188254553125 0.5672799421875 0.18723143125 0.6394300140625 0.638428484375 0.6385281375 0.638428484375 0 0.558624921875 0
2 0.3273992234375 0.0297619046875 0.31307550625 0.0297619046875 0.31307550625 0.0703463203125 0.3458154296875 0.0703463203125 0.3273992234375 0.0297619046875
2 0.32842234375 0.1226551234375 0.31205238281250003 0.1226551234375 0.31205238281250003 0.16233766249999998 0.34479230625 0.1641414140625 0.32842234375 0.1226551234375
6 0.1729077140625 0.5898268390625 0.1862083078125 0.590728715625 0.1841620625 0.5663780671875001 0.3233067328125 0.565476190625 0.3233067328125 0.5483405484375 0.322283609375 0.540223665625 0.31307550625 0.5384199140625 0.3140986296875 0.5501443 0.306936771875 0.5501443 0.3059136484375 0.5582611828124999 0.1851851859375 0.55735930625 0.1862083078125 0.5321067828125 0.1862083078125 0.48430735937499997 0.3110292609375 0.48340548437499997 0.31205238281250003 0.49693362187499995 0.3233067328125 0.49783549843749997 0.3233067328125 0.466269840625 0.31307550625 0.46356421406250004 0.31205238281250003 0.476190475 0.2496419078125 0.4743867234375 0.2496419078125 0.46536796562499994 0.2404338046875 0.46446608906250003 0.2404338046875 0.4752886 0.1851851859375 0.4752886 0.1841620625 0.4329004328125 0.24248005 0.43109668125 0.23941068125 0.43560605937499997 0.2475956609375 0.43560605937499997 0.2475956609375 0.43019480468750004 0.3140986296875 0.43019480468750004 0.31307550625 0.4365079359375 0.3212604859375 0.4365079359375 0.322283609375 0.414862915625 0.31205238281250003 0.4130591625 0.31307550625 0.4229797984375 0.24861878437499998 0.4229797984375 0.2496419078125 0.4130591625 0.2414569265625 0.4121572875 0.23941068125 0.42478355 0.18723143125 0.4229797984375 0.1831389390625 0.378787878125 0.2404338046875 0.378787878125 0.2404338046875 0.38419913437500003 0.24861878437499998 0.38419913437500003 0.24861878437499998 0.378787878125 0.31205238281250003 0.377886003125 0.3110292609375 0.38419913437500003 0.3202373640625 0.3860028859375 0.32432985468750003 0.3805916296875 0.3458154296875 0.38149350625 0.3458154296875 0.36255411249999997 0.3263761 0.36165223750000003 0.325352978125 0.3463203453125 0.31205238281250003 0.34722222187499996 0.31205238281250003 0.3634559890625 0.040924903125 0.3643578640625 0.039901781250000004 0.378787878125 0.1729077140625 0.3796897546875 0.1729077140625 0.5898268390625
2 0.3294454671875 0.3057359296875 0.31307550625 0.30663780625000003 0.31205238281250003 0.3463203453125 0.3458154296875 0.3454184703125 0.3294454671875 0.3057359296875
2 0.653775321875 0.0694444453125 0.651729078125 0.03066378125 0.635359115625 0.0297619046875 0.6179660328125001 0.0694444453125 0.653775321875 0.0694444453125
2 0.653775321875 0.16233766249999998 0.6527521984375 0.1226551234375 0.6363822390625 0.121753246875 0.6148966640625 0.1632395390625 0.653775321875 0.16233766249999998
4 0.9371823203125 0.3815016234375 0.656850828125 0.3815016234375 0.656850828125 0.5492451296875 0.9371823203125 0.5492451296875 0.9371823203125 0.3815016234375
6 0.8471454875 0.3517316015625 0.8307755265625 0.3526334765625 0.8307755265625 0.36255411249999997 0.651729078125 0.36255411249999997 0.651729078125 0.34451659375 0.638428484375 0.3454184703125 0.638428484375 0.36165223750000003 0.6179660328125001 0.36255411249999997 0.6159197859375001 0.3805916296875 0.638428484375 0.3805916296875 0.63945160625 0.4852092359375 0.6558215671875 0.4852092359375 0.653775321875 0.3805916296875 0.9249028031250001 0.3805916296875 0.9259259265625 0.3869047609375 0.937180275 0.3860028859375 0.9382033953125 0.35533910625 0.9249028031250001 0.358946609375 0.9269490484375 0.365259740625 0.8481686109375 0.36255411249999997 0.8471454875 0.3517316015625
2 0.8348680171874999 0.315656565625 0.83179865 0.3517316015625 0.8676079390625 0.353535353125 0.85021485625 0.315656565625 0.8348680171874999 0.315656565625
3 0.9648066296875 0.3598457796875 0.938213628125 0.3598457796875 0.938213628125 0.4392126625 0.9648066296875 0.4392126625 0.9648066296875 0.3598457796875
2 0.9443421328125 0.31836219374999997 0.9463883781250001 0.3598484859375 0.9821976671874999 0.3598484859375 0.9586658484375 0.31836219374999997 0.9443421328125 0.31836219374999997
4 0.9218334359375 0.5663780671875001 0.6588909359375 0.5627705640625 0.6599140578125 0.6376262625 0.785758134375 0.6394300140625 0.785758134375 0.9018759031249999 0.9351340296874999 0.9036796546874999 0.9361571515625 0.5790043296875 0.9218334359375 0.5799062046875 0.9218334359375 0.5663780671875001
6 0.638428484375 0.597943721875 0.6547984453125 0.5961399703125 0.6558215671875 0.5627705640625 0.9228565578125 0.5636724390625 0.9218334359375 0.578102453125 0.9361571515625 0.5790043296875 0.937180275 0.551046175 0.6558215671875 0.5492424234375 0.6527521984375 0.5230880234375 0.6374053609375 0.5239899 0.638428484375 0.597943721875
2 0.638428484375 0.4852092359375 0.638428484375 0.5221861484375 0.6578678124999999 0.5221861484375 0.672191528125 0.4861111109375 0.638428484375 0.4852092359375
4 0.49212195625 0.9063852812500001 0.7663188046875 0.9036796546874999 0.7663188046875 0.6538600296875 0.506445671875 0.6538600296875 0.5054225484375 0.6872294359375 0.49519132343749994 0.6872294359375 0.49212195625 0.9063852812500001
6 0.767341928125 0.9072871578124999 0.7847350109375 0.9063852812500001 0.7847350109375 0.6403318890625 0.6558215671875 0.6403318890625 0.6568446906250001 0.634018759375 0.63945160625 0.634018759375 0.63945160625 0.6403318890625 0.5964804578125 0.6394300140625 0.5954573359374999 0.6538600296875 0.767341928125 0.6529581531249999 0.767341928125 0.9072871578124999
2 0.6404747296875 0.5970418468750001 0.6404747296875 0.6331168828125 0.6588909359375 0.634920634375 0.672191528125 0.5961399703125 0.6404747296875 0.5970418468750001
2 0.5954573359374999 0.6403318890625 0.5524861875 0.6403318890625 0.5504399421875 0.6547619046875 0.593411090625 0.6700937953125 0.5954573359374999 0.6403318890625
4 0.47268876562499995 0.6556574671875001 0.34377532187500004 0.6556574671875001 0.34377532187500004 0.9054788968749999 0.47268876562499995 0.9054788968749999 0.47268876562499995 0.6556574671875001
2 0.4102721515625 0.6700937953125 0.4102721515625 0.6385281375 0.368324125 0.6385281375 0.368324125 0.65566378125 0.4102721515625 0.6700937953125
4 0.0296705546875 0.9063852812500001 0.3202373640625 0.9036796546874999 0.325352978125 0.6547619046875 0.188254553125 0.6547619046875 0.188254553125 0.7187950937500001 0.2005320234375 0.7205988453125001 0.2005320234375 0.7476551234375 0.16676897968749999 0.7476551234375 0.1677921015625 0.7224025968750001 0.1729077140625 0.71969696875 0.171884590625 0.652056278125 0.042971146875 0.652056278125 0.041948026562500004 0.702561328125 0.0266011859375 0.7016594515625 0.0296705546875 0.9063852812500001
2 0.27112748125 0.6394300140625 0.22917945468749998 0.6394300140625 0.2261100890625 0.6547619046875 0.2690812359375 0.6700937953125 0.27112748125 0.6394300140625
6 0.174953959375 0.7169913421875 0.169838346875 0.7178932171875 0.1708614703125 0.74404761875 0.1995089 0.7449494953125 0.1984857796875 0.7205988453125001 0.18723143125 0.71969696875 0.1862083078125 0.6547619046875 0.22713320937499998 0.6538600296875 0.22815633281249997 0.6385281375 0.1862083078125 0.6394300140625 0.1851851859375 0.6295093796875 0.1729077140625 0.6295093796875 0.174953959375 0.6385281375 0.041948026562500004 0.6385281375 0.041948026562500004 0.6502525265625 0.1739308359375 0.6511544015624999 0.174953959375 0.7169913421875
2 0.188254553125 0.6322150062499999 0.188254553125 0.5898268390625 0.1544915078125 0.59433621875 0.1708614703125 0.6304112546875 0.188254553125 0.6322150062499999
2 0.32432985468750003 0.38510100937499997 0.3151217515625 0.38510100937499997 0.3151217515625 0.4103535359375 0.33456108125 0.41847041875 0.34069981562499996 0.414862915625 0.32432985468750003 0.38510100937499997
0 0.24042357343749998 0.38149350625 0.18620626093749998 0.38149350625 0.18620626093749998 0.422077921875 0.24042357343749998 0.422077921875 0.24042357343749998 0.38149350625
2 0.25066502968750004 0.38419913437500003 0.24248005 0.38419913437500003 0.24350317187499998 0.4121572875 0.26703499062499997 0.4121572875 0.25066502968750004 0.38419913437500003
2 0.25168815312500004 0.43470418437499997 0.2414569265625 0.43560605937499997 0.24350317187499998 0.46536796562499994 0.270104359375 0.466269840625 0.25168815312500004 0.43470418437499997
2 0.3233067328125 0.43470418437499997 0.3151217515625 0.43470418437499997 0.316144875 0.46446608906250003 0.34069981562499996 0.46446608906250003 0.3233067328125 0.43470418437499997
2 0.3386535703125 0.5248917750000001 0.322283609375 0.49693362187499995 0.31307550625 0.49603174687499996 0.31205238281250003 0.5375180375 0.3212604859375 0.5384199140625 0.3386535703125 0.5248917750000001
3 0 0 0 0.3571428578125 0.026593001562500003 0.3571428578125 0.026593001562500003 0 0 0
3 0.041942909375 0.355340909375 0.0030662984375 0.355340909375 0.0030662984375 0.7007629875 0.041942909375 0.7007629875 0.041942909375 0.355340909375
3 0 0.937053571875 0.026593001562500003 0.937053571875 0.026593001562500003 0.6998620125 0 0.6998620125 0 0.937053571875
3 0.9648045843749999 0.8035714281249999 0.93922651875 0.8035714281249999 0.937180275 0.8982683984375001 0.9320646609375001 0.9045815296875 0.028647432812500002 0.9054834062499999 0.0266011859375 0.9370490609375001 0.966850828125 0.9370490609375001 0.9648045843749999 0.8035714281249999
3 0.9658195218750001 0.0631331171875 0.9381952124999999 0.0631331171875 0.9381952124999999 0.1190422078125 0.9658195218750001 0.1190422078125 0.9658195218750001 0.0631331171875
3 0.9648066296875 0.1948051953125 0.938213628125 0.1948051953125 0.938213628125 0.3174675328125 0.9648066296875 0.3174675328125 0.9648066296875 0.1948051953125
3 0.9658379375000001 0.51586850625 0.9371823203125 0.51586850625 0.9371823203125 0.5943262984375 0.9658379375000001 0.5943262984375 0.9658379375000001 0.51586850625
6 0.311040515625 0 0.311040515625 0.027954545312500002 0.326381215625 0.027954545312500002 0.326381215625 0 0.311040515625 0
6 0.6527532234375 0.0009090906249999999 0.6374125234375 0.0009090906249999999 0.6374125234375 0.0288636359375 0.6527532234375 0.0288636359375 0.6527532234375 0.0009090906249999999
6 0.32432985468750003 0.9036796546874999 0.33967669218749996 0.9045815296875 0.3417229390625 0.6538600296875 0.3673010015625 0.6529581531249999 0.3693472484375 0.6394300140625 0.27112748125 0.6385281375 0.270104359375 0.652056278125 0.3263761 0.6529581531249999 0.32432985468750003 0.9036796546874999
6 0.45733578750000003 0.684523809375 0.47063638281250003 0.685425684375 0.47370575 0.9036796546874999 0.4900757109375 0.9063852812500001 0.4931450796875 0.685425684375 0.506445671875 0.684523809375 0.5013300593750001 0.6538600296875 0.5514630640625 0.6538600296875 0.5535093109375 0.6394300140625 0.41231839531250003 0.6376262625 0.4102721515625 0.652056278125 0.45733578750000003 0.6529581531249999 0.45733578750000003 0.684523809375
4 0.9382044203125 0.0983116890625 0.654797421875 0.0983116890625 0.654797421875 0.29311688281250003 0.9382044203125 0.29311688281250003 0.9382044203125 0.0983116890625
6 0.653775321875 0.1641414140625 0.638428484375 0.1605339109375 0.6374053609375 0.3111471859375 0.6527521984375 0.3120490609375 0.651729078125 0.3057359296875 0.8328217718750001 0.30663780625000003 0.83179865 0.31836219374999997 0.8481686109375 0.31746031874999997 0.8471454875 0.3084415578125 0.93922651875 0.30753968125000003 0.9382033953125 0.29310966875 0.6527521984375 0.29401154375 0.653775321875 0.1641414140625
6 0.6507059546875 0.0703463203125 0.638428484375 0.0703463203125 0.638428484375 0.1226551234375 0.6547984453125 0.1226551234375 0.6547984453125 0.097402596875 0.9228565578125 0.097402596875 0.9238796812500001 0.10461760312499999 0.93922651875 0.10461760312499999 0.9382033953125 0.0757575765625 0.9228565578125 0.07665945156250001 0.9228565578125 0.0820707078125 0.651729078125 0.0820707078125 0.6507059546875 0.0703463203125
6 0.041948026562500004 0.097402596875 0.3100061375 0.0965007203125 0.3110292609375 0.1226551234375 0.325352978125 0.1226551234375 0.325352978125 0.071248196875 0.3100061375 0.071248196875 0.3089830171875 0.0820707078125 0.0388786578125 0.083874459375 0.037855535937500004 0.07665945156250001 0.028647432812500002 0.07665945156250001 0.027624309375 0.1028138515625 0.039901781250000004 0.10461760312499999 0.041948026562500004 0.097402596875
6 0.040924903125 0.23178210781250003 0.3110292609375 0.23178210781250003 0.3100061375 0.30663780625000003 0.325352978125 0.30663780625000003 0.3263761 0.1641414140625 0.3100061375 0.1632395390625 0.3100061375 0.215548340625 0.0255780640625 0.215548340625 0.0266011859375 0.24621212187500002 0.039901781250000004 0.24621212187500002 0.040924903125 0.23178210781250003
5 0.1739226515625 0.379699675 0.0409208109375 0.379699675 0.0409208109375 0.636728896875 0.1739226515625 0.636728896875 0.1739226515625 0.379699675
4 0.6537661140625 0 0.6537661140625 0.08116883124999999 0.9371731125 0.08116883124999999 0.9371731125 0 0.6537661140625 0
4 0.02658379375 0 0.02658379375 0.08116883124999999 0.3099907921875 0.08116883124999999 0.3099907921875 0 0.02658379375 0
4 0.3110221 0.09650974062499999 0.0276151015625 0.09650974062499999 0.0276151015625 0.21375000000000002 0.3110221 0.21375000000000002 0.3110221 0.09650974062499999
4 0.041948026562500004 0.36255411249999997 0.3100061375 0.36165223750000003 0.3089830171875 0.23358585937499998 0.0450173921875 0.23448773437499998 0.042971146875 0.24711399687500002 0.028647432812500002 0.24711399687500002 0.027624309375 0.354437228125 0.040924903125 0.35533910625 0.041948026562500004 0.36255411249999997
1 0.9371731125 0.30754870156249997 0.8481675875000001 0.30754870156249997 0.8481675875000001 0.3634577921875 0.9371731125 0.3634577921875 0.9371731125 0.30754870156249997
0 0.2414548796875 0.43290584374999996 0.18723756875 0.43290584374999996 0.18723756875 0.473490259375 0.2414548796875 0.473490259375 0.2414548796875 0.43290584374999996
0 0.31307550625 0.38149350625 0.24861878437499998 0.38149350625 0.24861878437499998 0.422077921875 0.31307550625 0.422077921875 0.31307550625 0.38149350625
0 0.31307550625 0.4328896109375 0.24861878437499998 0.4328896109375 0.24861878437499998 0.4743831171875 0.31307550625 0.4743831171875 0.31307550625 0.4328896109375
0 0.31 0.48521103906249996 0.18620626093749998 0.48521103906249996 0.18620626093749998 0.557353896875 0.31 0.557353896875 0.31 0.48521103906249996
6 0.4072027828125 0 0.40822590625000005 0.29401154375 0.41845713125 0.2895021640625 0.420503375 0.24621212187500002 0.4655207703125 0.2453102453125 0.46347452499999997 0.2362914875 0.41948025468749994 0.2371933625 0.420503375 0.165043290625 0.5453243296875 0.165945165625 0.5453243296875 0.2371933625 0.5269081234375 0.2371933625 0.52895436875 0.24801587343749998 0.5453243296875 0.24711399687500002 0.5453243296875 0.2723665234375 0.558624921875 0.270562771875 0.556578678125 0 0.547370575 0 0.543278084375 0.152417028125 0.42152649843749995 0.1515151515625 0.42152649843749995 0 0.4072027828125 0
5 0.5422559859375 0.0009009734375 0.4194751375 0.0009009734375 0.4194751375 0.1533198046875 0.5422559859375 0.1533198046875 0.5422559859375 0.0009009734375
6 0.3887865765625 0.377886003125 0.4051565375 0.3769841265625 0.4051565375 0.4617604609375 0.41948025468749994 0.4608585859375 0.41845713125 0.5330086578125 0.4266421125 0.533910534375 0.4286883578125 0.45634920625 0.41948025468749994 0.45544733125 0.41845713125 0.377886003125 0.5453243296875 0.378787878125 0.547370575 0.45634920625 0.5340699812499999 0.45634920625 0.5340699812499999 0.534812409375 0.4072027828125 0.533910534375 0.4051565375 0.551046175 0.5576018015625 0.552849928125 0.558624921875 0.5357142859375 0.5422549609375 0.5330086578125 0.543278084375 0.46356421406250004 0.5576018015625 0.46356421406250004 0.5576018015625 0.378787878125 0.5760180078125 0.3796897546875 0.5760180078125 0.3634559890625 0.558624921875 0.3634559890625 0.558624921875 0.31836219374999997 0.546347453125 0.31746031874999997 0.5453243296875 0.3643578640625 0.41948025468749994 0.3670634921875 0.41948025468749994 0.3427128421875 0.4051565375 0.3418109671875 0.4061796609375 0.3634559890625 0.390832821875 0.3634559890625 0.3887865765625 0.377886003125
1 0.5463443828125001 0.24711850625 0.4194751375 0.24711850625 0.4194751375 0.36255681875 0.5463443828125001 0.36255681875 0.5463443828125001 0.24711850625
2 0.39410681406250003 0.328463203125 0.40392879062500003 0.340367965625 0.416820134375 0.340367965625 0.4162062609375 0.29220779218750004 0.4051565375 0.2949134203125 0.39226519375 0.32142857187499996 0.39410681406250003 0.328463203125
2 0.570288521875 0.290043290625 0.570288521875 0.2797619046875 0.558624921875 0.270562771875 0.548802946875 0.271645021875 0.548802946875 0.3170995671875 0.5623081640625001 0.3165584421875 0.56108041875 0.310606059375 0.570288521875 0.290043290625
2 0.6526335171875 0.3114772734375 0.6388213625 0.3114772734375 0.6388213625 0.346996753125 0.6526335171875 0.346996753125 0.6526335171875 0.3114772734375
1 0.8298802953125 0.30742694843749996 0.6526243093749999 0.30742694843749996 0.6526243093749999 0.361209415625 0.8298802953125 0.361209415625 0.8298802953125 0.30742694843749996
2 0.5283149171875 0.2374269484375 0.4661602203125 0.2374269484375 0.4661602203125 0.2475730515625 0.5283149171875 0.2475730515625 0.5283149171875 0.2374269484375
7 0.0217587484375 0.1165827921875 0.0016666671875 0.1165827921875 0.0016666671875 0.1933198046875 0.0217587484375 0.1933198046875 0.0217587484375 0.1165827921875
7 0.023434621875 0.2567857140625 0.0033425421875 0.2567857140625 0.0033425421875 0.335 0.023434621875 0.335 0.023434621875 0.2567857140625
7 0.16240331562500002 0.91056818125 0.031813996875 0.91056818125 0.031813996875 0.92975649375 0.16240331562500002 0.92975649375 0.16240331562500002 0.91056818125
7 0.324797421875 0.9135227265625 0.194208103125 0.9135227265625 0.194208103125 0.9327110390625 0.324797421875 0.9327110390625 0.324797421875 0.9135227265625
7 0.46710865625000003 0.9135227265625 0.368324125 0.9135227265625 0.368324125 0.9327110390625 0.46710865625000003 0.9327110390625 0.46710865625000003 0.9135227265625
7 0.5960221 0.9135227265625 0.50058931875 0.9135227265625 0.50058931875 0.9327110390625 0.5960221 0.9327110390625 0.5960221 0.9135227265625
7 0.770138121875 0.9120454546874999 0.6395488031250001 0.9120454546874999 0.6395488031250001 0.9312337656249999 0.770138121875 0.9312337656249999 0.770138121875 0.9120454546874999
7 0.929180478125 0.915 0.801942909375 0.915 0.801942909375 0.9341883109375001 0.929180478125 0.9341883109375001 0.929180478125 0.915