7 0.9550632015625 0.40543771093750003 0.9105828656250001 0.40543771093750003 0.9105828656250001 0.498030303125 0.9550632015625 0.498030303125 0.9550632015625 0.40543771093750003
7 0.9550632015625 0.5709848484375 0.9105828656250001 0.5709848484375 0.9105828656250001 0.7070622890625 0.9550632015625 0.7070622890625 0.9550632015625 0.5709848484375
3 0.14396067343750002 0.8024691359375 0.9550561796875 0.8066778906250001 0.9550561796875 0.708473625 0.9117509374999999 0.708473625 0.9105805234375 0.7463524125000001 0.1463014984375 0.7491582484375 0.14396067343750002 0.8024691359375
7 0.1732233140625 0.6565740734375 0.136945225 0.6565740734375 0.136945225 0.72110269375 0.1732233140625 0.72110269375 0.1732233140625 0.6565740734375
7 0.8731320218749999 0.1837794609375 0.8274859546875 0.1837794609375 0.8274859546875 0.252516834375 0.8731320218749999 0.252516834375 0.8731320218749999 0.1837794609375
3 0.9105805234375 0.40824915781250004 0.9562265906249999 0.405443321875 0.95388576875 0.315656565625 0.8719569281249999 0.3128507296875 0.8719569281249999 0.2946127953125 0.8274812734375001 0.2932098765625 0.8286516859375 0.366161615625 0.9117509374999999 0.366161615625 0.9105805234375 0.40824915781250004
3 0.95389045 0.49943602656249997 0.91175561875 0.49943602656249997 0.91175561875 0.5695875421875 0.95389045 0.5695875421875 0.95389045 0.49943602656249997
4 0.9114466296874999 0.36948653125 0.707429775 0.36948653125 0.707429775 0.5369444437500001 0.9114466296874999 0.5369444437500001 0.9114466296874999 0.36948653125
6 0.6987359546875 0.432098765625 0.704588015625 0.42789001249999997 0.7069288390625 0.367564534375 0.829822096875 0.367564534375 0.8274812734375001 0.331088665625 0.6917134828125 0.3324915828125 0.6917134828125 0.366161615625 0.6987359546875 0.366161615625 0.6987359546875 0.432098765625
6 0.6966292140625 0.5370370375 0.67977528125 0.5378787875000001 0.6804775281250001 0.5479797984375 0.9122191015625001 0.5454545453125 0.910112359375 0.5370370375 0.7043539328125 0.5378787875000001 0.7036516859375 0.4890572390625 0.6966292140625 0.489898990625 0.6966292140625 0.5370370375
1 0.3947368421875 0.6388445859375 0.6098462437500001 0.64061669375 0.6098462437500001 0.536062378125 0.6970727375 0.536062378125 0.6955943234374999 0.3685982625 0.5159668828124999 0.3694843171875 0.515227675 0.579479 0.393997634375 0.5785929484375 0.3947368421875 0.6388445859375
6 0.6509831453125 0.33080808125 0.589887640625 0.33080808125 0.589887640625 0.366161615625 0.6509831453125 0.366161615625 0.6509831453125 0.33080808125
6 0.17275280937499998 0.5631313125 0.17275280937499998 0.5765993265625 0.51404494375 0.578282828125 0.514747190625 0.3678451171875 0.5365168546875 0.36700336718750004 0.5365168546875 0.33164983124999997 0.4901685390625 0.33080808125 0.4908707859375 0.5622895625 0.17275280937499998 0.5631313125
3 0.1720505625 0.55050505 0.13904494375 0.55050505 0.13904494375 0.6136363640625 0.1720505625 0.6136363640625 0.1720505625 0.55050505
3 0.17275280937499998 0.7205387203125 0.1362359546875 0.7205387203125 0.1362359546875 0.75 0.17275280937499998 0.75 0.17275280937499998 0.7205387203125
6 0.0582865171875 0.775252525 0.14396067343750002 0.774410775 0.14466292187500002 0.7491582484375 0.0730337078125 0.747474746875 0.0730337078125 0.5639730640625 0.138342696875 0.5639730640625 0.138342696875 0.5496633 0.063202246875 0.5496633 0.0625 0.747474746875 0.0589887640625 0.747474746875 0.0582865171875 0.775252525
1 0.1348314609375 0.565656565625 0.07233146093750001 0.565656565625 0.07233146093750001 0.7457912453125 0.1348314609375 0.7457912453125 0.1348314609375 0.565656565625
4 0.3862359546875 0.578282828125 0.17345505625 0.578282828125 0.17345505625 0.7483164984374999 0.3862359546875 0.7483164984374999 0.3862359546875 0.578282828125
2 0.36968298593750004 0.6132756125000001 0.3877407703125 0.6126743625 0.387239165625 0.6373256375 0.3932584265625 0.6385281375 0.39476324375 0.6132756125000001 0.4118178171875 0.6144781140625 0.4123194234375 0.6072631078125 0.395264846875 0.60666185625 0.3937600328125 0.5928330921875 0.387239165625 0.5928330921875 0.387239165625 0.60606060625 0.370184590625 0.60666185625 0.36968298593750004 0.6132756125000001
0 0.49230337031250004 0.6539057234375 0.40286516875 0.6539057234375 0.40286516875 0.7487205390625 0.49230337031250004 0.7487205390625 0.49230337031250004 0.6539057234375
2 0.4353932578125 0.670995671875 0.43639646875000004 0.652356903125 0.451946228125 0.6517556515625 0.451444621875 0.6379268875 0.4358948640625 0.6391293890624999 0.4353932578125 0.6204906218749999 0.429373996875 0.6204906218749999 0.43037720625000003 0.6373256375 0.4143258421875 0.6391293890624999 0.4148274484375 0.6517556515625 0.43037720625000003 0.652356903125 0.43087881250000004 0.6715969203125 0.4353932578125 0.670995671875
0 0.606882021875 0.6503703703125 0.5152247187500001 0.6503703703125 0.5152247187500001 0.7487205390625 0.606882021875 0.7487205390625 0.606882021875 0.6503703703125
2 0.5768459078125 0.66919191875 0.5768459078125 0.6511544 0.5918940609375001 0.6511544 0.5918940609375001 0.6385281375 0.5773475125 0.6391293890624999 0.5768459078125 0.6198893703125 0.5698234359375001 0.6204906218749999 0.57132825 0.6391293890624999 0.5552768859375 0.6397306390625 0.55477528125 0.652356903125 0.57132825 0.6529581531249999 0.57132825 0.6703944203125001 0.5768459078125 0.66919191875
4 0.9121769656250001 0.5493518515625 0.6216713484375 0.5493518515625 0.6216713484375 0.747819865625 0.9121769656250001 0.747819865625 0.9121769656250001 0.5493518515625
2 0.6611155703125 0.566378065625 0.6616171750000001 0.5501443 0.6801765640624999 0.5489417999999999 0.6791733546875001 0.5357142859375 0.662620384375 0.5351130359375 0.6621187796875 0.5170755171875 0.654594703125 0.5170755171875 0.6555979125 0.5363155374999999 0.637540128125 0.5351130359375 0.6370385234375 0.5501443 0.6540930984375 0.5495430484375 0.6540930984375 0.5657768171875001 0.6611155703125 0.566378065625
2 0.679674959375 0.464766715625 0.696729534375 0.466570465625 0.6962279296875 0.4888167390625 0.7062600328124999 0.48941799062499997 0.7062600328124999 0.46596921562500004 0.7213081875 0.46596921562500004 0.7213081875 0.4563492078125 0.7062600328124999 0.45695045624999997 0.7057584265625 0.43169793125 0.696729534375 0.43229918125 0.693719903125 0.45574795625000003 0.6801765640624999 0.4563492078125 0.679674959375 0.464766715625
2 0.5607945421875 0.385401634375 0.5653089890625 0.3866041359375 0.5668138046875 0.36796536875 0.5883828249999999 0.3685666171875 0.5883828249999999 0.33008658125 0.567315409375 0.3294853296875 0.567315409375 0.31144781093749996 0.5602929375000001 0.3108465609375 0.5602929375000001 0.33128908125 0.53772070625 0.3306878296875 0.53772070625 0.3685666171875 0.5602929375000001 0.3685666171875 0.5607945421875 0.385401634375
2 0.6681380421875 0.3860028859375 0.674157303125 0.3872053875 0.674157303125 0.3685666171875 0.69271669375 0.36796536875 0.69271669375 0.328282828125 0.674658909375 0.327681578125 0.674658909375 0.309042809375 0.668639646875 0.309644059375 0.6691412515625 0.328282828125 0.651585071875 0.328282828125 0.6520866765625 0.36916786875 0.6676364375 0.3703703703125 0.6681380421875 0.3860028859375
2 0.11486757656249999 0.6391293890624999 0.136436596875 0.640331890625 0.136436596875 0.6541606546875001 0.1750601921875 0.6547619046875 0.1745585875 0.6391293890624999 0.1865971109375 0.6397306390625 0.188101925 0.634319384375 0.1725521671875 0.6337181328125 0.17305377187499998 0.615079365625 0.1379414125 0.6144781140625 0.136436596875 0.63131313125 0.1143659703125 0.63071188125 0.11486757656249999 0.6391293890624999
2 0.813101925 0.27777777812500004 0.8281500796874999 0.27657527656249997 0.8286516859375 0.29401154375 0.8747993578125 0.29341029218750003 0.8747993578125 0.2771765265625 0.8893459078125 0.27657527656249997 0.8873394859375001 0.2681577671875 0.874297753125 0.2681577671875 0.8732945421875 0.25312650312499996 0.829153290625 0.2519240015625 0.8271468687500001 0.2681577671875 0.8141051359375 0.265752765625 0.813101925 0.27777777812500004
6 0.3932584265625 0.5777104375000001 0.3880898875 0.5777104375000001 0.3880898875 0.5945454546875 0.3932584265625 0.5945454546875 0.3932584265625 0.5777104375000001
6 0.414695446875 0.6521353890625 0.41321703125000003 0.64061669375 0.3873447671875 0.6397306390625 0.3880839734375 0.7513733828125 0.40065050312499995 0.7504873296875 0.4013897109375 0.6530214421875 0.414695446875 0.6521353890625
6 0.515227675 0.7451710078125 0.5137492609375001 0.6494772296875 0.555144884375 0.6494772296875 0.55366646875 0.641502746875 0.45239503281250004 0.641502746875 0.45239503281250004 0.651249334375 0.4923122421875 0.65036328125 0.49379065625 0.7460570625 0.515227675 0.7451710078125
6 0.62019515 0.7513733828125 0.62019515 0.5475810734375 0.6364577171875 0.5493531796875 0.635718509375 0.537834484375 0.6113246593749999 0.5387205390625 0.61206386875 0.641502746875 0.5928444703125 0.6423888 0.5921052625 0.651249334375 0.6061502062499999 0.651249334375 0.607628621875 0.7513733828125 0.62019515 0.7513733828125
6 0.8301301015625 0.08949140625 0.5958013 0.08949140625 0.59506209375 0.32961190937499996 0.6068894140625 0.3287258546875 0.6068894140625 0.11607300937500001 0.82939089375 0.11518695781249999 0.8301301015625 0.08949140625
4 0.8286516859375 0.1169528625 0.6083707859375 0.1169528625 0.6083707859375 0.3296127953125 0.8286516859375 0.3296127953125 0.8286516859375 0.1169528625
3 0.8715238765625 0.08860269374999999 0.8301334265625 0.08860269374999999 0.8301334265625 0.1834175078125 0.8715238765625 0.1834175078125 0.8715238765625 0.08860269374999999
1 0.9180958015625 0.1541733109375 0.8907451203125 0.12227538593750001 0.8744825546874999 0.12316143906250002 0.8730041390625001 0.3154350515625 0.9180958015625 0.3127768921875 0.9180958015625 0.1541733109375
6 0.9180958015625 0.1524012046875 0.9188350078124999 0.3145489984375 0.9277055000000001 0.3145489984375 0.9277055000000001 0.1479709375 0.8951803671875 0.10898458281250001 0.873743346875 0.10987063593749999 0.8730041390625001 0.12138933125 0.8907451203125 0.11961722500000001 0.9180958015625 0.1524012046875