7 0.9301679109375 0.37237403125 0.8888619406249999 0.37237403125 0.8888619406249999 0.622936046875 0.9301679109375 0.622936046875 0.9301679109375 0.37237403125
7 0.3518190296875 0.8983817828125 0.2278824625 0.8983817828125 0.2278824625 0.9454554265624999 0.3518190296875 0.9454554265624999 0.3518190296875 0.8983817828125
7 0.5730317171875 0.895610465625 0.44909515000000005 0.895610465625 0.44909515000000005 0.9426841078124999 0.5730317171875 0.9426841078124999 0.5730317171875 0.895610465625
7 0.8275652984375 0.8997674421875 0.726277984375 0.8997674421875 0.726277984375 0.945465115625 0.8275652984375 0.945465115625 0.8275652984375 0.8997674421875
4 0.6540764921875 0.23712209374999998 0.183274253125 0.23712209374999998 0.183274253125 0.48221899218750003 0.6540764921875 0.48221899218750003 0.6540764921875 0.23712209374999998
7 0.5570429109374999 0.1868798453125 0.43310634375 0.1868798453125 0.43310634375 0.22978682187500002 0.5570429109374999 0.22978682187500002 0.5570429109374999 0.1868798453125
5 0.9381623140625001 0.060901162499999995 0.8435541046875 0.060901162499999995 0.8435541046875 0.18964147343749999 0.9381623140625001 0.18964147343749999 0.9381623140625001 0.060901162499999995
4 0.886744403125 0.6885562015625 0.6749347015625 0.6885562015625 0.6749347015625 0.8926065890625001 0.886744403125 0.8926065890625001 0.886744403125 0.6885562015625
2 0.7986509749999999 0.7297257015625 0.8079793343749999 0.7312164578125 0.8072617687499999 0.69022063125 0.8517508625 0.69022063125 0.8517508625 0.6678592734375 0.8065442015625001 0.6671138937500001 0.8065442015625001 0.6238819328125 0.799368540625 0.6231365546875 0.8000861078125 0.6678592734375 0.755597015625 0.6671138937500001 0.755597015625 0.6917113890625 0.7986509749999999 0.6917113890625 0.7986509749999999 0.7297257015625
4 0.6540858203125001 0.5016085265625 0.184384328125 0.5016085265625 0.184384328125 0.8926162796874999 0.6540858203125001 0.8926162796874999 0.6540858203125001 0.5016085265625
2 0.5159299671875 0.538908765625 0.5152124 0.5016398328125 0.56759471875 0.5016398328125 0.5661595859374999 0.48002385312499996 0.517365096875 0.4815146078125 0.5159299671875 0.44275491875000006 0.509471871875 0.44499105625 0.5101894359375 0.48076923125000004 0.4578071171875 0.4815146078125 0.4578071171875 0.5023852109375 0.50875430625 0.5023852109375 0.509471871875 0.53965414375 0.5159299671875 0.538908765625
2 0.6163892078125001 0.3138044125 0.652267509375 0.3123136546875 0.6529850749999999 0.3637447828125 0.6730769234375 0.3652355390625 0.6737944890625001 0.313059034375 0.7118254890625 0.31156827656249997 0.7125430546875 0.304114490625 0.6737944890625001 0.304114490625 0.67451205625 0.251937984375 0.6537026406249999 0.251937984375 0.6537026406249999 0.3026237328125 0.6178243390625 0.3033691125 0.6163892078125001 0.3138044125
2 0.744833525 0.2653548 0.75272675 0.266100178125 0.75272675 0.23553965468750002 0.8008036734375 0.23553965468750002 0.8008036734375 0.185599284375 0.7541618828125001 0.18485390468750001 0.7541618828125001 0.1572748953125 0.7455510921874999 0.1572748953125 0.74626865625 0.18634466249999998 0.6960390359375 0.185599284375 0.6967566 0.23553965468750002 0.7455510921874999 0.23553965468750002 0.744833525 0.2653548
1 0.8285820890625001 0.0672577515625 0.5992164171875001 0.0672577515625 0.5992164171875001 0.18468023281249998 0.8285820890625001 0.18468023281249998 0.8285820890625001 0.0672577515625
7 0.804402984375 0.04995155 0.6092164171875 0.04995155 0.6092164171875 0.0648546515625 0.804402984375 0.0648546515625 0.804402984375 0.04995155
6 0.5970149250000001 0.0641025640625 0.6092135484375001 0.0641025640625 0.6092135484375001 0.049940370312499996 0.58051090625 0.049940370312499996 0.58051090625 0.19007155625 0.5962973593750001 0.18932617812500002 0.5970149250000001 0.0641025640625
6 0.8316590125 0.1885807984375 0.8452927671875001 0.18932617812500002 0.8467279 0.049940370312499996 0.8051090703125 0.049940370312499996 0.8051090703125 0.0648479421875 0.832376578125 0.0641025640625 0.8316590125 0.1885807984375
3 0.6960354484375 0.186337209375 0.5575466421875 0.186337209375 0.5575466421875 0.234786821875 0.6960354484375 0.234786821875 0.6960354484375 0.186337209375
6 0.67165111875 0.2340503875 0.6551399250000001 0.2340503875 0.6551399250000001 0.2526937984375 0.67165111875 0.2526937984375 0.67165111875 0.2340503875
3 0.884758896875 0.3711985703125 0.92996555625 0.3711985703125 0.92996555625 0.1885807984375 0.8015212406250001 0.1870900421875 0.8022388062499999 0.23553965468750002 0.8840413328125001 0.2362850328125 0.884758896875 0.3711985703125
3 0.22818599218750002 0.8966756109375 0.1836969 0.8966756109375 0.1801090703125 0.2362850328125 0.43269230781249995 0.234794275 0.43197474218750004 0.1870900421875 0.13849024062499998 0.1878354203125 0.1392078078125 0.9436344671875 0.22818599218750002 0.9436344671875 0.22818599218750002 0.8966756109375
3 0.45063432812500004 0.8959302328125001 0.351604478125 0.8959302328125001 0.351604478125 0.9436434109375 0.45063432812500004 0.9436434109375 0.45063432812500004 0.8959302328125001
3 0.727611940625 0.8951937984375 0.571902984375 0.8951937984375 0.571902984375 0.9443798453125 0.727611940625 0.9443798453125 0.727611940625 0.8951937984375
3 0.8876291625 0.8966756109375 0.82663605 0.8966756109375 0.827353615625 0.9443798453125 0.92996555625 0.9443798453125 0.92996555625 0.62535778125 0.8876291625 0.623867025 0.8861940296874999 0.6723166375 0.888346728125 0.6842426953125 0.8876291625 0.8966756109375
6 0.888358209375 0.6685852718749999 0.85175373125 0.6685852718749999 0.85175373125 0.68870155 0.888358209375 0.68870155 0.888358209375 0.6685852718749999
6 0.67235935625 0.669335121875 0.670924225 0.3652355390625 0.6537026406249999 0.36449016093750003 0.6544202078125 0.4822599890625 0.566877153125 0.48300536562499996 0.5661595859374999 0.500149075 0.655137771875 0.500149075 0.655137771875 0.8951997609375001 0.6716417906250001 0.8959451390625001 0.67235935625 0.6879695890625 0.755597015625 0.687224209375 0.755597015625 0.66858974375 0.67235935625 0.669335121875
6 0.45780783593749996 0.481511628125 0.182975746875 0.481511628125 0.182975746875 0.5001550390625 0.45780783593749996 0.5001550390625 0.45780783593749996 0.481511628125
1 0.8834514921875 0.23597868281249998 0.6749440296875 0.23597868281249998 0.6749440296875 0.666889534375 0.8834514921875 0.666889534375 0.8834514921875 0.23597868281249998