1 0.34763636249999996 0.149131765625 0.503272728125 0.1481103171875 0.504727271875 0.229826353125 0.6174545453125 0.228804903125 0.6181818171875 0.149131765625 0.9338181828125001 0.147088865625 0.9330909093749999 0.057201225 0.64 0.0582226765625 0.5941818171875 0.0459652703125 0.5847272718750001 0.1246169546875 0.349090909375 0.06639428124999999 0.34763636249999996 0.149131765625
6 0.9339999999999999 0.14887640468750002 0.943 0.14887640468750002 0.942 0.0435393265625 0.641 0.0435393265625 0.46900000000000003 0.00140449375 0.46900000000000003 0.01404494375 0.641 0.056179775 0.9339999999999999 0.056179775 0.9339999999999999 0.14887640468750002
6 0.581 0.10955056249999999 0.337 0.047752809375 0.337 0.14887640468750002 0.34700000000000003 0.14887640468750002 0.346 0.063202246875 0.5820000000000001 0.1207865171875 0.581 0.10955056249999999
5 0.466 0.012640450000000001 0.458 0.07865168593750001 0.585 0.11095505624999999 0.5940000000000001 0.0435393265625 0.466 0.012640450000000001
7 0.282 0.9171460671875 0.20600000000000002 0.9171460671875 0.20600000000000002 0.9452359546875 0.282 0.9452359546875 0.282 0.9171460671875
7 0.429 0.9171460671875 0.346008 0.9171460671875 0.346008 0.9452359546875 0.429 0.9452359546875 0.429 0.9171460671875
7 0.576992 0.9157303375 0.511008 0.9157303375 0.511008 0.943820225 0.576992 0.943820225 0.576992 0.9157303375
7 0.718 0.9171460671875 0.6520159999999999 0.9171460671875 0.6520159999999999 0.9452359546875 0.718 0.9452359546875 0.718 0.9171460671875
7 0.889992 0.9171460671875 0.797016 0.9171460671875 0.797016 0.9452359546875 0.889992 0.9452359546875 0.889992 0.9171460671875
3 0.20600800000000002 0.9157191015624999 0.153 0.9157191015624999 0.153 0.9452247187499999 0.20600800000000002 0.9452247187499999 0.20600800000000002 0.9157191015624999
3 0.348008 0.91713483125 0.28300000000000003 0.91713483125 0.28300000000000003 0.94664045 0.348008 0.94664045 0.348008 0.91713483125
3 0.512008 0.91713483125 0.427992 0.91713483125 0.427992 0.94664045 0.512008 0.94664045 0.512008 0.91713483125
3 0.652008 0.91713483125 0.576984 0.91713483125 0.576984 0.94664045 0.652008 0.94664045 0.652008 0.91713483125
3 0.798008 0.91713483125 0.717992 0.91713483125 0.717992 0.94664045 0.798008 0.94664045 0.798008 0.91713483125
3 0.9670159999999999 0.9157191015624999 0.891 0.9157191015624999 0.891 0.9452247187499999 0.9670159999999999 0.9452247187499999 0.9670159999999999 0.9157191015624999
3 0.9530239999999999 0.1502808984375 0.9 0.1502808984375 0.9 0.1797865171875 0.9530239999999999 0.1797865171875 0.9530239999999999 0.1502808984375
4 0.7556320000000001 0.26251685468749997 0.48363199999999995 0.26251685468749997 0.48363199999999995 0.5393258421875 0.7556320000000001 0.5393258421875 0.7556320000000001 0.26251685468749997
3 0.651032 0.2317415734375 0.592008 0.2317415734375 0.592008 0.261247190625 0.651032 0.261247190625 0.651032 0.2317415734375
4 0.473448 0.1828314609375 0.189816 0.1828314609375 0.189816 0.538292134375 0.473448 0.538292134375 0.473448 0.1828314609375
3 0.351024 0.1516966296875 0.298 0.1516966296875 0.298 0.181202246875 0.351024 0.181202246875 0.351024 0.1516966296875
6 0.188 0.1825842703125 0.180992 0.1825842703125 0.180992 0.39467415781250004 0.188 0.39467415781250004 0.188 0.1825842703125
3 0.239024 0.15030337031250002 0.16100799999999998 0.15030337031250002 0.16100799999999998 0.1798089890625 0.239024 0.1798089890625 0.239024 0.15030337031250002
3 0.062007999999999994 0.18259550625 0.048008 0.18259550625 0.048008 0.5505730343749999 0.062007999999999994 0.5505730343749999 0.062007999999999994 0.18259550625
3 0.100024 0.15030337031250002 0.031016 0.15030337031250002 0.031016 0.1798089890625 0.100024 0.1798089890625 0.100024 0.15030337031250002
7 0.45199999999999996 0.150292134375 0.388 0.150292134375 0.388 0.17838202187500002 0.45199999999999996 0.17838202187500002 0.45199999999999996 0.150292134375
7 0.298 0.15168539375 0.238 0.15168539375 0.238 0.17977528125 0.298 0.17977528125 0.298 0.15168539375
4 0.179632 0.1828314609375 0.06472 0.1828314609375 0.06472 0.44840449375 0.179632 0.44840449375 0.179632 0.1828314609375
7 0.16100799999999998 0.15168539375 0.10100800000000001 0.15168539375 0.10100800000000001 0.17977528125 0.16100799999999998 0.17977528125 0.16100799999999998 0.15168539375
4 0.9207272718749999 0.452502553125 0.9294545453125 0.4494382015625 0.9301818171875 0.18181818125 0.765090909375 0.18181818125 0.765090909375 0.5372829421875001 0.9221818171875 0.53830439375 0.9207272718749999 0.452502553125
7 0.8660080000000001 0.15168539375 0.8080080000000001 0.15168539375 0.8080080000000001 0.17977528125 0.8660080000000001 0.17977528125 0.8660080000000001 0.15168539375
6 0.482008 0.26264045 0.47600800000000004 0.26264045 0.47600800000000004 0.42135955 0.482008 0.42135955 0.482008 0.26264045
6 0.763 0.26264045 0.757992 0.26264045 0.757992 0.42275280937500004 0.763 0.42275280937500004 0.763 0.26264045
6 0.9369999999999999 0.181179775 0.931 0.181179775 0.931 0.40731460625000004 0.9369999999999999 0.40731460625000004 0.9369999999999999 0.181179775
3 0.47418181718749997 0.26251276875 0.5163636375 0.26353421875 0.5163636375 0.23289070625 0.501090909375 0.23391215468749998 0.5018181828125 0.15219611875 0.45236363749999997 0.1511746671875 0.45163636250000005 0.18181818125 0.47418181718749997 0.1807967296875 0.47418181718749997 0.26251276875
3 0.728 0.26251276875 0.7636363625 0.2614913171875 0.762909090625 0.17977528125 0.808 0.1807967296875 0.807272728125 0.15015321875 0.7425454546875 0.1511746671875 0.7425454546875 0.2318692546875 0.727272728125 0.2308478046875 0.728 0.26251276875
7 0.557088 0.2318764046875 0.517088 0.2318764046875 0.517088 0.2594494375 0.557088 0.2594494375 0.557088 0.2318764046875
2 0.3701818171875 0.202247190625 0.370909090625 0.18283963125 0.3883636375 0.18283963125 0.3876363625 0.149131765625 0.370909090625 0.147088865625 0.3701818171875 0.1348314609375 0.3643636375 0.1348314609375 0.3643636375 0.147088865625 0.349090909375 0.1511746671875 0.349090909375 0.18181818125 0.362909090625 0.18181818125 0.3643636375 0.202247190625 0.3701818171875 0.202247190625
2 0.5701818171874999 0.2768130734375 0.5774545453125 0.2778345265625 0.5781818171875 0.26251276875 0.592 0.26251276875 0.592 0.23289070625 0.5789090906250001 0.2318692546875 0.5796363625 0.2185903984375 0.5745454546875 0.216547496875 0.5738181828125 0.23289070625 0.5563636375 0.23289070625 0.5563636375 0.26353421875 0.5709090906250001 0.26353421875 0.5701818171874999 0.2768130734375
1 0.741824 0.169573034375 0.632 0.169573034375 0.632 0.23289887656250002 0.741824 0.23289887656250002 0.741824 0.169573034375
2 0.6865454546875001 0.186925434375 0.6916363624999999 0.1879468859375 0.6923636375 0.169560775 0.7294545453125 0.169560775 0.728 0.1511746671875 0.6930909093750001 0.15015321875 0.6930909093750001 0.131767109375 0.6865454546875001 0.132788559375 0.6865454546875001 0.15015321875 0.6516363625 0.149131765625 0.650909090625 0.16853932656249998 0.6872727281250001 0.16853932656249998 0.6865454546875001 0.186925434375
2 0.6872727281250001 0.275791625 0.6938181828125 0.2778345265625 0.6930909093750001 0.2614913171875 0.725090909375 0.2614913171875 0.7265454546875 0.229826353125 0.6923636375 0.2308478046875 0.6923636375 0.2145045953125 0.6872727281250001 0.2145045953125 0.688 0.2308478046875 0.6523636374999999 0.229826353125 0.6516363625 0.26251276875 0.6858181828125 0.26353421875 0.6872727281250001 0.275791625
2 0.8800000000000001 0.1981613890625 0.887272728125 0.20020429062499998 0.887272728125 0.18181818125 0.8996363625000001 0.1807967296875 0.8996363625000001 0.149131765625 0.8887272718749999 0.1481103171875 0.890909090625 0.132788559375 0.8821818171875 0.132788559375 0.882909090625 0.147088865625 0.866909090625 0.147088865625 0.8661818171875 0.18283963125 0.8800000000000001 0.18283963125 0.8800000000000001 0.1981613890625
3 0.754909090625 0.561797753125 0.768 0.562600321875 0.9381818171875 0.5628192015625 0.9374545453125 0.913176709375 0.952 0.9121552609375 0.952727271875 0.560776303125 0.9665454546875001 0.5628192015625 0.9665454546875001 0.54136874375 0.9418181828125001 0.5434116453125 0.9418181828125001 0.47599591406249997 0.9534545453125001 0.47497446249999997 0.9541818171875001 0.4535240046875 0.922909090625 0.451481103125 0.9236363624999999 0.5403472921875 0.752 0.54239019375 0.752 0.5628192015625 0.754909090625 0.561797753125
2 0.9156363624999999 0.4361593453125 0.9294545453125 0.4361593453125 0.9301818171875 0.451481103125 0.941090909375 0.451481103125 0.9403636375 0.435137896875 0.952727271875 0.43309499531249995 0.952727271875 0.42594484218749995 0.9381818171875 0.4269662921875 0.938909090625 0.40960163437499997 0.9301818171875 0.408580184375 0.9301818171875 0.4269662921875 0.9163636374999999 0.4269662921875 0.9156363624999999 0.4361593453125
2 0.736727271875 0.45454545468749996 0.7556363625 0.4565883546875 0.7563636375 0.4800817171875 0.7658181828124999 0.4800817171875 0.7665454546875 0.45454545468749996 0.7825454546875 0.45454545468749996 0.784727271875 0.44739530156249996 0.7643636375 0.4463738515625 0.765090909375 0.4239019421875 0.754909090625 0.422880490625 0.754909090625 0.4463738515625 0.738909090625 0.4433094984375 0.736727271875 0.45454545468749996
3 0.1891428578125 0.562600321875 0.4902857140625 0.5642054578125 0.4908571421875 0.5393258421875 0.188571428125 0.5417335484375 0.188 0.4526484734375 0.1737142859375 0.4518459078125 0.172 0.5714285703125 0.1891428578125 0.5730337078125001 0.1891428578125 0.562600321875
2 0.455272728125 0.4565883546875 0.47563636249999997 0.45556690624999996 0.47563636249999997 0.478038815625 0.48363636249999997 0.479060265625 0.48509090937500005 0.45454545468749996 0.5003636375 0.45556690624999996 0.501090909375 0.4463738515625 0.48363636249999997 0.4463738515625 0.48290909062500004 0.422880490625 0.47418181718749997 0.422880490625 0.47490909062500003 0.4453524 0.45599999999999996 0.4453524 0.455272728125 0.4565883546875
2 0.16945454531249998 0.42492339062499995 0.181090909375 0.4269662921875 0.181090909375 0.451481103125 0.1905454546875 0.452502553125 0.191272728125 0.42798774218749996 0.200727271875 0.42900919374999996 0.2014545453125 0.42083758906249996 0.191272728125 0.4198161390625 0.189090909375 0.395301328125 0.1803636375 0.395301328125 0.181090909375 0.4157303375 0.1716363625 0.4157303375 0.16945454531249998 0.42492339062499995
1 0.4843636375 0.6332992859375 0.48509090937500005 0.6945863125 0.5381818171874999 0.6956077640625 0.538909090625 0.5638406546875 0.24945454531250003 0.5648621031250001 0.247272728125 0.6414708874999999 0.24 0.6414708874999999 0.239272728125 0.6833503578125 0.301090909375 0.6853932578124999 0.3025454546875 0.6343207343749999 0.4843636375 0.6332992859375
2 0.5061818171875 0.5640595375 0.504 0.5824456453125 0.512 0.5855099953125 0.512727271875 0.5650809859375 0.527272728125 0.5671238875 0.527272728125 0.5395447265625 0.5134545453125 0.5385232734375001 0.512727271875 0.52524441875 0.506909090625 0.5232015171875 0.506909090625 0.5385232734375001 0.4908571421875 0.5369181375000001 0.49090909062500004 0.5640595375 0.5061818171875 0.5640595375
6 0.716571428125 0.7006420546875 0.7137142859375001 0.6998394859375 0.712571428125 0.6340288921874999 0.7068571421875001 0.6324237546875 0.707428571875 0.65008025625 0.704 0.6492776874999999 0.703428571875 0.655698234375 0.708 0.6565008015625 0.708571428125 0.703049759375 0.6422857140625 0.703852328125 0.640571428125 0.6581059390624999 0.6737142859375 0.6581059390624999 0.6742857140625 0.65008025625 0.6417142859375 0.6508828249999999 0.6417142859375 0.565008025 0.628 0.562600321875 0.627428571875 0.7054574625 0.7148571421875001 0.7086677375 0.716571428125 0.7006420546875
6 0.714184 0.5607640453125 0.7076399999999999 0.5607640453125 0.7076399999999999 0.5873258421875 0.714184 0.5873258421875 0.714184 0.5607640453125
1 0.75492 0.5648539328125 0.7156399999999999 0.5648539328125 0.7156399999999999 0.69968539375 0.75492 0.69968539375 0.75492 0.5648539328125
2 0.7316363625 0.5812053125000001 0.7374545453125 0.5801838609375001 0.736727271875 0.5648621031250001 0.751272728125 0.561797753125 0.7498181828125 0.5393258421875 0.7381818171875 0.5393258421875 0.7374545453125 0.520939734375 0.7301818171875001 0.521961184375 0.730909090625 0.5372829421875001 0.717090909375 0.5393258421875 0.7163636375 0.5648621031250001 0.7301818171875001 0.5669050046875 0.7316363625 0.5812053125000001
2 0.7381818171875 0.618998978125 0.7541818171875 0.618998978125 0.7534545453125 0.6384065375 0.765090909375 0.6373850875 0.7636363625 0.6230847796875 0.7796363625 0.618998978125 0.7781818171875 0.6067415734375 0.762909090625 0.6077630218750001 0.762909090625 0.591419815625 0.7534545453125 0.5893769140625 0.7541818171875 0.6077630218750001 0.735272728125 0.6067415734375 0.7381818171875 0.618998978125
0 0.706912 0.659842696875 0.642912 0.659842696875 0.642912 0.7017303375 0.706912 0.7017303375 0.706912 0.659842696875
2 0.6938181828125 0.67824310625 0.6923636375 0.6618998984375 0.7047272718750001 0.660878446875 0.703272728125 0.6486210421874999 0.6930909093750001 0.6496424921874999 0.6938181828125 0.6292134828125 0.6865454546875001 0.6302349328125 0.6872727281250001 0.6475995906249999 0.6756363624999999 0.6486210421874999 0.674909090625 0.6618998984375 0.6865454546875001 0.6629213484375 0.6872727281250001 0.6792645546875 0.6938181828125 0.67824310625
2 0.6945454546875001 0.614913178125 0.7047272718750001 0.6159346265625001 0.7054545453125 0.632277834375 0.7141818171875001 0.6332992859375 0.7163636375 0.6179775281250001 0.728727271875 0.6169560781250001 0.728727271875 0.6067415734375 0.714909090625 0.604698671875 0.7156363625 0.590398365625 0.7061818171875001 0.5893769140625 0.706909090625 0.6036772218750001 0.695272728125 0.6067415734375 0.6945454546875001 0.614913178125
4 0.75564 0.708887640625 0.62836 0.708887640625 0.62836 0.9162359546875001 0.75564 0.9162359546875001 0.75564 0.708887640625
2 0.730909090625 0.731358528125 0.7345454546875 0.7323799796875 0.736727271875 0.7099080703125 0.749090909375 0.70888661875 0.7498181828125 0.6945863125 0.736 0.6935648624999999 0.736727271875 0.674157303125 0.7301818171875001 0.674157303125 0.730909090625 0.6956077640625 0.7156363625 0.6966292140625 0.717090909375 0.7129724203125 0.7316363625 0.70888661875 0.730909090625 0.731358528125
6 0.5297142859374999 0.7070626 0.6097142859375 0.7086677375 0.6091428578125 0.702247190625 0.544571428125 0.702247190625 0.5422857140625 0.6589085078125 0.5468571421874999 0.6589085078125 0.5468571421874999 0.6532905296875 0.544 0.6532905296875 0.544 0.6340288921874999 0.5388571421874999 0.6348314609375 0.540571428125 0.69823435 0.5291428578125 0.69823435 0.5297142859374999 0.7070626
2 0.5563636375 0.68130745625 0.560727271875 0.68028600625 0.5614545453125 0.660878446875 0.5701818171874999 0.660878446875 0.5709090906250001 0.6506639437499999 0.5614545453125 0.6475995906249999 0.5621818171874999 0.6353421859374999 0.554909090625 0.6343207343749999 0.554909090625 0.6475995906249999 0.5483636375 0.6486210421874999 0.546909090625 0.660878446875 0.557090909375 0.660878446875 0.5563636375 0.68130745625
2 0.5221818171875 0.6179775281250001 0.5374545453125 0.6169560781250001 0.536727271875 0.6332992859375 0.5483636375 0.632277834375 0.5483636375 0.6179775281250001 0.5592727281250001 0.6169560781250001 0.5592727281250001 0.6077630218750001 0.546909090625 0.6067415734375 0.546909090625 0.5893769140625 0.5374545453125 0.590398365625 0.5381818171874999 0.604698671875 0.5221818171875 0.6026557703125001 0.5221818171875 0.6179775281250001
2 0.517090909375 0.731358528125 0.5156363625 0.7129724203125 0.530909090625 0.7129724203125 0.528727271875 0.6976506625 0.5163636375 0.6976506625 0.514909090625 0.6721144015625 0.509090909375 0.6762002046875 0.5083636375 0.6935648624999999 0.496 0.6956077640625 0.49527272812499995 0.7099080703125 0.5061818171875 0.7078651687499999 0.509090909375 0.7323799796875 0.517090909375 0.731358528125
4 0.47272 0.6496516859375 0.31272 0.6496516859375 0.31272 0.913179775 0.47272 0.913179775 0.47272 0.6496516859375
2 0.4 0.6567926453124999 0.40800000000000003 0.6588355453125 0.408727271875 0.6496424921874999 0.426909090625 0.6475995906249999 0.42836363750000006 0.6343207343749999 0.408727271875 0.6343207343749999 0.4094545453125 0.6241062312500001 0.400727271875 0.6200204296875 0.39927272812500003 0.632277834375 0.381090909375 0.6332992859375 0.381090909375 0.6475995906249999 0.4 0.6475995906249999 0.4 0.6567926453124999
4 0.30255200000000004 0.699707865625 0.191272 0.699707865625 0.191272 0.9162471906249999 0.30255200000000004 0.9162471906249999 0.30255200000000004 0.699707865625
2 0.2814545453125 0.70888661875 0.2814545453125 0.6986721140625 0.296727271875 0.6986721140625 0.295272728125 0.6864147078125 0.280727271875 0.6864147078125 0.27999999999999997 0.674157303125 0.2734545453125 0.675178753125 0.272727271875 0.687436159375 0.2596363625 0.687436159375 0.258909090625 0.6986721140625 0.272727271875 0.7007150156249999 0.272727271875 0.7099080703125 0.2814545453125 0.70888661875
6 0.23657142812499998 0.6861958265625 0.23771428593750002 0.6805778499999999 0.23199999999999998 0.68138041875 0.23199999999999998 0.6878009640625 0.1897142859375 0.6869983953125 0.1897142859375 0.6966292140625 0.2582857140625 0.6950240765625 0.2582857140625 0.6861958265625 0.23657142812499998 0.6861958265625
2 0.22109090937500003 0.6690500515625 0.22981818281250002 0.6700715015625 0.231272728125 0.68028600625 0.24072727187499998 0.6792645546875 0.24072727187499998 0.66700715 0.248727271875 0.6680286 0.2501818171875 0.6598569984375 0.24072727187499998 0.6578140968749999 0.24072727187499998 0.6496424921874999 0.23199999999999998 0.6475995906249999 0.231272728125 0.6618998984375 0.22109090937500003 0.6618998984375 0.22109090937500003 0.6690500515625
6 0.296727271875 0.6966292140625 0.3054545453125 0.6966292140625 0.303272728125 0.9162410624999999 0.311272728125 0.9152196109374999 0.3105454546875 0.6465781421875 0.3803636375 0.6465781421875 0.3803636375 0.6353421859374999 0.303272728125 0.6363636359375 0.304727271875 0.687436159375 0.296 0.688457609375 0.296727271875 0.6966292140625
6 0.47345454531250003 0.9141981625 0.48072727187500003 0.9162410624999999 0.48290909062500004 0.70888661875 0.4945454546875 0.7099080703125 0.4945454546875 0.6976506625 0.4821818171875 0.6945863125 0.4814545453125 0.6353421859374999 0.42763636250000003 0.6353421859374999 0.42836363750000006 0.645556690625 0.47418181718749997 0.6475995906249999 0.47345454531250003 0.9141981625
3 0.7170880000000001 0.5413707859375 0.528 0.5413707859375 0.528 0.5607865171874999 0.7170880000000001 0.5607865171874999 0.7170880000000001 0.5413707859375
6 0.54472 0.5628202250000001 0.539632 0.5628202250000001 0.539632 0.587337078125 0.54472 0.587337078125 0.54472 0.5628202250000001
6 0.7563636375 0.70888661875 0.7563636375 0.9152196109374999 0.7621818171875 0.9141981625 0.7614545453125 0.6373850875 0.7556363625 0.6384065375 0.7556363625 0.7027579171875 0.751272728125 0.7007150156249999 0.7498181828125 0.70888661875 0.7563636375 0.70888661875
4 0.937464 0.56486516875 0.762184 0.56486516875 0.762184 0.9141910109375001 0.937464 0.9141910109375001 0.937464 0.56486516875
0 0.70692 0.5628314609375 0.64364 0.5628314609375 0.64364 0.6486292140625001 0.70692 0.6486292140625001 0.70692 0.5628314609375
0 0.608744 0.5648764046875 0.5454640000000001 0.5648764046875 0.5454640000000001 0.6506741578125 0.608744 0.6506741578125 0.608744 0.5648764046875
0 0.608 0.659842696875 0.544 0.659842696875 0.544 0.7017303375 0.608 0.7017303375 0.608 0.659842696875
4 0.609464 0.7098988765625001 0.482184 0.7098988765625001 0.482184 0.9172471906249999 0.609464 0.9172471906249999 0.609464 0.7098988765625001
1 0.23199999999999998 0.6414606734375 0.189824 0.6414606734375 0.189824 0.68640449375 0.23199999999999998 0.68640449375 0.23199999999999998 0.6414606734375
6 0.629090909375 0.166496425 0.6501818171875 0.166496425 0.6501818171875 0.1511746671875 0.6203636375 0.1511746671875 0.618909090625 0.229826353125 0.629090909375 0.2308478046875 0.629090909375 0.166496425
6 0.742544 0.150157303125 0.729456 0.150157303125 0.729456 0.16853932656249998 0.742544 0.16853932656249998 0.742544 0.150157303125
6 0.084571428125 0.4895666140625 0.092571428125 0.4887640453125 0.09314285781250001 0.4638844296875 0.172 0.4630818625 0.1731428578125 0.4518459078125 0.06342857187499999 0.4494382015625 0.064 0.45666131718749997 0.0851428578125 0.45666131718749997 0.084571428125 0.4895666140625
6 0.483424 0.47913483125 0.474848 0.47913483125 0.474848 0.539337078125 0.483424 0.539337078125 0.483424 0.47913483125
3 0.6268640000000001 0.5626067421875 0.6108640000000001 0.5626067421875 0.6108640000000001 0.9173483140625001 0.6268640000000001 0.9173483140625001 0.6268640000000001 0.5626067421875
6 0.61028 0.65168539375 0.5719920000000001 0.65168539375 0.5719920000000001 0.658112359375 0.61028 0.658112359375 0.61028 0.65168539375
3 0.18857600000000002 0.626797753125 0.172 0.626797753125 0.172 0.9157191015624999 0.18857600000000002 0.9157191015624999 0.18857600000000002 0.626797753125
6 0.23199999999999998 0.6380417328125 0.23257142812499998 0.6476725531249999 0.23828571406250001 0.646869984375 0.23828571406250001 0.6372391656249999 0.24628571406250002 0.6388443015624999 0.24628571406250002 0.5642054578125 0.24 0.56581059375 0.24 0.6284109140624999 0.1891428578125 0.6292134828125 0.1897142859375 0.6380417328125 0.23199999999999998 0.6380417328125
6 0.763424 0.4807303375 0.756 0.4807303375 0.756 0.5409325843749999 0.763424 0.5409325843749999 0.763424 0.4807303375
6 0.760576 0.5634157296875 0.756576 0.5634157296875 0.756576 0.5906966296875 0.760576 0.5906966296875 0.760576 0.5634157296875