7 0.0863993171875 0.922829978125 0.0565358359375 0.922829978125 0.0565358359375 0.9647762859375 0.0863993171875 0.9647762859375 0.0863993171875 0.922829978125
7 0.33276450468749996 0.9228187921875 0.1450511953125 0.9228187921875 0.1450511953125 0.966174496875 0.33276450468749996 0.966174496875 0.33276450468749996 0.9228187921875
7 0.5855290109375 0.9228187921875 0.3978157 0.9228187921875 0.3978157 0.966174496875 0.5855290109375 0.966174496875 0.5855290109375 0.9228187921875
7 0.8372354953125001 0.9214093953125 0.649522184375 0.9214093953125 0.649522184375 0.9647650999999999 0.8372354953125001 0.9647650999999999 0.8372354953125001 0.9214093953125
3 0.385025596875 0.78719239375 0.3466296921875 0.7885906046875 0.3476962453125 0.9200223718749999 0.3338310578125 0.9186241609374999 0.33276450468749996 0.9647650999999999 0.3967576796875 0.9661633109375 0.3967576796875 0.9228187921875 0.385025596875 0.9228187921875 0.385025596875 0.78719239375
3 0.6484641640625 0.9647650999999999 0.6484641640625 0.9242170015625 0.63673208125 0.9214205812499999 0.63673208125 0.7857941828125 0.596203071875 0.78719239375 0.596203071875 0.9200223718749999 0.5866040953125 0.9228187921875 0.5866040953125 0.9661633109375 0.6484641640625 0.9647650999999999
3 0.8383105796875 0.9647650999999999 0.9055034125000001 0.9661633109375 0.9033703078125 0.8571029078124999 0.88950511875 0.8571029078124999 0.88950511875 0.7885906046875 0.851109215625 0.78719239375 0.8500426624999999 0.9200223718749999 0.8383105796875 0.9200223718749999 0.8383105796875 0.9647650999999999
4 0.38706174375 0.7850315234374999 0.38783741875 0.9202765906250001 0.5957182750000001 0.9192597109375 0.5964939499999999 0.7829977625 0.6376047171875 0.7829977625 0.6376047171875 0.9202765906250001 0.849363946875 0.9212934718750001 0.849363946875 0.4789505796875 0.7198262484375 0.4789505796875 0.7206019234375 0.3365873484375 0.849363946875 0.3355704703125 0.8501396218749999 0.1830384390625 0.3591374484375 0.1830384390625 0.3575861 0.4321740890625 0.130313371875 0.42912344999999996 0.12953769843750002 0.9212934718750001 0.3451753015625 0.9202765906250001 0.3467266515625 0.786048403125 0.38706174375 0.7850315234374999
3 0.6303327640624999 0.1412192390625 0.056527303125 0.1412192390625 0.056527303125 0.1831655484375 0.6303327640624999 0.1831655484375 0.6303327640624999 0.1412192390625
3 0.8521757671874999 0.47818791875000005 0.890571671875 0.47818791875000005 0.891638225 0.1845637578125 0.9332337890625 0.1845637578125 0.9321672359375001 0.144015659375 0.69859215 0.1412192390625 0.69859215 0.180369128125 0.851109215625 0.18176733750000001 0.8521757671874999 0.47818791875000005
6 0.8692406140625 0.478176734375 0.8500426624999999 0.478176734375 0.8500426624999999 0.78719239375 0.8692406140625 0.78719239375 0.8692406140625 0.478176734375
6 0.127977815625 0.475402684375 0.11198805468749999 0.475402684375 0.11198805468749999 0.630592840625 0.127977815625 0.630592840625 0.127977815625 0.475402684375
3 0.086390784375 0.9661633109375 0.1450511953125 0.9661633109375 0.1439846421875 0.9228187921875 0.1290529015625 0.9228187921875 0.1279863484375 0.6319910515625 0.0991894203125 0.6277964203125 0.09812286718749999 0.9214205812499999 0.086390784375 0.9214205812499999 0.086390784375 0.9661633109375
3 0.127977815625 0.18176733750000001 0.0991894203125 0.18176733750000001 0.0991894203125 0.47957494375 0.127977815625 0.47957494375 0.127977815625 0.18176733750000001
2 0.3195819109375 0.414899328125 0.26761945468750004 0.414899328125 0.26761945468750004 0.42912751718750003 0.3195819109375 0.42912751718750003 0.3195819109375 0.414899328125
6 0.26682593906249996 0.414899328125 0.1279863484375 0.414899328125 0.1279863484375 0.42912751718750003 0.26682593906249996 0.42912751718750003 0.26682593906249996 0.414899328125
6 0.3195780328125 0.42912344999999996 0.358361775 0.42912344999999996 0.35681042500000004 0.18405531718749998 0.3482780015625 0.1850721984375 0.347502328125 0.4138702453125 0.32112938281250003 0.4138702453125 0.3195780328125 0.42912344999999996
2 0.6608749609375 0.20134228125 0.6717344093750001 0.200325403125 0.670958734375 0.1830384390625 0.6981073531249999 0.1830384390625 0.6981073531249999 0.1393125890625 0.6717344093750001 0.138295709375 0.669407384375 0.12507626562500002 0.6624263109374999 0.12507626562500002 0.6600992859375 0.1393125890625 0.6321749921875 0.1413463484375 0.6321749921875 0.1830384390625 0.6616506359375001 0.1830384390625 0.6608749609375 0.20134228125
6 0.850915296875 0.4657311359375 0.7283586718749999 0.4667480171875 0.727582996875 0.3457392734375 0.8516909703125 0.3457392734375 0.8501396218749999 0.33760422968750003 0.7221532734375 0.338621109375 0.7213775984375 0.4779337 0.8516909703125 0.47691681875 0.850915296875 0.4657311359375
1 0.8509215015624999 0.34573825468749997 0.728361775 0.34573825468749997 0.728361775 0.46370246093749995 0.8509215015624999 0.46370246093749995 0.8509215015624999 0.34573825468749997
4 0.34557167187500004 0.18596196874999998 0.13118600625000001 0.18596196874999998 0.13118600625000001 0.4124720359375 0.34557167187500004 0.4124720359375 0.34557167187500004 0.18596196874999998