4 0.03573358125 0.34122605 0.03573358125 0.37784531875 0.1462443875 0.3767841984375 0.1459374125 0.3969454890625 0.095900575 0.3969454890625 0.09620755 0.4510626359375 0.0351196328125 0.4510626359375 0.0354266078125 0.65161441875 0.139183975 0.6505532984375 0.139183975 0.6648784265625001 0.3463855953125 0.6632867453125 0.346267190625 0.5657288390625 0.35328375 0.5657288390625 0.35398540624999997 0.5542081 0.46133875937499996 0.5681542562499999 0.5321051437500001 0.5635414140624999 0.5321051437500001 0.66063394375 0.8734484640625 0.663276134375 0.8728345140625 0.6553177296875 0.9759779328124999 0.6553177296875 0.9756709593749999 0.394313909375 0.8774391312500001 0.39378335 0.8771321578125001 0.3757443 0.9185737093749999 0.3757443 0.9188806843749999 0.27334616875 0.8108133953125 0.2743754546875 0.8117343187499999 0.11467681249999999 0.7438929625 0.11520737343750001 0.7441999375 0.11945185625000002 0.73683255 0.11786017499999998 0.736525575 0.1263491390625 0.721176853125 0.12687969999999998 0.7214838265625 0.118390734375 0.7181071078125 0.118390734375 0.7184140828125 0.11520737343750001 0.582117421875 0.11573793437499999 0.582117421875 0.12104353593749999 0.5768988562499999 0.12104353593749999 0.575670959375 0.1279408203125 0.5621640828125 0.127410259375 0.5618571078125 0.1189212953125 0.5584803890625001 0.11945185625000002 0.5584803890625001 0.11520737343750001 0.424940359375 0.1136156921875 0.424633384375 0.1189212953125 0.41849389531250003 0.1189212953125 0.41849389531250003 0.130593621875 0.40283819843749996 0.130593621875 0.4025312234375 0.1189212953125 0.3988475296875 0.119982415625 0.3994614796875 0.1136156921875 0.2659275890625 0.112554571875 0.265620615625 0.1189212953125 0.2607090234375 0.1189212953125 0.260095075 0.1236963375 0.247202146875 0.12422689843750001 0.24628122343749997 0.1205129765625 0.24229055625 0.12104353593749999 0.24198358125000002 0.11520737343750001 0.2306255265625 0.11467681249999999 0.229704603125 0.2759671359375 0.10050519218750001 0.2775588171875 0.09958426875000001 0.34069548906249997 0.03573358125 0.34122605
6 0.2280820234375 0.27483022031250004 0.227468075 0.26634125625 0.2243983296875 0.2652801359375 0.22409135624999998 0.26899405781249996 0.1786591359375 0.2679329375 0.1783521609375 0.2631578953125 0.175896365625 0.26209677343750004 0.176203340625 0.2679329375 0.15041748593749998 0.2668718171875 0.15041748593749998 0.2360993203125 0.176203340625 0.2360993203125 0.1765103140625 0.2392826828125 0.17988703281250001 0.238752121875 0.17988703281250001 0.2265492359375 0.1765103140625 0.22761035624999998 0.1765103140625 0.23079371875 0.15041748593749998 0.229732596875 0.151031434375 0.1984295421875 0.175896365625 0.1989601015625 0.175896365625 0.20479626562500003 0.178966109375 0.20479626562500003 0.178966109375 0.1989601015625 0.22409135624999998 0.1989601015625 0.22409135624999998 0.23981324218750003 0.2283889984375 0.238752121875 0.2277750484375 0.145904075 0.22409135624999998 0.14643463437499998 0.22409135624999998 0.19100169843749998 0.15041748593749998 0.1894100171875 0.15041748593749998 0.16553480468749998 0.1765103140625 0.16553480468749998 0.1765103140625 0.168718165625 0.179273084375 0.168718165625 0.178966109375 0.1607597625 0.1501105109375 0.15969864218750002 0.15041748593749998 0.112478778125 0.1467337921875 0.1140704578125 0.14611984218750002 0.26899405781249996 0.11695726875000001 0.26899405781249996 0.11695726875000001 0.27536078124999996 0.2280820234375 0.27483022031250004
0 0.17988703281250001 0.1894100171875 0.22378438125 0.1904711375 0.22409135624999998 0.1130093375 0.1516453828125 0.11353989843750001 0.150724459375 0.158637521875 0.17988703281250001 0.15916808124999998 0.17988703281250001 0.1894100171875
3 0.22869351718750003 0.1108828515625 0.223781925 0.1108828515625 0.223781925 0.1193718171875 0.22869351718750003 0.1193718171875 0.22869351718750003 0.1108828515625
7 0.24148329999999998 0.09478777656250001 0.2193811390625 0.09478777656250001 0.2193811390625 0.1117657046875 0.24148329999999998 0.1117657046875 0.24148329999999998 0.09478777656250001
7 0.3559479375 0.09487266562499999 0.2629125734375 0.09487266562499999 0.2629125734375 0.11185059374999999 0.3559479375 0.11185059374999999 0.3559479375 0.09487266562499999
3 0.37789783906249996 0.09487266562499999 0.35652259375 0.09487266562499999 0.35652259375 0.11185059374999999 0.37789783906249996 0.11185059374999999 0.37789783906249996 0.09487266562499999
7 0.40044204375000003 0.0938709671875 0.3779076625 0.0938709671875 0.3779076625 0.11084889687499999 0.40044204375000003 0.11084889687499999 0.40044204375000003 0.0938709671875
7 0.4923084484375 0.0948811546875 0.42181728906249993 0.0948811546875 0.42181728906249993 0.11085738593750001 0.4923084484375 0.11085738593750001 0.4923084484375 0.0948811546875
7 0.559916503125 0.0958743640625 0.5125392921875 0.0958743640625 0.5125392921875 0.1128522921875 0.559916503125 0.1128522921875 0.559916503125 0.0958743640625
7 0.6494842828125 0.09487266562499999 0.5795726921875 0.09487266562499999 0.5795726921875 0.11185059374999999 0.6494842828125 0.11185059374999999 0.6494842828125 0.09487266562499999
7 0.719405696875 0.0958743640625 0.6720284875 0.0958743640625 0.6720284875 0.1128522921875 0.719405696875 0.1128522921875 0.719405696875 0.0958743640625
7 0.8107023578125 0.09487266562499999 0.740790765625 0.09487266562499999 0.740790765625 0.11185059374999999 0.8107023578125 0.11185059374999999 0.8107023578125 0.09487266562499999
6 0.8926817281250001 0.1878183359375 0.91232809375 0.1878183359375 0.9117141453125001 0.11672325937500001 0.9080304515625001 0.1161927 0.9080304515625001 0.148026315625 0.8810167 0.1485568765625 0.8810167 0.145904075 0.87702603125 0.14537351406250001 0.87671905625 0.1565152796875 0.88040275 0.157045840625 0.88040275 0.1543930390625 0.9077234781250001 0.1549236 0.9074165031250001 0.1787988109375 0.8162450890624999 0.17985993281249998 0.8165520624999999 0.14696519531250002 0.8116404718749999 0.145904075 0.8119474453125 0.22707979687500002 0.8162450890624999 0.22814091718750001 0.8159381140624999 0.186757215625 0.8883840859375001 0.186757215625 0.8880771125000001 0.2191213921875 0.8583005890625 0.218060271875 0.8583005890625 0.2249575546875 0.8880771125000001 0.2265492359375 0.8883840859375001 0.2636884546875 0.8168590375000001 0.264219015625 0.8165520624999999 0.2599745328125 0.8113334968749999 0.2594439734375 0.8113334968749999 0.27217741875 0.9184675828125 0.2711162984375 0.9187745578125 0.2796052625 0.92368615 0.2801358234375 0.9239931234375 0.264749575 0.8920677796875 0.264219015625 0.8926817281250001 0.1878183359375
0 0.8764096265625 0.11089134062499999 0.8162426328124999 0.11089134062499999 0.8162426328124999 0.178276740625 0.8764096265625 0.178276740625 0.8764096265625 0.11089134062499999
7 0.8592387031250001 0.09387945625 0.834395875 0.09387945625 0.834395875 0.10985568750000001 0.8592387031250001 0.10985568750000001 0.8592387031250001 0.09387945625
3 0.8343860515625 0.09387945625 0.809543221875 0.09387945625 0.809543221875 0.10985568750000001 0.8343860515625 0.10985568750000001 0.8343860515625 0.09387945625
3 0.6725982312500001 0.09588285156250001 0.6494842828125 0.09588285156250001 0.6494842828125 0.11185908281250001 0.6725982312500001 0.11185908281250001 0.6725982312500001 0.09588285156250001
3 0.5125392921875 0.0948811546875 0.49115422343750004 0.0948811546875 0.49115422343750004 0.11085738593750001 0.5125392921875 0.11085738593750001 0.5125392921875 0.0948811546875
3 0.2484687390625 0.12184160625 0.257136253125 0.1228403078125 0.25886975625 0.116848096875 0.2634924296875 0.116848096875 0.262914596875 0.0948766609375 0.242690396875 0.093877959375 0.241534728125 0.1178468 0.2473130703125 0.116848096875 0.2484687390625 0.12184160625
3 0.4023411921875 0.1280418796875 0.4158480671875 0.12945670625 0.4162573671875 0.1181380859375 0.42280615624999995 0.1188455015625 0.42280615624999995 0.09408602187500001 0.3998853953125 0.09408602187500001 0.399066796875 0.1174306734375 0.403159790625 0.11672325937500001 0.4023411921875 0.1280418796875
3 0.562786509375 0.127334465625 0.5754747874999999 0.1259196390625 0.5754747874999999 0.1181380859375 0.5803863781249999 0.1181380859375 0.5803863781249999 0.0955008484375 0.559512115625 0.0955008484375 0.559102815625 0.1181380859375 0.5623772109375 0.1181380859375 0.562786509375 0.127334465625
3 0.72118533125 0.1259196390625 0.73551080625 0.124504809375 0.73551080625 0.1174306734375 0.7412409953125 0.11672325937500001 0.7412409953125 0.09408602187500001 0.7187295359375 0.094793434375 0.7183202359374999 0.1153084328125 0.7215946296875 0.1160158453125 0.72118533125 0.1259196390625
3 0.2206090375 0.0955008484375 0.1448919453125 0.0955008484375 0.1448919453125 0.1117657046875 0.2206090375 0.1117657046875 0.2206090375 0.0955008484375
3 0.14488703281249998 0.3784719859375 0.0208693515625 0.3784719859375 0.0208693515625 0.395449915625 0.14488703281249998 0.395449915625 0.14488703281249998 0.3784719859375
3 0.033565815625 0.43293718124999997 0.020874262499999997 0.43293718124999997 0.020874262499999997 0.44991511093750003 0.033565815625 0.44991511093750003 0.033565815625 0.43293718124999997
3 0.0331483296875 0.561689303125 0.0225098234375 0.561689303125 0.0225098234375 0.581502546875 0.0331483296875 0.581502546875 0.0331483296875 0.561689303125
3 0.1375245578125 0.652942840625 0.033971840625 0.6536502546875 0.033562540625 0.64728353125 0.01759986875 0.6479909453125 0.01800916875 0.6762874921875001 0.13834315625 0.6755800796875 0.1375245578125 0.652942840625
2 0.08196218125 0.45522071249999996 0.08134823125 0.44885398906249996 0.0881016703125 0.45044567031250005 0.0881016703125 0.438242784375 0.08165520625 0.43877334531249995 0.08165520625 0.43293718124999997 0.07858546093749999 0.4334677421875 0.07797151249999999 0.43930390468749997 0.072752946875 0.43877334531249995 0.0721389984375 0.44991511093750003 0.07827848750000001 0.44991511093750003 0.07827848750000001 0.45522071249999996 0.08196218125 0.45522071249999996
2 0.0828831046875 0.3093166390625 0.0927062875 0.308786078125 0.0927062875 0.3262945671875 0.09915275 0.3268251265625 0.0988457765625 0.3093166390625 0.1095898828125 0.310377759375 0.10989685625000001 0.3024193546875 0.0997667 0.301358234375 0.099459725 0.283319184375 0.0930132609375 0.283319184375 0.0930132609375 0.303480475 0.0828831046875 0.3018887953125 0.0828831046875 0.3093166390625
2 0.2194867390625 0.13688455 0.22347740625 0.1379456703125 0.2231704328125 0.145904075 0.228695971875 0.14696519531250002 0.22900294687499997 0.13688455 0.23268664062500002 0.13635398906250001 0.232993615625 0.1305178265625 0.2296168953125 0.1299872671875 0.228695971875 0.12043718125 0.22347740625 0.12043718125 0.22347740625 0.131578946875 0.2194867390625 0.1310483875 0.2194867390625 0.13688455
2 0.1694499015625 0.1803904921875 0.175589390625 0.1814516125 0.1749754421875 0.18994057656250002 0.17988703281250001 0.1904711375 0.179580059375 0.1814516125 0.18449165 0.180921053125 0.184798625 0.1766765703125 0.179580059375 0.1745543296875 0.17988703281250001 0.1692487265625 0.1771242625 0.16712648593749999 0.1765103140625 0.17720713125 0.1697568765625 0.17614601093749999 0.1694499015625 0.1803904921875
2 0.1694499015625 0.2191213921875 0.17528241718749998 0.2201825125 0.1746684671875 0.22920203749999998 0.1805009828125 0.22867147656250003 0.1801940078125 0.219651953125 0.1857195484375 0.2201825125 0.1854125734375 0.210632428125 0.1801940078125 0.2111629875 0.1801940078125 0.205326825 0.1746684671875 0.2042657046875 0.175589390625 0.2138157890625 0.1697568765625 0.21275466875000001 0.1694499015625 0.2191213921875
2 0.16914292656250002 0.2472410859375 0.16914292656250002 0.2546689296875 0.1749754421875 0.255199490625 0.17528241718749998 0.26209677343750004 0.1801940078125 0.26209677343750004 0.17988703281250001 0.2546689296875 0.186333496875 0.25413837031250003 0.18694744531250002 0.2472410859375 0.179580059375 0.2472410859375 0.178966109375 0.2382215625 0.175589390625 0.238752121875 0.17528241718749998 0.2472410859375 0.16914292656250002 0.2472410859375
2 0.2194867390625 0.2509550078125 0.21979371250000002 0.25732173125 0.2231704328125 0.256791171875 0.22378438125 0.264749575 0.228695971875 0.26634125625 0.228695971875 0.25626061093749997 0.2333005890625 0.25626061093749997 0.23268664062500002 0.2498938875 0.228695971875 0.249363328125 0.228695971875 0.23981324218750003 0.22409135624999998 0.2408743640625 0.22378438125 0.25148556875 0.2194867390625 0.2509550078125
6 0.0930132609375 0.282788625 0.0985388015625 0.282788625 0.0988457765625 0.27536078124999996 0.101301571875 0.27536078124999996 0.10160854687500001 0.26846349687500004 0.09362721093750001 0.2679329375 0.0930132609375 0.282788625
2 0.11020383125 0.2838497453125 0.11051080625000001 0.27536078124999996 0.11695726875000001 0.275891340625 0.1166502953125 0.2674023765625 0.11081777968749999 0.2679329375 0.11051080625000001 0.2599745328125 0.10744106093750001 0.26050509375 0.10744106093750001 0.2668718171875 0.10160854687500001 0.2668718171875 0.10160854687500001 0.2769524625 0.10682711250000002 0.2764219015625 0.1077480359375 0.2838497453125 0.11020383125 0.2838497453125
2 0.7999754421875 0.69503395625 0.8048870328125 0.69503395625 0.8048870328125 0.6775254671875001 0.8168590375000001 0.6775254671875001 0.8174729859375001 0.6626697796875 0.8048870328125 0.6621392187499999 0.8048870328125 0.6425084890625 0.8002824171875 0.6425084890625 0.7999754421875 0.6632003390625 0.7880034375 0.6626697796875 0.7876964640625 0.6748726656249999 0.7999754421875 0.676464346875 0.7999754421875 0.69503395625
2 0.8082637531250001 0.1337011890625 0.8113334968749999 0.13423174843750002 0.8107195484374999 0.145904075 0.8174729859375001 0.14643463437499998 0.8171660125000001 0.13423174843750002 0.82023575625 0.134762309375 0.81992878125 0.12786502500000002 0.8171660125000001 0.127334465625 0.8168590375000001 0.118314940625 0.8119474453125 0.1172538203125 0.8119474453125 0.1289261453125 0.8079567781250001 0.12786502500000002 0.8082637531250001 0.1337011890625
2 0.8705795671875001 0.13847623125 0.8764120828124999 0.1379456703125 0.8764120828124999 0.14431239375 0.8819376234374999 0.1448429546875 0.8816306484374999 0.13688455 0.8868492140625 0.13688455 0.8865422390625 0.1283955859375 0.8813236734375 0.1289261453125 0.8810167 0.1220288625 0.87702603125 0.1225594234375 0.87671905625 0.131578946875 0.8708865421875001 0.1305178265625 0.8705795671875001 0.13847623125
2 0.86996561875 0.1708404078125 0.875798134375 0.1713709671875 0.8761051078125 0.17720713125 0.88040275 0.17826825156249998 0.880709725 0.1708404078125 0.8853143421875 0.1713709671875 0.885928290625 0.16606536562500002 0.8813236734375 0.16553480468749998 0.88040275 0.1575764 0.87702603125 0.157045840625 0.87733300625 0.16553480468749998 0.87027259375 0.16500424375 0.86996561875 0.1708404078125
0 0.8880771125000001 0.22707979687500002 0.857379665625 0.2265492359375 0.857379665625 0.1878183359375 0.8165520624999999 0.1878183359375 0.8168590375000001 0.2636884546875 0.8880771125000001 0.26262733437499997 0.8880771125000001 0.22707979687500002
2 0.8527750484375 0.2042657046875 0.857686640625 0.20479626562500003 0.857686640625 0.21859083125 0.8635191546875 0.2191213921875 0.8638261296874999 0.2042657046875 0.8681237718749999 0.2042657046875 0.8684307468749999 0.1984295421875 0.86321218125 0.1989601015625 0.86290520625 0.18887945625 0.8583005890625 0.186757215625 0.857993615625 0.1984295421875 0.8536959718749999 0.1984295421875 0.8527750484375 0.2042657046875
2 0.8079567781250001 0.24777164687500003 0.8104125734375 0.24777164687500003 0.8107195484374999 0.2589134125 0.8171660125000001 0.2599745328125 0.8165520624999999 0.2451188453125 0.8193148328125 0.24617996562500002 0.8193148328125 0.23981324218750003 0.8171660125000001 0.24034380312499998 0.8165520624999999 0.22867147656250003 0.8101055984375 0.22867147656250003 0.8113334968749999 0.24140492343750003 0.8088777015625 0.24140492343750003 0.8079567781250001 0.24777164687500003
2 0.9071095281250001 0.30507215625 0.917853634375 0.3040110359375 0.917853634375 0.3225806453125 0.9252210218749999 0.321519525 0.9249140468749999 0.30507215625 0.9344302546875 0.3045415953125 0.93412328125 0.2965831921875 0.9249140468749999 0.2965831921875 0.9249140468749999 0.2796052625 0.917853634375 0.2796052625 0.917853634375 0.295522071875 0.9074165031250001 0.295522071875 0.9071095281250001 0.30507215625
2 0.9153978390624999 0.35865874375 0.9187745578125 0.35865874375 0.918160609375 0.3703310703125 0.923379175 0.3703310703125 0.923379175 0.3581281828125 0.9261419453125 0.35865874375 0.9261419453125 0.3522920203125 0.9230722 0.3507003390625 0.92368615 0.340089134375 0.917546659375 0.341680815625 0.918160609375 0.3522920203125 0.9153978390624999 0.35282258125 0.9153978390624999 0.35865874375
7 0.9866208249999999 0.45629032187499996 0.9758742625 0.45629032187499996 0.9758742625 0.6154584046875 0.9866208249999999 0.6154584046875 0.9866208249999999 0.45629032187499996
3 0.8724214140625 0.6796477078125001 0.9863089390625 0.6817699484374999 0.9866159140624999 0.6165110359375 0.9758718078124999 0.615449915625 0.9755648328125 0.6552419359375 0.8724214140625 0.654711375 0.8724214140625 0.6796477078125001
3 0.8776399796875 0.375636671875 0.8779469546875 0.39155348125 0.9758718078124999 0.392084040625 0.9758718078124999 0.4578735140625 0.9866159140624999 0.4573429546875 0.9866159140624999 0.368208828125 0.9755648328125 0.368208828125 0.9758718078124999 0.375636671875 0.8776399796875 0.375636671875
6 0.9230746562500001 0.371392190625 0.9181630640625 0.371392190625 0.9181630640625 0.377232596875 0.9230746562500001 0.377232596875 0.9230746562500001 0.371392190625
6 0.9227652265625 0.31993208906250004 0.918158153125 0.31993208906250004 0.918158153125 0.3411544984375 0.9227652265625 0.3411544984375 0.9227652265625 0.31993208906250004
3 0.8794818265625001 0.1156621390625 0.9138629671875 0.1161927 0.9138629671875 0.0933786078125 0.8595284875000001 0.0933786078125 0.8595284875000001 0.11035653593750001 0.8791748531250001 0.1098259765625 0.8794818265625001 0.1156621390625
6 0.8800982312500001 0.11035653593750001 0.8776424359374999 0.11035653593750001 0.8776424359374999 0.1214940578125 0.8800982312500001 0.1214940578125 0.8800982312500001 0.11035653593750001
0 0.907721021875 0.1167317484375 0.8807072687499999 0.1167317484375 0.8807072687499999 0.14696943906249998 0.907721021875 0.14696943906249998 0.907721021875 0.1167317484375
0 0.9074165031250001 0.1543972828125 0.88040275 0.1543972828125 0.88040275 0.17826825156249998 0.9074165031250001 0.17826825156249998 0.9074165031250001 0.1543972828125
0 0.8877701374999999 0.1883446515625 0.86321218125 0.1883446515625 0.86321218125 0.2185823421875 0.8877701374999999 0.2185823421875 0.8877701374999999 0.1883446515625
0 0.1755844796875 0.166595925 0.15072200468750002 0.166595925 0.15072200468750002 0.1888879453125 0.1755844796875 0.1888879453125 0.1755844796875 0.166595925
0 0.1755844796875 0.198964346875 0.15072200468750002 0.198964346875 0.15072200468750002 0.22921901562500002 0.1755844796875 0.22921901562500002 0.1755844796875 0.198964346875
0 0.1758889984375 0.23663837031249998 0.151026521875 0.23663837031249998 0.151026521875 0.2668930390625 0.1758889984375 0.2668930390625 0.1758889984375 0.23663837031249998
0 0.22409135624999998 0.1989558578125 0.1795825140625 0.1989558578125 0.1795825140625 0.26793718125 0.22409135624999998 0.26793718125 0.22409135624999998 0.1989558578125
6 0.072450884375 0.439838709375 0.033462671875 0.439838709375 0.033462671875 0.44885398906249996 0.072450884375 0.44885398906249996 0.072450884375 0.439838709375
6 0.09454813437500001 0.44832342968749994 0.09454813437500001 0.393675721875 0.0899435171875 0.39526740312499997 0.090250490625 0.4414261453125 0.0881016703125 0.440365025 0.08840864375 0.44885398906249996 0.09454813437500001 0.44832342968749994
6 0.486598371875 0.577249575 0.4869492 0.5687606109375001 0.4325708671875 0.5681542562499999 0.3546870625 0.55663351875 0.3546870625 0.5675479015625 0.3476705015625 0.5699733203124999 0.3487229859375 0.66699005625 0.1378315328125 0.665853140625 0.1375245578125 0.6759337859375 0.3553887171875 0.6754790203125001 0.3550378890625 0.5778559296875 0.486598371875 0.577249575
6 0.52168116875 0.6748726656249999 0.7877148828125 0.67532743125 0.7877148828125 0.661002303125 0.530451865625 0.6615328640625 0.53080269375 0.56633519375 0.5241369640625 0.566941546875 0.5234353078125 0.5548144546875 0.52027785625 0.5548144546875 0.52027785625 0.5681542562499999 0.5125596406249999 0.566941546875 0.5122088125 0.5754305109375 0.5244877906250001 0.5748241578125 0.524023821875 0.6652467859375 0.52168116875 0.6663837015625 0.52168116875 0.6748726656249999
6 0.8727504906249999 0.6637266546875 0.8177996078125 0.6637266546875 0.8177996078125 0.6759337859375 0.8727504906249999 0.6759337859375 0.8727504906249999 0.6637266546875
7 0.033772101562500004 0.3942020375 0.0288605109375 0.3942020375 0.0288605109375 0.4329286921875 0.033772101562500004 0.4329286921875 0.033772101562500004 0.3942020375
7 0.033767190625 0.4499236 0.0282367390625 0.4499236 0.0282367390625 0.565050934375 0.033767190625 0.565050934375 0.033767190625 0.4499236
7 0.033462671875 0.580959253125 0.0279322203125 0.580959253125 0.0279322203125 0.6483446515625 0.033462671875 0.6483446515625 0.033462671875 0.580959253125
6 0.028548625 0.322050084375 0.0279346765625 0.32894736875 0.022716109374999998 0.32788624843749997 0.022409135937499998 0.338497453125 0.028548625 0.33743633281249996 0.02824165 0.37935059375 0.033460215625 0.3798811546875 0.033767190625 0.338497453125 0.097924853125 0.338497453125 0.0982318265625 0.3268251265625 0.0930132609375 0.3273556875 0.034074165625 0.32894736875 0.034381139062499996 0.3231112046875 0.028548625 0.322050084375
1 0.0889882125 0.398480475 0.035825146875000005 0.398480475 0.035825146875000005 0.43842954218749997 0.0889882125 0.43842954218749997 0.0889882125 0.398480475
2 0.5023856296875 0.5960465687500001 0.5023856296875 0.5778559296875 0.5115071578125 0.576036865625 0.5122088125 0.56633519375 0.5023856296875 0.56633519375 0.501333146875 0.5481445546875 0.4974740390625 0.548750909375 0.498526521875 0.566941546875 0.48730002812500006 0.5675479015625 0.4869492 0.577249575 0.49817569375000004 0.577249575 0.498526521875 0.596652921875 0.5023856296875 0.5960465687500001
3 0.257716109375 0.37576400625 0.241635559375 0.37576400625 0.241635559375 0.40240237656250005 0.257716109375 0.40240237656250005 0.257716109375 0.37576400625
3 0.4160412578125 0.3765110359375 0.4021709234375 0.3765110359375 0.4021709234375 0.40148556874999997 0.4160412578125 0.40148556874999997 0.4160412578125 0.3765110359375
3 0.257716109375 0.377767403125 0.241635559375 0.377767403125 0.241635559375 0.40240237656250005 0.257716109375 0.40240237656250005 0.257716109375 0.377767403125
3 0.5761001968749999 0.3765110359375 0.5622298625 0.3765110359375 0.5622298625 0.40148556874999997 0.5761001968749999 0.40148556874999997 0.5761001968749999 0.3765110359375
3 0.735 0.3765110359375 0.721129665625 0.3765110359375 0.721129665625 0.40148556874999997 0.735 0.40148556874999997 0.735 0.3765110359375
3 0.25983300625 0.6534125640624999 0.24340864375 0.6534125640624999 0.24340864375 0.6787436328124999 0.25983300625 0.6787436328124999 0.25983300625 0.6534125640624999
3 0.5753339875 0.653404075 0.5611100203125 0.653404075 0.5611100203125 0.6760016984375 0.5753339875 0.6760016984375 0.5753339875 0.653404075
3 0.7360216109375 0.6516723265625 0.719459725 0.6516723265625 0.719459725 0.6743378609375 0.7360216109375 0.6743378609375 0.7360216109375 0.6516723265625