7 0.9548521015625001 0.333791209375 0.90425531875 0.333791209375 0.90425531875 0.409340659375 0.9548521015625001 0.409340659375 0.9548521015625001 0.333791209375
7 0.9522573953125001 0.49313186875000004 0.90425531875 0.49313186875000004 0.90425531875 0.5645604390625001 0.9522573953125001 0.5645604390625001 0.9522573953125001 0.49313186875000004
7 0.9496626875 0.6456043953124999 0.900363259375 0.6456043953124999 0.900363259375 0.7170329671875 0.9496626875 0.7170329671875 0.9496626875 0.6456043953124999
7 0.9496626875 0.7980769234375 0.900363259375 0.7980769234375 0.900363259375 0.8708791203124999 0.9496626875 0.8708791203124999 0.9496626875 0.7980769234375
7 0.516346653125 0.896978021875 0.4346133890625 0.896978021875 0.4346133890625 0.9505494499999999 0.516346653125 0.9505494499999999 0.516346653125 0.896978021875
7 0.10249091875 0.7829670328125 0.0531914890625 0.7829670328125 0.0531914890625 0.8585164828125 0.10249091875 0.8585164828125 0.10249091875 0.7829670328125
3 0.10249091875 0.69368131875 0.0544888421875 0.69368131875 0.0544888421875 0.784340659375 0.10249091875 0.784340659375 0.10249091875 0.69368131875
7 0.105085625 0.627747253125 0.055786196875000006 0.627747253125 0.055786196875000006 0.69368131875 0.105085625 0.69368131875 0.105085625 0.627747253125
7 0.10897768593749999 0.47390109843749995 0.057083550000000004 0.47390109843749995 0.057083550000000004 0.5508241765624999 0.10897768593749999 0.5508241765624999 0.10897768593749999 0.47390109843749995
7 0.11416709843749999 0.315934065625 0.060975609374999996 0.315934065625 0.060975609374999996 0.3887362640625 0.11416709843749999 0.3887362640625 0.11416709843749999 0.315934065625
3 0.9535547484375 0.4079670328125 0.90425531875 0.4079670328125 0.90425531875 0.4917582421875 0.9535547484375 0.4917582421875 0.9535547484375 0.4079670328125
3 0.9496626875 0.5645604390625001 0.9016606125 0.5645604390625001 0.9016606125 0.6469780218750001 0.9496626875 0.6469780218750001 0.9496626875 0.5645604390625001
3 0.9496626875 0.7142857140625 0.89906590625 0.7142857140625 0.89906590625 0.8008241765624999 0.9496626875 0.8008241765624999 0.9496626875 0.7142857140625
3 0.1102750390625 0.3887362640625 0.060975609374999996 0.3887362640625 0.060975609374999996 0.47390109843749995 0.1102750390625 0.47390109843749995 0.1102750390625 0.3887362640625
3 0.1076803328125 0.54945055 0.055786196875000006 0.54945055 0.055786196875000006 0.627747253125 0.1076803328125 0.627747253125 0.1076803328125 0.54945055
3 0.4346133890625 0.8956043953125 0.0998962125 0.890109890625 0.101193565625 0.859890109375 0.0531914890625 0.8585164828125 0.0505967828125 0.940934065625 0.4346133890625 0.9505494499999999 0.4346133890625 0.8956043953125
3 0.8977685515625 0.8681318687499999 0.89906590625 0.896978021875 0.5150493 0.8956043953125 0.5150493 0.9532967031249999 0.94706798125 0.9560439562499999 0.9483653343749999 0.8681318687499999 0.8977685515625 0.8681318687499999
3 0.05967825624999999 0.3173076921875 0.11416709843749999 0.3200549453125 0.1076803328125 0.24038461562500002 0.060975609374999996 0.24038461562500002 0.05967825624999999 0.3173076921875
3 0.9561494546875 0.228021978125 0.9068500265624999 0.228021978125 0.9068500265624999 0.333791209375 0.9561494546875 0.333791209375 0.9561494546875 0.228021978125
3 0.14141152031249998 0.2623626375 0.1115723921875 0.2623626375 0.1115723921875 0.3008241765625 0.14141152031249998 0.3008241765625 0.14141152031249998 0.2623626375
3 0.3204462890625 0.26098901093750004 0.1971977171875 0.26098901093750004 0.1971977171875 0.30357142812500004 0.3204462890625 0.30357142812500004 0.3204462890625 0.26098901093750004
6 0.413942571875 0.2597073734375 0.42691610625000004 0.2638282515625 0.4230240453125 0.18003704375000001 0.48270230156249994 0.1759161640625 0.48399965468749995 0.2597073734375 0.47362082812499995 0.26520187812499996 0.47362082812499995 0.309157921875 0.5086493703125 0.309157921875 0.5099467234375 0.2542128671875 0.4982705421875 0.258333746875 0.49956789687500003 0.16767440625000002 0.42682926875 0.166208790625 0.425531915625 0.0769230765625 0.41385573437499995 0.0769230765625 0.41783463281250005 0.08525682343749999 0.413942571875 0.2597073734375
3 0.41774779375 0.26098901093750004 0.371043071875 0.26098901093750004 0.371043071875 0.3021978015625 0.41774779375 0.3021978015625 0.41774779375 0.26098901093750004
3 0.9068500265624999 0.25686813124999996 0.5825116765625 0.25686813124999996 0.5825116765625 0.3049450546875 0.9068500265624999 0.3049450546875 0.9068500265624999 0.25686813124999996
6 0.6006746234375 0.30357142812500004 0.5851063828124999 0.30357142812500004 0.5851063828124999 0.372252746875 0.6006746234375 0.372252746875 0.6006746234375 0.30357142812500004
6 0.4086663203125 0.3008241765625 0.3956927859375 0.3008241765625 0.3956927859375 0.37912087968749997 0.4086663203125 0.37912087968749997 0.4086663203125 0.3008241765625
2 0.5396990140625 0.3207417578125 0.550077840625 0.3207417578125 0.5513751953125 0.309065934375 0.57991696875 0.309065934375 0.581863 0.2520604390625 0.5487804875 0.2506868125 0.5481318109375 0.21771977968749998 0.5409963671875 0.21565934062499997 0.5409963671875 0.252747253125 0.50791385625 0.252747253125 0.5053191484374999 0.3104395609375 0.54164504375 0.3111263734375 0.5396990140625 0.3207417578125
2 0.3334198234375 0.31868131875 0.3476907109375 0.31936813124999996 0.3483393875 0.30700549375 0.3677996890625 0.30631868125 0.368448365625 0.25892857187499996 0.3450960046875 0.25686813124999996 0.344447328125 0.24175824218750003 0.3386092375 0.23969780156249998 0.3386092375 0.25892857187499996 0.32433835 0.2582417578125 0.3217436421875 0.3076923078125 0.3347171765625 0.30631868125 0.3334198234375 0.31868131875
2 0.1667099125 0.3173076921875 0.175142709375 0.31662087968749997 0.17384535625 0.3042582421875 0.19784639375 0.30563186875000004 0.19784639375 0.2582417578125 0.1764400625 0.2582417578125 0.17579138593750002 0.2451923078125 0.1673585890625 0.2451923078125 0.1673585890625 0.2575549453125 0.1427088734375 0.2575549453125 0.14335755 0.3042582421875 0.1667099125 0.302884615625 0.1667099125 0.3173076921875
2 0.3690970421875 0.41277472499999995 0.3930980796875 0.4120879125 0.3918007265625 0.43543956093749997 0.4106123515625 0.43543956093749997 0.41255838125000005 0.4120879125 0.4339647125 0.409340659375 0.43655941875000004 0.3976648359375 0.4132070578125 0.3983516484375 0.4145044109375 0.38049450625 0.39374675625 0.38049450625 0.39374675625 0.3983516484375 0.368448365625 0.399725275 0.3690970421875 0.41277472499999995
2 0.3677996890625 0.49931318750000003 0.3930980796875 0.49931318750000003 0.39374675625 0.528159340625 0.41255838125000005 0.5295329671875 0.41385573437499995 0.5020604390625001 0.4385054484375 0.5 0.43915412500000006 0.48695055 0.4132070578125 0.48695055 0.4132070578125 0.471840659375 0.3943954328125 0.471840659375 0.3943954328125 0.4883241765625 0.36974571875 0.48695055 0.3677996890625 0.49931318750000003
2 0.4404514796875 0.615384615625 0.44888427656249996 0.61950549375 0.449532953125 0.5879120875 0.468993253125 0.589972528125 0.46964192968749996 0.5707417578125 0.452127659375 0.572115384375 0.4540736890625 0.5357142859375 0.444992215625 0.537774725 0.44110015625 0.5707417578125 0.41709911718750003 0.5707417578125 0.416450440625 0.587225275 0.4404514796875 0.5858516484375 0.4404514796875 0.615384615625
4 0.573430203125 0.7232142859375 0.473533990625 0.721840659375 0.47742605156250006 0.5892857140625 0.41126102812500004 0.5892857140625 0.4106123515625 0.89423076875 0.5708354953125 0.8949175828125 0.573430203125 0.7232142859375
6 0.47483134375 0.7211675828125 0.5740788796875 0.7218543953125 0.5721328484375 0.8969917578125 0.5877010890625 0.897678571875 0.5922418265625 0.7005631875 0.5753762328125 0.7019368125 0.5766735859375001 0.7094917578125 0.4884535546875 0.70674450625 0.48910223124999996 0.5879258234375 0.4929942921875 0.5879258234375 0.4916969375 0.5741895609375 0.4722366375 0.572815934375 0.47029060781250004 0.5872390109375 0.47872340468749996 0.5872390109375 0.47483134375 0.7211675828125
2 0.5098598859375 0.609890109375 0.5195900359375 0.61195055 0.5195900359375 0.5892857140625 0.54618578125 0.590659340625 0.5468344578125001 0.5728021984375 0.523482096875 0.5714285718750001 0.5241307734375 0.5398351640625 0.5137519453125 0.5391483515625 0.5124545921875 0.5734890109374999 0.492345615625 0.572115384375 0.49364296875 0.5892857140625 0.511805915625 0.5879120875 0.5098598859375 0.609890109375
2 0.559159315625 0.410027471875 0.57991696875 0.409340659375 0.5773222625 0.4299450546875 0.6013233 0.43063186875000004 0.6006746234375 0.41071428593750003 0.6233783078124999 0.4120879125 0.6233783078124999 0.3983516484375 0.602620653125 0.396978021875 0.6013233 0.3729395609375 0.57991696875 0.371565934375 0.5825116765625 0.4004120875 0.5578619609375 0.4004120875 0.559159315625 0.410027471875
6 0.5980799171875 0.45535714218749995 0.6616502328125 0.4519230765625 0.6629475874999999 0.4361263734375 0.6006746234375 0.43956043906250003 0.600025946875 0.43131868124999995 0.5812143234375 0.43063186875000004 0.5773222625 0.5741758234375001 0.5487804875 0.5714285718750001 0.5468344578125001 0.590659340625 0.576024909375 0.5892857140625 0.5740788796875 0.653159340625 0.59418785625 0.653159340625 0.5935391796875 0.63804945 0.9010119359375001 0.640109890625 0.9016606125 0.6243131875000001 0.59418785625 0.622252746875 0.5980799171875 0.45535714218749995
4 0.9036066421875001 0.44162087968749997 0.600025946875 0.45673076874999996 0.5961338875 0.6201923078125 0.900363259375 0.6229395609374999 0.9036066421875001 0.44162087968749997
2 0.6856512718750001 0.4670329671875 0.6927867156249999 0.4677197796875 0.690840684375 0.45398351718749996 0.7161390765625 0.4519230765625 0.7161390765625 0.43269230781249995 0.6934353921875 0.434752746875 0.6927867156249999 0.42101648281250004 0.6830565640625 0.41964285781250005 0.6843539187500001 0.434752746875 0.6622989109375 0.43543956093749997 0.6635962640625 0.45535714218749995 0.6830565640625 0.45329670312500003 0.6856512718750001 0.4670329671875
2 0.5585106390625 0.68131868125 0.5695381421875 0.68200549375 0.57018681875 0.702609890625 0.59159315 0.702609890625 0.59159315 0.68200549375 0.6065127140625 0.6799450546875 0.60845874375 0.6703296703125 0.592890503125 0.66895604375 0.592890503125 0.6579670328125 0.573430203125 0.6559065937499999 0.571484171875 0.671703296875 0.559159315625 0.672390109375 0.5585106390625 0.68131868125
2 0.3645563046875 0.76304945 0.392449403125 0.76304945 0.39374675625 0.7918956046875001 0.4099636734375 0.7918956046875001 0.4106123515625 0.7637362640625 0.43201868125000004 0.7616758234375001 0.43201868125000004 0.7506868124999999 0.40931499687499995 0.7493131875000001 0.41126102812500004 0.734890109375 0.392449403125 0.734203296875 0.3918007265625 0.7506868124999999 0.3658536578125 0.7486263734375 0.3645563046875 0.76304945
6 0.40931499687499995 0.7918956046875001 0.395044109375 0.7918956046875001 0.395044109375 0.8949175828125 0.40931499687499995 0.8949175828125 0.40931499687499995 0.7918956046875001
6 0.4158017640625 0.573502746875 0.4086663203125 0.5741895609375 0.4119097046875 0.5302335171875 0.395044109375 0.5281730765625 0.395044109375 0.69368131875 0.10573430156250001 0.6957417578125 0.1044369484375 0.708791209375 0.39374675625 0.7101648359375 0.3956927859375 0.734203296875 0.4086663203125 0.7335164828125 0.4086663203125 0.5872390109375 0.41515308749999996 0.5865521984375001 0.4158017640625 0.573502746875
6 0.9049039953125 0.4230769234375 0.716787753125 0.43269230781249995 0.716787753125 0.4498626375 0.9049039953125 0.44093406562500004 0.9049039953125 0.4230769234375
4 0.395044109375 0.45398351718749996 0.110923715625 0.45398351718749996 0.10573430156250001 0.6950549453125 0.39374675625 0.6923076921875 0.395044109375 0.45398351718749996
6 0.3943954328125 0.471840659375 0.41126102812500004 0.472527471875 0.41126102812500004 0.43681318750000003 0.110923715625 0.43406593437499996 0.1102750390625 0.45260989062499996 0.395044109375 0.4519230765625 0.3943954328125 0.471840659375
1 0.5727841203125 0.589972528125 0.4916995328125 0.589972528125 0.4916995328125 0.7081043953124999 0.5727841203125 0.7081043953124999 0.5727841203125 0.589972528125
4 0.900363259375 0.6414835171875 0.5948365328125 0.6414835171875 0.58899844375 0.8949175828125 0.8971198749999999 0.89423076875 0.900363259375 0.6414835171875
2 0.43655941875000004 0.3207417578125 0.44693824531250004 0.32348901093750004 0.4501816296875 0.309752746875 0.47158796093750005 0.3111263734375 0.470939284375 0.2575549453125 0.4482356 0.25549450625 0.44693824531250004 0.2383241765625 0.4404514796875 0.23695054999999998 0.43915412500000006 0.259615384375 0.4203425015625 0.259615384375 0.41969382499999996 0.309752746875 0.4372080953125 0.3111263734375 0.43655941875000004 0.3207417578125
0 0.4132070578125 0.0851648359375 0.280228334375 0.083791209375 0.27698495 0.2575549453125 0.4106123515625 0.2575549453125 0.4132070578125 0.0851648359375
0 0.478074728125 0.18063186874999998 0.4248832375 0.1799450546875 0.42618059218750004 0.25892857187499996 0.47937208125 0.259615384375 0.478074728125 0.18063186874999998
4 0.3943954328125 0.30631868125 0.11611312968750001 0.3042582421875 0.1128697453125 0.43269230781249995 0.392449403125 0.43406593437499996 0.3943954328125 0.30631868125
4 0.3943954328125 0.7115384609375 0.10573430156250001 0.7108516484375 0.10249091875 0.8894230765625 0.39374675625 0.89423076875 0.3943954328125 0.7115384609375
4 0.9062013500000001 0.309065934375 0.60326933125 0.309065934375 0.602620653125 0.43818681249999997 0.902957965625 0.42239010937500004 0.9062013500000001 0.309065934375
1 0.5791385578125 0.30659340625 0.413077321875 0.30659340625 0.413077321875 0.572527471875 0.5791385578125 0.572527471875 0.5791385578125 0.30659340625
3 0.43201868125000004 0.034340659375 0.249091853125 0.034340659375 0.249091853125 0.0824175828125 0.43201868125000004 0.0824175828125 0.43201868125000004 0.034340659375
6 0.2737415671875 0.083791209375 0.2607680328125 0.083791209375 0.2607680328125 0.26098901093750004 0.2737415671875 0.26098901093750004 0.2737415671875 0.083791209375