7 0.9691980875 0.11828814531250001 0.9200743499999999 0.11828814531250001 0.9200743499999999 0.200691121875 0.9691980875 0.200691121875 0.9691980875 0.11828814531250001
7 0.9665427515625 0.3136629453125 0.9174190125000001 0.3136629453125 0.9174190125000001 0.388091440625 0.9665427515625 0.388091440625 0.9665427515625 0.3136629453125
7 0.9665427515625 0.4625199359375 0.9174190125000001 0.4625199359375 0.9174190125000001 0.5449229140625 0.9665427515625 0.5449229140625 0.9665427515625 0.4625199359375
7 0.9652150828125 0.6140350875 0.91609134375 0.6140350875 0.91609134375 0.6804891015625001 0.9652150828125 0.6804891015625001 0.9652150828125 0.6140350875
7 0.9652150828125 0.7615629984375001 0.91609134375 0.7615629984375001 0.91609134375 0.8280170124999999 0.9652150828125 0.8280170124999999 0.9652150828125 0.7615629984375001
3 0.12612851875 0.8519404578125 0.12878385625 0.814726209375 0.07833244843750001 0.8133971296875 0.07833244843750001 0.8997873468750001 0.45671800312500005 0.901116428125 0.45671800312500005 0.8532695374999999 0.12612851875 0.8519404578125
1 0.0756771109375 0.579479 0.0199150296875 0.579479 0.0199150296875 0.8359914937499999 0.0756771109375 0.8359914937499999 0.0756771109375 0.579479
7 0.1274561875 0.7496012765625 0.07833244843750001 0.7496012765625 0.07833244843750001 0.8160552890625 0.1274561875 0.8160552890625 0.1274561875 0.7496012765625
7 0.13011152343750002 0.4465709734375 0.0809877859375 0.4465709734375 0.0809877859375 0.5276448703125001 0.13011152343750002 0.5276448703125001 0.13011152343750002 0.4465709734375
7 0.13011152343750002 0.3017012234375 0.0809877859375 0.3017012234375 0.0809877859375 0.3694843171875 0.13011152343750002 0.3694843171875 0.13011152343750002 0.3017012234375
3 0.9665427515625 0.3867623609375 0.91874668125 0.3867623609375 0.91874668125 0.465178096875 0.9665427515625 0.465178096875 0.9665427515625 0.3867623609375
3 0.9665427515625 0.54625199375 0.91609134375 0.54625199375 0.91609134375 0.6140350875 0.9665427515625 0.6140350875 0.9665427515625 0.54625199375
3 0.9638874140624999 0.6818181812499999 0.91609134375 0.6818181812499999 0.91609134375 0.764221159375 0.9638874140624999 0.764221159375 0.9638874140624999 0.6818181812499999
3 0.12612851875 0.65656565625 0.0809877859375 0.65656565625 0.0809877859375 0.7482721953125 0.12612851875 0.7482721953125 0.12612851875 0.65656565625
3 0.12878385625 0.5263157890625 0.0796601171875 0.5263157890625 0.0796601171875 0.6047315265625001 0.12878385625 0.6047315265625001 0.12878385625 0.5263157890625
3 0.1274561875 0.3694843171875 0.0823154546875 0.3694843171875 0.0823154546875 0.447900053125 0.1274561875 0.447900053125 0.1274561875 0.3694843171875
3 0.5350504515625001 0.2445507703125 0.49522039375000004 0.2445507703125 0.49522039375000004 0.28575225937500004 0.5350504515625001 0.28575225937500004 0.5350504515625001 0.2445507703125
3 0.9691980875 0.11828814531250001 0.9691980875 0.027910685937500002 0.9227296859375 0.027910685937500002 0.9227296859375 0.0372142484375 0.5018587359375 0.0358851671875 0.5005310671875 0.0797448171875 0.9200743499999999 0.081073896875 0.91874668125 0.11961722500000001 0.9691980875 0.11828814531250001
3 0.458045671875 0.03322700625 0.278810409375 0.03322700625 0.278810409375 0.075757575 0.458045671875 0.075757575 0.458045671875 0.03322700625
3 0.13011152343750002 0.28575225937500004 0.452734996875 0.28442317968749997 0.451407328125 0.2418926109375 0.41423260781250004 0.243221690625 0.41423260781250004 0.2658160546875 0.3757302171875 0.2671451359375 0.37307488125 0.2418926109375 0.1327668609375 0.243221690625 0.1327668609375 0.2272727265625 0.0823154546875 0.2286018078125 0.0796601171875 0.30037214218749997 0.13011152343750002 0.3017012234375 0.13011152343750002 0.28575225937500004
3 0.9174190125000001 0.314992025 0.9691980875 0.31632110625 0.97052575625 0.200691121875 0.9174190125000001 0.200691121875 0.91874668125 0.24587985156249997 0.61205523125 0.2445507703125 0.6107275624999999 0.2870813390625 0.9174190125000001 0.2897395 0.9174190125000001 0.314992025
3 0.914763675 0.8306751734375 0.91609134375 0.8532695374999999 0.5377057890625 0.8532695374999999 0.5377057890625 0.901116428125 0.9625597453125 0.9037745875000001 0.9625597453125 0.8280170124999999 0.914763675 0.8306751734375
6 0.30801911875 0.07708665625 0.2920870953125 0.07708665625 0.2920870953125 0.2418926109375 0.30801911875 0.2418926109375 0.30801911875 0.07708665625
0 0.373264546875 0.2665755296875 0.41423260781250004 0.2665755296875 0.41499127500000005 0.243031821875 0.5083074125 0.243031821875 0.5098247484375 0.1777170203125 0.4400273125 0.17695754531250002 0.43926864375 0.07822586718749999 0.3110537890625 0.07822586718749999 0.3095364546875 0.2415128734375 0.37402321562499996 0.2399939234375 0.373264546875 0.2665755296875
6 0.526641884375 0.2436647171875 0.5275269953125 0.0788587625 0.5098247484375 0.0797448171875 0.5098247484375 0.1594896328125 0.455832890625 0.1594896328125 0.45671800312500005 0.07531454843749999 0.4390157546875 0.07708665625 0.4407859796875 0.177210703125 0.5107098609375 0.17632465 0.5089396359375 0.2445507703125 0.526641884375 0.2436647171875
6 0.6302000359375 0.4758107390625 0.6496725078125001 0.4944178625 0.648787396875 0.5316321109375 0.66294919375 0.5316321109375 0.66383430625 0.4891015421875 0.6443618343749999 0.471380471875 0.646132059375 0.4332801703125 0.67268543125 0.4323941171875 0.67180031875 0.28796739374999997 0.6594087453124999 0.2870813390625 0.6576385203124999 0.41910331406249995 0.6310851468750001 0.4182172609375 0.6302000359375 0.4758107390625
4 0.912673925 0.6174534828125 0.6653505046875 0.6174534828125 0.6653505046875 0.8528920781249999 0.912673925 0.8528920781249999 0.912673925 0.6174534828125
6 0.66294919375 0.6149211421875 0.91432111875 0.6149211421875 0.9169764562499999 0.6007442843749999 0.66294919375 0.598972178125 0.6620640828125001 0.5821371609375 0.6505576203125 0.5821371609375 0.6479022828125001 0.641502746875 0.6620640828125001 0.643274853125 0.66294919375 0.6149211421875
1 0.408163265625 0.6592238171875 0.43775130781250005 0.6592238171875 0.4385099765625 0.6941596421875 0.408163265625 0.6934001671875001 0.408163265625 0.8506113765625001 0.6463849484375 0.8528898 0.647143615625 0.6296043140625 0.619831575 0.6280853640624999 0.6190729078125 0.5954279640625 0.6479022828125001 0.5946684890625 0.6479022828125001 0.4959368125 0.6289355890625 0.48074732343750004 0.6296942578125 0.41695146875000005 0.6562476296875001 0.41695146875000005 0.657006296875 0.2870813390625 0.44230331562499997 0.2870813390625 0.441544646875 0.477709425 0.4089219328125 0.49517733750000004 0.408163265625 0.6592238171875
6 0.6602947421875001 0.695552896875 0.6487865109375 0.695552896875 0.6487865109375 0.85593035625 0.6602947421875001 0.85593035625 0.6602947421875001 0.695552896875
6 0.43989909687499995 0.286196171875 0.4266224109375 0.286196171875 0.4266224109375 0.340247209375 0.43989909687499995 0.340247209375 0.43989909687499995 0.286196171875
6 0.40538236875000005 0.64061669375 0.392992565625 0.64061669375 0.392992565625 0.8532695374999999 0.40538236875000005 0.8532695374999999 0.40538236875000005 0.64061669375
4 0.39071390625 0.4845446953125 0.42409528906249994 0.4632794109375 0.42409528906249994 0.4199893671875 0.13200819375 0.41922989375 0.12973219062500002 0.5559352921875 0.3922312421875 0.5574542421875 0.39071390625 0.4845446953125
6 0.42485395625000005 0.46783625781250004 0.393875021875 0.48378522031250004 0.393875021875 0.4953039171875 0.40803682031250005 0.4961899703125 0.4089219328125 0.4908736484375 0.43990086718750004 0.47669679218749994 0.43990086718750004 0.3916356546875 0.42750929375 0.388091440625 0.42662418124999996 0.4066985640625 0.1283413 0.402268296875 0.126571075 0.41733120625 0.42485395625000005 0.41910331406249995 0.42485395625000005 0.46783625781250004
4 0.39147105625 0.5733997875 0.12972915625 0.5733997875 0.12972915625 0.8521291859375 0.39147105625 0.8521291859375 0.39147105625 0.5733997875
6 0.392989909375 0.5901116421875 0.4071517078125 0.5909976968749999 0.4089219328125 0.548467128125 0.394760134375 0.5466950203125001 0.394760134375 0.558213715625 0.1292264109375 0.556441609375 0.1283413 0.570618465625 0.393875021875 0.5715045187500001 0.392989909375 0.5901116421875
2 0.05576208125 0.63441431875 0.0778898921875 0.6335282656250001 0.07877500468750001 0.6574517109375 0.13099663749999998 0.6574517109375 0.13011152343750002 0.63441431875 0.153124446875 0.63441431875 0.154894671875 0.6264398375 0.1283413 0.627325890625 0.1292264109375 0.6042884984375 0.0805452296875 0.6042884984375 0.0796601171875 0.625553784375 0.056647193750000005 0.6237816765625 0.05576208125 0.63441431875
2 0.3805983359375 0.621123515625 0.393875021875 0.619351409375 0.392104796875 0.6397306390625 0.40803682031250005 0.6397306390625 0.4106921578125 0.62200956875 0.41954328125 0.621123515625 0.42219861875 0.61226298125 0.4106921578125 0.6113769265625 0.40980704531249995 0.59188375 0.391219684375 0.59188375 0.393875021875 0.6104908734375 0.37971322343749997 0.6104908734375 0.3805983359375 0.621123515625
2 0.6302000359375 0.6742867265625 0.646132059375 0.676058834375 0.646132059375 0.6955520109375 0.6620640828125001 0.698210171875 0.6647194203125 0.6734006734375 0.6762258812499999 0.6769448875 0.6762258812499999 0.66276803125 0.6664896437500001 0.6654261921875 0.6647194203125 0.6450469609375 0.6470171703125 0.6441609078125 0.6443618343749999 0.6645401375 0.633740484375 0.6654261921875 0.6302000359375 0.6742867265625
2 0.4894671625 0.9409888359374999 0.5045140734375 0.939216728125 0.5045140734375 0.9028885343749999 0.5363781203125 0.9037745875000001 0.5372632328125 0.85149743125 0.5036289609375 0.8506113765625001 0.5018587359375 0.8195995046875 0.49477783750000004 0.8169413437499999 0.49477783750000004 0.852383484375 0.455832890625 0.85149743125 0.45671800312500005 0.9028885343749999 0.49035227499999995 0.9055466953125 0.4894671625 0.9409888359374999
1 0.603645778125 0.9028894203125001 0.365552309375 0.9028894203125001 0.365552309375 0.9631392875 0.603645778125 0.9631392875 0.603645778125 0.9028894203125001
2 0.3788281109375 0.52749719375 0.3906296109375 0.528087896875 0.38944945937500003 0.546990371875 0.4112822328125 0.5475810734375 0.4106921578125 0.52749719375 0.42308373125000004 0.529860003125 0.42131350625 0.518636659375 0.4118723078125 0.5174552546875 0.4106921578125 0.49914348124999997 0.39357998437499997 0.497371375 0.39239983437500003 0.5174552546875 0.3794181859375 0.5168645515625 0.3788281109375 0.52749719375
2 0.634330559375 0.5623486328125 0.647312209375 0.5617579296875 0.646722134375 0.5812511078125 0.66383430625 0.5824325124999999 0.66501445625 0.560576525 0.6762258812499999 0.5593951203125 0.6762258812499999 0.5528973953125 0.66442438125 0.5523066921875001 0.66501445625 0.532813515625 0.6484923578124999 0.5316321109375 0.646132059375 0.5528973953125 0.633150409375 0.551715990625 0.634330559375 0.5623486328125
2 0.4148226828125 0.369188965625 0.42426388125000003 0.3685982625 0.42367380624999995 0.388091440625 0.4419661296875 0.38868214375 0.4425562046875 0.3685982625 0.45376762812500004 0.3674168578125 0.451407328125 0.359737728125 0.4407859796875 0.359737728125 0.4413760546875 0.34024455 0.42426388125000003 0.34024455 0.42544403124999997 0.36032843125 0.41246238281250003 0.3615098359375 0.4148226828125 0.369188965625
2 0.46910957656249996 0.3065745171875 0.47501032656250003 0.307755921875 0.4767805515625 0.2876720421875 0.49507287343749995 0.2876720421875 0.49566294843750003 0.243369365625 0.4756004015625 0.2421879625 0.4744202515625 0.222694784375 0.46910957656249996 0.222694784375 0.4685195015625 0.24100655624999998 0.45199740312500003 0.24100655624999998 0.45022717968750003 0.2870813390625 0.4679294265625 0.2864906375 0.46910957656249996 0.3065745171875
2 0.5688322421875001 0.3201606703125 0.5765032156250001 0.321342075 0.5770932906249999 0.28826274375 0.6113176375 0.2870813390625 0.6113176375 0.24277866406249998 0.5770932906249999 0.243369365625 0.5765032156250001 0.20851792812499997 0.5688322421875001 0.20674582031250002 0.5688322421875001 0.24277866406249998 0.5357880453125 0.24159725937499998 0.5351979703125 0.2876720421875 0.5682421671875 0.2876720421875 0.5688322421875001 0.3201606703125
5 0.9195061078125001 0.078987240625 0.52803505 0.078987240625 0.52803505 0.2445534296875 0.9195061078125001 0.2445534296875 0.9195061078125001 0.078987240625
0 0.4271295796875 0.2870813390625 0.132010090625 0.2870813390625 0.132010090625 0.4040404046875 0.4271295796875 0.4040404046875 0.4271295796875 0.2870813390625
4 0.6463849484375 0.47087415468750005 0.6653516421875 0.4875825921875 0.6645929749999999 0.5999848109375 0.9149533421875 0.6007442843749999 0.9172293453125 0.29087871249999997 0.6752143234375 0.2886002890625 0.6752143234375 0.4366978046875 0.6463849484375 0.43593833125000003 0.6463849484375 0.47087415468750005
3 0.43547265 0.6607416265625 0.4058868828125 0.6607416265625 0.4058868828125 0.6918793187500001 0.43547265 0.6918793187500001 0.43547265 0.6607416265625
3 0.6501779078125 0.5969457734375 0.6213462562500001 0.5969457734375 0.6213462562500001 0.6265629984375 0.6501779078125 0.6265629984375 0.6501779078125 0.5969457734375