7 0.810725 0.7689919359374999 0.555375 0.7689919359374999 0.555375 0.8193951609375001 0.810725 0.8193951609375001 0.810725 0.7689919359374999
4 0.46630435 0.6065918671875 0.49456521562500005 0.6065918671875 0.49456521562500005 0.7696353421875 0.8576086953125 0.7670056093750001 0.856521740625 0.300666196875 0.49565217500000003 0.301542778125 0.49456521562500005 0.39446002812500003 0.465217390625 0.39446002812500003 0.46630435 0.3716690046875 0.1510869546875 0.369915846875 0.154347825 0.63814866875 0.46630435 0.6407783984375001 0.46630435 0.6065918671875
7 0.28395000000000004 0.643709678125 0.19465 0.643709678125 0.19465 0.694112903125 0.28395000000000004 0.694112903125 0.28395000000000004 0.643709678125
2 0.3303571453125 0.7099654390625 0.3303571453125 0.6941244234374999 0.3660714296875 0.695564515625 0.364285715625 0.6422811046875 0.3303571453125 0.6422811046875 0.3285714296875 0.6278801859375001 0.3160714296875 0.6278801859375001 0.3178571453125 0.6408410124999999 0.2875 0.6394009234375 0.285714284375 0.695564515625 0.3160714296875 0.695564515625 0.3196428546875 0.7128456203125 0.3303571453125 0.7099654390625
6 0.3630434796875 0.3471248265625 0.345652175 0.348001403125 0.345652175 0.2095021046875 0.3239130453125 0.2086255234375 0.3239130453125 0.30329593125 0.15 0.3024193546875 0.1510869546875 0.07363254062499999 0.3239130453125 0.07363254062499999 0.3239130453125 0.1384992984375 0.344565215625 0.14025245625 0.345652175 0.0745091171875 0.468478259375 0.072755959375 0.46739130468749995 0.1814516125 0.49130434999999995 0.1814516125 0.4923913046875 0.0762622703125 0.5260869546875 0.0762622703125 0.5271739156249999 0.0473352015625 0.119565215625 0.0473352015625 0.1173913046875 0.639901821875 0.1510869546875 0.639901821875 0.1489130453125 0.36816269375 0.3630434796875 0.36816269375 0.3630434796875 0.3471248265625
2 0.29021739062499996 0.17969845625 0.32282608437500004 0.1814516125 0.32282608437500004 0.2086255234375 0.3489130453125 0.21037868125 0.347826084375 0.1814516125 0.37717391562499997 0.1814516125 0.37717391562499997 0.1656732140625 0.3467391296875 0.1656732140625 0.3510869546875 0.14025245625 0.32173912968749996 0.14025245625 0.32173912968749996 0.1656732140625 0.2880434796875 0.1656732140625 0.29021739062499996 0.17969845625
2 0.41847825937499994 0.381311359375 0.420652175 0.369915846875 0.46739130468749995 0.3690392703125 0.46630435 0.3488779796875 0.41847825937499994 0.348001403125 0.41956521562500004 0.330469846875 0.402173915625 0.3313464234375 0.4 0.348001403125 0.364130434375 0.348001403125 0.36521739062499997 0.3716690046875 0.4 0.370792428125 0.4010869546875 0.3821879390625 0.41847825937499994 0.381311359375
1 0.465217390625 0.27962833125 0.660869565625 0.2778751734375 0.6619565203125 0.0771388515625 0.49565217500000003 0.0771388515625 0.49456521562500005 0.1832047703125 0.464130434375 0.1832047703125 0.465217390625 0.0762622703125 0.3489130453125 0.0762622703125 0.3467391296875 0.3471248265625 0.465217390625 0.348001403125 0.465217390625 0.27962833125
2 0.584782609375 0.35326087031250003 0.585869565625 0.301542778125 0.6586956500000001 0.300666196875 0.6576086953125 0.2787517546875 0.58369565 0.276998596875 0.58369565 0.22265077031249997 0.56630435 0.22265077031249997 0.5673913046875 0.276998596875 0.504347825 0.28050490781250004 0.5032608703125 0.2997896203125 0.565217390625 0.300666196875 0.5673913046875 0.3558906046875 0.584782609375 0.35326087031250003
2 0.564130434375 0.0894109390625 0.585869565625 0.08853436249999999 0.585869565625 0.07538569375000001 0.622826084375 0.0762622703125 0.6239130453125 0.046458624999999996 0.580434784375 0.0455820484375 0.580434784375 0.036816270312499996 0.5695652156250001 0.0350631125 0.5695652156250001 0.0473352015625 0.5304347843749999 0.0473352015625 0.5282608703125 0.0762622703125 0.56630435 0.0762622703125 0.564130434375 0.0894109390625
3 0.195675 0.6434072578125 0.10652500000000001 0.6434072578125 0.10652500000000001 0.6933669359375 0.195675 0.6933669359375 0.195675 0.6434072578125
3 0.5554347843749999 0.8213534359375 0.554347825 0.768758765625 0.49347825937499995 0.7705119234375 0.49021739062499997 0.64253155625 0.36630435 0.6434081328125 0.368478259375 0.6942496484375 0.425 0.69600280625 0.42717391562499996 0.8222300125 0.5554347843749999 0.8213534359375
3 0.8108695656249999 0.8222300125 0.9173913046875001 0.8222300125 0.919565215625 0.6407783984375001 0.856521740625 0.6416549796875 0.856521740625 0.7696353421875 0.8119565203124999 0.7696353421875 0.8108695656249999 0.8222300125
6 0.4260869546875 0.8213534359375 0.425 0.9274193546875 0.1489130453125 0.9282959312499999 0.152173915625 0.6942496484375 0.119565215625 0.6942496484375 0.118478259375 0.9475806453125 0.44782608437500004 0.9475806453125 0.44565217500000004 0.8213534359375 0.4260869546875 0.8213534359375
6 0.490225 0.6083467734375 0.46847500000000003 0.6083467734375 0.46847500000000003 0.6407661296875 0.490225 0.6407661296875 0.490225 0.6083467734375
6 0.49130434999999995 0.29891304375 0.5032608703125 0.29891304375 0.502173915625 0.28050490781250004 0.468478259375 0.28050490781250004 0.46956521562500003 0.39270687031249996 0.49130434999999995 0.39183029375 0.49130434999999995 0.29891304375
6 0.66630435 0.28050490781250004 0.659782609375 0.27962833125 0.659782609375 0.2980364640625 0.8586956499999999 0.2980364640625 0.8586956499999999 0.64253155625 0.885869565625 0.64253155625 0.8891304343750001 0.29014726562500004 0.919565215625 0.29014726562500004 0.919565215625 0.2691093953125 0.693478259375 0.2699859765625 0.693478259375 0.031556803125 0.6619565203125 0.031556803125 0.6619565203125 0.046458624999999996 0.625 0.046458624999999996 0.625 0.07363254062499999 0.664130434375 0.072755959375 0.66630435 0.28050490781250004
0 0.32175 0.0753830640625 0.15435000000000001 0.0753830640625 0.15435000000000001 0.30155241875 0.32175 0.30155241875 0.32175 0.0753830640625
4 0.426075 0.695987903125 0.15542499999999998 0.695987903125 0.15542499999999998 0.92739919375 0.426075 0.92739919375 0.426075 0.695987903125