7 0.47070909062500005 0.112578946875 0.38686666718749996 0.112578946875 0.38686666718749996 0.18275438593749999 0.47070909062500005 0.18275438593749999 0.47070909062500005 0.112578946875
7 0.663642425 0.11549122812499998 0.5798 0.11549122812499998 0.5798 0.1856666671875 0.663642425 0.1856666671875 0.663642425 0.11549122812499998
7 0.8565636359375001 0.11403508749999999 0.77373939375 0.11403508749999999 0.77373939375 0.188596490625 0.8565636359375001 0.188596490625 0.8565636359375001 0.11403508749999999
7 0.9767636359375 0.1155 0.9585818187499999 0.1155 0.9585818187499999 0.1886052625 0.9767636359375 0.1886052625 0.9767636359375 0.1155
7 0.0929333328125 0.111114034375 0.07778181875 0.111114034375 0.07778181875 0.1871315796875 0.0929333328125 0.1871315796875 0.0929333328125 0.111114034375
3 0.38686666718749996 0.11549122812499998 0.282830303125 0.11549122812499998 0.282830303125 0.1812807015625 0.38686666718749996 0.1812807015625 0.38686666718749996 0.11549122812499998
3 0.5808060609375 0.112570175 0.47070909062500005 0.112570175 0.47070909062500005 0.1842017546875 0.5808060609375 0.1842017546875 0.5808060609375 0.112570175
3 0.77373939375 0.1155 0.663642425 0.1155 0.663642425 0.1871315796875 0.77373939375 0.1871315796875 0.77373939375 0.1155
3 0.9585818187499999 0.11549122812499998 0.855551515625 0.11549122812499998 0.855551515625 0.19005263125 0.9585818187499999 0.19005263125 0.9585818187499999 0.11549122812499998
3 0.188890909375 0.1111052625 0.0929272734375 0.1111052625 0.0929272734375 0.1856666671875 0.188890909375 0.1856666671875 0.188890909375 0.1111052625
2 0.228282828125 0.24269005781250003 0.2383838390625 0.24707602343750001 0.2383838390625 0.1900584796875 0.28181818125 0.188596490625 0.28080808125 0.10818713437500001 0.2393939390625 0.1096491234375 0.2393939390625 0.0526315796875 0.23333333281250002 0.051169590625000004 0.2303030296875 0.1052631578125 0.1888888890625 0.1111111109375 0.1878787875 0.1900584796875 0.2303030296875 0.188596490625 0.228282828125 0.24269005781250003
1 0.298987878125 0.040929824999999996 0.18283030312499998 0.040929824999999996 0.18283030312499998 0.1111052625 0.298987878125 0.1111052625 0.298987878125 0.040929824999999996
6 0.7348484843749999 0.8662280703125 0.6272727265625 0.8640350874999999 0.6265151515625 0.716008771875 0.6651515156250001 0.7171052625 0.6651515156250001 0.6984649125 0.6128787875 0.6984649125 0.6136363640625 0.7138157890625 0.6166666671875001 0.7192982453125001 0.615151515625 0.8629385968750001 0.5606060609375 0.8640350874999999 0.5613636359374999 0.6973684203125 0.34090909062499997 0.6951754390625 0.3416666671875 0.6765350875 0.328787878125 0.6754385968750001 0.328787878125 0.6951754390625 0.140151515625 0.6973684203125 0.1424242421875 0.1875 0.1295454546875 0.186403509375 0.1272727265625 0.6973684203125 0.10454545468750001 0.6962719296875 0.10530302968750001 0.74451754375 0.5287878781249999 0.7478070171875 0.5272727265625 0.91008771875 0.76818181875 0.914473684375 0.76893939375 0.83662280625 0.7734848484375 0.83662280625 0.7734848484375 0.7807017546874999 0.7666666671875 0.7807017546874999 0.7696969703125001 0.6995614031249999 0.750757575 0.7006578953125 0.7522727265625 0.5625 0.7363636359375 0.5625 0.7363636359375 0.5723684203125 0.5454545453125 0.569078946875 0.5446969703125 0.5120614031249999 0.53181818125 0.5098684203125 0.53106060625 0.569078946875 0.46893939375000004 0.56798245625 0.46893939375000004 0.585526315625 0.7386363640625 0.591008771875 0.7371212125 0.6995614031249999 0.71893939375 0.7017543859375001 0.71818181875 0.7171052625 0.7363636359375 0.7182017546874999 0.7348484843749999 0.8662280703125
2 0.3166666671875 0.6491228062500001 0.328030303125 0.646929825 0.32954545468749996 0.6743421046875 0.3416666671875 0.6754385968750001 0.3416666671875 0.6458333328125 0.35227272656249997 0.6447368421874999 0.35227272656249997 0.6337719296875 0.3424242421875 0.6337719296875 0.3424242421875 0.6041666671875 0.328787878125 0.6041666671875 0.32954545468749996 0.6370614031249999 0.3174242421875 0.6370614031249999 0.3166666671875 0.6491228062500001
1 0.7386363640625 0.58991228125 0.34318181875 0.58991228125 0.34318181875 0.6962631578125 0.7386363640625 0.6962631578125 0.7386363640625 0.58991228125
2 0.43787878750000003 0.6052631578125001 0.45 0.6063596484375 0.449242425 0.5888157890625 0.4674242421875 0.5888157890625 0.4696969703125 0.56798245625 0.446969696875 0.56798245625 0.4446969703125 0.5493421046875 0.43787878750000003 0.5493421046875 0.43863636406250006 0.566885965625 0.41818181875000004 0.56798245625 0.41818181875000004 0.591008771875 0.44015151562500004 0.5888157890625 0.43787878750000003 0.6052631578125001
2 0.51818181875 0.48355263125 0.5295454546875 0.48355263125 0.53106060625 0.5087719296875 0.546212121875 0.5109649125 0.546969696875 0.4813596484375 0.5583333328125 0.47807017500000004 0.5583333328125 0.46710526249999995 0.546969696875 0.466008771875 0.5477272734375 0.4375 0.5303030296875 0.43530701718750003 0.53106060625 0.47039473750000005 0.5196969703125001 0.46929824531250003 0.51818181875 0.48355263125
2 0.728787878125 0.5328947375 0.7386363640625 0.533991228125 0.7378787875 0.5625 0.7522727265625 0.563596490625 0.7515151515625 0.5307017546874999 0.7613636359375 0.5317982453125001 0.7621212125 0.5208333328125 0.753030303125 0.5186403515625 0.7515151515625 0.48355263125 0.7371212125 0.4846491234375 0.7371212125 0.5197368421874999 0.728787878125 0.5197368421874999 0.728787878125 0.5328947375
1 0.7696969703125001 0.7828947375 0.8424242421875 0.7807017546874999 0.8416666671874999 0.7028508765625 0.871969696875 0.7006578953125 0.8765151515625 0.47587719375 0.7522727265625 0.47039473750000005 0.7515151515625 0.6984649125 0.771212121875 0.6962719296875 0.7696969703125001 0.7828947375
2 0.7916666671875 0.43311403437499996 0.79318181875 0.449561403125 0.775 0.4473684203125 0.775 0.47587719375 0.7946969703125 0.4736842109375 0.79393939375 0.4890350875 0.8037878781250001 0.4901315796875 0.8045454546874999 0.4736842109375 0.8234848484375 0.4736842109375 0.8242424249999999 0.45175438593750006 0.8053030296875001 0.45175438593750006 0.8037878781250001 0.43201754374999995 0.7916666671875 0.43311403437499996
2 0.80681818125 0.84758771875 0.80606060625 0.8333333328125001 0.83106060625 0.8333333328125001 0.8303030296875 0.783991228125 0.80681818125 0.783991228125 0.80606060625 0.767543859375 0.799242425 0.7697368421874999 0.8007575750000001 0.7828947375 0.7734848484375 0.7828947375 0.7734848484375 0.834429825 0.796212121875 0.83662280625 0.7977272734375 0.8486842109375001 0.80681818125 0.84758771875
0 0.615909090625 0.7192982453125001 0.5628787875000001 0.7192982453125001 0.5628787875000001 0.8629473687500001 0.615909090625 0.8629473687500001 0.615909090625 0.7192982453125001
2 0.59318181875 0.7357456140624999 0.5946969703125 0.7182017546874999 0.6136363640625 0.7182017546874999 0.6128787875 0.6973684203125 0.5946969703125 0.6962719296875 0.59318181875 0.680921053125 0.5856060609375 0.680921053125 0.5856060609375 0.6973684203125 0.5621212124999999 0.6984649125 0.5628787875000001 0.7171052625 0.58181818125 0.7182017546874999 0.5848484843749999 0.7346491234375 0.59318181875 0.7357456140624999
0 0.7340969703125 0.717114034375 0.6280363640625 0.717114034375 0.6280363640625 0.864043859375 0.7340969703125 0.864043859375 0.7340969703125 0.717114034375
2 0.696212121875 0.732456140625 0.6954545453125001 0.7171052625 0.71818181875 0.7171052625 0.7166666671875 0.6995614031249999 0.696969696875 0.6962719296875 0.69393939375 0.683114034375 0.6871212124999999 0.6842105265625 0.6871212124999999 0.6984649125 0.665909090625 0.6951754390625 0.665909090625 0.7203947375 0.6893939390625 0.721491228125 0.6893939390625 0.73355263125 0.696212121875 0.732456140625
6 0.9242424249999999 0.7368421046875 0.9227272734374999 0.7576754390625 0.9446969703124999 0.75548245625 0.9454545453125001 0.7028508765625 0.9090909093749999 0.705043859375 0.9113636359375 0.191885965625 0.8772727265625001 0.19298245625 0.8765151515625 0.45394736875 0.8242424249999999 0.45394736875 0.825 0.4736842109375 0.8765151515625 0.47478070156249996 0.8742424249999999 0.7028508765625 0.8424242421875 0.705043859375 0.8424242421875 0.7861842109375 0.8303030296875 0.78508771875 0.8318181812500001 0.834429825 0.8628787875 0.8333333328125001 0.8643939390625001 0.7379385968750001 0.9242424249999999 0.7368421046875
6 0.774242425 0.45065789531249995 0.750757575 0.4528508765625 0.753030303125 0.1875 0.740151515625 0.1853070171875 0.7393939390625001 0.482456140625 0.750757575 0.4813596484375 0.749242425 0.46820175468749997 0.775 0.46929824531250003 0.774242425 0.45065789531249995
1 0.8772787875000001 0.1886052625 0.754551515625 0.1886052625 0.754551515625 0.449570175 0.8772787875000001 0.449570175 0.8772787875000001 0.1886052625
6 0.54546060625 0.18531578906249999 0.5325757578125 0.18531578906249999 0.5325757578125 0.4353157890625 0.54546060625 0.4353157890625 0.54546060625 0.18531578906249999
4 0.736369696875 0.1875 0.5469757578125 0.1875 0.5469757578125 0.5701842109374999 0.736369696875 0.5701842109374999 0.736369696875 0.1875
4 0.530309090625 0.1853070171875 0.3439454546875 0.1853070171875 0.3439454546875 0.567991228125 0.530309090625 0.567991228125 0.530309090625 0.1853070171875
6 0.3416666671875 0.5866228062500001 0.41893939375 0.585526315625 0.41818181875000004 0.569078946875 0.3416666671875 0.5712719296875 0.34318181875 0.183114034375 0.33030302968749997 0.18201754375 0.33030302968749997 0.5997807015625 0.34090909062499997 0.603070175 0.3416666671875 0.5866228062500001
4 0.32954545468749996 0.1842105265625 0.1446969703125 0.188596490625 0.140909090625 0.6984649125 0.3272727265625 0.694078946875 0.32954545468749996 0.1842105265625