4 0.1820564109375 0.13450649374999998 0.049451282812500004 0.13450649374999998 0.049451282812500004 0.8719870125 0.1820564109375 0.8719870125 0.1820564109375 0.13450649374999998
7 0.0967025640625 0.09648051875 0.0674 0.09648051875 0.0674 0.13359740312499999 0.0967025640625 0.13359740312499999 0.0967025640625 0.09648051875
7 0.1663025640625 0.09648051875 0.137 0.09648051875 0.137 0.13359740312499999 0.1663025640625 0.13359740312499999 0.1663025640625 0.09648051875
7 0.23223589687500001 0.098324675 0.2036615390625 0.098324675 0.2036615390625 0.1354415578125 0.23223589687500001 0.1354415578125 0.23223589687500001 0.098324675
4 0.265201465625 0.48051948125 0.3172161171875 0.48144712500000003 0.3172161171875 0.46382189374999994 0.3318681328125 0.464749534375 0.33150183125 0.47959183593750004 0.395970696875 0.48144712500000003 0.395970696875 0.46938775625 0.4106227109375 0.46753246718749997 0.4102564109375 0.48144712500000003 0.4732600734375 0.48051948125 0.4732600734375 0.13914656875 0.2578754578125 0.1363636359375 0.2582417578125 0.397959184375 0.265567765625 0.397959184375 0.265201465625 0.48051948125
7 0.297435896875 0.09648051875 0.2688615390625 0.09648051875 0.2688615390625 0.13359740312499999 0.297435896875 0.13359740312499999 0.297435896875 0.09648051875
7 0.36923076875 0.1001948046875 0.3406564109375 0.1001948046875 0.3406564109375 0.1373116890625 0.36923076875 0.1373116890625 0.36923076875 0.1001948046875
3 0.39668175 0.5378304046875 0.4102564109375 0.5385943484375 0.410859728125 0.5179679140625 0.47420814531250005 0.5179679140625 0.47360482656249997 0.5393582890624999 0.487481146875 0.5393582890624999 0.487481146875 0.519495796875 0.49079939687499996 0.5179679140625 0.490196078125 0.4812987015625 0.4880844640625 0.48206264374999996 0.4877828046875 0.135233003125 0.577978884375 0.137524828125 0.577978884375 0.09856378906249999 0.44977375625000005 0.0955080203125 0.4500754140625 0.1359969453125 0.47390648593750007 0.1367608859375 0.47390648593750007 0.48128342343749997 0.4102564109375 0.48281130625 0.4102564109375 0.46753246718749997 0.396983409375 0.46829641093749996 0.39668175 0.48357525 0.3728506796875 0.48281130625 0.3731523375 0.5149121453125 0.396380090625 0.5149121453125 0.39668175 0.5378304046875
7 0.4498205125 0.09835065 0.42197435937499994 0.09835065 0.42197435937499994 0.13546753281249999 0.4498205125 0.13546753281249999 0.4498205125 0.09835065
4 0.5512820515625 0.46753246718749997 0.5670329671875 0.46846011093750006 0.5670329671875 0.48051948125 0.63113553125 0.48237476875 0.6304029296875 0.46660482343750004 0.6472527484375 0.46753246718749997 0.646886446875 0.48237476875 0.6992673984375 0.48144712500000003 0.7 0.40074211406250004 0.7043956046875001 0.40166975781250003 0.7051282046875 0.138218925 0.51831501875 0.13914656875 0.51831501875 0.4842300546875 0.5516483515624999 0.48330241249999994 0.5512820515625 0.46753246718749997
7 0.6058615390625001 0.09835065 0.578015384375 0.09835065 0.578015384375 0.13546753281249999 0.6058615390625001 0.13546753281249999 0.6058615390625001 0.09835065
7 0.6813179484375 0.1001948046875 0.6534717953125 0.1001948046875 0.6534717953125 0.1373116890625 0.6813179484375 0.1373116890625 0.6813179484375 0.1001948046875
4 0.7707025640625 0.1382207796875 0.7124564109375 0.1382207796875 0.7124564109375 0.40167532499999997 0.7707025640625 0.40167532499999997 0.7707025640625 0.1382207796875
7 0.7501794875 0.1001948046875 0.7223333328125 0.1001948046875 0.7223333328125 0.1373116890625 0.7501794875 0.1373116890625 0.7501794875 0.1001948046875
4 0.916846153125 0.1410129875 0.782784615625 0.1410129875 0.782784615625 0.8747792203125 0.916846153125 0.8747792203125 0.916846153125 0.1410129875
7 0.8183128203125 0.1020389609375 0.7904666671875 0.1020389609375 0.7904666671875 0.13915584375 0.8183128203125 0.13915584375 0.8183128203125 0.1020389609375
7 0.8835128203125 0.1020389609375 0.8556666671875 0.1020389609375 0.8556666671875 0.13915584375 0.8835128203125 0.13915584375 0.8835128203125 0.1020389609375
7 0.882046153125 0.8757012984375001 0.8542 0.8757012984375001 0.8542 0.9128181812499999 0.882046153125 0.9128181812499999 0.882046153125 0.8757012984375001
7 0.8183128203125 0.8757012984375001 0.7904666671875 0.8757012984375001 0.7904666671875 0.9128181812499999 0.8183128203125 0.9128181812499999 0.8183128203125 0.8757012984375001
7 0.682046153125 0.8738571421874999 0.6542 0.8738571421874999 0.6542 0.9109740265624999 0.682046153125 0.9109740265624999 0.682046153125 0.8738571421874999
7 0.6095230765624999 0.8757012984375001 0.5816769234375 0.8757012984375001 0.5816769234375 0.9128181812499999 0.6095230765624999 0.9128181812499999 0.6095230765624999 0.8757012984375001
7 0.5311333328125001 0.8719870125 0.5032871796875 0.8719870125 0.5032871796875 0.909103896875 0.5311333328125001 0.909103896875 0.5311333328125001 0.8719870125
7 0.452015384375 0.8701428578125 0.42416923124999995 0.8701428578125 0.42416923124999995 0.907259740625 0.452015384375 0.907259740625 0.452015384375 0.8701428578125
7 0.3758205125 0.8756883109375 0.347974359375 0.8756883109375 0.347974359375 0.910077921875 0.3758205125 0.910077921875 0.3758205125 0.8756883109375
7 0.164835896875 0.8719870125 0.13698974375 0.8719870125 0.13698974375 0.909103896875 0.164835896875 0.909103896875 0.164835896875 0.8719870125
7 0.09816923125 0.8719870125 0.0703230765625 0.8719870125 0.0703230765625 0.909103896875 0.09816923125 0.909103896875 0.09816923125 0.8719870125
7 0.048353846875 0.627090909375 0.035502564062500006 0.627090909375 0.035502564062500006 0.6994545453125001 0.048353846875 0.6994545453125001 0.048353846875 0.627090909375
1 0.033184615625000004 0.32542857187499996 0.0235333328125 0.32542857187499996 0.0235333328125 0.401064934375 0.033184615625000004 0.401064934375 0.033184615625000004 0.32542857187499996
7 0.048702564062499995 0.32976623437499997 0.0353179484375 0.32976623437499997 0.0353179484375 0.40212987031249997 0.048702564062499995 0.40212987031249997 0.048702564062499995 0.32976623437499997
3 0.26364404218750004 0.5897631796875 0.2521809953125 0.5889992359375 0.2521809953125 0.8731856390624999 0.194564103125 0.8716577531249999 0.1954690796875 0.513368984375 0.182196078125 0.514132925 0.182799396875 0.8686019875 0.16469985 0.8708938125 0.16469985 0.9090909093749999 0.347812971875 0.9090909093749999 0.34811463125 0.8708938125 0.2648567125 0.8693659265625 0.26425339375 0.6363636359375 0.3309200609375 0.6378915187499999 0.3300150828125 0.5928189453125 0.31945701406250004 0.5935828890625 0.31884766249999996 0.6042780750000001 0.26454901875000003 0.605042015625 0.26364404218750004 0.5897631796875
5 0.2200871796875 0.43164935 0.1941487171875 0.43164935 0.1941487171875 0.78850649375 0.2200871796875 0.78850649375 0.2200871796875 0.43164935
2 0.171794871875 0.48794063125 0.1824175828125 0.4870129875 0.1820512828125 0.5139146578125 0.1956043953125 0.5139146578125 0.1952380953125 0.48794063125 0.2043956046875 0.48979591874999995 0.20549450625 0.48144712500000003 0.19633699531249998 0.48051948125 0.1956043953125 0.45454545468749996 0.1820512828125 0.45361781093750003 0.18168498125000002 0.47959183593750004 0.1725274734375 0.4786641921875 0.171794871875 0.48794063125
1 0.225641025 0.523300228125 0.225641025 0.6048237484375 0.2512820515625 0.6038961031250001 0.2516483515625 0.4304267171875 0.225641025 0.4308632546875 0.2208144796875 0.43162719687499995 0.2208144796875 0.5217723453125 0.225641025 0.523300228125
2 0.21941391875 0.452690165625 0.221611721875 0.4564007421875 0.222344321875 0.432282003125 0.2304029296875 0.43320964687499997 0.2304029296875 0.397031540625 0.22344322343749998 0.396103896875 0.22344322343749998 0.38033395 0.22051282031250002 0.378478665625 0.21978021874999998 0.397031540625 0.2113553125 0.397959184375 0.21098901093750003 0.4313543609375 0.21941391875 0.4313543609375 0.21941391875 0.452690165625
0 0.22051282031250002 0.7914438500000001 0.2515837109375 0.790679909375 0.25188536875 0.621084796875 0.225641025 0.621084796875 0.225641025 0.7310924359375 0.2208144796875 0.7310924359375 0.22051282031250002 0.7914438500000001
2 0.235164834375 0.638218925 0.2391941390625 0.638218925 0.2399267390625 0.6187384046875 0.2472527484375 0.61966605 0.2472527484375 0.6057513921875 0.2399267390625 0.6057513921875 0.23956044062499998 0.5881261578125 0.23699633750000001 0.5862708734375001 0.2362637359375 0.607606678125 0.22857142812500003 0.6066790359375 0.22930402968750002 0.6224489796875 0.23589743593749998 0.621521334375 0.235164834375 0.638218925
0 0.2208820515625 0.8033376625 0.195241025 0.8033376625 0.195241025 0.8710519484375 0.2208820515625 0.8710519484375 0.2208820515625 0.8033376625
2 0.21025641093749997 0.8163265296875 0.21062271093749999 0.8042671609375001 0.21904761874999998 0.8061224499999999 0.21904761874999998 0.7912801484374999 0.20952380937499998 0.7922077921875 0.20952380937499998 0.7810760671875 0.20622710625 0.7829313531250001 0.20549450625 0.7894248593750001 0.19670329687500002 0.7912801484374999 0.19633699531249998 0.8024118734375 0.20659340624999997 0.8042671609375001 0.20622710625 0.8163265296875 0.21025641093749997 0.8163265296875
6 0.228205128125 0.790352503125 0.21868131875 0.7912801484374999 0.21904761874999998 0.8051948046874999 0.22124542187500001 0.8042671609375001 0.22124542187500001 0.8719851578125001 0.225274725 0.8719851578125001 0.225641025 0.8024118734375 0.22857142812500003 0.8024118734375 0.228205128125 0.790352503125
0 0.25165128281250004 0.8051948046874999 0.22637948749999998 0.8051948046874999 0.22637948749999998 0.8710649343749999 0.25165128281250004 0.8710649343749999 0.25165128281250004 0.8051948046874999
2 0.235164834375 0.8135436 0.2399267390625 0.8144712437500001 0.240659340625 0.8051948046874999 0.24981684999999998 0.8079777375000001 0.25018315 0.7922077921875 0.24029304062499998 0.790352503125 0.2399267390625 0.7820037109375 0.23699633750000001 0.7820037109375 0.23736263750000003 0.7931354359375 0.228205128125 0.7912801484374999 0.22710622656249999 0.8042671609375001 0.23589743593749998 0.8051948046874999 0.235164834375 0.8135436
6 0.22504102499999998 0.5232857140625 0.2205179484375 0.5232857140625 0.2205179484375 0.730324675 0.22504102499999998 0.730324675 0.22504102499999998 0.5232857140625
6 0.2293076921875 0.607597403125 0.2249076921875 0.607597403125 0.2249076921875 0.618740259375 0.2293076921875 0.618740259375 0.2293076921875 0.607597403125
6 0.2523794875 0.606675325 0.24725128281250003 0.606675325 0.24725128281250003 0.6187272734375 0.2523794875 0.6187272734375 0.2523794875 0.606675325
6 0.2531179484375 0.7931428578124999 0.250184615625 0.7931428578124999 0.250184615625 0.8051948046874999 0.2531179484375 0.8051948046874999 0.2531179484375 0.7931428578124999
6 0.19633846093750001 0.789428571875 0.193774359375 0.789428571875 0.193774359375 0.802415584375 0.19633846093750001 0.802415584375 0.19633846093750001 0.789428571875
2 0.2644666671875 0.535259740625 0.25237435937499997 0.535259740625 0.25237435937499997 0.5890519484375 0.2644666671875 0.5890519484375 0.2644666671875 0.535259740625
2 0.330035896875 0.53616883125 0.3190512828125 0.53616883125 0.3190512828125 0.592766234375 0.330035896875 0.592766234375 0.330035896875 0.53616883125
2 0.4102564109375 0.5398831171875 0.39743589687499997 0.5398831171875 0.39743589687499997 0.59648051875 0.4102564109375 0.59648051875 0.4102564109375 0.5398831171875
2 0.4871794875 0.5398831171875 0.474358975 0.5398831171875 0.474358975 0.5946103890625001 0.4871794875 0.5946103890625001 0.4871794875 0.5398831171875
2 0.5652 0.5380389609375 0.5523794875 0.5380389609375 0.5523794875 0.592766234375 0.5652 0.592766234375 0.5652 0.5380389609375
2 0.6450564109375 0.542675325 0.6318666671875001 0.542675325 0.6318666671875001 0.5955584421875 0.6450564109375 0.5955584421875 0.6450564109375 0.542675325
3 0.712518853125 0.5974025968750001 0.7004524875 0.5981665406250001 0.7001508296875001 0.6096256671875 0.6808446453125 0.6096256671875 0.6805429859375 0.6386554624999999 0.7001508296875001 0.6386554624999999 0.7001508296875001 0.8731856390624999 0.6820512828124999 0.8739495796875 0.6823529421875 0.911382734375 0.7909502265625 0.911382734375 0.7906485671875 0.8770053484375 0.7828054296875 0.8762414046875 0.7834087484375 0.5126050421875 0.77043740625 0.5126050421875 0.77043740625 0.874713521875 0.7122171953125 0.875477465625 0.712518853125 0.5974025968750001
2 0.7128205125 0.5426883109375 0.7 0.5426883109375 0.7 0.59648051875 0.7128205125 0.59648051875 0.7128205125 0.5426883109375
3 0.653846153125 0.872896103125 0.6102564109374999 0.872896103125 0.6102564109374999 0.9100129875 0.653846153125 0.9100129875 0.653846153125 0.872896103125
3 0.13699487187499998 0.8701298703125 0.0989025640625 0.8701298703125 0.0989025640625 0.90815584375 0.13699487187499998 0.90815584375 0.13699487187499998 0.8701298703125
3 0.047984615625 0.4026103890625 0.0333282046875 0.4026103890625 0.0333282046875 0.625233765625 0.047984615625 0.625233765625 0.047984615625 0.4026103890625
3 0.13663076875 0.09368831093749999 0.0970717953125 0.09368831093749999 0.0970717953125 0.13264935 0.13663076875 0.13264935 0.13663076875 0.09368831093749999
4 0.3963369953125 0.6252319109375 0.33113553125 0.6233766234375 0.33113553125 0.63914656875 0.265201465625 0.63729128125 0.265201465625 0.8701298703125 0.395970696875 0.8701298703125 0.3963369953125 0.6252319109375
3 0.3445230765625 0.7284675328125 0.331005128125 0.7284675328125 0.331005128125 0.7627012984375 0.3445230765625 0.7627012984375 0.3445230765625 0.7284675328125
4 0.7 0.6428701296875 0.5666666671875 0.6428701296875 0.5666666671875 0.8719870125 0.7 0.8719870125 0.7 0.6428701296875
3 0.6456923078125001 0.73083116875 0.632174359375 0.73083116875 0.632174359375 0.765064934375 0.6456923078125001 0.765064934375 0.6456923078125001 0.73083116875
2 0.6669683265625 0.666157371875 0.6696832578125 0.6669213140625 0.670588234375 0.6424751718749999 0.6811463046874999 0.6409472890625 0.6808446453125 0.6080977843750001 0.671191553125 0.6058059578125 0.670588234375 0.5851795265625 0.6669683265625 0.5851795265625 0.6666666671875 0.6065699015625 0.6579185515625 0.6073338421875001 0.6573152343750001 0.6424751718749999 0.6660633484375 0.6424751718749999 0.6669683265625 0.666157371875
2 0.61508295625 0.6684491968749999 0.615384615625 0.6455309406249999 0.6268476625 0.6447669968749999 0.625339365625 0.6195569140625 0.6156862750000001 0.6203208546875 0.6159879328125 0.595110771875 0.6111613874999999 0.5974025968750001 0.611463046875 0.6180290281249999 0.6024132734375 0.618792971875 0.6021116140625 0.6424751718749999 0.6111613874999999 0.6424751718749999 0.611463046875 0.6676852578125 0.61508295625 0.6684491968749999
4 0.5512769234375 0.6354415578125 0.488641025 0.6354415578125 0.488641025 0.8710519484375 0.5512769234375 0.8710519484375 0.5512769234375 0.6354415578125
2 0.53242835625 0.65928189375 0.53242835625 0.6355996937499999 0.5420814484375 0.6363636359375 0.5420814484375 0.618792971875 0.532730015625 0.6165011453125 0.5318250375 0.5912910625000001 0.528205128125 0.5935828890625 0.5285067875 0.6172650890625 0.5185520359375 0.6180290281249999 0.5191553546875001 0.6355996937499999 0.5276018109375 0.6363636359375 0.5276018109375 0.65928189375 0.53242835625 0.65928189375
4 0.473994871875 0.6261428578125 0.41098974374999997 0.6261428578125 0.41098974374999997 0.8710519484375 0.473994871875 0.8710519484375 0.473994871875 0.6261428578125
2 0.43800904999999996 0.6485867062499999 0.43891402656249995 0.62566845 0.44796380156250004 0.6241405656250001 0.4482654609375 0.6065699015625 0.43740573125 0.6073338421875001 0.43740573125 0.5836516421875 0.43378582187500003 0.5867074109375 0.43378582187500003 0.6088617265625 0.4250377078125 0.6073338421875001 0.425339365625 0.6271963328125 0.43408748125 0.6264323921875 0.4349924578125 0.6516424749999999 0.43800904999999996 0.6485867062499999
2 0.3523378578125 0.5828877015625 0.3517345390625 0.6096256671875 0.3420814484375 0.6080977843750001 0.3417797890625 0.6249045062499999 0.3523378578125 0.6249045062499999 0.3520361984375 0.6531703578125 0.35595776875 0.6524064187499999 0.3562594265625 0.62566845 0.3653092015625 0.62566845 0.36591251874999997 0.6073338421875001 0.35535445 0.6080977843750001 0.35595776875 0.5836516421875 0.3523378578125 0.5828877015625
2 0.36289592656249997 0.5347593578125001 0.36259426875 0.51642475 0.3728506796875 0.5179526359375 0.37224735937500003 0.4797555375 0.36259426875 0.478991596875 0.36319758593749996 0.4560733375 0.3595776765625 0.4560733375 0.358974359375 0.4797555375 0.35022624375 0.4820473640625 0.35052790312500004 0.5156608109375 0.3586727 0.5148968671875 0.358974359375 0.5324675328125 0.36289592656249997 0.5347593578125001
2 0.502564103125 0.54087089375 0.5034690796875 0.51948051875 0.51010558125 0.51718869375 0.5095022625000001 0.48051948125 0.501659125 0.478991596875 0.501357465625 0.46142093281249996 0.49834087499999996 0.462948815625 0.49924585156249995 0.478991596875 0.490196078125 0.48128342343749997 0.4904977375 0.51948051875 0.49773755625 0.5202444625 0.49773755625 0.54316271875 0.502564103125 0.54087089375
2 0.6 0.5378151265625 0.6 0.51718869375 0.6096530921875 0.51718869375 0.6090497734375 0.4820473640625 0.5987933625 0.48128342343749997 0.5987933625 0.45378151093749997 0.595776771875 0.4560733375 0.5963800906250001 0.4820473640625 0.5861236796875 0.4797555375 0.585822021875 0.5187165765625 0.59607843125 0.5187165765625 0.5963800906250001 0.5385790671875 0.6 0.5378151265625
0 0.7441930609375 0.7272727265625 0.739969834375 0.7280366703125 0.739969834375 0.6241405656250001 0.71342383125 0.6241405656250001 0.713122171875 0.792971734375 0.7435897437500001 0.793735675 0.7441930609375 0.7272727265625
2 0.7245852187499999 0.64171123125 0.7291101062500001 0.6440030546875 0.7297134234375 0.6249045062499999 0.7366515828125 0.6233766234375 0.7372549015625001 0.6088617265625 0.7300150828125 0.6080977843750001 0.7306184015625 0.592055003125 0.724283559375 0.5897631796875 0.7245852187499999 0.6073338421875001 0.7179487171875001 0.6080977843750001 0.7179487171875001 0.6233766234375 0.7245852187499999 0.6249045062499999 0.7245852187499999 0.64171123125
0 0.7384666671875 0.8051948046874999 0.7131230765625001 0.8051948046874999 0.7131230765625001 0.8747012984375001 0.7384666671875 0.8747012984375001 0.7384666671875 0.8051948046874999
2 0.7276018109375 0.814362109375 0.726998490625 0.8067226890624999 0.7363499234375 0.8059587484374999 0.7354449484375001 0.7914438500000001 0.7260935140625 0.793735675 0.7254901953124999 0.7822765484375 0.720965309375 0.7845683734375 0.7221719453125 0.7914438500000001 0.713122171875 0.793735675 0.713725490625 0.8067226890624999 0.7239819 0.8067226890624999 0.7239819 0.8151260499999999 0.7276018109375 0.814362109375
2 0.75354449375 0.813598165625 0.7574660640624999 0.8158899921874999 0.7568627453125 0.80748663125 0.766817496875 0.8067226890624999 0.7671191546875 0.7914438500000001 0.7571644046875 0.7922077921875 0.7565610859375 0.7845683734375 0.7532428359375001 0.78380443125 0.75354449375 0.793735675 0.7441930609375 0.793735675 0.743891403125 0.8082505734375 0.7529411765625 0.80748663125 0.75354449375 0.813598165625
6 0.7707384609375 0.7929740265625 0.7668205125 0.7929740265625 0.7668205125 0.804428571875 0.7707384609375 0.804428571875 0.7707384609375 0.7929740265625
6 0.7387631984375 0.874713521875 0.7420814484375 0.8762414046875 0.7417797890625 0.8044308625 0.743891403125 0.8044308625 0.7444947203125001 0.79449961875 0.7363499234375 0.793735675 0.7354449484375001 0.8059587484374999 0.7387631984375 0.8059587484374999 0.7387631984375 0.874713521875
6 0.7444947203125001 0.7249809015625 0.7435897437500001 0.52788388125 0.7405731531249999 0.5286478234375 0.74027149375 0.6088617265625 0.7372549015625001 0.6080977843750001 0.7366515828125 0.621084796875 0.74027149375 0.6218487406250001 0.74027149375 0.726508784375 0.7444947203125001 0.7249809015625
1 0.74027149375 0.52788388125 0.743891403125 0.52788388125 0.743891403125 0.4377387328125 0.71342383125 0.4369747890625 0.71342383125 0.6088617265625 0.739969834375 0.6073338421875001 0.74027149375 0.52788388125
6 0.7182564109375 0.6096233765625 0.7119179484375 0.6096233765625 0.7119179484375 0.6218571421875 0.7182564109375 0.6218571421875 0.7182564109375 0.6096233765625
2 0.75927601875 0.486631015625 0.769532428125 0.4851031328125 0.769532428125 0.5126050421875 0.7840120671874999 0.5126050421875 0.7840120671874999 0.4851031328125 0.7939668171875 0.485867075 0.7939668171875 0.475935828125 0.784615384375 0.476699771875 0.784313725 0.4507257453125 0.769532428125 0.4507257453125 0.769532428125 0.4751718859375 0.7583710406249999 0.47440794531249997 0.75927601875 0.486631015625
2 0.7460030171875001 0.4637127578125 0.7493212671875 0.46142093281249996 0.7496229265625 0.4385026734375 0.7586727 0.4377387328125 0.758974359375 0.399541634375 0.750527903125 0.39801375 0.750527903125 0.37738731875 0.7460030171875001 0.37738731875 0.7460030171875001 0.399541634375 0.736048265625 0.399541634375 0.736048265625 0.4377387328125 0.7460030171875001 0.43926661562499997 0.7460030171875001 0.4637127578125
6 0.71101025625 0.13750649375 0.7055846156250001 0.13750649375 0.7055846156250001 0.4056623375 0.71101025625 0.4056623375 0.71101025625 0.13750649375
6 0.517641025 0.1359870125 0.5137230765624999 0.1359870125 0.5137230765624999 0.4858831171875 0.517641025 0.4858831171875 0.517641025 0.1359870125
5 0.769835896875 0.4361948046875 0.744194871875 0.4361948046875 0.744194871875 0.7937272734375 0.769835896875 0.7937272734375 0.769835896875 0.4361948046875
0 0.769835896875 0.8051948046874999 0.742984615625 0.8051948046874999 0.742984615625 0.8747012984375001 0.769835896875 0.8747012984375001 0.769835896875 0.8051948046874999
3 0.8500769234375 0.47133766250000003 0.8322820515625 0.47133766250000003 0.8322820515625 0.5355194812499999 0.8500769234375 0.5355194812499999 0.8500769234375 0.47133766250000003
3 0.8543025640625 0.876246753125 0.8187025640625001 0.876246753125 0.8187025640625001 0.9113896109375 0.8543025640625 0.9113896109375 0.8543025640625 0.876246753125
7 0.9315230765625 0.62764935 0.9155333328124999 0.62764935 0.9155333328124999 0.6952077921875001 0.9315230765625 0.6952077921875001 0.9315230765625 0.62764935
3 0.881749621875 0.914438503125 0.9309200609375001 0.914438503125 0.9315233781250001 0.6951871656249999 0.9155354453125 0.69595110625 0.9158371031250001 0.874713521875 0.8823529421874999 0.874713521875 0.881749621875 0.914438503125
3 0.931215384375 0.40716883125000003 0.9155333328124999 0.40716883125000003 0.9155333328124999 0.6256623375 0.931215384375 0.6256623375 0.931215384375 0.40716883125000003
7 0.931215384375 0.33690909062499996 0.9155333328124999 0.33690909062499996 0.9155333328124999 0.40719480468749997 0.931215384375 0.40719480468749997 0.931215384375 0.33690909062499996
3 0.85641025625 0.1016103890625 0.8187076921875001 0.1016103890625 0.8187076921875001 0.1382857140625 0.85641025625 0.1382857140625 0.85641025625 0.1016103890625
3 0.9155354453125 0.3353705109375 0.9315233781250001 0.3361344546875 0.9315233781250001 0.10007639531250001 0.8841628968749999 0.100840334375 0.8838612375 0.13980137343750001 0.9155354453125 0.1405653171875 0.9155354453125 0.3353705109375
3 0.77043740625 0.40336134531249995 0.7595776765625 0.40412528593749997 0.75927601875 0.43544690625 0.769532428125 0.436210846875 0.769532428125 0.449961803125 0.7825037703125 0.4507257453125 0.7831070890625 0.138273490625 0.79004525 0.139037434375 0.7903469078125 0.100840334375 0.750527903125 0.10007639531250001 0.750527903125 0.13750954843750002 0.77043740625 0.138273490625 0.77043740625 0.40336134531249995
3 0.6467571640625 0.48357525 0.6464555062499999 0.46829641093749996 0.6316742078125 0.46906035 0.6319758671875 0.48281130625 0.6096530921875 0.48357525 0.60995475 0.5179526359375 0.6313725484375 0.51642475 0.6313725484375 0.5423987765625 0.6458521859374999 0.5416348359375001 0.645550528125 0.5179526359375 0.6995475124999999 0.51718869375 0.7001508296875001 0.5416348359375001 0.7119155359375 0.5423987765625 0.7119155359375 0.4369747890625 0.73574660625 0.436210846875 0.7354449484375001 0.402597403125 0.6995475124999999 0.40336134531249995 0.6995475124999999 0.48281130625 0.6467571640625 0.48357525
6 0.6329692312499999 0.6224415578125 0.626005128125 0.6224415578125 0.626005128125 0.6428571421875 0.6329692312499999 0.6428571421875 0.6329692312499999 0.6224415578125
3 0.65761689375 0.6103896109375 0.646153846875 0.61191749375 0.64524886875 0.5935828890625 0.6316742078125 0.5935828890625 0.6322775265625 0.6409472890625 0.657013575 0.6386554624999999 0.65761689375 0.6103896109375
3 0.531523378125 0.9106187921875 0.58159879375 0.911382734375 0.58159879375 0.8724216968749999 0.5665158375 0.8716577531249999 0.566214178125 0.595110771875 0.5520361984375 0.5943468281250001 0.5517345390624999 0.8708938125 0.53122171875 0.8708938125 0.531523378125 0.9106187921875
3 0.5517345390624999 0.5362872421875 0.5653092015625 0.5355233015625 0.5653092015625 0.5187165765625 0.585822021875 0.5179526359375 0.585822021875 0.4820473640625 0.5668174968749999 0.48281130625 0.5665158375 0.46906035 0.551131221875 0.46829641093749996 0.5517345390624999 0.48128342343749997 0.509803921875 0.48357525 0.5107088984375 0.5179526359375 0.55143288125 0.5187165765625 0.5517345390624999 0.5362872421875
3 0.47481146250000006 0.5943468281250001 0.47390648593750007 0.8708938125 0.452187028125 0.8716577531249999 0.4524886875 0.9098548515625 0.5034690796875 0.911382734375 0.5031674203125001 0.8708938125 0.4880844640625 0.8716577531249999 0.487481146875 0.595110771875 0.47481146250000006 0.5943468281250001
3 0.37556561093749996 0.9098548515625 0.4250377078125 0.9106187921875 0.4247360484375 0.8724216968749999 0.4102564109375 0.8724216968749999 0.40995475 0.5966386546875 0.396983409375 0.5958747140625 0.396380090625 0.8686019875 0.3752639515625 0.8708938125 0.37556561093749996 0.9098548515625
3 0.42172307656249997 0.0970259734375 0.36923076875 0.0970259734375 0.36923076875 0.1344545453125 0.42172307656249997 0.1344545453125 0.42172307656249997 0.0970259734375
3 0.6537025640625 0.10009090937500001 0.605435896875 0.10009090937500001 0.605435896875 0.13751948125 0.6537025640625 0.13751948125 0.6537025640625 0.10009090937500001
3 0.72338974375 0.0985584421875 0.6817589749999999 0.0985584421875 0.6817589749999999 0.1359870125 0.72338974375 0.1359870125 0.72338974375 0.0985584421875
3 0.3414769234375 0.0962727265625 0.297435896875 0.0962727265625 0.297435896875 0.1337012984375 0.3414769234375 0.1337012984375 0.3414769234375 0.0962727265625
3 0.269374359375 0.09780519531250001 0.23167179531249998 0.09780519531250001 0.23167179531249998 0.135233765625 0.269374359375 0.135233765625 0.269374359375 0.09780519531250001
3 0.1822021125 0.45454545468749996 0.1951734546875 0.45454545468749996 0.1951734546875 0.43239113749999997 0.21085972812499998 0.4308632546875 0.21116138750000002 0.399541634375 0.1954751125 0.399541634375 0.1945701359375 0.135217725 0.20361990937500002 0.135981665625 0.20361990937500002 0.09549274218750001 0.166214178125 0.09549274218750001 0.1665158375 0.135217725 0.1822021125 0.135217725 0.1822021125 0.45454545468749996
3 0.25188536875 0.533995415625 0.2654600296875 0.5347593578125001 0.26455505156250003 0.5156608109375 0.318250378125 0.514132925 0.31885369531249996 0.5347593578125001 0.3303167421875 0.5347593578125001 0.3309200609375 0.5179526359375 0.34992458593750003 0.5156608109375 0.34992458593750003 0.48128342343749997 0.3303167421875 0.48281130625 0.3303167421875 0.466768525 0.3179487171875 0.466004584375 0.318250378125 0.48128342343749997 0.265158371875 0.48128342343749997 0.265158371875 0.39877769375 0.231070890625 0.39877769375 0.230467571875 0.429335371875 0.25188536875 0.42780748593749995 0.25188536875 0.533995415625
3 0.0482654609375 0.8701298703125 0.048868778125 0.69977081875 0.0334841625 0.7012987015625 0.033182503125 0.9106187921875 0.0699849171875 0.9098548515625 0.0696832578125 0.8693659265625 0.0482654609375 0.8701298703125
3 0.12941025625 0.46448051875 0.111615384375 0.46448051875 0.111615384375 0.5309480515625 0.12941025625 0.5309480515625 0.12941025625 0.46448051875
3 0.047963801562500005 0.328495034375 0.04856711875 0.1336898390625 0.06757164375 0.13216195625 0.06726998437500001 0.0932009171875 0.033182503125 0.0924369734375 0.033182503125 0.32773109375 0.047963801562500005 0.328495034375
1 0.033184615625000004 0.6241168828125 0.0235333328125 0.6241168828125 0.0235333328125 0.6990000000000001 0.033184615625000004 0.6990000000000001 0.033184615625000004 0.6241168828125
1 0.0995487171875 0.9098441562499999 0.06998974375 0.9098441562499999 0.06998974375 0.9358181812499999 0.0995487171875 0.9358181812499999 0.0995487171875 0.9098441562499999
1 0.16591794843750002 0.9113766234374999 0.136358975 0.9113766234374999 0.136358975 0.93735065 0.16591794843750002 0.93735065 0.16591794843750002 0.9113766234374999
1 0.37647179531249997 0.9106233765624999 0.3469128203125 0.9106233765624999 0.3469128203125 0.936597403125 0.37647179531249997 0.936597403125 0.37647179531249997 0.9106233765624999
1 0.45339487187499994 0.9121558437499999 0.423835896875 0.9121558437499999 0.423835896875 0.9381298703125 0.45339487187499994 0.9381298703125 0.45339487187499994 0.9121558437499999
1 0.5321230765625 0.9121558437499999 0.503774359375 0.9121558437499999 0.503774359375 0.9381298703125 0.5321230765625 0.9381298703125 0.5321230765625 0.9121558437499999
1 0.6099487171875 0.9129090906249999 0.5816 0.9129090906249999 0.5816 0.9388831171875 0.6099487171875 0.9388831171875 0.6099487171875 0.9129090906249999
1 0.682953846875 0.9129090906249999 0.6546051281249999 0.9129090906249999 0.6546051281249999 0.9388831171875 0.682953846875 0.9388831171875 0.682953846875 0.9129090906249999
1 0.8183999999999999 0.9129090906249999 0.7900512828124999 0.9129090906249999 0.7900512828124999 0.9388831171875 0.8183999999999999 0.9388831171875 0.8183999999999999 0.9129090906249999
1 0.8826564109374999 0.9144415578125 0.8543076921875 0.9144415578125 0.8543076921875 0.9404155843750001 0.8826564109374999 0.9404155843750001 0.8826564109374999 0.9144415578125
1 0.9411794875 0.6233896109375 0.9318256406250001 0.6233896109375 0.9318256406250001 0.694428571875 0.9411794875 0.694428571875 0.9411794875 0.6233896109375
1 0.9414769234374999 0.33842857187500003 0.9321230765624999 0.33842857187500003 0.9321230765624999 0.4094675328125 0.9414769234374999 0.4094675328125 0.9414769234374999 0.33842857187500003
1 0.8844615390625 0.07410389687499999 0.855805128125 0.07410389687499999 0.855805128125 0.100077921875 0.8844615390625 0.100077921875 0.8844615390625 0.07410389687499999
1 0.8186974359375 0.0756363640625 0.7900410250000001 0.0756363640625 0.7900410250000001 0.1016103890625 0.8186974359375 0.1016103890625 0.8186974359375 0.0756363640625
1 0.7505230765625 0.072571428125 0.7218666671875 0.072571428125 0.7218666671875 0.0985454546875 0.7505230765625 0.0985454546875 0.7505230765625 0.072571428125
1 0.6811384609375 0.072571428125 0.6524820515624999 0.072571428125 0.6524820515624999 0.0985454546875 0.6811384609375 0.0985454546875 0.6811384609375 0.072571428125
1 0.6069333328125001 0.07103896093749999 0.5782769234375 0.07103896093749999 0.5782769234375 0.09701298750000001 0.6069333328125001 0.09701298750000001 0.6069333328125001 0.07103896093749999
1 0.449764103125 0.0717922078125 0.4211076921875 0.0717922078125 0.4211076921875 0.09776623437500001 0.449764103125 0.09776623437500001 0.449764103125 0.0717922078125
1 0.3695179484375 0.06950649375 0.3408615390625 0.06950649375 0.3408615390625 0.09548051874999999 0.3695179484375 0.09548051874999999 0.3695179484375 0.06950649375
1 0.2983282046875 0.07103896093749999 0.26967179531249996 0.07103896093749999 0.26967179531249996 0.09701298750000001 0.2983282046875 0.09701298750000001 0.2983282046875 0.07103896093749999
1 0.2316615390625 0.0702857140625 0.203005128125 0.0702857140625 0.203005128125 0.096259740625 0.2316615390625 0.096259740625 0.2316615390625 0.0702857140625
1 0.164994871875 0.068 0.1363384609375 0.068 0.1363384609375 0.09397402656250001 0.164994871875 0.09397402656250001 0.164994871875 0.068
1 0.0965230765625 0.068 0.0678666671875 0.068 0.0678666671875 0.09397402656250001 0.0965230765625 0.09397402656250001 0.0965230765625 0.068
6 0.257015384375 0.1352207796875 0.250984615625 0.1352207796875 0.250984615625 0.4003116890625 0.257015384375 0.4003116890625 0.257015384375 0.1352207796875
4 0.2500717953125 0.1359870125 0.1948717953125 0.1359870125 0.1948717953125 0.3995454546875 0.2500717953125 0.3995454546875 0.2500717953125 0.1359870125
6 0.3421282046875 0.6094545453125 0.330405128125 0.6094545453125 0.330405128125 0.6233766234375 0.3421282046875 0.6233766234375 0.3421282046875 0.6094545453125
6 0.3966974359375 0.6094675328125 0.3662974359375 0.6094675328125 0.3662974359375 0.6242987015625 0.3966974359375 0.6242987015625 0.3966974359375 0.6094675328125
6 0.4245384609375 0.6094675328125 0.4106205125 0.6094675328125 0.4106205125 0.625233765625 0.4245384609375 0.625233765625 0.4245384609375 0.6094675328125
6 0.474358975 0.6094545453125 0.4487179484375 0.6094545453125 0.4487179484375 0.6233766234375 0.474358975 0.6233766234375 0.474358975 0.6094545453125
6 0.5186871796875 0.620597403125 0.48754871718750004 0.620597403125 0.48754871718750004 0.633584415625 0.5186871796875 0.633584415625 0.5186871796875 0.620597403125
6 0.5516512828125 0.6196623375 0.541764103125 0.6196623375 0.541764103125 0.63264935 0.5516512828125 0.63264935 0.5516512828125 0.6196623375
6 0.602194871875 0.6215324671875 0.5659282046875 0.6215324671875 0.5659282046875 0.6410129875 0.602194871875 0.6410129875 0.602194871875 0.6215324671875
1 0.31831282031249997 0.5176233765625 0.265564103125 0.5176233765625 0.265564103125 0.60481818125 0.31831282031249997 0.60481818125 0.31831282031249997 0.5176233765625
1 0.39670256406250004 0.51949350625 0.3315025640625 0.51949350625 0.3315025640625 0.6066883109375001 0.39670256406250004 0.6066883109375001 0.39670256406250004 0.51949350625
1 0.473994871875 0.5185454546875 0.411358975 0.5185454546875 0.411358975 0.60851948125 0.473994871875 0.60851948125 0.473994871875 0.5185454546875
1 0.5509179484375 0.5176233765625 0.48828205156250004 0.5176233765625 0.48828205156250004 0.618740259375 0.5509179484375 0.618740259375 0.5509179484375 0.5176233765625
1 0.6318717953124999 0.51949350625 0.5663025640625 0.51949350625 0.5663025640625 0.619675325 0.6318717953124999 0.619675325 0.6318717953124999 0.51949350625
1 0.7 0.5185454546875 0.646153846875 0.5185454546875 0.646153846875 0.6094545453125 0.7 0.6094545453125 0.7 0.5185454546875
1 0.5124512828125 0.1382207796875 0.489374359375 0.1382207796875 0.489374359375 0.4805324671875 0.5124512828125 0.4805324671875 0.5124512828125 0.1382207796875