2 0.5581550796875 0.23367117187500003 0.5731951875 0.23507882812499997 0.5748663109375001 0.2519707203125 0.6082887703125001 0.25337837812499997 0.6082887703125001 0.2364864859375 0.625 0.23507882812499997 0.63001336875 0.2238175671875 0.611631015625 0.222409909375 0.6082887703125001 0.20551801875 0.5765374328124999 0.20411036093749998 0.5765374328124999 0.222409909375 0.5564839578125 0.2238175671875 0.5581550796875 0.23367117187500003
2 0.11043943281249999 0.7500979234375 0.1278772359375 0.7510771625 0.1255521984375 0.7687034859375 0.151127646875 0.7687034859375 0.15345268437499998 0.7520564046875 0.1697279671875 0.7520564046875 0.1697279671875 0.7373678015625 0.151127646875 0.7373678015625 0.152290165625 0.7187622390625 0.1267147171875 0.7187622390625 0.1278772359375 0.7373678015625 0.11392699531249999 0.7373678015625 0.11043943281249999 0.7500979234375
6 0.38102766875 0.810791225 0.3624273421875 0.810791225 0.3624273421875 0.842126909375 0.2903510796875 0.8411476718750001 0.2926761234375 0.8558362703125001 0.3624273421875 0.8558362703125001 0.3624273421875 0.9312377609375 0.1496861171875 0.9312377609375 0.14852359843750002 0.8558362703125001 0.2171123 0.8558362703125001 0.21594978125000003 0.8411476718750001 0.1508486421875 0.8411476718750001 0.1508486421875 0.7686839015625 0.12992327343750001 0.7677046625 0.1275982359375 0.9606149640625 0.1496861171875 0.961594203125 0.1473610796875 0.9518018015624999 0.8285980000000001 0.9518018015624999 0.82976051875 0.9312377609375 0.3821901875 0.93025851875 0.38102766875 0.810791225
1 0.3601336890625 0.8577702703125001 0.1520588234375 0.8577702703125001 0.1520588234375 0.9302477484375 0.3601336890625 0.9302477484375 0.3601336890625 0.8577702703125001
2 0.26621716093750003 0.8725029375 0.26621716093750003 0.8568350953125 0.2917926046875 0.8568350953125 0.2883050421875 0.839208775 0.2673796796875 0.8401880140625 0.2627295984375 0.8294163734375 0.246454315625 0.8303956124999999 0.24761683437499998 0.8411672515624999 0.2162287859375 0.8421464953125 0.2173913046875 0.859772815625 0.24412927343750002 0.8587935765625 0.246454315625 0.873482175 0.26621716093750003 0.8725029375
2 0.33480586093750003 0.7745789281250001 0.362706346875 0.7765374046875 0.3592187859375 0.807873090625 0.3836317109375 0.809831571875 0.3859567546875 0.7765374046875 0.40804464218750003 0.7745789281250001 0.40339456093750004 0.76184880625 0.3836317109375 0.7608695625 0.3871192734375 0.7363885625 0.36154382812499997 0.7363885625 0.36154382812499997 0.7647865265625 0.3371308984375 0.763807284375 0.33480586093750003 0.7745789281250001
4 0.9006975140625 0.88815119375 0.8995349890625001 0.710908734375 0.8600093 0.69034469375 0.8274587328124999 0.6805522921875 0.38570099999999996 0.6736976125 0.3833759578125 0.9292792796875 0.8286212515625 0.927320796875 0.9006975140625 0.88815119375
2 0.61613578125 0.6923227562500001 0.6184608234375 0.678613396875 0.6544989515624999 0.679592634375 0.651011390625 0.651194671875 0.6172983046875 0.6502154328125 0.6149732625000001 0.6335683515625 0.6068356203125 0.634547590625 0.6056731015625 0.653153153125 0.576610090625 0.64923619375 0.5754475718750001 0.678613396875 0.5986979781249999 0.679592634375 0.599860496875 0.6923227562500001 0.61613578125 0.6923227562500001
6 0.1263892140625 0.0989032515625 0.11592652968749999 0.0989032515625 0.11708904843750001 0.121425775 0.129876775 0.1194672921875 0.1287142515625 0.3750489640625 0.11011392499999999 0.3750489640625 0.1112764484375 0.398550725 0.1287142515625 0.3975714859375 0.1275517328125 0.6551116343750001 0.1182515671875 0.6551116343750001 0.11708904843750001 0.6746964375 0.129876775 0.67371719375 0.13103929375 0.7187622390625 0.1519646578125 0.7168037609375 0.1519646578125 0.671758715625 0.5762845828125001 0.6727379546875001 0.5739595453125 0.653153153125 0.5297837703125 0.653153153125 0.53094629375 0.5787309046875 0.5065333640625 0.5797101437500001 0.5053708453125 0.6521739140625 0.1519646578125 0.6521739140625 0.1519646578125 0.3956130046875 0.1984654703125 0.39659224375 0.1996279953125 0.37406972031249996 0.1496396203125 0.3750489640625 0.1508021390625 0.12044653125 0.5751220640625 0.1224050140625 0.5739595453125 0.097924009375 0.1519646578125 0.097924009375 0.1508021390625 0.083235409375 0.1275517328125 0.08225617187499999 0.1263892140625 0.0989032515625
1 0.5054405937500001 0.518977671875 0.292699375 0.5199569140625 0.2892118125 0.39755190156250003 0.1543594484375 0.39755190156250003 0.15319693125 0.6492166078125 0.50311555625 0.650195846875 0.5054405937500001 0.518977671875
2 0.48593350312499994 0.5581668609375 0.506858871875 0.5581668609375 0.505696346875 0.5787309046875 0.5277842359375 0.5797101437500001 0.531271796875 0.5581668609375 0.542897 0.557187621875 0.54173448125 0.5444575 0.532434315625 0.5434782609375 0.5301092781250001 0.5268311796875 0.506858871875 0.5248726984375 0.509183909375 0.54641598125 0.4882585453125 0.5454367437500001 0.48593350312499994 0.5581668609375
6 0.2927691234375 0.51899725625 0.33461985625 0.51899725625 0.3334573375 0.5033294140625 0.31020693125 0.5033294140625 0.3113694484375 0.3975714859375 0.4322715671875 0.3956130046875 0.4311090421875 0.5033294140625 0.3939083953125 0.5033294140625 0.3939083953125 0.51899725625 0.44738433125 0.5180180187500001 0.4462218078125 0.39952996406249996 0.5078353843750001 0.3975714859375 0.5066728656249999 0.5229142203125 0.5310857921875 0.523893459375 0.5287607546875 0.398550725 0.743827015625 0.3956130046875 0.7449895343749999 0.383862121875 0.578749128125 0.3828828828125 0.5775866093750001 0.376028203125 0.2671936734375 0.376028203125 0.2660311546875 0.3975714859375 0.2927691234375 0.3956130046875 0.2927691234375 0.51899725625
2 0.46965821874999997 0.5336858609374999 0.482445940625 0.5346650984375 0.484770984375 0.5209557390625 0.504533828125 0.521934978125 0.505696346875 0.505287896875 0.482445940625 0.5043086578125 0.481283421875 0.488640815625 0.4673331765625 0.4866823328125 0.46849569999999996 0.5043086578125 0.449895375 0.502350175 0.44757033125 0.51899725625 0.47198326249999994 0.51899725625 0.46965821874999997 0.5336858609374999
2 0.3603813046875 0.5346650984375 0.37549406875 0.53662358125 0.3743315515625 0.521934978125 0.3952569140625 0.521934978125 0.3940943953125 0.502350175 0.3731690328125 0.5033294140625 0.3720065078125 0.4876615765625 0.3603813046875 0.4857030953125 0.3592187859375 0.502350175 0.33364333749999997 0.502350175 0.33480586093750003 0.51899725625 0.36154382812499997 0.51899725625 0.3603813046875 0.5346650984375
7 0.60895721875 0.2536261265625 0.5787433156249999 0.2536261265625 0.5787433156249999 0.33880630625 0.60895721875 0.33880630625 0.60895721875 0.2536261265625
4 0.8251336890625 0.44553466718749996 0.74259474375 0.4073443015625 0.7437572671875 0.39755190156250003 0.5310160421875 0.399510378125 0.5321785609374999 0.652154328125 0.8274587328124999 0.650195846875 0.8251336890625 0.44553466718749996
7 0.8670774218749999 0.5601253421875 0.865914903125 0.427927928125 0.8101139249999999 0.402467684375 0.7950011609375001 0.42596944531250003 0.829876775 0.444575009375 0.8287142515625 0.56110458125 0.8670774218749999 0.5601253421875
7 0.8624273421875 0.90775558125 0.88102766875 0.937132784375 0.9426412453124999 0.9087348203125 0.940316203125 0.6884057968749999 0.8821901875 0.6629455546874999 0.8635898609374999 0.6874265578125 0.9019530328125 0.7089698375 0.9019530328125 0.88915001875 0.8624273421875 0.90775558125
3 0.8612183203124999 0.9106933015625 0.8298302734374999 0.9253819046875 0.8298302734374999 0.982177828125 0.8693559625 0.982177828125 0.8681934437500001 0.9420289859375 0.880981165625 0.9381120265625 0.8612183203124999 0.9106933015625
3 0.8286677546875 0.675675675 0.8612183203124999 0.6893850359375 0.880981165625 0.6629455546874999 0.8670309250000001 0.6551116343750001 0.8681934437500001 0.56110458125 0.8286677546875 0.562083825 0.8286677546875 0.675675675
3 0.6112764484375 0.3388170765625 0.5775633578125 0.3388170765625 0.5798883953125 0.38190364374999997 0.7472913265625001 0.38190364374999997 0.7461288078125 0.40638464374999994 0.7903045828125 0.42596944531250003 0.8100674281250001 0.39952996406249996 0.77519181875 0.3828828828125 0.77519181875 0.35448491875 0.6112764484375 0.3554641578125 0.6112764484375 0.3388170765625
3 0.611229946875 0.0607207203125 0.5751871656249999 0.0607207203125 0.5751871656249999 0.20369369375000002 0.611229946875 0.20369369375000002 0.611229946875 0.0607207203125
1 0.739153684375 0.21151586562500002 0.6136014859375 0.133176653125 0.6112764484375 0.35448491875 0.7414787265625 0.3535056796875 0.739153684375 0.21151586562500002
6 0.742571496875 0.35448491875 0.768146940625 0.3535056796875 0.7669844218749999 0.1968272609375 0.6158567749999999 0.0969447703125 0.6135317375 0.1302389328125 0.7414089734375 0.2095573828125 0.742571496875 0.35448491875
2 0.228737503125 0.3515471984375 0.22757498437499998 0.37211124375 0.20316205312500002 0.371132 0.1985119734375 0.39952996406249996 0.22757498437499998 0.3975714859375 0.22757498437499998 0.4171562890625 0.23687514375 0.4171562890625 0.2392001875 0.3975714859375 0.26593815468750004 0.398550725 0.26593815468750004 0.37309048125 0.24036270625 0.36917352187499997 0.2392001875 0.3535056796875 0.228737503125 0.3515471984375
6 0.8297860968749999 0.652184684375 0.6507486625000001 0.652184684375 0.6507486625000001 0.67664414375 0.8297860968749999 0.67664414375 0.8297860968749999 0.652184684375
6 0.3810160421875 0.67369369375 0.361229946875 0.67369369375 0.361229946875 0.7354054046875 0.3810160421875 0.7354054046875 0.3810160421875 0.67369369375
0 0.4298930484375 0.3985360359375 0.3136363640625 0.3985360359375 0.3136363640625 0.5003828828125 0.4298930484375 0.5003828828125 0.4298930484375 0.3985360359375
0 0.5042513375000001 0.3985135140625 0.4484759359375 0.3985135140625 0.4484759359375 0.5032882890625 0.5042513375000001 0.5032882890625 0.5042513375000001 0.3985135140625
1 0.361283421875 0.6746846843750001 0.1543315515625 0.6746846843750001 0.1543315515625 0.8401801796875 0.361283421875 0.8401801796875 0.361283421875 0.6746846843750001
4 0.5752941171875 0.122409909375 0.15443850312500002 0.122409909375 0.15443850312500002 0.3750675671875 0.5752941171875 0.3750675671875 0.5752941171875 0.122409909375