7 0.8466666671875 0.1526501765625 0.8053333328125 0.1526501765625 0.8053333328125 0.2968197875 0.8466666671875 0.2968197875 0.8466666671875 0.1526501765625
7 0.8613333328125 0.8833922265625 0.6773333328125 0.8833922265625 0.6773333328125 0.925795053125 0.8613333328125 0.925795053125 0.8613333328125 0.8833922265625
7 0.5533333328125 0.884805653125 0.404 0.884805653125 0.404 0.925795053125 0.5533333328125 0.925795053125 0.5533333328125 0.884805653125
6 0.29733333281249996 0.814134275 0.0666666671875 0.814134275 0.0666666671875 0.83109540625 0.29733333281249996 0.83109540625 0.29733333281249996 0.814134275
1 0.2946666671875 0.7660777390625 0.068 0.7660777390625 0.068 0.8127208484375 0.2946666671875 0.8127208484375 0.2946666671875 0.7660777390625
7 0.2906666671875 0.7236749109375 0.2346666671875 0.7236749109375 0.2346666671875 0.76183745625 0.2906666671875 0.76183745625 0.2906666671875 0.7236749109375
6 0.3173333328125 0.25865724375 0.3386666671875 0.260070671875 0.3386666671875 0.06925795 0.4653333328125 0.06925795 0.4653333328125 0.2487632515625 0.4853333328125 0.25159010625 0.48266666718750006 0.07067137812499999 0.8053333328125 0.07067137812499999 0.8066666671875 0.04522968125 0.5493333328125 0.0480565375 0.5506666671875 0.0282685515625 0.5293333328125 0.0282685515625 0.528 0.04522968125 0.3386666671875 0.0480565375 0.33599999999999997 0.032508834375000004 0.3186666671875 0.031095406250000002 0.3186666671875 0.046643109375000005 0.152 0.046643109375000005 0.152 0.0664310953125 0.176 0.0664310953125 0.176 0.108833921875 0.1933333328125 0.108833921875 0.196 0.07208480625 0.3186666671875 0.06925795 0.3173333328125 0.25865724375
2 0.1413333328125 0.14699646718749998 0.17333333281250002 0.15123674843749998 0.17333333281250002 0.17667844531250002 0.19866666718749998 0.1780918734375 0.2 0.14840989375 0.2226666671875 0.1526501765625 0.2226666671875 0.1385159015625 0.19866666718749998 0.13427561875 0.1946666671875 0.11024735000000001 0.176 0.111660778125 0.16933333281250001 0.13568904531249998 0.1493333328125 0.13427561875 0.1413333328125 0.14699646718749998
6 0.012 0.228975265625 0.028000000000000004 0.23180212031249997 0.0266666671875 0.72084805625 0.0426666671875 0.7222614843749999 0.0413333328125 0.4522968203125 0.1106666671875 0.4522968203125 0.10933333281249999 0.5060070671875 0.20400000000000001 0.5045936390625 0.2026666671875 0.46360424062499994 0.22000000000000003 0.4621908125 0.2186666671875 0.44381625468749997 0.1946666671875 0.44522968125 0.1946666671875 0.43816254375 0.044 0.43816254375 0.0426666671875 0.38303886875000004 0.1933333328125 0.3816254421875 0.196 0.3378091875 0.18 0.3378091875 0.1786666671875 0.36890459375 0.044 0.370318021875 0.0426666671875 0.23180212031249997 0.1786666671875 0.23038869218750002 0.18 0.2699646640625 0.196 0.27561837499999997 0.196 0.18233215625000002 0.1786666671875 0.180918728125 0.17733333281250002 0.2134275625 0.013333332812500001 0.21060070625 0.012 0.228975265625
2 0.1493333328125 0.30954063593750003 0.17733333281250002 0.312367490625 0.17733333281250002 0.336395759375 0.1973333328125 0.3378091875 0.196 0.31378091874999997 0.2226666671875 0.31378091874999997 0.2213333328125 0.30106007031250004 0.2 0.29964664375 0.196 0.27420494687499997 0.18 0.27420494687499997 0.176 0.29964664375 0.152 0.298233215625 0.1493333328125 0.30954063593750003
2 0.1533333328125 0.414134275 0.17333333281250002 0.41696113125 0.17466666718749999 0.43392226093749997 0.1946666671875 0.4367491171875 0.1973333328125 0.4197879859375 0.2133333328125 0.4197879859375 0.2146666671875 0.4 0.1973333328125 0.4 0.19866666718749998 0.3816254421875 0.1786666671875 0.3816254421875 0.176 0.40424028281249996 0.152 0.40141342812499997 0.1533333328125 0.414134275
4 0.2053333328125 0.46501766718750004 0.20800000000000002 0.508833921875 0.10800000000000001 0.508833921875 0.10933333281249999 0.455123675 0.044 0.45653710312499995 0.044 0.7194346296874999 0.3173333328125 0.7222614843749999 0.31466666718749997 0.46784452343750005 0.2053333328125 0.46501766718750004
2 0.24 0.4918727921875 0.25466666718750003 0.4918727921875 0.26 0.4621908125 0.2813333328125 0.46360424062499994 0.2813333328125 0.44381625468749997 0.256 0.44664310937499996 0.256 0.41696113125 0.244 0.4197879859375 0.24 0.44522968125 0.22000000000000003 0.4424028265625 0.22400000000000003 0.4664310953125 0.24666666718750002 0.4664310953125 0.24 0.4918727921875
2 0.4306666671875 0.298233215625 0.46266666718750005 0.30106007031250004 0.46399999999999997 0.3236749109375 0.49066666718749996 0.322261484375 0.4893333328125 0.2968197875 0.5173333328124999 0.2954063609375 0.516 0.281272084375 0.48666666718749996 0.2798586578125 0.4853333328125 0.2544169609375 0.4653333328125 0.2530035328125 0.46666666718750005 0.28268551249999996 0.43200000000000005 0.281272084375 0.4306666671875 0.298233215625
2 0.568 0.5031802125 0.6093333328125 0.5031802125 0.6066666671875 0.549823321875 0.6346666671875 0.549823321875 0.6373333328124999 0.51024735 0.6719999999999999 0.5074204953125 0.6746666671875 0.49328621874999995 0.6346666671875 0.4918727921875 0.632 0.45088339218750006 0.6093333328125 0.4480565375 0.6093333328125 0.49328621874999995 0.5706666671875 0.4918727921875 0.568 0.5031802125
4 0.608 0.61060070625 0.33999999999999997 0.61060070625 0.33999999999999997 0.884805653125 0.608 0.884805653125 0.608 0.61060070625
2 0.52 0.6402826859374999 0.536 0.64452296875 0.5373333328125 0.6120141343750001 0.5626666671875 0.6148409890625001 0.5626666671875 0.5851590109375 0.5386666671875 0.5865724375 0.5373333328125 0.5554770312499999 0.524 0.5540636046875 0.524 0.5865724375 0.49733333281250003 0.5865724375 0.49466666718749996 0.6120141343750001 0.5253333328124999 0.6120141343750001 0.52 0.6402826859374999
2 0.19866666718749998 0.7787985859375001 0.2106666671875 0.7830388687500001 0.21200000000000002 0.7646643109375 0.23333333281250002 0.7646643109375 0.2346666671875 0.7222614843749999 0.2106666671875 0.72084805625 0.2106666671875 0.7010600703125001 0.2 0.698233215625 0.2013333328125 0.7180212015625 0.17333333281250002 0.7194346296874999 0.17466666718749999 0.7646643109375 0.19866666718749998 0.7646643109375 0.19866666718749998 0.7787985859375001
3 0.6786666671875 0.8862190812499999 0.5519999999999999 0.8862190812499999 0.5519999999999999 0.9229681984375 0.6786666671875 0.9229681984375 0.6786666671875 0.8862190812499999
3 0.8466666671875 0.0282685515625 0.8066666671875 0.0282685515625 0.8066666671875 0.1540636046875 0.8466666671875 0.1540636046875 0.8466666671875 0.0282685515625
3 0.8933333328125 0.8805653703124999 0.86 0.8819787984374999 0.86 0.9272084812499999 0.9359999999999999 0.9286219078125001 0.9359999999999999 0.3392226140625 0.8480000000000001 0.3420494703125 0.8466666671875 0.2968197875 0.808 0.2968197875 0.808 0.38445229687500004 0.8906666671875 0.38445229687500004 0.8933333328125 0.8805653703124999
3 0.0653333328125 0.7646643109375 0.172 0.7646643109375 0.172 0.7222614843749999 0.0266666671875 0.7236749109375 0.0266666671875 0.8268551234375 0.0106666671875 0.8268551234375 0.009333332812500001 0.8664310953125 0.0653333328125 0.8650176671875001 0.0653333328125 0.7646643109375
3 0.29733333281249996 0.9300353359375 0.40133333281250005 0.9300353359375 0.4026666671875 0.8819787984374999 0.3373333328125 0.8833922265625 0.3373333328125 0.7250883390625 0.2906666671875 0.7236749109375 0.2906666671875 0.7632508828125 0.2986666671875 0.76183745625 0.29733333281249996 0.9300353359375
2 0.33599999999999997 0.25865724375 0.3186666671875 0.25865724375 0.3186666671875 0.343462896875 0.33599999999999997 0.343462896875 0.33599999999999997 0.25865724375
6 0.32 0.4664310953125 0.3186666671875 0.7236749109375 0.3373333328125 0.7222614843749999 0.3373333328125 0.6077738515625 0.49733333281250003 0.6077738515625 0.4933333328125 0.58939929375 0.3386666671875 0.58939929375 0.3386666671875 0.385865725 0.36266666718749996 0.3886925796875 0.3613333328125 0.36607773906249996 0.3373333328125 0.36466431093749996 0.33599999999999997 0.3420494703125 0.32 0.344876325 0.3186666671875 0.44522968125 0.2813333328125 0.44381625468749997 0.2826666671875 0.46501766718750004 0.32 0.4664310953125
1 0.608 0.39151943437500003 0.3426666671875 0.39151943437500003 0.3426666671875 0.5865724375 0.608 0.5865724375 0.608 0.39151943437500003
2 0.46399999999999997 0.36607773906249996 0.36266666718749996 0.36607773906249996 0.36266666718749996 0.3886925796875 0.46399999999999997 0.3886925796875 0.46399999999999997 0.36607773906249996
6 0.6333333328124999 0.4522968203125 0.632 0.3886925796875 0.808 0.385865725 0.8053333328125 0.36183745625 0.484 0.36466431093749996 0.484 0.322261484375 0.4653333328125 0.3236749109375 0.46666666718750005 0.3872791515625 0.612 0.3886925796875 0.612 0.45371024687499995 0.6333333328124999 0.4522968203125
6 0.5653333328125 0.58939929375 0.564 0.6091872796875 0.6106666671875 0.61060070625 0.6106666671875 0.884805653125 0.6333333328124999 0.8862190812499999 0.6333333328124999 0.5512367484375 0.6133333328125 0.549823321875 0.612 0.5908127203125 0.5653333328125 0.58939929375
4 0.8893333328124999 0.3901060078125 0.636 0.3901060078125 0.636 0.8805653703124999 0.8893333328124999 0.8805653703124999 0.8893333328124999 0.3901060078125
4 0.8053333328125 0.07208480625 0.48666666718749996 0.07208480625 0.48666666718749996 0.3632508828125 0.8053333328125 0.3632508828125 0.8053333328125 0.07208480625
1 0.46266666718750005 0.07208480625 0.3413333328125 0.07208480625 0.3413333328125 0.36466431093749996 0.46266666718750005 0.36466431093749996 0.46266666718750005 0.07208480625
1 0.3173333328125 0.0734982328125 0.1973333328125 0.0734982328125 0.1973333328125 0.4424028265625 0.3173333328125 0.4424028265625 0.3173333328125 0.0734982328125
0 0.176 0.234628975 0.0453333328125 0.234628975 0.0453333328125 0.36890459375 0.176 0.36890459375 0.176 0.234628975
0 0.1786666671875 0.385865725 0.0453333328125 0.385865725 0.0453333328125 0.43533568906250003 0.1786666671875 0.43533568906250003 0.1786666671875 0.385865725