4 0.8057939921875 0.217726396875 0.6770386265624999 0.1078998078125 0.389484978125 0.106936415625 0.39055794062500004 0.646435453125 0.8079399140625 0.6425818875 0.8057939921875 0.217726396875
7 0.6437768234375 0.071570328125 0.43532188906249997 0.071570328125 0.43532188906249997 0.10735067499999999 0.6437768234375 0.10735067499999999 0.6437768234375 0.071570328125
6 0.041845493750000004 0.9132947984375 0.2360515015625 0.916184971875 0.241416309375 0.9123314062500001 0.449570815625 0.911368015625 0.45171673749999997 0.8843930640625001 0.2811158796875 0.8872832374999999 0.28004291875 0.8410404625 0.26180257500000004 0.8400770718749999 0.2607296140625 0.87572254375 0.08905579375 0.8795761078125001 0.086909871875 0.7225433531250001 0.26180257500000004 0.7196531796875 0.2607296140625 0.7716763 0.2746781109375 0.7736030828125 0.27360514999999996 0.6965317921875 0.2607296140625 0.6974951828125 0.259656653125 0.70712909375 0.085836909375 0.70712909375 0.0847639484375 0.6387283234375001 0.2864806859375 0.63583815 0.2875536484375 0.6223506750000001 0.07939914218750001 0.62427745625 0.075107296875 0.2215799609375 0.0493562234375 0.22447013437500002 0.050429184375000005 0.888246628125 0.0375536484375 0.8940269750000001 0.041845493750000004 0.9132947984375
4 0.36373390625 0.2215799609375 0.0761802578125 0.2215799609375 0.0761802578125 0.6204238921874999 0.36373390625 0.6204238921874999 0.36373390625 0.2215799609375
7 0.30503218906249996 0.18441233125 0.21153433437500002 0.18441233125 0.21153433437500002 0.21882466250000002 0.30503218906249996 0.21882466250000002 0.30503218906249996 0.18441233125
7 0.8077866328125 0.170657859375 0.7265481312500001 0.0977153875 0.7020232984375 0.1197357546875 0.781729 0.191301953125 0.8077866328125 0.170657859375
2 0.157878603125 0.24222405781249998 0.18087063125 0.24222405781249998 0.176272225 0.222956234375 0.20999386874999998 0.222956234375 0.20846106718750002 0.1816680421875 0.173206621875 0.183044315625 0.173206621875 0.16377649375 0.157878603125 0.16377649375 0.159411403125 0.1816680421875 0.12262415625 0.183044315625 0.11955855312500001 0.22433250624999998 0.16094420625 0.22433250624999998 0.157878603125 0.24222405781249998
2 0.5407725328125 0.910404625 0.5396995703125 0.881502890625 0.5021459234375001 0.881502890625 0.5021459234375001 0.8651252406250001 0.4871244640625 0.8651252406250001 0.48605150156250004 0.8805394984375001 0.4527897 0.8795761078125001 0.4527897 0.911368015625 0.48497854062499995 0.910404625 0.48819742499999996 0.9315992296875001 0.5021459234375001 0.9267822734375001 0.5021459234375001 0.9132947984375 0.5407725328125 0.910404625
6 0.8755364812499999 0.883429671875 0.8412017171875 0.8853564546875001 0.832618025 0.21579961406249998 0.8079399140625 0.21579961406249998 0.8100858375 0.6435452796875001 0.6255364812499999 0.6435452796875001 0.6255364812499999 0.6628131015625 0.8111587984374999 0.6599229281250001 0.8122317593749999 0.8824662812499999 0.5375536484375 0.8843930640625001 0.5396995703125 0.9094412328124999 0.8755364812499999 0.9094412328124999 0.8755364812499999 0.883429671875
1 0.8100858375 0.6628131015625 0.3916309015625 0.664739884375 0.3927038625 0.7774566468749999 0.36158798281250004 0.7774566468749999 0.360515021875 0.6368015421875 0.2789699578125 0.6377649328125 0.282188840625 0.8843930640625001 0.8100858375 0.8824662812499999 0.8100858375 0.6628131015625
2 0.575107296875 0.683044315625 0.58905579375 0.683044315625 0.5879828328125 0.6618497109375 0.6255364812499999 0.6618497109375 0.6244635187500001 0.6435452796875001 0.585836909375 0.64065510625 0.5847639484375 0.62427745625 0.57081545 0.6252408484374999 0.5718884125 0.6435452796875001 0.5396995703125 0.6416184968749999 0.5375536484375 0.6618497109375 0.5740343343750001 0.66377649375 0.575107296875 0.683044315625
2 0.3165236046875 0.653179190625 0.33261802500000004 0.65414258125 0.3315450640625 0.6348747593749999 0.3648068671875 0.63391136875 0.36266094375 0.6194605015625 0.3293991421875 0.6194605015625 0.3315450640625 0.6030828515625 0.31974248906249997 0.5992292875 0.31974248906249997 0.6194605015625 0.2875536484375 0.618497109375 0.288626609375 0.6377649328125 0.318669528125 0.6377649328125 0.3165236046875 0.653179190625
2 0.24356223125 0.6801541421875 0.258583690625 0.6791907515625 0.2607296140625 0.6974951828125 0.2778969953125 0.701348746875 0.2789699578125 0.6753371875 0.295064378125 0.676300578125 0.2961373390625 0.66377649375 0.2789699578125 0.664739884375 0.276824034375 0.6387283234375001 0.26180257500000004 0.6368015421875 0.258583690625 0.664739884375 0.241416309375 0.66377649375 0.24356223125 0.6801541421875
2 0.24248927031249998 0.812138728125 0.2575107296875 0.8102119453125001 0.25643776875 0.8381502890625001 0.2811158796875 0.8400770718749999 0.283261803125 0.8140655109375 0.2961373390625 0.8159922921874999 0.295064378125 0.7976878609375 0.2789699578125 0.7976878609375 0.2778969953125 0.7736030828125 0.2575107296875 0.7726396921875 0.258583690625 0.798651253125 0.24463519374999998 0.7967244703125 0.24248927031249998 0.812138728125
3 0.12124463593749998 0.222543353125 0.12124463593749998 0.18497109843749998 0.043991415625 0.18497109843749998 0.02360515 0.192678228125 0.0257510734375 0.22832370000000002 0.055793992187499995 0.2196531796875 0.12124463593749998 0.222543353125
3 0.4366952796875 0.1040462421875 0.4366952796875 0.070327553125 0.32618025781250004 0.0732177265625 0.32725321875 0.183044315625 0.30364806875 0.18497109843749998 0.30364806875 0.2196531796875 0.36266094375 0.2186897875 0.36158798281250004 0.1040462421875 0.4366952796875 0.1040462421875
3 0.69635193125 0.11946050156250002 0.7242489265625001 0.09441233125000001 0.69635193125 0.0684007703125 0.6469957078124999 0.0684007703125 0.6469957078124999 0.106936415625 0.6802575109375 0.106936415625 0.69635193125 0.11946050156250002
3 0.8315450640625001 0.21676300624999997 0.8347639484375 0.334296725 0.890557940625 0.334296725 0.890557940625 0.29961464375 0.8690987124999999 0.29865125312499996 0.8648068671875 0.182080925 0.8272532187499999 0.182080925 0.8122317593749999 0.1676300578125 0.783261803125 0.194605009375 0.809012875 0.21579961406249998 0.8315450640625001 0.21676300624999997
6 0.9034334765625 0.1801541421875 0.865879828125 0.1801541421875 0.865879828125 0.199421965625 0.9034334765625 0.199421965625 0.9034334765625 0.1801541421875
1 0.324034334375 0.088631984375 0.075107296875 0.088631984375 0.075107296875 0.182080925 0.324034334375 0.182080925 0.324034334375 0.088631984375
6 0.0482832625 0.093448940625 0.0493562234375 0.18689788125 0.0729613734375 0.18497109843749998 0.0729613734375 0.08766859375 0.32725321875 0.0867052015625 0.325107296875 0.0732177265625 0.041845493750000004 0.077071290625 0.0246781109375 0.08285163749999999 0.0257510734375 0.0973025046875 0.0482832625 0.093448940625
6 0.38733905625 0.6618497109375 0.538626609375 0.66377649375 0.5396995703125 0.6454720609375 0.38841201718749996 0.646435453125 0.38733905625 0.106936415625 0.36373390625 0.105009634375 0.36373390625 0.77649325625 0.38841201718749996 0.77649325625 0.38733905625 0.6618497109375
0 0.258583690625 0.6396917140625 0.085836909375 0.6396917140625 0.085836909375 0.7032755296875 0.258583690625 0.7032755296875 0.258583690625 0.6396917140625
0 0.258583690625 0.72350674375 0.0879828328125 0.72350674375 0.0879828328125 0.87572254375 0.258583690625 0.87572254375 0.258583690625 0.72350674375