6 0.31156778125 0.4376594390625 0.31073914375 0.4105548453125 0.3264832625 0.4105548453125 0.3273119 0.4400510203125 0.3554855828125 0.44084821406249997 0.3554855828125 0.42649872499999997 0.3405701015625 0.42649872499999997 0.3405701015625 0.3675063765625 0.35465694375 0.3675063765625 0.35465694375 0.35395408281249996 0.3256546234375 0.35395408281249996 0.3264832625 0.4001913265625 0.193901228125 0.39859693906250004 0.193901228125 0.2455357140625 0.32068279843749997 0.2463329078125 0.32068279843749997 0.26466836875 0.4101756703125 0.26546556093749996 0.407689759375 0.3587372453125 0.3977461046875 0.3571428578125 0.39691746875 0.369100765625 0.40603248281250004 0.36830357187499996 0.4068611203125 0.42570153125 0.3985747421875 0.42570153125 0.3977461046875 0.44244260312500006 0.4093470328125 0.44084821406249997 0.4093470328125 0.448022959375 0.42177659843750004 0.447225765625 0.42177659843750004 0.2503188765625 0.4101756703125 0.2487244890625 0.4101756703125 0.25669642812500004 0.3314550875 0.25430484531249997 0.3314550875 0.2024872453125 0.26184952031250003 0.2024872453125 0.26019224375 0.2327806109375 0.19555850156250001 0.231186225 0.1947298625 0.05819515468749999 0.183128934375 0.05899234531250001 0.1806430234375 0.4105548453125 0.29250911562500004 0.411352040625 0.29250911562500004 0.43845663124999995 0.31156778125 0.4376594390625
4 0.26019224375 0.20169005156250003 0.3331123640625 0.20009566250000002 0.3331123640625 0.25350765468750003 0.4093470328125 0.25430484531249997 0.41100430781249997 0.06058673437499999 0.198044415625 0.06058673437499999 0.198044415625 0.231186225 0.26019224375 0.2319834171875 0.26019224375 0.20169005156250003
7 0.3712296984375 0.0237165171875 0.2566589328125 0.0237165171875 0.2566589328125 0.0599888390625 0.3712296984375 0.0599888390625 0.3712296984375 0.0237165171875
4 0.6355568453125 0.18494419687500002 0.4250928078125 0.18494419687500002 0.4250928078125 0.5062165171874999 0.6355568453125 0.5062165171874999 0.6355568453125 0.18494419687500002
7 0.610498840625 0.1534709828125 0.48722737812499994 0.1534709828125 0.48722737812499994 0.184162946875 0.610498840625 0.184162946875 0.610498840625 0.1534709828125
6 0.8584686781249999 0.452008928125 0.7010275109374999 0.450414540625 0.7010275109374999 0.46237244843749997 0.7093138890625 0.46237244843749997 0.7093138890625 0.46795280625 0.7217434546875 0.4663584171875 0.7200861781250001 0.4607780609375 0.8584686781249999 0.46237244843749997 0.859297315625 0.5157844390624999 0.7209148171875001 0.5149872453125 0.7209148171875001 0.5030293375 0.706827975 0.5022321421875 0.7076566125 0.5157844390624999 0.7026847859375 0.5157844390624999 0.7026847859375 0.529336734375 0.8584686781249999 0.5301339281249999 0.8568114015624999 0.7860331625 0.8708982437499999 0.7860331625 0.8758700703125 0.18654336875 0.860125953125 0.1889349484375 0.8584686781249999 0.452008928125
4 0.8584570765624999 0.188147321875 0.6529582359375 0.188147321875 0.6529582359375 0.45042410781250003 0.8584570765624999 0.45042410781250003 0.8584570765624999 0.188147321875
7 0.828016240625 0.1520647328125 0.698944315625 0.1520647328125 0.698944315625 0.188337053125 0.828016240625 0.188337053125 0.828016240625 0.1520647328125
7 0.3581786546875 0.8649665171875001 0.2508700703125 0.8649665171875001 0.2508700703125 0.8956584828124999 0.3581786546875 0.8956584828124999 0.3581786546875 0.8649665171875001
7 0.5437935031250001 0.8440290171875 0.4770881671875 0.8440290171875 0.4770881671875 0.8747209828125 0.5437935031250001 0.8747209828125 0.5437935031250001 0.8440290171875
7 0.7627610203125 0.785446428125 0.70039443125 0.785446428125 0.70039443125 0.8133482140625 0.7627610203125 0.8133482140625 0.7627610203125 0.785446428125
3 0.899060325 0.786819196875 0.8269721578125001 0.786819196875 0.8269721578125001 0.8123325890625 0.899060325 0.8123325890625 0.899060325 0.786819196875
2 0.7963208484375001 0.8362563765625 0.8062645015625 0.8354591828125001 0.8054358625000001 0.8147321421875 0.82532316875 0.8139349484375 0.82532316875 0.7836415828125001 0.8062645015625 0.7836415828125001 0.804607225 0.763711734375 0.7979781234375001 0.763711734375 0.7988067609375 0.7828443890625 0.7789194578124999 0.78204719375 0.7789194578124999 0.8123405609375001 0.7954922109375 0.8131377546874999 0.7963208484375001 0.8362563765625
3 0.778085846875 0.7852455359375 0.7623317859375 0.7852455359375 0.7623317859375 0.8123437499999999 0.778085846875 0.8123437499999999 0.778085846875 0.7852455359375
3 0.560974478125 0.8426227671875001 0.544408353125 0.8426227671875001 0.544408353125 0.8745200890625 0.560974478125 0.8745200890625 0.560974478125 0.8426227671875001
3 0.2502552203125 0.8657589281250001 0.0870069609375 0.8657589281250001 0.0870069609375 0.8944642859374999 0.2502552203125 0.8944642859374999 0.2502552203125 0.8657589281250001
3 0.700197215625 0.153850446875 0.6090371234374999 0.153850446875 0.6090371234374999 0.1857477671875 0.700197215625 0.1857477671875 0.700197215625 0.153850446875
3 0.9322157765625001 0.155446428125 0.8261600921875001 0.155446428125 0.8261600921875001 0.18812500000000001 0.9322157765625001 0.18812500000000001 0.9322157765625001 0.155446428125
3 0.2593619484375 0.02390625 0.1110324828125 0.02390625 0.1110324828125 0.058191964062500004 0.2593619484375 0.058191964062500004 0.2593619484375 0.02390625
3 0.423433875 0.1833545921875 0.485581703125 0.1833545921875 0.486410340625 0.153061225 0.4565793828125 0.153061225 0.4574080203125 0.0095663265625 0.4275770625 0.0111607140625 0.4275770625 0.025510203125000002 0.37371561249999996 0.026307396875 0.37371561249999996 0.06058673437499999 0.423433875 0.059789540625000005 0.423433875 0.1833545921875
3 0.6761683781250001 0.8139349484375 0.7018561484375 0.8131377546874999 0.7010275109374999 0.78523596875 0.6446801468750001 0.78523596875 0.6438515078125 0.8450255109375 0.602419621875 0.8434311234375 0.6007623453125001 0.8761160718750001 0.6745111046875001 0.8745216828125001 0.6761683781250001 0.8139349484375
3 0.35797149375 0.8952487250000001 0.44663573124999995 0.89445153125 0.44663573124999995 0.8737244890625 0.47729532656250007 0.8729272968749999 0.47646668906249995 0.8434311234375 0.41929068750000004 0.8434311234375 0.4184620484375 0.8665497453125001 0.35714285625 0.8673469390624999 0.35797149375 0.8952487250000001
2 0.576731853125 0.88966836875 0.5833609531249999 0.8928571421875 0.5825323171875 0.8761160718750001 0.6007623453125001 0.877710459375 0.602419621875 0.841039540625 0.5808750421875 0.8394451546875 0.5817036796874999 0.8258928578125 0.5734173015625 0.82429846875 0.575074578125 0.8426339281249999 0.5626450109375 0.8418367343750001 0.5618163734375 0.8745216828125001 0.5775604890625 0.8745216828125001 0.576731853125 0.88966836875
2 0.6943984078125001 0.4878826546875 0.7051706984375 0.489477040625 0.7051706984375 0.5006377546875 0.723400728125 0.5022321421875 0.7250580046875 0.4886798453125 0.7366589328125001 0.4886798453125 0.7366589328125001 0.4783163265625 0.722572090625 0.4767219390625 0.723400728125 0.4663584171875 0.7093138890625 0.46556122499999997 0.7051706984375 0.4783163265625 0.6943984078125001 0.47751913124999995 0.6943984078125001 0.4878826546875
1 0.7059976796874999 0.4623772328125 0.649640371875 0.4623772328125 0.649640371875 0.5141852671875 0.7059976796874999 0.5141852671875 0.7059976796874999 0.4623772328125
2 0.676997015625 0.4783163265625 0.6861120328125 0.4783163265625 0.6869406703125 0.4639668375 0.7018561484375 0.46316964218749995 0.7010275109374999 0.447225765625 0.6869406703125 0.446428571875 0.6861120328125 0.43048469375 0.676997015625 0.4296875 0.676997015625 0.447225765625 0.6629101765625001 0.447225765625 0.6612529 0.46316964218749995 0.676997015625 0.4639668375 0.676997015625 0.4783163265625
4 0.8551624125 0.528537946875 0.6496635734375 0.528537946875 0.6496635734375 0.783649553125 0.8551624125 0.783649553125 0.8551624125 0.528537946875
2 0.6745111046875001 0.55086096875 0.68445475625 0.5492665828125001 0.68528339375 0.5301339281249999 0.7043420625000001 0.529336734375 0.7035134249999999 0.5133928578125 0.6827974796875 0.5141900515625 0.6819688421875 0.49505739687499994 0.6728538281249999 0.49426020312499996 0.6728538281249999 0.5141900515625 0.6554524359375 0.5141900515625 0.6554524359375 0.528539540625 0.673682465625 0.528539540625 0.6745111046875001 0.55086096875
4 0.63226218125 0.521350446875 0.425928075 0.521350446875 0.425928075 0.8434263390625001 0.63226218125 0.8434263390625001 0.63226218125 0.521350446875
2 0.5419290703125 0.5325255109375 0.5502154453125 0.533322703125 0.54855816875 0.5237563765625 0.580046403125 0.5229591828125 0.580046403125 0.50701530625 0.5493868078124999 0.5062181109375 0.5502154453125 0.49505739687499994 0.5427577046875001 0.49585459218750005 0.5411004312500001 0.50701530625 0.5104408359375 0.5062181109375 0.5087835593750001 0.5205676031250001 0.54027179375 0.5221619890625 0.5419290703125 0.5325255109375
2 0.275936359375 0.46795280625 0.288365925 0.46954719375 0.2867086515625 0.487085459375 0.3123964203125 0.4878826546875 0.3123964203125 0.46795280625 0.32316870937500003 0.46795280625 0.3248259859375 0.4607780609375 0.3123964203125 0.45998086875000005 0.3123964203125 0.4392538265625 0.2900232015625 0.43845663124999995 0.2891945640625 0.45998086875000005 0.275936359375 0.4591836734375 0.275936359375 0.46795280625
0 0.32316870937500003 0.35235969375 0.40437520625 0.35475127500000003 0.407689759375 0.26705994843749997 0.319854159375 0.26546556093749996 0.319854159375 0.247130103125 0.1963871390625 0.2463329078125 0.1963871390625 0.39700255156250003 0.32316870937500003 0.39859693906250004 0.32316870937500003 0.35235969375
1 0.4093470328125 0.44244260312500006 0.3256546234375 0.44164540781249995 0.3264832625 0.4105548453125 0.31156778125 0.4105548453125 0.3123964203125 0.50382653125 0.4068611203125 0.504623725 0.4093470328125 0.44244260312500006
1 0.40437355 0.3690959828125 0.3422157765625 0.3690959828125 0.3422157765625 0.4233147328125 0.40437355 0.4233147328125 0.40437355 0.3690959828125
2 0.3712296984375 0.3810586734375 0.3770301625 0.3810586734375 0.3786874390625 0.369100765625 0.3944315546875 0.369100765625 0.39608883125 0.35395408281249996 0.38117334999999997 0.3531568890625 0.3836592640625 0.3411989796875 0.369572421875 0.3419961734375 0.369572421875 0.35395408281249996 0.35714285625 0.3531568890625 0.35465694375 0.369100765625 0.3712296984375 0.369100765625 0.3712296984375 0.3810586734375
2 0.649640371875 0.396194196875 0.6363921109375 0.396194196875 0.6363921109375 0.4440290171875 0.649640371875 0.4440290171875 0.649640371875 0.396194196875
6 0.65793835 0.51658163125 0.6504806109375 0.51658163125 0.6488233343750001 0.5054209171874999 0.63639376875 0.50382653125 0.6355651296875 0.5094068890625 0.5808750421875 0.50860969375 0.580046403125 0.5205676031250001 0.63639376875 0.521364796875 0.6330792187500001 0.8466198968749999 0.6438515078125 0.8450255109375 0.6471660578125 0.5269451546874999 0.656281075 0.5277423453125001 0.65793835 0.51658163125
2 0.6479814390625 0.4679575890625 0.6372157765625001 0.4679575890625 0.6372157765625001 0.504631696875 0.6479814390625 0.504631696875 0.6479814390625 0.4679575890625
2 0.39773781874999997 0.42491071406250003 0.3554872390625 0.42491071406250003 0.3554872390625 0.44084821406249997 0.39773781874999997 0.44084821406249997 0.39773781874999997 0.42491071406250003
2 0.42178654218749995 0.44801339218749997 0.40935034843749996 0.44801339218749997 0.40935034843749996 0.49823660781249995 0.42178654218749995 0.49823660781249995 0.42178654218749995 0.44801339218749997
6 0.17152800625 0.5157844390624999 0.178985746875 0.5173788265625 0.17484255937499998 0.8665497453125001 0.1889293984375 0.8657525515625 0.1889293984375 0.7294323968749999 0.3248259859375 0.7302295921875 0.3239973484375 0.7174744890625 0.1881007640625 0.7182716828125 0.1914153125 0.58673469375 0.3397414640625 0.58992346875 0.3397414640625 0.5755739796875 0.3264832625 0.5763711734375 0.3273119 0.567602040625 0.315710971875 0.5668048453125001 0.3140536953125 0.5779655609375001 0.1897580375 0.5763711734375 0.1897580375 0.51658163125 0.3173682453125 0.5181760203125 0.315710971875 0.528539540625 0.3264832625 0.529336734375 0.3273119 0.5173788265625 0.33725555156250003 0.5173788265625 0.338084190625 0.5054209171874999 0.31073914375 0.504623725 0.31156778125 0.489477040625 0.29250911562500004 0.489477040625 0.29085184062499997 0.5062181109375 0.1690420953125 0.504623725 0.17152800625 0.5157844390624999
2 0.30245276875 0.5532525515625 0.31156778125 0.5532525515625 0.3123964203125 0.5660076546874999 0.3281405359375 0.567602040625 0.3273119 0.5524553578125 0.3405701015625 0.5524553578125 0.3397414640625 0.5452806109375 0.3289691734375 0.543686225 0.3281405359375 0.529336734375 0.3140536953125 0.529336734375 0.315710971875 0.546875 0.30245276875 0.54607780625 0.30245276875 0.5532525515625
4 0.3256546234375 0.7310267859375 0.19058667499999998 0.7318239796875 0.1897580375 0.8649553578125 0.40437520625 0.8649553578125 0.4093470328125 0.58992346875 0.1930725890625 0.5883290828125001 0.19058667499999998 0.7158801031250001 0.3264832625 0.7158801031250001 0.3256546234375 0.7310267859375
2 0.35962877031249996 0.6002869890625 0.3712296984375 0.6018813765625 0.3712296984375 0.5907206625 0.3936029171875 0.58992346875 0.39526019218749997 0.57716836875 0.3720583359375 0.5763711734375 0.372886975 0.564413265625 0.364600596875 0.5636160718750001 0.3637719578125 0.5739795921875 0.342227378125 0.5747767859375 0.3397414640625 0.5923150515625 0.361286046875 0.5915178578125 0.35962877031249996 0.6002869890625
2 0.4234222734375 0.605055803125 0.4101740140625 0.605055803125 0.4101740140625 0.659274553125 0.4234222734375 0.659274553125 0.4234222734375 0.605055803125
1 0.40935034843749996 0.518180803125 0.32897911875 0.518180803125 0.32897911875 0.5763727671875001 0.40935034843749996 0.5763727671875001 0.40935034843749996 0.518180803125
2 0.40187935 0.505412946875 0.33807424531249997 0.505412946875 0.33807424531249997 0.518962053125 0.40187935 0.518962053125 0.40187935 0.505412946875
6 0.4027179328125 0.5197704078125 0.41100430781249997 0.5189732140625 0.4101756703125 0.5779655609375001 0.39526019218749997 0.57716836875 0.3944315546875 0.5883290828125001 0.41100430781249997 0.5883290828125001 0.41100430781249997 0.603475765625 0.423433875 0.6050701546874999 0.423433875 0.5197704078125 0.5087835593750001 0.5197704078125 0.5087835593750001 0.5062181109375 0.42177659843750004 0.5062181109375 0.42094796093750003 0.4982461734375 0.4093470328125 0.4982461734375 0.408518396875 0.5062181109375 0.40106065625 0.5062181109375 0.4027179328125 0.5197704078125
6 0.42178654218749995 0.6600669640625 0.410185615625 0.6600669640625 0.410185615625 0.8673437500000001 0.42178654218749995 0.8673437500000001 0.42178654218749995 0.6600669640625
6 0.6504872390625 0.18734375 0.63805104375 0.18734375 0.63805104375 0.3946205359375 0.6504872390625 0.3946205359375 0.6504872390625 0.18734375
2 0.42178654218749995 0.1961049109375 0.410185615625 0.1961049109375 0.410185615625 0.2495200890625 0.42178654218749995 0.2495200890625 0.42178654218749995 0.1961049109375
1 0.8568213453125001 0.46316964218749995 0.7234106734375 0.46316964218749995 0.7234106734375 0.514196428125 0.8568213453125001 0.514196428125 0.8568213453125001 0.46316964218749995
6 0.6488233343750001 0.45998086875000005 0.6620815390625 0.4607780609375 0.6595956234375 0.4496173453125 0.6521378859375 0.451211734375 0.6504806109375 0.44563137656249996 0.63639376875 0.44563137656249996 0.6355651296875 0.4663584171875 0.6488233343750001 0.4671556109375 0.6488233343750001 0.45998086875000005
6 0.42259860781249997 0.0597767859375 0.4109976796875 0.0597767859375 0.4109976796875 0.194508928125 0.42259860781249997 0.194508928125 0.42259860781249997 0.0597767859375
0 0.314060325 0.518180803125 0.1914153125 0.518180803125 0.1914153125 0.5771763390625 0.314060325 0.5771763390625 0.314060325 0.518180803125