4 0.64277899375 0.1515177203125 0.4449234140625 0.1515177203125 0.4449234140625 0.3723651765625 0.64277899375 0.3723651765625 0.64277899375 0.1515177203125
7 0.620908096875 0.128397534375 0.5023741796875 0.128397534375 0.5023741796875 0.150862865625 0.620908096875 0.150862865625 0.620908096875 0.128397534375
6 0.8506564546875 0.5668977921875 0.8643326046875 0.5668977921875 0.8698030640625 0.15215716562499998 0.8579504 0.15215716562499998 0.8552151703125 0.33384694375 0.705689278125 0.33320493125 0.706601021875 0.3415511046875 0.8533916843749999 0.3441191578125 0.8533916843749999 0.38071391875 0.7248358859375 0.378787878125 0.7248358859375 0.36979969218750003 0.7129832234375 0.369157678125 0.71207148125 0.37814586562499997 0.7075127640625001 0.378787878125 0.706601021875 0.387134053125 0.8533916843749999 0.387776065625 0.8506564546875 0.5668977921875
4 0.8524726484375 0.1528043140625 0.6610065640625 0.1528043140625 0.6610065640625 0.3338520796875 0.8524726484375 0.3338520796875 0.8524726484375 0.1528043140625
7 0.8251422312500001 0.129044684375 0.704792121875 0.129044684375 0.704792121875 0.151510015625 0.8251422312500001 0.151510015625 0.8251422312500001 0.129044684375
7 0.3811269140625 0.6201771953125 0.2790043765625 0.6201771953125 0.2790043765625 0.6407164875 0.3811269140625 0.6407164875 0.3811269140625 0.6201771953125
7 0.5561816187499999 0.605416025 0.4914332609375 0.605416025 0.4914332609375 0.625955315625 0.5561816187499999 0.625955315625 0.5561816187499999 0.605416025
7 0.76314004375 0.5649614796875 0.70386214375 0.5649614796875 0.70386214375 0.5842218796875 0.76314004375 0.5842218796875 0.76314004375 0.5649614796875
3 0.57258205625 0.6060631734374999 0.556170678125 0.6060631734374999 0.556170678125 0.626602465625 0.57258205625 0.626602465625 0.57258205625 0.6060631734374999
2 0.795040115625 0.598998459375 0.8050692937499999 0.5996404734375 0.8032458046875 0.5874422187499999 0.8233041578125 0.5861581921875 0.8223924140625 0.5636877234375001 0.805981034375 0.5649717515625 0.8078045234375001 0.5489214171875 0.7968636046875 0.5489214171875 0.795951859375 0.5656137640625001 0.7768052515625 0.5656137640625001 0.7777169953125 0.5861581921875 0.7977753453124999 0.585516178125 0.795040115625 0.598998459375
3 0.7767943109375001 0.565608628125 0.7640371984375001 0.565608628125 0.7640371984375001 0.5848690296875 0.7767943109375001 0.5848690296875 0.7767943109375001 0.565608628125
3 0.8926039390625 0.5643374421875 0.8224070015624999 0.5643374421875 0.8224070015624999 0.5848767328125 0.8926039390625 0.5848767328125 0.8926039390625 0.5643374421875
3 0.2780743984375 0.6195454546875 0.12582056875 0.6195454546875 0.12582056875 0.6400847453125 0.2780743984375 0.6400847453125 0.2780743984375 0.6195454546875
3 0.28718818437500004 0.0397996921875 0.147691465625 0.0397996921875 0.147691465625 0.062912171875 0.28718818437500004 0.062912171875 0.28718818437500004 0.0397996921875
3 0.70478118125 0.1290369796875 0.619989059375 0.1290369796875 0.619989059375 0.1502234203125 0.70478118125 0.1502234203125 0.70478118125 0.1290369796875
3 0.923588621875 0.130331278125 0.8251203500000001 0.130331278125 0.8251203500000001 0.15216486875 0.923588621875 0.15216486875 0.923588621875 0.130331278125
6 0.3373450046875 0.326142784375 0.3364332609375 0.30688238437500004 0.3528446390625 0.30752439531250003 0.3528446390625 0.326784796875 0.38110868125 0.3274268109375 0.38110868125 0.3177966109375 0.36560904375000003 0.31651258437499996 0.3646973015625 0.27734976875 0.37746170625 0.2760657421875 0.3765499625 0.2690035953125 0.3519328953125 0.2690035953125 0.3519328953125 0.2998202359375 0.22611232656250002 0.29853620937500003 0.2279358140625 0.19260400625000001 0.34463895 0.1938880328125 0.34463895 0.2054442734375 0.43125455781250005 0.20608628593749997 0.429431071875 0.26964560937500004 0.41849015312500004 0.2690035953125 0.42031363906249997 0.2779917828125 0.430342815625 0.27734976875 0.43125455781250005 0.31908063593749997 0.419401896875 0.31908063593749997 0.419401896875 0.328068825 0.430342815625 0.328068825 0.429431071875 0.33320493125 0.4412837359375 0.33256291718750003 0.4412837359375 0.1964560859375 0.429431071875 0.195814071875 0.43125455781250005 0.199666153125 0.3564916125 0.1983821265625 0.35557986874999997 0.161787365625 0.2890226109375 0.161787365625 0.2890226109375 0.18297380624999998 0.2279358140625 0.18297380624999998 0.2279358140625 0.0642013359375 0.2160831515625 0.0642013359375 0.21334792187499999 0.30688238437500004 0.3209336265625 0.30688238437500004 0.32002188125000003 0.326784796875 0.3373450046875 0.326142784375
4 0.28628738125000003 0.1605033390625 0.3564916125 0.1605033390625 0.3574033546875 0.1977401125 0.429431071875 0.1983821265625 0.43125455781250005 0.0654853625 0.23067104375 0.0648433484375 0.2297593 0.1816897796875 0.28628738125000003 0.1816897796875 0.28628738125000003 0.1605033390625
7 0.3929540484375 0.040446840625 0.2890153171875 0.040446840625 0.2890153171875 0.06355932187499999 0.3929540484375 0.06355932187499999 0.3929540484375 0.040446840625
3 0.4412837359375 0.1495891109375 0.5041940203124999 0.1515151515625 0.503282275 0.129044684375 0.4731947484375 0.129044684375 0.47592997812500004 0.0417308671875 0.39387308593750003 0.0417308671875 0.39113785624999997 0.0642013359375 0.4412837359375 0.0642013359375 0.4412837359375 0.1495891109375
3 0.6108679796875001 0.62532100625 0.680160465625 0.6259630203125 0.680160465625 0.5835901390625 0.704777534375 0.5835901390625 0.7038657921875 0.5649717515625 0.6509846828125 0.5649717515625 0.6509846828125 0.60541859375 0.611779721875 0.60541859375 0.6108679796875001 0.62532100625
3 0.49234135625000003 0.6259630203125 0.49234135625000003 0.60541859375 0.43946024687499996 0.60606060625 0.43946024687499996 0.6240369796875 0.38019693593750004 0.622110940625 0.38202042187499996 0.6407293265625 0.464989059375 0.641371340625 0.464077315625 0.6259630203125 0.49234135625000003 0.6259630203125
6 0.6792450765625 0.6272496140625 0.6555470453125001 0.6272496140625 0.6555470453125001 0.644583975 0.6792450765625 0.644583975 0.6792450765625 0.6272496140625
6 0.475010940625 0.0308089375 0.44673960625 0.0308089375 0.44673960625 0.0410862859375 0.475010940625 0.0410862859375 0.475010940625 0.0308089375
6 0.44218818437499996 0.064206471875 0.4321663015625 0.064206471875 0.4321663015625 0.160508475 0.44218818437499996 0.160508475 0.44218818437499996 0.064206471875
2 0.44218818437499996 0.161140215625 0.43124726406249997 0.161140215625 0.43124726406249997 0.1958089375 0.44218818437499996 0.1958089375 0.44218818437499996 0.161140215625
1 0.42760758593750003 0.3299948640625 0.350109409375 0.328068825 0.351021153125 0.308166409375 0.338256746875 0.308166409375 0.338256746875 0.3723677453125 0.42760758593750003 0.37172573125 0.42760758593750003 0.3299948640625
2 0.41939825 0.3165177203125 0.38384026250000003 0.3165177203125 0.38384026250000003 0.328073959375 0.41939825 0.328073959375 0.41939825 0.3165177203125
6 0.6518964265625 0.60606060625 0.6564551421875 0.3864920390625 0.6637490875000001 0.387134053125 0.6619256015625 0.3794298921875 0.6564551421875 0.3794298921875 0.6555433984375 0.37172573125 0.64277899375 0.37172573125 0.64277899375 0.3742937859375 0.5880743984375 0.373651771875 0.5889861421875 0.38199794531250003 0.6446024796875001 0.38263995781250004 0.64186725 0.6079866453125 0.6518964265625 0.60606060625
2 0.65463895 0.346047765625 0.64369803125 0.346047765625 0.64369803125 0.3717334359375 0.65463895 0.3717334359375 0.65463895 0.346047765625
2 0.6564442015624999 0.2972496140625 0.6436870890625 0.2972496140625 0.6436870890625 0.3306394453125 0.6564442015624999 0.3306394453125 0.6564442015624999 0.2972496140625
6 0.203318746875 0.3794298921875 0.21243617656249997 0.3794298921875 0.20696571718749998 0.6214689265625 0.22064186718749998 0.622110940625 0.22155361093749998 0.52645095 0.350109409375 0.5270929625 0.351021153125 0.5181047765625 0.22155361093749998 0.5174627625 0.2224653546875 0.4288649203125 0.3646973015625 0.429506934375 0.3637855578125 0.4230868 0.350109409375 0.42244478750000003 0.3519328953125 0.4140986125 0.340080234375 0.41474062656250005 0.339168490625 0.4230868 0.22337709687500001 0.420518746875 0.224288840625 0.38007190625 0.3419037203125 0.38071391875 0.3419037203125 0.387776065625 0.3528446390625 0.3890600921875 0.3519328953125 0.38199794531250003 0.430342815625 0.383281971875 0.430342815625 0.42244478750000003 0.41301969375 0.4218027734375 0.41393143749999994 0.429506934375 0.430342815625 0.429506934375 0.430342815625 0.44042116093750006 0.44401896562500004 0.44170518750000004 0.44401896562500004 0.38199794531250003 0.5233406281249999 0.38199794531250003 0.5242523703125 0.373651771875 0.4421954765625 0.3723677453125 0.4412837359375 0.366589625 0.430342815625 0.366589625 0.430342815625 0.3730097578125 0.3364332609375 0.3730097578125 0.3364332609375 0.3601694921875 0.3191101375 0.3601694921875 0.32002188125000003 0.37172573125 0.2042304875 0.37108371875 0.203318746875 0.3794298921875
2 0.4440153171875 0.44105547031250003 0.43125820625 0.44105547031250003 0.43125820625 0.47829738125 0.4440153171875 0.47829738125 0.4440153171875 0.44105547031250003
2 0.440371990625 0.33255778125 0.428512034375 0.33255778125 0.428512034375 0.366579353125 0.440371990625 0.366579353125 0.440371990625 0.33255778125
6 0.44129102812500004 0.47829738125 0.43035010937499996 0.47829738125 0.43035010937499996 0.6227503859375 0.44129102812500004 0.6227503859375 0.44129102812500004 0.47829738125
6 0.6573668859375 0.3421931171875 0.6673960609375 0.3421931171875 0.6673960609375 0.3351309703125 0.6573668859375 0.3351309703125 0.6564551421875 0.3299948640625 0.6446024796875001 0.3299948640625 0.64186725 0.346045196875 0.6564551421875 0.3466872109375 0.6573668859375 0.3421931171875
6 0.6564551421875 0.1515177203125 0.6455142234375 0.1515177203125 0.6455142234375 0.2959707234375 0.6564551421875 0.2959707234375 0.6564551421875 0.1515177203125
1 0.428512034375 0.277981509375 0.36741794375 0.277981509375 0.36741794375 0.31714946093749996 0.428512034375 0.31714946093749996 0.428512034375 0.277981509375
0 0.350109409375 0.2670775546875 0.428519328125 0.2683615828125 0.429431071875 0.20672830000000003 0.3409919765625 0.20737031250000001 0.34281546406249996 0.19517205937499998 0.22884755625 0.1938880328125 0.2297593 0.2972521828125 0.350109409375 0.29853620937500003 0.350109409375 0.2670775546875
2 0.39387308593750003 0.2850539296875 0.402078775 0.28569594375 0.40299051874999997 0.2779917828125 0.419401896875 0.27927580937499996 0.41849015312500004 0.26771956874999997 0.40116703125 0.26771956874999997 0.40116703125 0.26129943437500003 0.3947848296875 0.2600154078125 0.3947848296875 0.2683615828125 0.37837345 0.2683615828125 0.37746170625 0.2786337953125 0.392961340625 0.2779917828125 0.39387308593750003 0.2850539296875
2 0.3017870171875 0.347329225 0.3181983953125 0.3486132515625 0.3172866515625 0.358885465625 0.339168490625 0.359527478125 0.339168490625 0.345403184375 0.3519328953125 0.346045196875 0.350109409375 0.3396250640625 0.3409919765625 0.3396250640625 0.339168490625 0.326784796875 0.3163749078125 0.326784796875 0.3163749078125 0.3402670765625 0.3017870171875 0.3396250640625 0.3017870171875 0.347329225
4 0.3528446390625 0.5290190031249999 0.22337709687500001 0.528376990625 0.22337709687500001 0.6195428859375001 0.428519328125 0.622110940625 0.430342815625 0.4314329734375 0.224288840625 0.429506934375 0.22337709687500001 0.515536721875 0.3519328953125 0.51682075 0.3528446390625 0.5290190031249999
2 0.382932165625 0.4365690796875 0.3947848296875 0.439137134375 0.3947848296875 0.430790959375 0.41301969375 0.430790959375 0.41393143749999994 0.420518746875 0.39387308593750003 0.42244478750000003 0.39387308593750003 0.41024653281249995 0.3847556515625 0.410888546875 0.3838439109375 0.420518746875 0.3646973015625 0.421160759375 0.3646973015625 0.4314329734375 0.3838439109375 0.4314329734375 0.382932165625 0.4365690796875
2 0.5835156828125 0.6400873140625001 0.5944566015625 0.6420133546875 0.5944566015625 0.6291730859375 0.6108679796875001 0.6285310734375 0.6108679796875001 0.604134565625 0.5935448578125 0.604134565625 0.5935448578125 0.5919363125 0.5862509124999999 0.5912942984375 0.58533916875 0.60541859375 0.57439825 0.6047765796875 0.5725747640625001 0.6304571140624999 0.5862509124999999 0.6291730859375 0.5835156828125 0.6400873140625001
4 0.6391247265625 0.383281971875 0.44673960625 0.383281971875 0.44673960625 0.6028505390625 0.6391247265625 0.6028505390625 0.6391247265625 0.383281971875
2 0.5525164109375 0.39162814687499997 0.5607221 0.392270159375 0.5607221 0.383281971875 0.5889861421875 0.3839239859375 0.5880743984375 0.3730097578125 0.5625455859375 0.3730097578125 0.5634573296875 0.3659476109375 0.556163384375 0.364021571875 0.554339896875 0.3723677453125 0.5260758578125 0.37108371875 0.5251641140625 0.38263995781250004 0.5534281546875001 0.383281971875 0.5525164109375 0.39162814687499997
1 0.7129759296875 0.344121725 0.6591903718750001 0.344121725 0.6591903718750001 0.37686440625 0.7129759296875 0.37686440625 0.7129759296875 0.344121725
2 0.684719184375 0.35439137187499997 0.6920131296875 0.35439137187499997 0.6929248734375 0.3434771453125 0.706601021875 0.3441191578125 0.706601021875 0.3319209046875 0.6920131296875 0.33063687656249996 0.691101384375 0.32100667656250004 0.6828956953125 0.32100667656250004 0.6828956953125 0.33127889062500004 0.6673960609375 0.33127889062500004 0.6673960609375 0.3421931171875 0.684719184375 0.3434771453125 0.684719184375 0.35439137187499997
4 0.8497374171875001 0.389067796875 0.658271334375 0.389067796875 0.658271334375 0.5636902921875 0.8497374171875001 0.5636902921875 0.8497374171875001 0.389067796875
2 0.680160465625 0.40318438749999996 0.6883661546875001 0.4025423734375 0.6883661546875001 0.388418078125 0.704777534375 0.38970210625 0.706601021875 0.3775038515625 0.6874544140625 0.3768618375 0.6901896437499999 0.3659476109375 0.679248725 0.3653055984375 0.6783369796875001 0.37814586562499997 0.6637490875000001 0.3775038515625 0.665572575 0.387776065625 0.679248725 0.387776065625 0.680160465625 0.40318438749999996
2 0.6974835890625 0.359527478125 0.71024799375 0.359527478125 0.7093362515625 0.36851566562500004 0.7248358859375 0.36979969218750003 0.7266593718750001 0.3608115046875 0.737600290625 0.3608115046875 0.7394237796875001 0.3550333859375 0.7257476296875 0.35439137187499997 0.7266593718750001 0.3441191578125 0.716630196875 0.34283513125 0.7129832234375 0.3537493578125 0.699307075 0.35246533125 0.6974835890625 0.359527478125
1 0.8515754921875001 0.3447534671875 0.7257549234375 0.3447534671875 0.7257549234375 0.378143296875 0.8515754921875001 0.378143296875 0.8515754921875001 0.3447534671875
0 0.33826039375 0.3826348234375 0.2261159734375 0.3826348234375 0.2261159734375 0.420508475 0.33826039375 0.420508475 0.33826039375 0.3826348234375
1 0.4294420125 0.383281971875 0.354671771875 0.383281971875 0.354671771875 0.4211556234375 0.4294420125 0.4211556234375 0.4294420125 0.383281971875
2 0.329139315625 0.4038263984375 0.340080234375 0.4044684125 0.339168490625 0.4140986125 0.3528446390625 0.41474062656250005 0.3528446390625 0.40575243906249997 0.36287381406249997 0.406394453125 0.36196207187499996 0.401258346875 0.3537563828125 0.401258346875 0.3528446390625 0.3890600921875 0.340080234375 0.388418078125 0.339168490625 0.3974062671875 0.329139315625 0.396764253125 0.329139315625 0.4038263984375