6 0.242686890625 0.45891608437500003 0.242686890625 0.43094405625 0.2632719375 0.43181818125 0.2632719375 0.4606643359375 0.2968580703125 0.4606643359375 0.294691225 0.4458041953125 0.28060671875 0.4458041953125 0.2795232921875 0.38199300625 0.28710725937500003 0.38111888125000004 0.28710725937500003 0.36800699375 0.2600216671875 0.36975524531250004 0.2600216671875 0.41695804062499997 0.105092090625 0.41695804062499997 0.1072589375 0.06555944062499999 0.086673890625 0.0638111890625 0.08775731249999999 0.43181818125 0.22101841718749998 0.43269230625 0.22101841718749998 0.45979020937500004 0.242686890625 0.45891608437500003
4 0.17659805 0.21241258593749998 0.274106175 0.21328671406250002 0.274106175 0.2631118890625 0.2838569890625 0.265734265625 0.36511376093750003 0.26660839062499997 0.36836403125 0.06818181875 0.111592634375 0.06818181875 0.1072589375 0.24300699374999998 0.17551462499999998 0.24300699374999998 0.17659805 0.21241258593749998
7 0.313394365625 0.03268181875 0.176070421875 0.03268181875 0.176070421875 0.0667727265625 0.313394365625 0.0667727265625 0.313394365625 0.03268181875
4 0.45178764843749997 0.51748251875 0.5872156000000001 0.5201048953125 0.5872156000000001 0.5270979015624999 0.6381365125 0.5270979015624999 0.63163596875 0.1975524484375 0.3911159265625 0.1993007 0.39219935 0.52534965 0.4528710734375 0.5262237765625 0.45178764843749997 0.51748251875
7 0.60038028125 0.1633636359375 0.4630563375 0.1633636359375 0.4630563375 0.1974545453125 0.60038028125 0.1974545453125 0.60038028125 0.1633636359375
6 0.7172264359375 0.465909090625 0.7172264359375 0.47902097968749996 0.7291440953125 0.47989510468749996 0.73022751875 0.48951048906250005 0.74972914375 0.48776223906249994 0.7475622953125 0.47902097968749996 0.9100758390625 0.47902097968749996 0.9111592625 0.5288461546875001 0.7518959921875 0.5305944046875 0.75081256875 0.5139860140625 0.7313109437499999 0.514860140625 0.732394365625 0.53146853125 0.71939328125 0.5305944046875 0.7215601296874999 0.5480769234375 0.9111592625 0.5480769234375 0.9122426875 0.809440559375 0.9295774640625 0.809440559375 0.92632719375 0.19318181875 0.9079089921874999 0.19230769375 0.9100758390625 0.465034965625 0.7172264359375 0.465909090625
4 0.909 0.1975454546875 0.6576478875 0.1975454546875 0.6576478875 0.4632727265625 0.909 0.4632727265625 0.909 0.1975454546875
7 0.8855774640625 0.1633636359375 0.7218591546875001 0.1633636359375 0.7218591546875001 0.1974545453125 0.8855774640625 0.1974545453125 0.8855774640625 0.1633636359375
7 0.3063521125 0.8991704546875001 0.16902816874999999 0.8991704546875001 0.16902816874999999 0.9318295453125 0.3063521125 0.9318295453125 0.3063521125 0.8991704546875001
7 0.5264225359375 0.87644318125 0.44721126718750004 0.87644318125 0.44721126718750004 0.9091022734375 0.5264225359375 0.9091022734375 0.5264225359375 0.87644318125
7 0.7905070421875 0.8096931812499999 0.71659155 0.8096931812499999 0.71659155 0.8423522734375 0.7905070421875 0.8423522734375 0.7905070421875 0.8096931812499999
3 0.5457887328125001 0.8778295453125 0.5228873234375 0.8778295453125 0.5228873234375 0.9076704546875 0.5457887328125001 0.9076704546875 0.5457887328125001 0.8778295453125
3 0.8151408453125001 0.8096704546875 0.7922394359375 0.8096704546875 0.7922394359375 0.8409204546875 0.8151408453125001 0.8409204546875 0.8151408453125001 0.8096704546875
3 0.931338028125 0.8082272734375 0.8714788734375001 0.8082272734375 0.8714788734375001 0.8409090906250001 0.931338028125 0.8409090906250001 0.931338028125 0.8082272734375
3 0.1707887328125 0.8991477265625001 0.07219718281250001 0.8991477265625001 0.07219718281250001 0.9303977265625001 0.1707887328125 0.9303977265625001 0.1707887328125 0.8991477265625001
3 0.174281690625 0.0326704546875 0.08802816875 0.0326704546875 0.08802816875 0.0653295453125 0.174281690625 0.0653295453125 0.174281690625 0.0326704546875
3 0.7236056343749999 0.163340909375 0.59859155 0.163340909375 0.59859155 0.1960227265625 0.7236056343749999 0.1960227265625 0.7236056343749999 0.163340909375
3 0.9560000000000001 0.16194318125 0.8855774640625 0.16194318125 0.8855774640625 0.19319318125 0.9560000000000001 0.19319318125 0.9560000000000001 0.16194318125
3 0.6919014078125 0.9303977265625001 0.6919014078125 0.84375 0.7156690140624999 0.8444602265625001 0.7165492953125 0.80681818125 0.6531690140624999 0.8082386359375 0.6566901406250001 0.8778409093749999 0.6021126765625 0.8764204546875 0.6038732390625 0.9105113640625 0.65140845 0.9090909093749999 0.65140845 0.93181818125 0.6919014078125 0.9303977265625001
3 0.418201515625 0.90734265625 0.44745395468750004 0.90734265625 0.44745395468750004 0.875874125 0.38786565624999997 0.8767482515625 0.38786565624999997 0.899475525 0.3076923078125 0.8986013984375001 0.3076923078125 0.9309440562500001 0.41603467031249997 0.9300699296875001 0.418201515625 0.90734265625
2 0.5709642484375 0.9326923062500001 0.580715059375 0.9335664343750001 0.5796316359375 0.9108391609375 0.6034669546875 0.9117132859374999 0.6013001078125 0.8732517484375 0.5774647890625 0.8715034953125 0.5774647890625 0.841783215625 0.567713978125 0.8409090906250001 0.567713978125 0.875 0.544962078125 0.875874125 0.5482123515625 0.9125874140624999 0.567713978125 0.9125874140624999 0.5709642484375 0.9326923062500001
2 0.8461538453124999 0.8819930062499999 0.843987 0.8461538453124999 0.8732394359375 0.8452797203125 0.8732394359375 0.8050699296875001 0.8418201515625 0.8050699296875001 0.8396533046875 0.78146853125 0.8309859156250001 0.78146853125 0.8331527640624999 0.8050699296875001 0.8158179859375 0.8076923062500001 0.8147345609375 0.8452797203125 0.8342361859375 0.8452797203125 0.8342361859375 0.8819930062499999 0.8461538453124999 0.8819930062499999
4 0.2632719375 0.7465034953125 0.2643553640625 0.7631118890625 0.1094257859375 0.7639860140625 0.1072589375 0.8986013984375001 0.369447453125 0.8977272734374999 0.3640303359375 0.61713286875 0.105092090625 0.61888111875 0.105092090625 0.7482517484375 0.1375948 0.7473776234375 0.2632719375 0.7465034953125
2 0.312026003125 0.6468531484375 0.3239436625 0.6468531484375 0.3217768140625 0.61800699375 0.3466955578125 0.61713286875 0.3456121359375 0.6013986015625 0.31852654375 0.6022727265625 0.31852654375 0.5804195796875 0.30985915468749997 0.5821678312499999 0.30985915468749997 0.6005244750000001 0.2838569890625 0.59965035 0.2849404109375 0.61888111875 0.312026003125 0.61713286875 0.312026003125 0.6468531484375
6 0.08559046406250001 0.899475525 0.1029252453125 0.899475525 0.10617551562500001 0.7613636359375 0.2589382453125 0.7622377609375001 0.2589382453125 0.7482517484375 0.105092090625 0.7482517484375 0.1018418203125 0.61713286875 0.2827735640625 0.616258740625 0.2827735640625 0.6013986015625 0.1018418203125 0.6013986015625 0.09859155 0.541958040625 0.2470205859375 0.540209790625 0.2481040078125 0.5498251749999999 0.26868905625 0.5515734265625001 0.26868905625 0.541083915625 0.2827735640625 0.541083915625 0.2827735640625 0.5262237765625 0.2470205859375 0.5270979015624999 0.2459371609375 0.5104895109375 0.21993499375 0.5104895109375 0.21993499375 0.52534965 0.080173346875 0.5262237765625 0.08559046406250001 0.899475525
2 0.2275189609375 0.5743007 0.2470205859375 0.5743007 0.2470205859375 0.5882867140625 0.2719393296875 0.5882867140625 0.2719393296875 0.5751748250000001 0.292524378125 0.5751748250000001 0.294691225 0.5681818187500001 0.2719393296875 0.565559440625 0.2730227515625 0.5524475515625 0.24918743124999998 0.5524475515625 0.2481040078125 0.5664335656249999 0.22643553593750002 0.5664335656249999 0.2275189609375 0.5743007
2 0.52546045625 0.5646853140625 0.52437703125 0.5454545453125 0.561213434375 0.54370629375 0.5601300109375 0.51923076875 0.52437703125 0.51835664375 0.5222101828125 0.48863636406250005 0.5113759499999999 0.48951048906250005 0.51354279375 0.51835664375 0.47020585 0.5209790203125 0.47020585 0.5445804203125 0.512459371875 0.5445804203125 0.5146262203124999 0.5664335656249999 0.52546045625 0.5646853140625
2 0.18959913281250002 0.4860139859375 0.2166847234375 0.4860139859375 0.2166847234375 0.508741259375 0.2470205859375 0.508741259375 0.2459371609375 0.48688811093749995 0.2632719375 0.48776223906249994 0.2643553640625 0.47902097968749996 0.2459371609375 0.47727272656249997 0.2459371609375 0.45891608437500003 0.21993499375 0.45891608437500003 0.21776814687499998 0.475524475 0.1917659796875 0.4763986015625 0.18959913281250002 0.4860139859375
6 0.251354278125 0.28321678437500003 0.36728060625 0.28234265625 0.36728060625 0.37237762343749997 0.3434452875 0.3706293703125 0.3423618640625 0.38111888125000004 0.36836403125 0.38286713125 0.369447453125 0.44667832343749997 0.3477789796875 0.4458041953125 0.3466955578125 0.45979020937500004 0.3856988078125 0.4606643359375 0.388949078125 0.259615384375 0.36728060625 0.25786713125 0.36728060625 0.26835664375 0.281690140625 0.26660839062499997 0.2708559046875 0.2639860140625 0.2719393296875 0.215909090625 0.1787648953125 0.215034965625 0.1787648953125 0.2456293703125 0.1072589375 0.2456293703125 0.10617551562500001 0.258741259375 0.251354278125 0.2613636359375 0.251354278125 0.28321678437500003
1 0.3651126765625 0.3846136359375 0.2838450703125 0.3846136359375 0.2838450703125 0.44493181875000004 0.3651126765625 0.44493181875000004 0.3651126765625 0.3846136359375
0 0.2589382453125 0.36800699375 0.36511376093750003 0.36888111874999996 0.36511376093750003 0.28409090937500003 0.24918743124999998 0.284965034375 0.25027085625 0.2622377609375 0.1083423609375 0.2604895109375 0.1072589375 0.41608391562499997 0.257854821875 0.41520979062499996 0.2589382453125 0.36800699375
2 0.32611050937499997 0.4047202796875 0.32611050937499997 0.38199300625 0.3434452875 0.38199300625 0.344528709375 0.36713286875 0.32719393281250003 0.36800699375 0.32611050937499997 0.34353146875 0.31094257812500004 0.34353146875 0.313109425 0.36713286875 0.2849404109375 0.36975524531250004 0.28710725937500003 0.383741259375 0.313109425 0.38199300625 0.313109425 0.4047202796875 0.32611050937499997 0.4047202796875
1 0.36713615 0.4628787890625 0.26197183125 0.46060606093749995 0.26197183125 0.43409090937499994 0.2460093890625 0.43181818125 0.24694835781250002 0.525757575 0.36338028125 0.525 0.36713615 0.4628787890625
2 0.346704225 0.44581818125000006 0.2957746484375 0.44581818125000006 0.2957746484375 0.4615454546875 0.346704225 0.4615454546875 0.346704225 0.44581818125000006
2 0.3878591546875 0.19930681875 0.368366196875 0.19930681875 0.368366196875 0.2587386359375 0.3878591546875 0.2587386359375 0.3878591546875 0.19930681875
1 0.7291549296875 0.481659090625 0.6598028171875 0.481659090625 0.6598028171875 0.5279772734375 0.7291549296875 0.5279772734375 0.7291549296875 0.481659090625
2 0.686890575 0.4973776234375 0.6998916562499999 0.4973776234375 0.6988082343750001 0.48076923125000004 0.7172264359375 0.48076923125000004 0.7161430109375 0.465034965625 0.6977248109375 0.465909090625 0.6966413859375 0.44230769375 0.682556878125 0.44230769375 0.682556878125 0.465909090625 0.6652221015625 0.466783215625 0.6663055265625 0.48076923125000004 0.68580715 0.48164335625000004 0.686890575 0.4973776234375
4 0.9100845078124999 0.54981818125 0.657633803125 0.54981818125 0.657633803125 0.8076818187500001 0.9100845078124999 0.8076818187500001 0.9100845078124999 0.54981818125
2 0.687973996875 0.5716783234375 0.7031419296875 0.5708041953125 0.6998916562499999 0.5480769234375 0.7204767078125001 0.54895105 0.71939328125 0.5270979015624999 0.6977248109375 0.5270979015624999 0.6966413859375 0.5139860140625 0.6836403046874999 0.514860140625 0.6847237265625 0.5270979015624999 0.6641386781249999 0.5262237765625 0.6652221015625 0.5498251749999999 0.6890574218750001 0.5506993 0.687973996875 0.5716783234375
2 0.7096424703124999 0.5017482515625 0.7291440953125 0.500874125 0.7280606703125 0.5131118890625 0.7518959921875 0.5131118890625 0.7529794140625 0.5026223765625 0.768147346875 0.5026223765625 0.7670639218749999 0.4956293703125 0.7518959921875 0.4956293703125 0.7518959921875 0.48951048906250005 0.7313109437499999 0.48776223906249994 0.732394365625 0.4956293703125 0.7107258921875 0.49388111874999996 0.7096424703124999 0.5017482515625
6 0.586132178125 0.5218531484375 0.5601300109375 0.5218531484375 0.561213434375 0.5428321687500001 0.6392199359374999 0.541958040625 0.64247020625 0.8776223765625 0.6576381359375 0.8784965046875 0.6565547125 0.5480769234375 0.6663055265625 0.54895105 0.6663055265625 0.5279720265625001 0.6565547125 0.5297202796875 0.6565547125 0.48164335625000004 0.6663055265625 0.47989510468749996 0.6652221015625 0.46765734375 0.655471290625 0.46765734375 0.6543878640624999 0.1975524484375 0.6338028171875 0.19580419531249998 0.6403033578125 0.5288461546875001 0.5839653296875 0.5288461546875001 0.586132178125 0.5218531484375
3 0.3846153859375 0.1975524484375 0.46153846249999997 0.1984265734375 0.4604550359375 0.1634615390625 0.4203683640625 0.16520979062500002 0.4203683640625 0.020104895312500003 0.3813651125 0.01923076875 0.3824485375 0.034965034374999995 0.31419285 0.032342656250000004 0.312026003125 0.066433565625 0.3846153859375 0.06818181875 0.3846153859375 0.1975524484375
6 0.3846153859375 0.06818181875 0.369447453125 0.06818181875 0.36836403125 0.1984265734375 0.38678223125 0.1993007 0.3846153859375 0.06818181875
2 0.38678873281250004 0.46152272656250004 0.368366196875 0.46152272656250004 0.368366196875 0.5174772734374999 0.38678873281250004 0.5174772734374999 0.38678873281250004 0.46152272656250004
1 0.36185915468749996 0.54281818125 0.2719436625 0.54281818125 0.2719436625 0.5987727265625 0.36185915468749996 0.5987727265625 0.36185915468749996 0.54281818125
2 0.34995774687500003 0.527965909375 0.2827746484375 0.527965909375 0.2827746484375 0.5410795453125 0.34995774687500003 0.5410795453125 0.34995774687500003 0.527965909375
6 0.3640303359375 0.6005244750000001 0.3456121359375 0.6005244750000001 0.3456121359375 0.6145104890625 0.3661971828125 0.6136363640625 0.37053087812499996 0.9029720265625001 0.388949078125 0.9029720265625001 0.3846153859375 0.5428321687500001 0.468039003125 0.54370629375 0.46912242812500005 0.51835664375 0.4528710734375 0.51835664375 0.455037921875 0.52534965 0.388949078125 0.5270979015624999 0.388949078125 0.51835664375 0.36728060625 0.51748251875 0.36728060625 0.5262237765625 0.3521126765625 0.5262237765625 0.34886240625 0.541083915625 0.3618634875 0.541958040625 0.3640303359375 0.6005244750000001
0 0.2491971828125 0.5437045453125 0.10077464843749999 0.5437045453125 0.10077464843749999 0.6005227265624999 0.2491971828125 0.6005227265624999 0.2491971828125 0.5437045453125
4 0.6403098593750001 0.5445795453125 0.38678873281250004 0.5445795453125 0.38678873281250004 0.875875 0.6403098593750001 0.875875 0.6403098593750001 0.5445795453125
1 0.9100845078124999 0.4816477265625 0.7508169015624999 0.4816477265625 0.7508169015624999 0.529715909375 0.9100845078124999 0.529715909375 0.9100845078124999 0.4816477265625
6 0.26938028125 0.5887727265625 0.25 0.5887727265625 0.25 0.6022727265625 0.26938028125 0.6022727265625 0.26938028125 0.5887727265625