3 0.9707567078125001 0.801521340625 0.768766959375 0.800112690625 0.7667571093750001 0.8564586546875 0.990855190625 0.85927595625 0.9707567078125001 0.801521340625
3 0.601947040625 0.79305676875 0.5044704046875 0.79305676875 0.5044704046875 0.8465938859375 0.601947040625 0.8465938859375 0.601947040625 0.79305676875
3 0.3899065421875 0.7860043671875 0.27433021874999997 0.7860043671875 0.27433021874999997 0.8437772921875 0.3899065421875 0.8437772921875 0.3899065421875 0.7860043671875
1 0.8471510406249999 0.85927595625 0.570796903125 0.8536413578125 0.5697919812500001 0.9452035499999999 0.8471510406249999 0.9508381437500001 0.8471510406249999 0.85927595625
7 0.72654205625 0.7972925765625 0.6009345796875001 0.7972925765625 0.6009345796875001 0.8494323140625 0.72654205625 0.8494323140625 0.72654205625 0.7972925765625
7 0.5034423671875 0.790262009375 0.38889408125 0.790262009375 0.38889408125 0.842401746875 0.5034423671875 0.842401746875 0.5034423671875 0.790262009375
7 0.272352025 0.7804148468750001 0.1457165109375 0.7804148468750001 0.1457165109375 0.8409825328125 0.272352025 0.8409825328125 0.272352025 0.7804148468750001
3 0.146718921875 0.7789829562499999 0.010049240625 0.7733483578125 0.037182193749999995 0.8339202703125 0.14470907500000002 0.835328921875 0.146718921875 0.7789829562499999
6 0.250226109375 0.322580646875 0.249221184375 0.3380757859375 0.2713295140625 0.3394844328125 0.2693196671875 0.2817298203125 0.250226109375 0.28032117031250003 0.249221184375 0.29863361093749996 0.1246105921875 0.29863361093749996 0.1246105921875 0.21834061093749998 0.25223595625 0.21974926250000001 0.25324088125 0.24933089062499997 0.2703245921875 0.2507395421875 0.2723344390625 0.22397520937499998 0.355743140625 0.22538385625 0.355743140625 0.122552471875 0.37282685 0.122552471875 0.37282685 0.084518946875 0.211034065625 0.081701646875 0.2180685359375 0.11832652343750001 0.33564465781249997 0.119735175 0.33564465781249997 0.1943935765625 0.1256155171875 0.188758978125 0.1256155171875 0.1408649125 0.0974776421875 0.1408649125 0.09345794375000001 0.7761656546875 0.12059089375000001 0.7789829562499999 0.12260074531250001 0.3197633453125 0.250226109375 0.322580646875
6 0.5084916078124999 0.1507254546875 0.5235654703125 0.1507254546875 0.5245703953125 0.12677841875 0.5607476640625 0.1281870703125 0.5617525890625 0.22538385625 0.5245703953125 0.22397520937499998 0.5235654703125 0.20848006562500002 0.5074866859375 0.20707141875 0.5074866859375 0.25778278593750004 0.5597427390624999 0.25778278593750004 0.5607476640625 0.2789125234375 0.58285599375 0.28032117031250003 0.58285599375 0.25778278593750004 0.8411214953125 0.262008734375 0.834087025 0.8043386375000001 0.8582052062500001 0.8043386375000001 0.8662445984374999 0.123961121875 0.8401165703125001 0.12536976875 0.8411214953125 0.2324271 0.58386091875 0.23101845468749999 0.58386091875 0.1281870703125 0.646166215625 0.12677841875 0.6471711375 0.097196790625 0.44317154218750004 0.0929708421875 0.44216661718749994 0.12536976875 0.5084916078124999 0.12536976875 0.5084916078124999 0.1507254546875
6 0.3346397359375 0.350753628125 0.3346397359375 0.41414283906250005 0.3165511 0.41414283906250005 0.31856095 0.435272571875 0.3326298875 0.433863925 0.329615115625 0.78461755 0.3497135984375 0.7860262015624999 0.35473821875 0.376109309375 0.3758416234375 0.3775179609375 0.37383177500000003 0.350753628125 0.3346397359375 0.350753628125
4 0.5537131937499999 0.38596985625 0.357752990625 0.3789266109375 0.3517234453125 0.78461755 0.5506984234375001 0.7902521484375 0.5537131937499999 0.38596985625
6 0.5527082703125 0.7944780953125 0.5738116765625 0.795886746875 0.5778313734375 0.3352584890625 0.557732890625 0.3324411875 0.558737815625 0.3563882234375 0.4170435140625 0.353570925 0.4160385890625 0.3775179609375 0.55572304375 0.3817439078125 0.5527082703125 0.7944780953125
4 0.2703245921875 0.4380898734375 0.2723344390625 0.5268347640625 0.12260074531250001 0.5212001703125 0.12159581875 0.77757430625 0.3276052640625 0.78461755 0.3326298875 0.4366812234375 0.2703245921875 0.4380898734375
6 0.119585971875 0.5183828687500001 0.2693196671875 0.5240174671875 0.2693196671875 0.433863925 0.288413225 0.4366812234375 0.2874083015625 0.40850824062499996 0.2693196671875 0.40569094375 0.2703245921875 0.388787153125 0.25123103125 0.38737850156250003 0.249221184375 0.490209890625 0.12159581875 0.48457529218750006 0.119585971875 0.5183828687500001
1 0.2703245921875 0.40709958906250004 0.333634809375 0.40991689062500003 0.333634809375 0.34793632812499997 0.557732890625 0.353570925 0.5597427390624999 0.2606000828125 0.5044719125 0.2606000828125 0.5074866859375 0.1281870703125 0.3587579125 0.123961121875 0.3587579125 0.2282011578125 0.2753492125 0.22679250624999997 0.2703245921875 0.40709958906250004
2 0.4411616921875 0.12677841875 0.4441764640625 0.0873362453125 0.37282685 0.083110296875 0.37383177500000003 0.123961121875 0.39594010625 0.16481194375 0.4411616921875 0.12677841875
2 0.49944729218750006 0.21129736718749997 0.5245703953125 0.20848006562500002 0.5245703953125 0.1507254546875 0.5054768375 0.149316803125 0.48839312812499996 0.1803070875 0.49944729218750006 0.21129736718749997
2 0.4160385890625 0.3845612046875 0.4160385890625 0.352162275 0.3758416234375 0.352162275 0.370817003125 0.4127341875 0.3768465484375 0.4268206765625 0.4160385890625 0.3845612046875
2 0.2833886046875 0.5028877296875 0.3306200375 0.435272571875 0.31856095 0.431046625 0.31856095 0.40709958906250004 0.290423071875 0.40709958906250004 0.288413225 0.4366812234375 0.2753492125 0.490209890625 0.2833886046875 0.5028877296875
2 0.7074665859375 0.7648964625 0.7275650687499999 0.79870404375 0.72856999375 0.848006759375 0.76977188125 0.8494154109375 0.76977188125 0.7902521484375 0.7084715109374999 0.7508099734375 0.7074665859375 0.7648964625
4 0.8411214953125 0.263417384375 0.5868756921875 0.2606000828125 0.5758215265625 0.7902521484375 0.833082103125 0.800112690625 0.8411214953125 0.263417384375
2 0.5929052375 0.3577968734375 0.6039594015625 0.3577968734375 0.58285599375 0.2760952234375 0.5617525890625 0.2718692796875 0.5597427390624999 0.32821524062499996 0.584865840625 0.329623890625 0.5929052375 0.3577968734375
2 0.28941815000000004 0.33666713593750003 0.2833886046875 0.32821524062499996 0.2743442859375 0.3394844328125 0.250226109375 0.3394844328125 0.24721133593750003 0.38596985625 0.2683147421875 0.388787153125 0.28941815000000004 0.33666713593750003
0 0.25124610625 0.21834061093749998 0.1266355140625 0.21834061093749998 0.1266355140625 0.297205240625 0.25124610625 0.297205240625 0.25124610625 0.21834061093749998
0 0.249221184375 0.32257641875 0.1246105921875 0.32257641875 0.1246105921875 0.4859825328125 0.249221184375 0.4859825328125 0.249221184375 0.32257641875
1 0.559750778125 0.1281659390625 0.527601246875 0.1281659390625 0.527601246875 0.22537117968749998 0.559750778125 0.22537117968749998 0.559750778125 0.1281659390625
2 0.2853984515625 0.28595576875 0.28137875625 0.263417384375 0.2703245921875 0.24792224531249998 0.25123103125 0.24651359374999998 0.25123103125 0.28313847187499996 0.2693196671875 0.2817298203125 0.276354134375 0.29159036718750003 0.2853984515625 0.28595576875