6 0.4597701140625 0.918598078125 0.36307243125 0.9171848484374999 0.36307243125 0.8620689671875 0.34938879843750004 0.8620689671875 0.34938879843750004 0.91435839375 0.0775405953125 0.9115319390625001 0.07845283593749999 0.1469756921875 0.068418171875 0.1455624625 0.0629447171875 0.9426229515625 0.4597701140625 0.9454494062500001 0.4597701140625 0.918598078125
7 0.239920634375 0.0890368859375 0.11584656093750001 0.0890368859375 0.11584656093750001 0.14555327812500002 0.239920634375 0.14555327812500002 0.239920634375 0.0890368859375
7 0.571071428125 0.093258196875 0.44062169375 0.093258196875 0.44062169375 0.149774590625 0.571071428125 0.149774590625 0.571071428125 0.093258196875
7 0.8483994703125 0.0946516390625 0.7179497359375 0.0946516390625 0.7179497359375 0.1511680328125 0.8483994703125 0.1511680328125 0.8483994703125 0.0946516390625
3 0.43970899531249996 0.0947131140625 0.31198412656249996 0.0947131140625 0.31198412656249996 0.14840163906249998 0.43970899531249996 0.14840163906249998 0.43970899531249996 0.0947131140625
3 0.717023809375 0.0947131140625 0.5719709 0.0947131140625 0.5719709 0.14840163906249998 0.717023809375 0.14840163906249998 0.717023809375 0.0947131140625
3 0.9532936515625 0.09610655781250001 0.8492989421875 0.09610655781250001 0.8492989421875 0.14979508125000002 0.9532936515625 0.14979508125000002 0.9532936515625 0.09610655781250001
3 0.0228060578125 0.31091011874999996 0.0191570875 0.3264556234375 0.0100346640625 0.336348221875 0.02006933125 0.3533069546875 0.0301039953125 0.3575466359375 0.06568144375 0.35613340937500004 0.067505928125 0.1441492375 0.1149425296875 0.1455624625 0.1149425296875 0.09044658125 0.033752965625 0.09044658125 0.0301039953125 0.2939513859375 0.0191570875 0.2939513859375 0.0228060578125 0.31091011874999996
6 0.9189640765625 0.15207075 0.9175717062500001 0.9199741140625 0.5291005296875 0.9178170812499999 0.52840434375 0.9490940453125001 0.9363686984375 0.9512510781250001 0.937064884375 0.15207075 0.9189640765625 0.15207075
6 0.5931495390625 0.7118205375 0.6328320796875 0.7128990484375 0.6328320796875 0.7312338234375 0.6453634078125 0.732312340625 0.646755778125 0.5025884390625001 0.6913116109375 0.5025884390625001 0.6913116109375 0.4831751515625 0.6488443328125 0.4820966359375 0.6488443328125 0.15207075 0.6356168203125 0.15207075 0.63213589375 0.6924072453125001 0.5952380953125 0.6924072453125001 0.5931495390625 0.7118205375
4 0.6310449734375 0.1519262296875 0.36779100468750003 0.1519262296875 0.36779100468750003 0.6897131140625 0.6310449734375 0.6897131140625 0.6310449734375 0.1519262296875
6 0.5304928999999999 0.7118205375 0.5304928999999999 0.6902502171875 0.363408521875 0.6902502171875 0.36549707656249997 0.150992234375 0.351573378125 0.150992234375 0.3501810078125 0.7441760125 0.363408521875 0.7441760125 0.363408521875 0.7107420203125 0.5304928999999999 0.7118205375
6 0.64398148125 0.8455532781249999 0.6335317453125 0.8455532781249999 0.6335317453125 0.9188729515625 0.64398148125 0.9188729515625 0.64398148125 0.8455532781249999
6 0.788769840625 0.8498565578124999 0.7741402109375 0.8498565578124999 0.7741402109375 0.9221106562499999 0.788769840625 0.9221106562499999 0.788769840625 0.8498565578124999
6 0.7790476187500001 0.48641393437499997 0.7665079359375 0.48641393437499997 0.7665079359375 0.5036680328124999 0.7790476187500001 0.5036680328124999 0.7790476187500001 0.48641393437499997
3 0.9196428578125 0.4875 0.779722221875 0.4875 0.779722221875 0.5435655734375 0.9196428578125 0.5435655734375 0.9196428578125 0.4875
6 0.7880813140625 0.694564278125 0.9189640765625 0.6967213109375 0.9196602625000001 0.6729939593750001 0.7887775 0.6708369296875001 0.7880813140625 0.6298533234375 0.7769423578125 0.6298533234375 0.7748538015624999 0.7635892984375 0.7887775 0.7635892984375 0.7880813140625 0.694564278125
2 0.7600980765625 0.59476209375 0.7736482109375 0.5967612953125 0.776229190625 0.6267492984375 0.7910698140625 0.6277489015625 0.7917150609375 0.597760896875 0.8007484843749999 0.597760896875 0.7994579953125001 0.5857656921875 0.7917150609375 0.58276689375 0.7910698140625 0.5657736890625 0.776229190625 0.5647740906250001 0.7749387015625 0.5857656921875 0.7633242984375 0.58476609375 0.7600980765625 0.59476209375
6 0.788769840625 0.544631146875 0.777632275 0.544631146875 0.777632275 0.5651229515625 0.788769840625 0.5651229515625 0.788769840625 0.544631146875
2 0.32520325156249996 0.8156737296875001 0.3477868125 0.81467413125 0.347141565625 0.8616553359375001 0.36585365937500003 0.8616553359375001 0.36585365937500003 0.8186725328125 0.376177571875 0.8186725328125 0.375532328125 0.8046781265625 0.3652084125 0.8056777296875 0.3652084125 0.7467013203125 0.34843205625 0.74470211875 0.3477868125 0.8026789296875 0.3245580078125 0.8026789296875 0.32520325156249996 0.8156737296875001
1 0.6297619046875 0.71270491875 0.365211640625 0.71270491875 0.365211640625 0.9136065578125001 0.6297619046875 0.9136065578125001 0.6297619046875 0.71270491875
2 0.5600722671875 0.731707315625 0.5658794687500001 0.731707315625 0.565234225 0.7147141140625 0.5929797375 0.7147141140625 0.593624984375 0.690723709375 0.5665247109375 0.6897241109375 0.5665247109375 0.675729709375 0.5600722671875 0.67273090625 0.558781778125 0.6897241109375 0.5316815078125 0.6897241109375 0.5310362625 0.7137145125 0.5600722671875 0.7137145125 0.5600722671875 0.731707315625
2 0.4871596328125 0.96461415625 0.49683830156250003 0.963614553125 0.49683830156250003 0.9496201515625 0.527164796875 0.9496201515625 0.527164796875 0.9136345453124999 0.4955478125 0.912634946875 0.4955478125 0.89664134375 0.48780487812500006 0.8956417421875 0.48909536718749996 0.9136345453124999 0.4587688734375 0.9136345453124999 0.4587688734375 0.9496201515625 0.48780487812500006 0.9496201515625 0.4871596328125 0.96461415625
1 0.7730026453125001 0.5057786890625 0.6484788359375 0.5057786890625 0.6484788359375 0.9156147546875 0.7730026453125001 0.9156147546875 0.7730026453125001 0.5057786890625
2 0.720092915625 0.5387844875 0.730416828125 0.5397840859375 0.7291263390625 0.5067972828125 0.7665505234375 0.5057976796875 0.7665505234375 0.4828068765625 0.730416828125 0.4828068765625 0.7291263390625 0.46281487343750005 0.72267389375 0.461815275 0.7233191375 0.48180727812499996 0.6923474 0.48180727812499996 0.6929926453124999 0.5047980812499999 0.720092915625 0.5047980812499999 0.720092915625 0.5387844875
2 0.76267905625 0.8196721312499999 0.7736482109375 0.8206717296875 0.7736482109375 0.8486605375 0.7917150609375 0.8496601359374999 0.790424571875 0.8196721312499999 0.7994579953125001 0.8206717296875 0.7994579953125001 0.8076769296874999 0.789779325 0.806677328125 0.789779325 0.7656937218750001 0.7742934578125 0.7656937218750001 0.7736482109375 0.8046781265625 0.762033809375 0.8056777296875 0.76267905625 0.8196721312499999
2 0.644589946875 0.73270491875 0.632976190625 0.73270491875 0.632976190625 0.84663934375 0.644589946875 0.84663934375 0.644589946875 0.73270491875
0 0.9175264546875 0.5457991796874999 0.790410053125 0.5457991796874999 0.790410053125 0.671741803125 0.9175264546875 0.671741803125 0.9175264546875 0.5457991796874999
0 0.9168783062499999 0.697725409375 0.7910582015625 0.697725409375 0.7910582015625 0.9156352453125001 0.9168783062499999 0.9156352453125001 0.9168783062499999 0.697725409375
4 0.9168915343749999 0.1529508203125 0.650410053125 0.1529508203125 0.650410053125 0.479836065625 0.9168915343749999 0.479836065625 0.9168915343749999 0.1529508203125
4 0.348439153125 0.14895491875 0.0800264546875 0.14895491875 0.0800264546875 0.9106352453125 0.348439153125 0.9106352453125 0.348439153125 0.14895491875
2 0.2716479546875 0.162934828125 0.281326621875 0.16393442656249999 0.280681378125 0.151939225 0.312298359375 0.1529388234375 0.31165311562500003 0.0859656140625 0.2793908890625 0.0859656140625 0.280036134375 0.0719712125 0.269712221875 0.0699720125 0.2690669765625 0.0859656140625 0.24196670625 0.087964815625 0.2406762171875 0.151939225 0.2716479546875 0.151939225 0.2716479546875 0.162934828125