3 0.14534939687499998 0.0603043484375 0.0544096390625 0.0603043484375 0.0544096390625 0.12621739062499998 0.14534939687499998 0.12621739062499998 0.14534939687499998 0.0603043484375
3 0.31945783125 0.0603043484375 0.24328915625 0.0603043484375 0.24328915625 0.12482608749999999 0.31945783125 0.12482608749999999 0.31945783125 0.0603043484375
3 0.5277951812499999 0.0588913046875 0.41740963906250006 0.0588913046875 0.41740963906250006 0.127630434375 0.5277951812499999 0.127630434375 0.5277951812499999 0.0588913046875
3 0.7703012046875 0.0603043484375 0.6700361453125 0.0603043484375 0.6700361453125 0.12482608749999999 0.7703012046875 0.12482608749999999 0.7703012046875 0.0603043484375
3 0.09716867500000001 0.1248478265625 0.06996385468750001 0.1248478265625 0.06996385468750001 0.7615869562500001 0.09716867500000001 0.7615869562500001 0.09716867500000001 0.1248478265625
3 0.2868192765625 0.7713913046875 0.23862650625 0.7713913046875 0.23862650625 0.8485217390625 0.2868192765625 0.8485217390625 0.2868192765625 0.7713913046875
3 0.9677469875 0.7531521734375 0.9350963859375 0.7531521734375 0.9350963859375 0.8443260875 0.9677469875 0.8443260875 0.9677469875 0.7531521734375
3 0.9343179156250001 0.514726509375 0.9685192390624999 0.51753155625 0.9685192390624999 0.05890602968749999 0.9001165953125 0.06030855625 0.898561990625 0.126227209375 0.9327633109375 0.1248246828125 0.9343179156250001 0.514726509375
4 0.2836987953125 0.127630434375 0.09871084375 0.127630434375 0.09871084375 0.370282609375 0.2836987953125 0.370282609375 0.2836987953125 0.127630434375
7 0.2440843375 0.061695651562499995 0.1445903609375 0.061695651562499995 0.1445903609375 0.12482608749999999 0.2440843375 0.12482608749999999 0.2440843375 0.061695651562499995
4 0.4477349390625 0.1248478265625 0.298481928125 0.1248478265625 0.298481928125 0.5441956515624999 0.4477349390625 0.5441956515624999 0.4477349390625 0.1248478265625
7 0.41743373437500003 0.0603043484375 0.317939759375 0.0603043484375 0.317939759375 0.1234347828125 0.41743373437500003 0.1234347828125 0.41743373437500003 0.0603043484375
4 0.708891565625 0.130456521875 0.46171084375 0.130456521875 0.46171084375 0.6381521734375 0.708891565625 0.6381521734375 0.708891565625 0.130456521875
7 0.66928915625 0.063130434375 0.5270481921875 0.063130434375 0.5270481921875 0.1262608703125 0.66928915625 0.1262608703125 0.66928915625 0.063130434375
7 0.8993855421875001 0.0603043484375 0.770349396875 0.0603043484375 0.770349396875 0.1234347828125 0.8993855421875001 0.1234347828125 0.8993855421875001 0.0603043484375
7 0.9677469875 0.5133260875000001 0.9343253015625 0.5133260875000001 0.9343253015625 0.7559782609375 0.9677469875 0.7559782609375 0.9677469875 0.5133260875000001
6 0.72212048125 0.12621739062499998 0.7104578312500001 0.12621739062499998 0.7104578312500001 0.2987391296875 0.72212048125 0.2987391296875 0.72212048125 0.12621739062499998
0 0.19433735000000002 0.3955217390625 0.0987228921875 0.3955217390625 0.0987228921875 0.469869565625 0.19433735000000002 0.469869565625 0.19433735000000002 0.3955217390625
6 0.2083253015625 0.3758913046875 0.09716867500000001 0.3758913046875 0.09716867500000001 0.39410869531250003 0.2083253015625 0.39410869531250003 0.2083253015625 0.3758913046875
1 0.261173728125 0.7685834515625001 0.2899339296875 0.7671809265625 0.28915662656249996 0.803646565625 0.29848426093749997 0.8022440390625001 0.29848426093749997 0.813464234375 0.618732996875 0.8106591875 0.618732996875 0.7924263703125 0.6303925375 0.7924263703125 0.6296152359375 0.6676016828125 0.4508356 0.66619915625 0.4485036921875 0.569424965625 0.2596191203125 0.5708274906249999 0.25884181875 0.5371669 0.2860474140625 0.5385694265625001 0.28371550624999997 0.3941093953125 0.20753983593749997 0.395511921875 0.20365332343749998 0.66619915625 0.2596191203125 0.664796634375 0.261173728125 0.7685834515625001
6 0.20287951875000002 0.561 0.1950963859375 0.561 0.1950963859375 0.669 0.20287951875000002 0.669 0.20287951875000002 0.561
6 0.93587951875 0.813456521875 0.3645542171875 0.813456521875 0.3645542171875 0.8428913046875 0.93587951875 0.8428913046875 0.93587951875 0.813456521875
6 0.7104547234374999 0.639551190625 0.5456665375 0.6423562390625001 0.5464438406250001 0.663394109375 0.6311698406249999 0.663394109375 0.6303925375 0.6900420734375 0.643606684375 0.6872370265625001 0.6420520796875 0.6619915875 0.722891565625 0.663394109375 0.722891565625 0.43899018281249996 0.9358725234374999 0.43758765625 0.9335406140625 0.420757365625 0.7213369609375 0.4221598875 0.7197823546875 0.401122021875 0.708900115625 0.40252454374999996 0.7104547234374999 0.639551190625
6 0.451612903125 0.5666199171875 0.451612903125 0.6619915875 0.48736883124999997 0.6605890609375 0.48736883124999997 0.6381486703125 0.46171783906249997 0.6381486703125 0.46016323437500006 0.1248246828125 0.4500582984375 0.12903225625 0.4500582984375 0.5441795218750001 0.365332296875 0.5441795218750001 0.36610960000000004 0.5680224390624999 0.451612903125 0.5666199171875
6 0.26583754531250003 0.3716690046875 0.2572872140625 0.3618513296875 0.258064515625 0.3927068734375 0.2860474140625 0.3913043484375 0.2883793234375 0.5413744734375 0.261173728125 0.5399719484375 0.261173728125 0.5666199171875 0.31169840781249997 0.5666199171875 0.3093664984375 0.5455820484375 0.29770695625 0.5441795218750001 0.29770695625 0.127629734375 0.2860474140625 0.1248246828125 0.2860474140625 0.3730715296875 0.26583754531250003 0.3716690046875
0 0.19354216875000002 0.4894782609375 0.0979277109375 0.4894782609375 0.0979277109375 0.6633913046875 0.19354216875000002 0.6633913046875 0.19354216875000002 0.4894782609375
6 0.1943256890625 0.49368863906250005 0.2013214140625 0.4964936875 0.20209871875 0.46002805156250004 0.196657596875 0.4586255265625 0.195880296875 0.46984572187499996 0.0971628453125 0.46984572187499996 0.09638554218749999 0.4866760171875 0.1912164796875 0.48807854375000004 0.1943256890625 0.49368863906250005
6 0.238631946875 0.7713885 0.261173728125 0.7713885 0.261173728125 0.6676016828125 0.0971628453125 0.6676016828125 0.09638554218749999 0.7026647953125 0.238631946875 0.7026647953125 0.238631946875 0.7713885
2 0.6218422078125 0.74614305625 0.6296152359375 0.74614305625 0.6288379328125 0.7896213171875 0.6443839875 0.7896213171875 0.6428293828125 0.743338009375 0.6544889234375 0.7475455828124999 0.6544889234375 0.7265077125 0.6451612890625 0.7265077125 0.6451612890625 0.6900420734375 0.6303925375 0.6872370265625001 0.6311698406249999 0.733520334375 0.6218422078125 0.7321178125000001 0.6218422078125 0.74614305625
6 0.6327244453125 0.7896213171875 0.6311698406249999 0.7966339390625 0.621064903125 0.798036465625 0.620287603125 0.8092566609375 0.6459385921874999 0.813464234375 0.643606684375 0.79102384375 0.6327244453125 0.7896213171875
6 0.31014379999999997 0.8162692828125 0.29770695625 0.8176718093750001 0.29770695625 0.8064516125000001 0.2883793234375 0.8078541390625 0.2860474140625 0.8499298734374999 0.3093664984375 0.8499298734374999 0.31014379999999997 0.8162692828125
2 0.333462884375 0.86535764375 0.3412359109375 0.8667601703125 0.34201321406249996 0.8499298734374999 0.366886903125 0.8471248265625 0.365332296875 0.813464234375 0.340458609375 0.8106591875 0.33968130625000004 0.798036465625 0.3342401859375 0.7966339390625 0.333462884375 0.813464234375 0.3078118921875 0.8148667609375 0.3078118921875 0.8499298734374999 0.3311309765625 0.8499298734374999 0.333462884375 0.86535764375
2 0.33268558125 0.5876577828125 0.3412359109375 0.59186535625 0.3451224234375 0.569424965625 0.365332296875 0.5708274906249999 0.3645549953125 0.5413744734375 0.34201321406249996 0.5455820484375 0.34356781875000003 0.524544178125 0.3350174890625 0.524544178125 0.333462884375 0.5385694265625001 0.31014379999999997 0.5385694265625001 0.310921103125 0.5680224390624999 0.3319082765625 0.5666199171875 0.33268558125 0.5876577828125
2 0.1849980578125 0.5371669 0.19199378125 0.5357643734375 0.1935483875 0.559607290625 0.20287601875 0.563814865625 0.2013214140625 0.5343618515624999 0.20909444375000003 0.5343618515624999 0.212203653125 0.5217391296875 0.20365332343749998 0.5217391296875 0.20287601875 0.4964936875 0.1935483875 0.495091165625 0.1935483875 0.524544178125 0.1865526625 0.52314165625 0.1849980578125 0.5371669
2 0.185775359375 0.43758765625 0.19277108437499998 0.43758765625 0.1935483875 0.4586255265625 0.20520792812500002 0.4586255265625 0.20598523124999998 0.43338008281249996 0.212203653125 0.43618513437499995 0.2145355609375 0.4221598875 0.20598523124999998 0.420757365625 0.20520792812500002 0.3969144484375 0.1951029921875 0.395511921875 0.1943256890625 0.4263674609375 0.1849980578125 0.42356241250000004 0.185775359375 0.43758765625
2 0.2285270125 0.356241234375 0.2254178 0.36886395625 0.2098717453125 0.36886395625 0.2083171390625 0.395511921875 0.2285270125 0.3969144484375 0.2293043125 0.4123422171875 0.238631946875 0.4123422171875 0.238631946875 0.3983169703125 0.25650991093750003 0.3941093953125 0.25650991093750003 0.3660589046875 0.238631946875 0.3660589046875 0.23940925000000002 0.356241234375 0.2285270125 0.356241234375
2 0.252623396875 0.42356241250000004 0.251068790625 0.43758765625 0.2572872140625 0.44179522968749996 0.2572872140625 0.46002805156250004 0.2689467546875 0.4614305734375 0.2689467546875 0.43758765625 0.277497084375 0.43758765625 0.2782743875 0.4263674609375 0.2705013609375 0.424964934375 0.2712786625 0.3941093953125 0.2596191203125 0.3941093953125 0.25884181875 0.42356241250000004 0.252623396875 0.42356241250000004
2 0.2557326078125 0.51753155625 0.2572872140625 0.5357643734375 0.2728332671875 0.5371669 0.2728332671875 0.48246844375000003 0.25650991093750003 0.4796633953125 0.2557326078125 0.51753155625
2 0.5083560046875 0.6774193562499999 0.51923824375 0.6788218781250001 0.5215701515625 0.66619915625 0.544889234375 0.664796634375 0.5456665375 0.63674614375 0.5184609390625 0.63674614375 0.516906334375 0.6255259484375 0.509910609375 0.624123421875 0.5091333078125 0.6339410953125 0.48970073750000004 0.63674614375 0.48970073750000004 0.66619915625 0.5083560046875 0.66619915625 0.5083560046875 0.6774193562499999
2 0.699572484375 0.354838709375 0.7065682078125 0.356241234375 0.7073455109375 0.3997194953125 0.7244461703125 0.40252454374999996 0.7236688703125 0.3576437609375 0.7329965015625 0.3576437609375 0.7329965015625 0.3380084125 0.7244461703125 0.336605890625 0.7236688703125 0.29873772656250003 0.7104547234374999 0.29873772656250003 0.7081228140625 0.34081346562500003 0.699572484375 0.33941093906250003 0.699572484375 0.354838709375
4 0.9335301203125 0.1290217390625 0.7244457828125 0.1290217390625 0.7244457828125 0.4193260875 0.9335301203125 0.4193260875 0.9335301203125 0.1290217390625
4 0.6443839875 0.813464234375 0.9327633109375 0.813464234375 0.9327633109375 0.440392709375 0.7236688703125 0.44319775625 0.722891565625 0.66619915625 0.6443839875 0.6690042093749999 0.6443839875 0.813464234375