7 0.4666990765625 0.0873810671875 0.39863879375 0.0873810671875 0.39863879375 0.127832525 0.4666990765625 0.127832525 0.4666990765625 0.0873810671875
7 0.6676373359375 0.0873810671875 0.5995770546875 0.0873810671875 0.5995770546875 0.127832525 0.6676373359375 0.127832525 0.6676373359375 0.0873810671875
7 0.8815459406249999 0.087378640625 0.8458920765625001 0.087378640625 0.8458920765625001 0.1278349515625 0.8815459406249999 0.1278349515625 0.8815459406249999 0.087378640625
7 0.24469372812499998 0.8689320390624999 0.178252309375 0.8689320390624999 0.178252309375 0.912621359375 0.24469372812499998 0.912621359375 0.24469372812499998 0.8689320390624999
7 0.6660184734375 0.8705509703125 0.5979581921875 0.8705509703125 0.5979581921875 0.9110024265625001 0.6660184734375 0.9110024265625001 0.6660184734375 0.8705509703125
7 0.8669567328125 0.8705509703125 0.8037578999999999 0.8705509703125 0.8037578999999999 0.9110024265625001 0.8669567328125 0.9110024265625001 0.8669567328125 0.8705509703125
3 0.8734402859375001 0.9169363531249999 0.9544644296874999 0.9163969796875 0.95392426875 0.8689320390624999 0.868038675 0.8694714125 0.868038675 0.9110032359375 0.8734402859375001 0.9104638625 0.8734402859375001 0.9169363531249999
3 0.668719278125 0.9110032359375 0.6692594390625 0.9169363531249999 0.798898071875 0.9163969796875 0.798898071875 0.9104638625 0.803219359375 0.9115426109375001 0.803219359375 0.8689320390624999 0.6638578296875 0.8683926640624999 0.6638578296875 0.9110032359375 0.668719278125 0.9110032359375
3 0.47102036406250003 0.9169363531249999 0.5941770640625 0.9163969796875 0.59255658125 0.9110032359375 0.599578675 0.9104638625 0.599578675 0.8689320390624999 0.46507859375000005 0.8700107875 0.46507859375000005 0.9104638625 0.46994004218749996 0.9110032359375 0.47102036406250003 0.9169363531249999
2 0.4305082921875 0.9239482203125 0.43374925781250007 0.92448759375 0.43428941875 0.9110032359375 0.46561875468749997 0.9104638625 0.46561875468749997 0.8689320390624999 0.4348295796875 0.8683926640624999 0.435369740625 0.8559870546875 0.4305082921875 0.85544768125 0.431048453125 0.8694714125 0.4002592765625 0.8700107875 0.4007994375 0.9110032359375 0.42942796875000006 0.9120819843750001 0.4305082921875 0.9239482203125
3 0.24739372343750002 0.9169363531249999 0.39647815 0.9169363531249999 0.3970183109375 0.9115426109375001 0.40187976093750005 0.9110032359375 0.4002592765625 0.8689320390624999 0.2430724359375 0.8694714125 0.2419921140625 0.9120819843750001 0.24739372343750002 0.9115426109375001 0.24739372343750002 0.9169363531249999
3 0.1733916703125 0.9120819843750001 0.1782531203125 0.9110032359375 0.1782531203125 0.8694714125 0.061038189062500005 0.8689320390624999 0.058337384375 0.9169363531249999 0.17393183125 0.9169363531249999 0.1733916703125 0.9120819843750001
6 0.1107329984375 0.5798274 0.08588559375 0.5798274 0.0853454328125 0.8700107875 0.111273159375 0.8700107875 0.111273159375 0.607874865625 0.2284880890625 0.6073354906249999 0.2284880890625 0.519417475 0.21444390468750002 0.519417475 0.214984065625 0.5933117578125 0.1107329984375 0.5933117578125 0.1107329984375 0.5798274
1 0.1895965 0.637540453125 0.3103224765625 0.6367313921875 0.3111327171875 0.5606796109375 0.2989790953125 0.5598705500000001 0.2997893375 0.5202265374999999 0.230108571875 0.5210355984375 0.22929833125000001 0.607605178125 0.1887862578125 0.6084142390625 0.1895965 0.637540453125
3 0.251174040625 0.48274029062499996 0.2139013125 0.48274029062499996 0.2139013125 0.518337378125 0.251174040625 0.518337378125 0.251174040625 0.48274029062499996
3 0.311672878125 0.528047465625 0.33868092656250004 0.528047465625 0.3392210875 0.5188781015624999 0.3511046296875 0.5183387265625 0.351644790625 0.47357065781249996 0.3224760984375 0.4741100328125 0.3219359375 0.48220064687499997 0.2997893375 0.48274002187500004 0.3003294984375 0.5188781015624999 0.31221303906250003 0.519417475 0.311672878125 0.528047465625
2 0.27170096718750003 0.5318230859375 0.27710257656250004 0.5318230859375 0.2776427375 0.5188781015624999 0.29870901562499996 0.5188781015624999 0.2997893375 0.48220064687499997 0.2781828984375 0.48112189843750003 0.2792632203125 0.47087378593749996 0.274401771875 0.46979503749999996 0.274401771875 0.48220064687499997 0.25171501093750004 0.48220064687499997 0.252255171875 0.5188781015624999 0.272241128125 0.517799353125 0.27170096718750003 0.5318230859375
2 0.2981688546875 0.583063646875 0.3127532 0.5836030203125 0.311672878125 0.6057173671875 0.32841786875 0.6067961171875 0.3289580296875 0.58522114375 0.3419218921875 0.5862998921875 0.343002215625 0.5809061484375 0.3289580296875 0.5798274 0.3300383515625 0.5587918015625 0.311672878125 0.5587918015625 0.311672878125 0.579288025 0.29870901562499996 0.5782092765625 0.2981688546875 0.583063646875
4 0.5866148109375 0.492718446875 0.5866148109375 0.519417475 0.5582563609375 0.5186084140625 0.5590666015625 0.532362459375 0.5339491171875 0.532362459375 0.5347593578125001 0.5210355984375 0.340301409375 0.5186084140625 0.33787068593749997 0.5283171515625 0.3281477875 0.5291262140625 0.3265273046875 0.8697411 0.7365094796875 0.8681229765625 0.734888996875 0.67961165 0.7405606875 0.6788025890625 0.7389402046875 0.519417475 0.68546426875 0.519417475 0.686274509375 0.4935275078125 0.5866148109375 0.492718446875
2 0.6341489765625 0.5016181234375 0.6384702640625 0.502157496875 0.63684978125 0.49244875937500004 0.6606168640625001 0.492988134375 0.660076703125 0.48220064687499997 0.6395505859374999 0.4816612734375 0.639010425 0.4730312828125 0.63252849375 0.4730312828125 0.6330686546875001 0.48274002187500004 0.6120023765625 0.48274002187500004 0.6109220546875 0.492988134375 0.6330686546875001 0.492988134375 0.6341489765625 0.5016181234375
2 0.29708853281250003 0.8036677453125 0.311672878125 0.8025889968750001 0.311672878125 0.82524271875 0.327337546875 0.82524271875 0.3289580296875 0.8042071203125 0.342462053125 0.8042071203125 0.3419218921875 0.7988133765625001 0.32787770781250003 0.7993527515625 0.327337546875 0.777777778125 0.311672878125 0.7783171515625 0.311672878125 0.7993527515625 0.2981688546875 0.8004315 0.29708853281250003 0.8036677453125
2 0.36028736562499997 0.52481121875 0.515853725 0.52481121875 0.5149084421875 0.5165857609375 0.4865499921875 0.5165857609375 0.4869551125 0.51011326875 0.3872954140625 0.5105178 0.3872954140625 0.5165857609375 0.3721709078125 0.5161812296875 0.36028736562499997 0.516720603125 0.36028736562499997 0.52481121875
2 0.7288121859375 0.5538025890625 0.7401555656250001 0.5538025890625 0.7405606875 0.57443365625 0.7510938265625 0.57443365625 0.7510938265625 0.5542071203125001 0.7620320859375 0.5542071203125001 0.7628423265625 0.5509708734375 0.750283584375 0.5509708734375 0.7498784640625 0.53033980625 0.7409658078125 0.5299352749999999 0.7405606875 0.54975728125 0.72921730625 0.55056634375 0.7288121859375 0.5538025890625
2 0.6635877484375 0.41504854375000005 0.6741208875 0.4146440125 0.674526009375 0.43648867343750003 0.6834386640625 0.43648867343750003 0.6834386640625 0.41504854375000005 0.6951871656249999 0.415453075 0.6951871656249999 0.41221682812499993 0.6834386640625 0.41221682812499993 0.6834386640625 0.3915857609375 0.674526009375 0.3915857609375 0.674526009375 0.41100323593750004 0.6639928703125 0.411812296875 0.6635877484375 0.41504854375000005
6 0.35148274218750003 0.332038834375 0.452600875 0.3315533984375 0.452600875 0.362135921875 0.5362177921875 0.4456310671875 0.535245503125 0.49223300937500003 0.5415653859375 0.492718446875 0.5401069515625 0.48495145624999997 0.543023821875 0.48446601874999995 0.543023821875 0.44126213593749997 0.4608653375 0.35922330156250004 0.46037919374999997 0.3315533984375 0.483714146875 0.3315533984375 0.48517258124999996 0.322815534375 0.4613514828125 0.322815534375 0.46232377187499996 0.2966019421875 0.45454545468749996 0.2941747578125 0.45454545468749996 0.32233009687499997 0.40690325781250003 0.32233009687499997 0.40690325781250003 0.277184465625 0.39815265 0.27378640781249997 0.39863879375 0.322815534375 0.3519688875 0.32233009687499997 0.35148274218750003 0.332038834375
1 0.5452924968749999 0.483009709375 0.6741208875 0.483009709375 0.6749311296875 0.332524271875 0.46264786874999997 0.332524271875 0.4610273859375 0.35922330156250004 0.5452924968749999 0.44012945 0.5452924968749999 0.483009709375
1 0.373521309375 0.5088996765625 0.5347593578125001 0.507281553125 0.5339491171875 0.4441747578125 0.45130448906250004 0.362459546875 0.45130448906250004 0.3333333328125 0.3532652734375 0.3333333328125 0.35245503125 0.4894822 0.373521309375 0.49110032343750004 0.373521309375 0.5088996765625
2 0.5051855453125 0.343042071875 0.508021390625 0.3438511328125 0.5084265109375 0.332119740625 0.5290876671875 0.3317152109375 0.5294927890625 0.322411003125 0.5084265109375 0.32200647187500003 0.5084265109375 0.3110841421875 0.5059957859375 0.31067961093749996 0.5059957859375 0.32200647187500003 0.484929509375 0.32200647187500003 0.484929509375 0.332524271875 0.5051855453125 0.332524271875 0.5051855453125 0.343042071875
2 0.578512396875 0.342637540625 0.5813482421875 0.3434466015625 0.5813482421875 0.332119740625 0.6020093984375 0.3317152109375 0.6024145203125 0.322411003125 0.5821584828125 0.32200647187500003 0.5813482421875 0.31067961093749996 0.5781072765624999 0.30987054999999997 0.578512396875 0.3216019421875 0.5574461187499999 0.32200647187500003 0.5578512390625 0.332119740625 0.578512396875 0.332524271875 0.578512396875 0.342637540625
2 0.308296871875 0.452265371875 0.320855615625 0.452669903125 0.320855615625 0.472896440625 0.35204991093750004 0.4741100328125 0.35204991093750004 0.452265371875 0.3654188953125 0.452265371875 0.36501377343749997 0.44902912656250005 0.35245503125 0.4486245953125 0.351644790625 0.4263754046875 0.32126073593750004 0.4263754046875 0.320855615625 0.4482200640625 0.30870199375 0.4482200640625 0.308296871875 0.452265371875
3 0.4002592765625 0.0869741109375 0.396613190625 0.0861650484375 0.39580295 0.0800970875 0.29452276718750003 0.0805016171875 0.294117646875 0.1286407765625 0.4002592765625 0.128236246875 0.4002592765625 0.0869741109375
3 0.5999837953125 0.0853559875 0.595122346875 0.0857605171875 0.594717225 0.0805016171875 0.46994004218749996 0.0788834953125 0.46953492187499996 0.0861650484375 0.46629395625000003 0.0865695796875 0.465888834375 0.1286407765625 0.599578675 0.128236246875 0.5999837953125 0.0853559875
3 0.792416140625 0.0865695796875 0.7879598125 0.0869741109375 0.7871495703125 0.0800970875 0.66763895625 0.079288025 0.6680440765625 0.0857605171875 0.664397990625 0.0861650484375 0.6635877484375 0.128236246875 0.79322638125 0.1286407765625 0.792416140625 0.0865695796875
2 0.8167233828124999 0.07807443281250001 0.8167233828124999 0.0857605171875 0.7916058984375 0.0861650484375 0.7903905359375 0.1286407765625 0.8167233828124999 0.127831715625 0.817533625 0.13996763750000002 0.8203694703125001 0.1383495140625 0.820774590625 0.128236246875 0.8454869546875001 0.127831715625 0.8454869546875001 0.0865695796875 0.820774590625 0.0861650484375 0.820774590625 0.0784789640625 0.8167233828124999 0.07807443281250001
3 0.955274671875 0.0805016171875 0.8851887859375 0.0805016171875 0.8859990281250001 0.0853559875 0.8815427 0.0861650484375 0.8811375796875 0.1286407765625 0.9544644296874999 0.128236246875 0.955274671875 0.0805016171875
1 0.7883649328125 0.0865695796875 0.8851887859375 0.0857605171875 0.8851887859375 0.0805016171875 0.9516285859375 0.0805016171875 0.9524388265624999 0.032766990625 0.7555501546875 0.0335760515625 0.7543347921875 0.0800970875 0.7879598125 0.07969255625 0.7883649328125 0.0865695796875
2 0.7948468640625 0.3915857609375 0.8057851234375001 0.3911812296875 0.8049748828125001 0.41221682812499993 0.814292659375 0.41221682812499993 0.8146977796874999 0.3911812296875 0.828471884375 0.3915857609375 0.82766164375 0.387540453125 0.8146977796874999 0.3883495140625 0.814292659375 0.367313915625 0.8049748828125001 0.367313915625 0.805380003125 0.387540453125 0.7948468640625 0.387135921875 0.7948468640625 0.3915857609375
2 0.7369146 0.8547734625000001 0.738535084375 0.8236245953125 0.74947334375 0.8232200640625 0.7486631015625 0.7309870546874999 0.738535084375 0.730582525 0.7369146 0.70024271875 0.73164803125 0.7006472484375 0.7300275484375 0.8543689328124999 0.7369146 0.8547734625000001
3 0.3508337390625 0.127830096875 0.320853184375 0.127830096875 0.320853184375 0.4263737859375 0.3508337390625 0.4263737859375 0.3508337390625 0.127830096875
3 0.350996596875 0.1262135921875 0.3218279046875 0.1262135921875 0.3218279046875 0.42524271875 0.350996596875 0.42524271875 0.350996596875 0.1262135921875
6 0.5580943125 0.332038834375 0.556635878125 0.32233009687499997 0.5483714140625 0.322815534375 0.547399125 0.1281553390625 0.537676228125 0.1281553390625 0.537676228125 0.32233009687499997 0.5279533296875 0.3233009703125 0.528439475 0.3315533984375 0.5580943125 0.332038834375
6 0.6742829359375 0.389805825 0.6830335437499999 0.39126213593750003 0.6835196890625 0.332038834375 0.72095284375 0.332038834375 0.7219251343749999 0.302427184375 0.7501215359375 0.3014563109375 0.7496353906250001 0.2936893203125 0.7214389890625 0.2936893203125 0.7219251343749999 0.1281553390625 0.711716090625 0.12718446562500002 0.711716090625 0.32233009687499997 0.60184735 0.32233009687499997 0.60136120625 0.3315533984375 0.6752552265625 0.332038834375 0.6742829359375 0.389805825
6 0.6606708796875 0.49126213593749996 0.686922703125 0.49174757343750003 0.6878949921874999 0.483009709375 0.6825473984375 0.4834951453125 0.6825473984375 0.4359223296875 0.6742829359375 0.4359223296875 0.6752552265625 0.4839805828125 0.6606708796875 0.4834951453125 0.6606708796875 0.49126213593749996
6 0.6110841031249999 0.4839805828125 0.5838599906249999 0.4839805828125 0.5838599906249999 0.49174757343750003 0.6110841031249999 0.49174757343750003 0.6110841031249999 0.4839805828125
6 0.540593096875 0.510194175 0.48711716093749996 0.510194175 0.48711716093749996 0.516990290625 0.540593096875 0.516990290625 0.540593096875 0.510194175
6 0.37238697187500003 0.49223300937500003 0.350996596875 0.49223300937500003 0.350996596875 0.516990290625 0.37238697187500003 0.516990290625 0.37238697187500003 0.49223300937500003
6 0.3879436078125 0.5106796109375 0.37238697187500003 0.5106796109375 0.37238697187500003 0.5165048546875 0.3879436078125 0.5165048546875 0.3879436078125 0.5106796109375
3 0.540593096875 0.5179611656249999 0.5848322796875001 0.5184466015625 0.5843461343749999 0.48446601874999995 0.5410792421874999 0.48446601874999995 0.5410792421874999 0.4932038828125 0.5367039375 0.4932038828125 0.5357316484375 0.513106796875 0.540593096875 0.5135922328125 0.540593096875 0.5179611656249999
6 0.5571220218749999 0.5179611656249999 0.535245503125 0.5179611656249999 0.535245503125 0.5310679609375 0.5571220218749999 0.5310679609375 0.5571220218749999 0.5179611656249999
4 0.311942959375 0.6464401296875 0.1766326359375 0.6464401296875 0.17744287812499998 0.6084142390625 0.11181332031249999 0.6092233015625 0.11181332031249999 0.867313915625 0.311942959375 0.8689320390624999 0.311942959375 0.6464401296875
6 0.3271754984375 0.7781553390625 0.326689353125 0.6058252421875 0.3121050078125 0.6058252421875 0.313077296875 0.637864078125 0.188138065625 0.6383495140625 0.1876519203125 0.607281553125 0.180359746875 0.6092233015625 0.180359746875 0.6456310671875001 0.3125911515625 0.6456310671875001 0.3125911515625 0.7786407765625001 0.3271754984375 0.7781553390625
6 0.30043752968750004 0.5184466015625 0.299465240625 0.5587378640625 0.3262032078125 0.5587378640625 0.3271754984375 0.5281553390625 0.3121050078125 0.5281553390625 0.313077296875 0.5184466015625 0.30043752968750004 0.5184466015625
1 0.4893858375 0.9174757281250001 0.47237076718750004 0.9166666671874999 0.4691298 0.9118122968750001 0.4002592765625 0.9134304203125 0.39863879375 0.9199029124999999 0.3775725171875 0.9190938515625 0.3759520328125 0.9441747578124999 0.490196078125 0.9449838187499999 0.4893858375 0.9174757281250001
6 0.7486655328125 0.8236262140624999 0.7381307734375 0.8236262140624999 0.7381307734375 0.8697427187500001 0.7486655328125 0.8697427187500001 0.7486655328125 0.8236262140624999
6 0.32571949375 0.82686165 0.3127540109375 0.82686165 0.3127540109375 0.868934465625 0.32571949375 0.868934465625 0.32571949375 0.82686165
6 0.7494725328125 0.51779854375 0.7413684984375 0.51779854375 0.7413684984375 0.5291237859375 0.7494725328125 0.5291237859375 0.7494725328125 0.51779854375
6 0.7486631015625 0.69660436875 0.7365094796875 0.69660436875 0.7365094796875 0.729774271875 0.7486631015625 0.729774271875 0.7486631015625 0.69660436875
6 0.9261059796875 0.48543689375000004 0.9252957374999999 0.127831715625 0.9131421156249999 0.127022653125 0.9131421156249999 0.48462783125 0.9261059796875 0.48543689375000004
3 0.9536533781250001 0.48382038906249997 0.6870855609375 0.48382038906249997 0.6870855609375 0.5178009703125 0.9536533781250001 0.5178009703125 0.9536533781250001 0.48382038906249997
6 0.9269162218749999 0.517799353125 0.9139523578125001 0.5186084140625 0.9131421156249999 0.8697411 0.9285367046875 0.8689320390624999 0.9269162218749999 0.517799353125
3 0.7421811703125 0.67961165 0.737319721875 0.6788025890625 0.7356992375 0.6966019421875 0.9131421156249999 0.6966019421875 0.9147626000000001 0.5760517796875 0.8912655968750001 0.576860840625 0.8920758390625 0.67556634375 0.7421811703125 0.67475728125 0.7421811703125 0.67961165
0 0.8912655968750001 0.577669903125 0.8450818343750001 0.576860840625 0.8475125578125 0.56553398125 0.9139523578125001 0.567961165625 0.9123318749999999 0.519417475 0.7510938265625 0.519417475 0.750283584375 0.672330096875 0.89045535625 0.673139159375 0.8912655968750001 0.577669903125
6 0.9131429265625 0.567961165625 0.8483252312499999 0.567961165625 0.8483252312499999 0.57524271875 0.9131429265625 0.57524271875 0.9131429265625 0.567961165625
0 0.9123318749999999 0.37944983906249996 0.8912655968750001 0.377831715625 0.8912655968750001 0.3284789640625 0.8151029015625 0.3284789640625 0.8134824171874999 0.483009709375 0.9115216328125 0.483009709375 0.9123318749999999 0.37944983906249996
3 0.8920758390625 0.3786407765625 0.9147626000000001 0.377831715625 0.9147626000000001 0.29449838281249996 0.805380003125 0.292880259375 0.805380003125 0.327669903125 0.8920758390625 0.329288025 0.8920758390625 0.3786407765625
6 0.8134832281250001 0.32767232968750004 0.80537919375 0.32767232968750004 0.80537919375 0.3681237859375 0.8134832281250001 0.3681237859375 0.8134832281250001 0.32767232968750004
6 0.7486655328125 0.5744320390625 0.7405614968750001 0.5744320390625 0.7405614968750001 0.6763737859375001 0.7486655328125 0.6763737859375001 0.7486655328125 0.5744320390625
4 0.9115240640625 0.6982208734375 0.7502843953125 0.6982208734375 0.7502843953125 0.8673131062499999 0.9115240640625 0.8673131062499999 0.9115240640625 0.6982208734375
4 0.7105833734375 0.1294490296875 0.550155565625 0.1294490296875 0.550155565625 0.32200728125 0.7105833734375 0.32200728125 0.7105833734375 0.1294490296875
1 0.8070004859375001 0.30420712031249997 0.7235456171875 0.3033980578125 0.7251661 0.3333333328125 0.686274509375 0.3341423953125 0.6846540265625001 0.48139158593750003 0.8045697625000001 0.483009709375 0.8070004859375001 0.30420712031249997
2 0.8053816234375001 0.2920703890625 0.7494749640625 0.2920703890625 0.7494749640625 0.30258980625 0.8053816234375001 0.30258980625 0.8053816234375001 0.2920703890625
4 0.9123310640625 0.1286407765625 0.7235464265625 0.1286407765625 0.7235464265625 0.2936893203125 0.9123310640625 0.2936893203125 0.9123310640625 0.1286407765625
4 0.3970183109375 0.2718446609375 0.40755145 0.27346278281249997 0.40674120937499997 0.3211974109375 0.452924971875 0.3211974109375 0.45454545468749996 0.292880259375 0.46264786874999997 0.29449838281249996 0.46345811093749995 0.3211974109375 0.538000325 0.32200647187500003 0.536379840625 0.127831715625 0.3532652734375 0.1286407765625 0.35245503125 0.32038835 0.397828553125 0.32200647187500003 0.3970183109375 0.2718446609375
6 0.813480796875 0.41262378593750004 0.8061886234375001 0.41262378593750004 0.8061886234375001 0.484628640625 0.813480796875 0.484628640625 0.813480796875 0.41262378593750004