1 0.9481175374999999 0.0961945015625 0.8631772265625001 0.10465116249999999 0.8172635453125 0.30443974687500003 0.94926538125 0.29704017031249996 0.9481175374999999 0.0961945015625
6 0.8631772265625001 0.10359408125 0.950413221875 0.09302325624999999 0.9515610656250001 0.07928118437500001 0.8631772265625001 0.088794925 0.8034894390625 0.3107822421875 0.8138200171875001 0.30761099375 0.8631772265625001 0.10359408125
3 0.9928787874999999 0.0507325578125 0.9504040406250001 0.0507325578125 0.9504040406250001 0.8319186046875 0.9928787874999999 0.8319186046875 0.9928787874999999 0.0507325578125
4 0.684113865625 0.5687103609374999 0.8046372828124999 0.5676532765625 0.8046372828124999 0.6088794937500001 0.94926538125 0.60570824375 0.950413221875 0.3372093015625 0.6324609718749999 0.350951375 0.630165290625 0.6458773796874999 0.6818181812499999 0.6469344609375 0.684113865625 0.5687103609374999
3 0.95156565625 0.3002093015625 0.9136868687499999 0.3002093015625 0.9136868687499999 0.33509302343749997 0.95156565625 0.33509302343749997 0.95156565625 0.3002093015625
7 0.8402203859374999 0.305496828125 0.671487603125 0.30761099375 0.6726354437500001 0.34778012812500003 0.8402203859374999 0.3414376328125 0.8402203859374999 0.305496828125
3 0.6726354437500001 0.3097251578125 0.5417814515625 0.31289640625000004 0.5429292921875 0.350951375 0.671487603125 0.34883720937499996 0.6726354437500001 0.3097251578125
4 0.59343434375 0.35412262031249997 0.3971533515625 0.364693446875 0.33516988125 0.359408034375 0.29384756562500003 0.359408034375 0.285812671875 0.622621565625 0.594582184375 0.62156448125 0.59343434375 0.35412262031249997
7 0.5406336078125 0.3530655390625 0.5417814515625 0.316067653125 0.3971533515625 0.3245243140625 0.33976125 0.32346722968749997 0.33746556562499996 0.35729387031250004 0.39830119375 0.36257928125 0.5406336078125 0.3530655390625
3 0.2456382 0.4482029609375 0.25367309374999997 0.44926004218750004 0.25022956875 0.5264270609375 0.28810835625000003 0.528541225 0.29155188125 0.3562367859375 0.33516988125 0.3551797046875 0.33861340625 0.3192389 0.257116621875 0.31818181874999996 0.2548209375 0.411205075 0.247933884375 0.41014799062499996 0.2456382 0.4482029609375
3 0.282369146875 0.7357293859375 0.2835169875 0.6860465109375 0.24334251562500003 0.6881606765625 0.23989899062500003 0.9038054984375 0.290404040625 0.9048625796875 0.29614324999999997 0.7357293859375 0.282369146875 0.7357293859375
3 0.7839761234375 0.89640591875 0.8631772265625001 0.89429175625 0.8631772265625001 0.8551797046875 0.4637281921875 0.8551797046875 0.4614325078125 0.9048625796875 0.7839761234375 0.9069767437499999 0.7839761234375 0.89640591875
6 0.7851136359375 0.9048604656249999 0.741502525 0.9048604656249999 0.741502525 0.9587674421875001 0.7851136359375 0.9587674421875001 0.7851136359375 0.9048604656249999
7 0.992883378125 0.83403805625 0.95270890625 0.83403805625 0.9538567499999999 0.8562367859375 0.86432506875 0.8551797046875 0.86432506875 0.89429175625 0.992883378125 0.89429175625 0.992883378125 0.83403805625
6 0.6278661609375 0.3498953484375 0.5968813125 0.3498953484375 0.5968813125 0.6648953484375 0.6278661609375 0.6648953484375 0.6278661609375 0.3498953484375
2 0.23415977968749999 0.66913319375 0.24334251562500003 0.66913319375 0.24334251562500003 0.6871035937500001 0.28466483125 0.6881606765625 0.2835169875 0.6701902750000001 0.29384756562500003 0.6712473578125 0.29384756562500003 0.661733615625 0.285812671875 0.6627906984374999 0.282369146875 0.6437632140625 0.2444903578125 0.6437632140625 0.24334251562500003 0.6596194515625 0.23415977968749999 0.6606765328125 0.23415977968749999 0.66913319375
3 0.284659090625 0.598313953125 0.24564393906249998 0.598313953125 0.24564393906249998 0.6427093015625001 0.284659090625 0.6427093015625001 0.284659090625 0.598313953125
3 0.268598484375 1 0.268598484375 0.953488371875 0.2364520203125 0.953488371875 0.2364520203125 1 0.268598484375 1
1 0.28466483125 0.639534884375 0.2835169875 0.730443975 0.298438934375 0.7325581390625 0.29614324999999997 0.9069767437499999 0.273186409375 0.9090909093749999 0.270890725 0.971458775 0.39485766718750004 0.97251585625 0.3925619828125 0.8551797046875 0.4614325078125 0.8551797046875 0.4614325078125 0.738900634375 0.4258494046875 0.739957715625 0.42470156093749994 0.7219873140625 0.6772268125 0.7188160671875 0.679522496875 0.6627906984374999 0.592286503125 0.667019028125 0.594582184375 0.6384778015625 0.28466483125 0.639534884375
6 0.270890725 0.98837209375 0.4132231421875 0.9915433390624999 0.4143709828125 0.8731501046875 0.4648760328125 0.8720930234375001 0.4637281921875 0.8541226203125 0.39830119375 0.8562367859375 0.3971533515625 0.9735729390625 0.268595040625 0.97251585625 0.270890725 0.98837209375
4 0.94582185625 0.6205073999999999 0.7885674921875 0.623678646875 0.7874196515625 0.5856236796875 0.701331496875 0.5856236796875 0.6990358125 0.8520084562499999 0.95270890625 0.8541226203125 0.94582185625 0.6205073999999999
6 0.6852617078125001 0.5708245234375 0.68640955 0.651162790625 0.6737832874999999 0.651162790625 0.6737832874999999 0.6596194515625 0.6829660234375 0.6596194515625 0.6829660234375 0.6723044390624999 0.6978879703125 0.6733615234375 0.6978879703125 0.5824524296875 0.7874196515625 0.5835095140625 0.7920110203124999 0.622621565625 0.9481175374999999 0.6183932343749999 0.94926538125 0.60570824375 0.8011937546875 0.609936575 0.8011937546875 0.5708245234375 0.6852617078125001 0.5708245234375
6 0.59574495 0.6268488375 0.45799242500000004 0.6268488375 0.45799242500000004 0.6363604656249999 0.59574495 0.6363604656249999 0.59574495 0.6268488375
4 0.1928374640625 0.7357293859375 0.24104683124999998 0.7367864703125 0.2490817265625 0.44926004218750004 0.08034894375 0.4482029609375 0.0734618921875 0.682875265625 0.19513314843750001 0.6849894296875 0.1928374640625 0.7357293859375
7 0.249090909375 0.4090813953125 0.1641414140625 0.4090813953125 0.1641414140625 0.4460813953125 0.249090909375 0.4460813953125 0.249090909375 0.4090813953125
6 0.239911615625 0.7367790703125 0.1618560609375 0.7367790703125 0.1618560609375 0.7547558140625 0.239911615625 0.7547558140625 0.239911615625 0.7367790703125
3 0.013774103125000001 0.5422832984375 0.044765840625 0.5391120515625001 0.040174471875 0.683932346875 0.02984389375 0.682875265625 0.027548209375 0.7378435515625 0.06772268125 0.739957715625 0.0711662078125 0.7145877375 0.1584022046875 0.7145877375 0.1595500453125 0.7357293859375 0.1916896234375 0.7357293859375 0.1928374640625 0.6871035937500001 0.0711662078125 0.6860465109375 0.08034894375 0.4471458765625 0.0918273640625 0.4471458765625 0.09067952343749999 0.41014799062499996 0.07805325937499999 0.41226215625 0.0792011015625 0.3974630015625 0.047061525 0.39852008437499997 0.043617996874999995 0.5084566609375 0.014921946875 0.5073995765625 0.013774103125000001 0.5422832984375
2 0.2249770421875 0.5655391109375 0.2444903578125 0.5644820296875 0.2444903578125 0.5961945015625 0.285812671875 0.5983086671875 0.286960515625 0.562367865625 0.303030303125 0.5644820296875 0.30417814375 0.557082453125 0.28810835625000003 0.5560253703125 0.28810835625000003 0.528541225 0.2490817265625 0.52748414375 0.24678604218750003 0.5539112046875 0.2249770421875 0.5528541234375 0.2249770421875 0.5655391109375
2 0.1251147859375 0.45665961875 0.1308539953125 0.45877378437500005 0.13200183593749998 0.4471458765625 0.1618457296875 0.4471458765625 0.1618457296875 0.40697674375000004 0.1331496796875 0.409090909375 0.13200183593749998 0.39852008437499997 0.1251147859375 0.3974630015625 0.1239669421875 0.40803382499999996 0.0941230484375 0.40803382499999996 0.0918273640625 0.4450317109375 0.12167125781250002 0.4450317109375 0.1251147859375 0.45665961875
2 0.4568411390625 0.6247357296875 0.315656565625 0.623678646875 0.31680440625 0.6384778015625 0.4579889796875 0.6384778015625 0.4568411390625 0.6247357296875
6 0.59343434375 0.7410148000000001 0.6232782375 0.738900634375 0.6255739218749999 0.7315010578125001 0.684113865625 0.72938689375 0.6829660234375 0.8562367859375 0.6955922859375 0.8562367859375 0.7001836546875 0.7177589859375 0.6852617078125001 0.7177589859375 0.684113865625 0.7209302328125 0.5670339765625 0.7219873140625 0.56359045 0.7346723046875 0.594582184375 0.7336152203124999 0.59343434375 0.7410148000000001
2 0.671487603125 0.6987315 0.6818181812499999 0.699788584375 0.6818181812499999 0.7177589859375 0.696740128125 0.7188160671875 0.6978879703125 0.700845665625 0.7070707078125 0.6976744187499999 0.7070707078125 0.6902748421875 0.6990358125 0.6902748421875 0.6990358125 0.6712473578125 0.6818181812499999 0.6723044390624999 0.6829660234375 0.6902748421875 0.6726354437500001 0.6902748421875 0.671487603125 0.6987315
2 0.6519742875000001 0.6712473578125 0.661157025 0.6701902750000001 0.661157025 0.661733615625 0.67837465625 0.6627906984374999 0.679522496875 0.650105709375 0.657713496875 0.650105709375 0.658861340625 0.640591965625 0.649678603125 0.640591965625 0.6485307625 0.649048625 0.629017446875 0.649048625 0.629017446875 0.6638477796875 0.6519742875000001 0.6638477796875 0.6519742875000001 0.6712473578125
2 0.6232702015625 0.7695697671875 0.595719696875 0.7695697671875 0.595719696875 0.8403837203125001 0.6232702015625 0.8403837203125001 0.6232702015625 0.7695697671875
0 0.5922727265625001 0.7367906984375 0.4832323234375 0.7367906984375 0.4832323234375 0.8530697671875 0.5922727265625001 0.8530697671875 0.5922727265625001 0.7367906984375
2 0.5417814515625 0.74207188125 0.548668503125 0.745243128125 0.5521120296875 0.7346723046875 0.5624426078125 0.7367864703125 0.56359045 0.7219873140625 0.5509641875 0.7230443984375 0.553259871875 0.711416490625 0.5394857671875 0.712473571875 0.5394857671875 0.7219873140625 0.5234159765624999 0.7209302328125 0.5199724515625 0.7346723046875 0.5406336078125 0.7336152203124999 0.5417814515625 0.74207188125
3 0.6255808078125 0.7399534890624999 0.5968939390625 0.7399534890624999 0.5968939390625 0.7706046515625 0.6255808078125 0.7706046515625 0.6255808078125 0.7399534890624999
3 0.6221338390625 0.8382674421875 0.5945833328125001 0.8382674421875 0.5945833328125001 0.8551744187500001 0.6221338390625 0.8551744187500001 0.6221338390625 0.8382674421875
6 0.43044077031250005 0.7230443984375 0.4292929296875 0.7357293859375 0.46717171718749995 0.7357293859375 0.4648760328125 0.8530655390625 0.4763544546875 0.8562367859375 0.4809458203125 0.7346723046875 0.5222681359375 0.7357293859375 0.5222681359375 0.7230443984375 0.43044077031250005 0.7230443984375
1 0.082644628125 0.40697674375000004 0.2513774109375 0.41014799062499996 0.2548209375 0.3245243140625 0.05624425937500001 0.321353065625 0.05509641875 0.39429175625 0.08034894375 0.3953488375 0.082644628125 0.40697674375000004
6 0.315656565625 0.625802325 0.28580808125 0.625802325 0.28580808125 0.63847674375 0.315656565625 0.63847674375 0.315656565625 0.625802325
2 0.8723599625 0.35729387031250004 0.883838384375 0.359408034375 0.883838384375 0.3393234671875 0.91483011875 0.338266384375 0.91483011875 0.299154334375 0.883838384375 0.299154334375 0.8826905421875001 0.2822410140625 0.8746556468750001 0.2801268484375 0.875803490625 0.3012685 0.8425160703125 0.30443974687500003 0.8413682265625001 0.3424947140625 0.8723599625 0.3414376328125 0.8723599625 0.35729387031250004
2 0.2215335171875 0.9334038046875 0.23760330624999998 0.9323467234375 0.23760330624999998 0.9545454531249999 0.270890725 0.95665961875 0.273186409375 0.937632134375 0.28466483125 0.937632134375 0.282369146875 0.9270613109375001 0.273186409375 0.9270613109375001 0.27203856875 0.9059196625 0.23760330624999998 0.9048625796875 0.2387511484375 0.9238900624999999 0.2215335171875 0.9238900624999999 0.2215335171875 0.9334038046875
1 0.6818181812499999 0.7346627906250001 0.6278787875 0.7346627906250001 0.6278787875 0.8414302328125001 0.6818181812499999 0.8414302328125001 0.6818181812499999 0.7346627906250001