5 0.11883273125 0.270416440625 0.087996390625 0.270416440625 0.087996390625 0.578691184375 0.11883273125 0.578691184375 0.11883273125 0.270416440625
5 0.53813176875 0.202136290625 0.36627557187500004 0.20281233125 0.36552346562500004 0.2136289890625 0.359130565625 0.2136289890625 0.3587545125 0.356949703125 0.5441486156249999 0.35559762031250003 0.544900721875 0.21430502968749998 0.537755715625 0.2136289890625 0.53813176875 0.202136290625
7 0.5080490375 0.1872633859375 0.39636131093750004 0.1872633859375 0.39636131093750004 0.202136290625 0.5080490375 0.202136290625 0.5080490375 0.1872633859375
7 0.8968877859375001 0.7902920499999999 0.8506332734375001 0.7902920499999999 0.8506332734375001 0.8038128718750001 0.8968877859375001 0.8038128718750001 0.8968877859375001 0.7902920499999999
7 0.8024984953125 0.7902920499999999 0.7562439828125 0.7902920499999999 0.7562439828125 0.8038128718750001 0.8024984953125 0.8038128718750001 0.8024984953125 0.7902920499999999
7 0.7073571000000001 0.789616009375 0.6611025875000001 0.789616009375 0.6611025875000001 0.80313683125 0.7073571000000001 0.80313683125 0.7073571000000001 0.789616009375
7 0.6144720218749999 0.7902920499999999 0.5682175093749999 0.7902920499999999 0.5682175093749999 0.8038128718750001 0.6144720218749999 0.8038128718750001 0.6144720218749999 0.7902920499999999
7 0.52233905 0.7909680906250001 0.4760845359375 0.7909680906250001 0.4760845359375 0.8044889124999999 0.52233905 0.8044889124999999 0.52233905 0.7909680906250001
7 0.427949759375 0.7909680906250001 0.381695246875 0.7909680906250001 0.381695246875 0.8044889124999999 0.427949759375 0.8044889124999999 0.427949759375 0.7909680906250001
7 0.1703534890625 0.49418875 0.163208484375 0.49418875 0.163208484375 0.5354272578125 0.1703534890625 0.5354272578125 0.1703534890625 0.49418875
7 0.1703519859375 0.596268253125 0.1635830328125 0.596268253125 0.1635830328125 0.746349378125 0.1703519859375 0.746349378125 0.1703519859375 0.596268253125
3 0.176746390625 0.4698485671875 0.16283243125 0.4698485671875 0.16283243125 0.49553812812500003 0.176746390625 0.49553812812500003 0.176746390625 0.4698485671875
2 0.1372593265625 0.3785830171875 0.1372593265625 0.39277988124999996 0.1417719609375 0.40832882656249997 0.14590854375 0.415765278125 0.1492930203125 0.4211736078125 0.1568140796875 0.42658193593749993 0.154181709375 0.42725797656250003 0.1485409140625 0.43334234687500006 0.1429001203125 0.4407788 0.139891696875 0.450243375 0.13801143124999998 0.459031909375 0.1368832734375 0.4745808546875 0.1628309265625 0.4745808546875 0.1628309265625 0.47052460781249994 0.17674488593749998 0.47052460781249994 0.17674488593749998 0.38331530625 0.1635830328125 0.3826392640625 0.1624548734375 0.3785830171875 0.1372593265625 0.3785830171875
3 0.176746390625 0.3562736609375 0.16283243125 0.3562736609375 0.16283243125 0.3819632234375 0.176746390625 0.3819632234375 0.176746390625 0.3562736609375
1 0.1775070203125 0.4957634765625 0.17149017187499999 0.49666486406250004 0.17098876875 0.7778979625 0.1775070203125 0.7787993515625 0.1775070203125 0.790517396875 0.2642499 0.789616009375 0.2637484953125 0.48134126562499996 0.9130465296875 0.48134126562499996 0.9125451265625 0.46782044375 0.9190633781249999 0.47052460781249994 0.9205675890625 0.383991346875 0.9125451265625 0.383991346875 0.9125451265625 0.3722733 0.2557160046875 0.3740760765625 0.2552146015625 0.2803317109375 0.1719815484375 0.2812330984375 0.1704873640625 0.3551469265625 0.1775070203125 0.3551469265625 0.1775070203125 0.4957634765625
3 0.3640207578125 0.356949703125 0.35010679843750003 0.356949703125 0.35010679843750003 0.3826392640625 0.3640207578125 0.3826392640625 0.3640207578125 0.356949703125
6 0.3529883671875 0.7778979625 0.361512234375 0.7797007390624999 0.3620136375 0.49666486406250004 0.4151624546875 0.49486208749999994 0.4151624546875 0.48134126562499996 0.3409546734375 0.4804398765625 0.3409546734375 0.4975662515625 0.3529883671875 0.4975662515625 0.3529883671875 0.7778979625
3 0.3643968109375 0.4698485671875 0.3504828515625 0.4698485671875 0.3504828515625 0.49553812812500003 0.3643968109375 0.49553812812500003 0.3643968109375 0.4698485671875
3 0.272262334375 0.776996575 0.264239871875 0.7760951859375 0.2637384671875 0.7887146203125 0.1769955875 0.789616009375 0.1769955875 0.8058409953125001 0.381568390625 0.8058409953125001 0.381568390625 0.789616009375 0.272262334375 0.789616009375 0.272262334375 0.776996575
3 0.3647728640625 0.7794753921875001 0.35085890468750003 0.7794753921875001 0.35085890468750003 0.8051649546874999 0.3647728640625 0.8051649546874999 0.3647728640625 0.7794753921875001
3 0.5675887484375 0.7896187125 0.5219599875 0.7896187125 0.5219599875 0.8049405078125 0.5675887484375 0.8049405078125 0.5675887484375 0.7896187125
3 0.5524232859375 0.778123309375 0.5385093265625 0.778123309375 0.5385093265625 0.8038128718750001 0.5524232859375 0.8038128718750001 0.5524232859375 0.778123309375
3 0.5520472328125 0.356949703125 0.5381332734375001 0.356949703125 0.5381332734375001 0.3826392640625 0.5520472328125 0.3826392640625 0.5520472328125 0.356949703125
6 0.5405134375 0.7778979625 0.5495387078125 0.7778979625 0.5500401125 0.4957634765625 0.59717208125 0.49666486406250004 0.5976734859375 0.48134126562499996 0.5309867625 0.47953848906249996 0.5309867625 0.4975662515625 0.540012034375 0.4975662515625 0.5405134375 0.7778979625
3 0.5524232859375 0.469172525 0.5385093265625 0.469172525 0.5385093265625 0.49486208749999994 0.5524232859375 0.49486208749999994 0.5524232859375 0.469172525
3 0.74007370625 0.35762574375 0.726159746875 0.35762574375 0.726159746875 0.38331530625 0.74007370625 0.38331530625 0.74007370625 0.35762574375
3 0.9277241281249999 0.356949703125 0.9138101687500001 0.356949703125 0.9138101687500001 0.3826392640625 0.9277241281249999 0.3826392640625 0.9277241281249999 0.356949703125
4 0.9190719015625 0.495762575 0.7375646812500001 0.495762575 0.7375646812500001 0.788715521875 0.9190719015625 0.788715521875 0.9190719015625 0.495762575
3 0.9145607703125 0.480440778125 0.8995186515625001 0.480440778125 0.8995186515625001 0.495762575 0.9145607703125 0.495762575 0.9145607703125 0.480440778125
3 0.9277241281249999 0.4698485671875 0.9138101687500001 0.4698485671875 0.9138101687500001 0.49553812812500003 0.9277241281249999 0.49553812812500003 0.9277241281249999 0.4698485671875
6 0.8729437421874999 0.480440778125 0.7190117328125 0.480440778125 0.7190117328125 0.495762575 0.8729437421874999 0.495762575 0.8729437421874999 0.480440778125
6 0.7375661859375 0.496665765625 0.7285409140625 0.496665765625 0.7285409140625 0.7788020546875 0.7375661859375 0.7788020546875 0.7375661859375 0.496665765625
3 0.739697653125 0.469172525 0.72578369375 0.469172525 0.72578369375 0.49486208749999994 0.739697653125 0.49486208749999994 0.739697653125 0.469172525
3 0.7561176296875 0.7896187125 0.706981046875 0.7896187125 0.706981046875 0.8049405078125 0.7561176296875 0.8049405078125 0.7561176296875 0.7896187125
3 0.739697653125 0.7794753921875001 0.72578369375 0.7794753921875001 0.72578369375 0.8051649546874999 0.739697653125 0.8051649546874999 0.739697653125 0.7794753921875001
3 0.9140598671875001 0.788715521875 0.89701113125 0.788715521875 0.89701113125 0.8031395343750001 0.9140598671875001 0.8031395343750001 0.9140598671875001 0.788715521875
3 0.9273480749999999 0.7787993515625 0.9134341156250001 0.7787993515625 0.9134341156250001 0.8044889124999999 0.9273480749999999 0.8044889124999999 0.9273480749999999 0.7787993515625
3 0.9273480749999999 0.0189291515625 0.9134341156250001 0.0189291515625 0.9134341156250001 0.044618712500000005 0.9273480749999999 0.044618712500000005 0.9273480749999999 0.0189291515625
4 0.9195743078125 0.034253650000000004 0.706478640625 0.034253650000000004 0.706478640625 0.355146025 0.9195743078125 0.355146025 0.9195743078125 0.034253650000000004
3 0.739697653125 0.019605192187500002 0.72578369375 0.019605192187500002 0.72578369375 0.0452947546875 0.739697653125 0.0452947546875 0.739697653125 0.019605192187500002
4 0.5876454078125 0.18658734375 0.592659446875 0.18568595625 0.5921580421875 0.2145303765625 0.5751103093750001 0.2136289890625 0.5746089046875 0.20281233125 0.5525471328125 0.20281233125 0.5530485359374999 0.357851090625 0.697954271875 0.356949703125 0.6974528671875 0.0351541375 0.615724028125 0.0351541375 0.6172282390625 0.0459707953125 0.6077015640625001 0.0459707953125 0.5876454078125 0.18658734375
3 0.602186121875 0.0468721828125 0.600681909375 0.0324499734375 0.5786201359375001 0.1874887328125 0.5876454078125 0.18658734375 0.60820296875 0.0468721828125 0.602186121875 0.0468721828125
3 0.615224128125 0.0189291515625 0.60131016875 0.0189291515625 0.60131016875 0.044618712500000005 0.615224128125 0.044618712500000005 0.615224128125 0.0189291515625
3 0.5907806859375 0.1879394265625 0.5768667265625 0.1879394265625 0.5768667265625 0.2136289890625 0.5907806859375 0.2136289890625 0.5907806859375 0.1879394265625
3 0.3643968109375 0.10884261718749999 0.3504828515625 0.10884261718749999 0.3504828515625 0.1345321796875 0.3643968109375 0.1345321796875 0.3643968109375 0.10884261718749999
3 0.3643968109375 0.1879394265625 0.3504828515625 0.1879394265625 0.3504828515625 0.2136289890625 0.3643968109375 0.2136289890625 0.3643968109375 0.1879394265625
3 0.1703519859375 0.043942671875 0.1628309265625 0.043942671875 0.1628309265625 0.09261763125 0.1703519859375 0.09261763125 0.1703519859375 0.043942671875
3 0.176746390625 0.019605192187500002 0.16283243125 0.019605192187500002 0.16283243125 0.0452947546875 0.176746390625 0.0452947546875 0.176746390625 0.019605192187500002
7 0.1703519859375 0.09194429374999999 0.1628309265625 0.09194429374999999 0.1628309265625 0.245405625 0.1703519859375 0.245405625 0.1703519859375 0.09194429374999999
7 0.1703519859375 0.3143591125 0.1628309265625 0.3143591125 0.1628309265625 0.3562736609375 0.1703519859375 0.3562736609375 0.1703519859375 0.3143591125
3 0.1711835234375 0.26485809531250004 0.17148014375 0.265684153125 0.1707280390625 0.2447268796875 0.1620788203125 0.24405083906249997 0.1628309265625 0.31300703125 0.1711040921875 0.31300703125 0.17148014375 0.2805570578125 0.1711835234375 0.26485809531250004
3 0.1707295421875 0.5361005953125 0.16283243125 0.5361005953125 0.16283243125 0.5942401296875001 0.1707295421875 0.5942401296875001 0.1707295421875 0.5361005953125
3 0.17787304375 0.7788020546875 0.1628309265625 0.7788020546875 0.1628309265625 0.806519740625 0.17787304375 0.806519740625 0.17787304375 0.7788020546875
3 0.1711055953125 0.7463520828125 0.163208484375 0.7463520828125 0.163208484375 0.8051676578125001 0.1711055953125 0.8051676578125001 0.1711055953125 0.7463520828125
7 0.2718877859375 0.5050027046875 0.26474277968750004 0.5050027046875 0.26474277968750004 0.6212817734375 0.2718877859375 0.6212817734375 0.2718877859375 0.5050027046875
3 0.55242178125 0.1879394265625 0.53813176875 0.1879394265625 0.53813176875 0.2136289890625 0.55242178125 0.2136289890625 0.55242178125 0.1879394265625
5 0.950661853125 0.335992428125 0.976985559375 0.33666846875 0.976985559375 0.19943212500000002 0.9277226234375 0.19943212500000002 0.9277226234375 0.43334234687500006 0.9510379062500001 0.43334234687500006 0.950661853125 0.335992428125
2 0.9284747296875 0.3826392640625 0.9202015640625 0.383991346875 0.9198255109375 0.4259058953125 0.9296028875 0.42793401875 0.945021059375 0.3860194703125 0.9284747296875 0.3826392640625
2 0.8991426 0.37182260624999997 0.8995186515625001 0.356949703125 0.8739470515625 0.35762574375 0.8731949453125001 0.3731746890625 0.8769554749999999 0.393455921875 0.8991426 0.37182260624999997
2 0.8728188921875001 0.4786371015625 0.8728188921875001 0.49553812812500003 0.8991426 0.4962141703125 0.8998947046874999 0.4786371015625 0.8735709984375 0.45970795000000003 0.8728188921875001 0.4786371015625
4 0.7275376046875001 0.4984667390625 0.6412951265625 0.4984667390625 0.6412951265625 0.7896133046875 0.7275376046875001 0.7896133046875 0.7275376046875001 0.4984667390625
2 0.693065584375 0.49553812812500003 0.718637184375 0.4962141703125 0.718637184375 0.4793131421875 0.693065584375 0.459031909375 0.693065584375 0.49553812812500003
2 0.69118531875 0.3731746890625 0.6904332125 0.3562736609375 0.664485559375 0.3562736609375 0.66410950625 0.3731746890625 0.6689981953124999 0.3948080046875 0.69118531875 0.3731746890625
4 0.631768953125 0.4975635484375 0.550541515625 0.4975635484375 0.550541515625 0.7878123312499999 0.631768953125 0.7878123312499999 0.631768953125 0.4975635484375
2 0.59717208125 0.477961059375 0.596796028125 0.49486208749999994 0.6234957875 0.494186046875 0.623871840625 0.4799891828125 0.59867629375 0.459031909375 0.59717208125 0.477961059375
2 0.364771359375 0.35559762031250003 0.36552346562500004 0.37114656562500004 0.3971119140625 0.37182260624999997 0.397487965625 0.35762574375 0.378309265625 0.305570578125 0.364771359375 0.35559762031250003
7 0.41553850781249996 0.35762844843749997 0.3967358609375 0.35762844843749997 0.3967358609375 0.3718253109375 0.41553850781249996 0.3718253109375 0.41553850781249996 0.35762844843749997
2 0.351233453125 0.37182260624999997 0.339199759375 0.37114656562500004 0.339951865625 0.3589778265625 0.313628159375 0.3589778265625 0.313628159375 0.388723634375 0.3504813484375 0.388723634375 0.351233453125 0.37182260624999997
2 0.2944494578125 0.374526771875 0.2933213 0.3589778265625 0.26774969843749996 0.3589778265625 0.26699759375 0.3731746890625 0.2707581234375 0.39616008593749996 0.2944494578125 0.374526771875
4 0.3529993984375 0.4975635484375 0.2732761734375 0.4975635484375 0.2732761734375 0.62826663125 0.3529993984375 0.62826663125 0.3529993984375 0.4975635484375
2 0.313628159375 0.4799891828125 0.313628159375 0.49486208749999994 0.339951865625 0.4962141703125 0.34032791875 0.477961059375 0.31475631718749997 0.459031909375 0.313628159375 0.4799891828125
4 0.44726233437499996 0.4984667390625 0.3630264734375 0.4984667390625 0.3630264734375 0.788715521875 0.44726233437499996 0.788715521875 0.44726233437499996 0.4984667390625
2 0.4144103484375 0.48201730625000005 0.4151624546875 0.4962141703125 0.44035800312499995 0.4962141703125 0.44111010781250004 0.4799891828125 0.4147864015625 0.45970795000000003 0.4144103484375 0.48201730625000005
4 0.5400225625 0.496665765625 0.4567885078125 0.496665765625 0.4567885078125 0.7905164953125 0.5400225625 0.7905164953125 0.5400225625 0.496665765625
2 0.504287003125 0.480665225 0.50466305625 0.49553812812500003 0.530610709375 0.49553812812500003 0.5309867625 0.4799891828125 0.505039109375 0.459031909375 0.504287003125 0.480665225
2 0.273014440625 0.7355327203125 0.264365221875 0.733504596875 0.2639891703125 0.7760951859375 0.273766546875 0.7760951859375 0.2888086640625 0.738236884375 0.273014440625 0.7355327203125
2 0.2410499390625 0.2798810171875 0.2406738875 0.264332071875 0.2162304453125 0.2650081125 0.2154783390625 0.2805570578125 0.218862815625 0.3015143328125 0.2410499390625 0.2798810171875
7 0.6941937421875 0.019605192187500002 0.6475631765625 0.019605192187500002 0.6475631765625 0.0331260140625 0.6941937421875 0.0331260140625 0.6941937421875 0.019605192187500002
7 0.803249096875 0.019832342187499997 0.75661853125 0.019832342187499997 0.75661853125 0.0333531640625 0.803249096875 0.0333531640625 0.803249096875 0.019832342187499997
7 0.8960093265625 0.0198296375 0.850380565625 0.0198296375 0.850380565625 0.034253650000000004 0.8960093265625 0.034253650000000004 0.8960093265625 0.0198296375
3 0.6473119734375 0.0189318546875 0.61522111875 0.0189318546875 0.61522111875 0.034253650000000004 0.6473119734375 0.034253650000000004 0.6473119734375 0.0189318546875
3 0.7556152218750001 0.018926446875 0.69494434375 0.018926446875 0.69494434375 0.033350459375 0.7556152218750001 0.033350459375 0.7556152218750001 0.018926446875
3 0.850380565625 0.0198296375 0.8027481953125 0.0198296375 0.8027481953125 0.034253650000000004 0.850380565625 0.034253650000000004 0.850380565625 0.0198296375
3 0.9140598671875001 0.0198296375 0.8965117328125001 0.0198296375 0.8965117328125001 0.034253650000000004 0.9140598671875001 0.034253650000000004 0.9140598671875001 0.0198296375
3 0.9275977734374999 0.04687128125 0.9195743078125 0.04687128125 0.9195743078125 0.356049215625 0.9275977734374999 0.356049215625 0.9275977734374999 0.04687128125
3 0.9145607703125 0.3569469984375 0.8995186515625001 0.3569469984375 0.8995186515625001 0.3713710109375 0.9145607703125 0.3713710109375 0.9145607703125 0.3569469984375
3 0.9275962703125 0.42725797656250003 0.9200752109374999 0.42725797656250003 0.9200752109374999 0.7787993515625 0.9275962703125 0.7787993515625 0.9275962703125 0.42725797656250003
3 0.8498811671875 0.789616009375 0.8027481953125 0.789616009375 0.8027481953125 0.80313683125 0.8498811671875 0.80313683125 0.8498811671875 0.789616009375
3 0.66035048125 0.788715521875 0.6147217203124999 0.788715521875 0.6147217203124999 0.8067414812499999 0.66035048125 0.8067414812499999 0.66035048125 0.788715521875
3 0.47633273125000003 0.789616009375 0.4281979546875 0.789616009375 0.4281979546875 0.8058409953125001 0.47633273125000003 0.8058409953125001 0.47633273125000003 0.789616009375
3 0.3504813484375 0.10816657656249999 0.355996790625 0.1072651875 0.17749699218749998 0.021633315625 0.176494184375 0.0378583015625 0.3504813484375 0.119884621875 0.3504813484375 0.10816657656249999
3 0.5771164265625 0.186584640625 0.5084250906250001 0.186584640625 0.5084250906250001 0.201008653125 0.5771164265625 0.201008653125 0.5771164265625 0.186584640625
3 0.36452015625 0.133407246875 0.356496690625 0.133407246875 0.356496690625 0.1874905359375 0.36452015625 0.1874905359375 0.36452015625 0.133407246875
6 0.2557160046875 0.2803317109375 0.2567188125 0.3722733 0.26774969843749996 0.3722733 0.2672482953125 0.357851090625 0.2632370640625 0.356949703125 0.264741275 0.07932215625 0.2557160046875 0.075716603125 0.256217409375 0.2632053359375 0.2406738875 0.2650081125 0.24167669531249997 0.2803317109375 0.2557160046875 0.2803317109375
1 0.29582831875000004 0.1829817921875 0.35649819531250004 0.1829817921875 0.355996790625 0.1352082203125 0.34997994375 0.1352082203125 0.349478540625 0.119884621875 0.2662454875 0.0820263203125 0.264741275 0.357851090625 0.2963297234375 0.356949703125 0.29582831875000004 0.1829817921875
6 0.35098275156250003 0.357851090625 0.339951865625 0.358752478125 0.33945046093750003 0.3731746890625 0.357501003125 0.3713719125 0.35800240625 0.3551469265625 0.35800240625 0.1874887328125 0.3504813484375 0.18658734375 0.2968311265625 0.18658734375 0.29733253125000003 0.356949703125 0.29281989531249997 0.357851090625 0.2933213 0.3731746890625 0.31337745625 0.3722733 0.3138788609375 0.357851090625 0.30635780156250003 0.356949703125 0.30535499375 0.2019109421875 0.3504813484375 0.2010095546875 0.35098275156250003 0.357851090625
3 0.39610860468750003 0.1874905359375 0.3650225625 0.1874905359375 0.3650225625 0.20101135781249999 0.39610860468750003 0.20101135781249999 0.39610860468750003 0.1874905359375
6 0.664360709375 0.35785289374999996 0.4166681703125 0.35785289374999996 0.4166681703125 0.371373715625 0.664360709375 0.371373715625 0.664360709375 0.35785289374999996
6 0.7059762328125 0.033350459375 0.6979527671875 0.033350459375 0.6979527671875 0.356049215625 0.7059762328125 0.356049215625 0.7059762328125 0.033350459375
6 0.8734461484375 0.356049215625 0.690934115625 0.356049215625 0.690934115625 0.370473228125 0.8734461484375 0.370473228125 0.8734461484375 0.356049215625
6 0.631768953125 0.790517396875 0.6402928203125 0.791418784375 0.6402928203125 0.4975662515625 0.692438828125 0.49666486406250004 0.692438828125 0.47953848906249996 0.623746490625 0.47953848906249996 0.6232450859374999 0.4957634765625 0.6312675484375 0.4957634765625 0.631768953125 0.790517396875
6 0.44725230624999995 0.789616009375 0.4557761734375 0.7887146203125 0.4562775765625 0.4975662515625 0.5054151625000001 0.4957634765625 0.5044123546875 0.47953848906249996 0.44123545937499997 0.4804398765625 0.44123545937499997 0.4957634765625 0.446750903125 0.49666486406250004 0.44725230624999995 0.789616009375
6 0.2637384671875 0.5065801328124999 0.272262334375 0.5065801328124999 0.272262334375 0.49666486406250004 0.3143802640625 0.4957634765625 0.3138788609375 0.4786371015625 0.2637384671875 0.47953848906249996 0.2637384671875 0.5065801328124999
0 0.35248646250000004 0.6453948078125 0.2722608296875 0.6453948078125 0.2722608296875 0.7878123312499999 0.35248646250000004 0.7878123312499999 0.35248646250000004 0.6453948078125
6 0.272262334375 0.64539390625 0.351985559375 0.6462952953125 0.3529883671875 0.6291689203125 0.2727637390625 0.6291689203125 0.2727637390625 0.61925365 0.2637384671875 0.61925365 0.2632370640625 0.736434109375 0.2727637390625 0.7355327203125 0.272262334375 0.64539390625
4 0.1779983953125 0.0378583015625 0.1779983953125 0.0468721828125 0.1704773359375 0.0468721828125 0.1724829515625 0.2632053359375 0.256217409375 0.2650081125 0.254713196875 0.075716603125 0.1779983953125 0.0378583015625
6 0.5523164859375 0.21073823749999998 0.5450842359375 0.21073823749999998 0.5450842359375 0.3626527859375 0.5523164859375 0.3626527859375 0.5523164859375 0.21073823749999998
6 0.2147728640625 0.2649405078125 0.1705941640625 0.2649405078125 0.1705941640625 0.2801000546875 0.2147728640625 0.2801000546875 0.2147728640625 0.2649405078125