7 0.9209813078125 0.057169810937499996 0.892102803125 0.057169810937499996 0.892102803125 0.17295597499999998 0.9209813078125 0.17295597499999998 0.9209813078125 0.057169810937499996
7 0.927785046875 0.2587106921875 0.8989065421875001 0.2587106921875 0.8989065421875001 0.368773584375 0.927785046875 0.368773584375 0.927785046875 0.2587106921875
1 0.049065420312500004 0.673152515625 0.059579439062499996 0.79107704375 0.066588784375 0.8117138359375 0.30257009375 0.812696540625 0.2955607484375 0.73506289375 0.30023364531249996 0.713443396875 0.30140186875 0.70459905625 0.32242990625 0.6908411953125 0.338785046875 0.68494496875 0.50934579375 0.6790487421875 0.5081775703125 0.6358097484375 0.505841121875 0.625 0.5128504671874999 0.61517295625 0.5233644859375 0.6073113203125 0.5408878500000001 0.600432390625 0.7675233640625 0.60141509375 0.7686915890625 0.420597484375 0.7009345796875001 0.420597484375 0.6845794390625 0.418632075 0.662383178125 0.4127358484375 0.6425233640625 0.403891509375 0.6285046734375 0.39406446562499997 0.6168224296875 0.3783411953125 0.6133177562500001 0.3636006296875 0.609813084375 0.230935534375 0.2955607484375 0.23486635156250002 0.29205607499999997 0.43533805000000003 0.0455607484375 0.43926886718749997 0.049065420312500004 0.673152515625
7 0.7208037390625 0.6033726421875001 0.5817757015625 0.6033726421875001 0.5817757015625 0.6279481125 0.7208037390625 0.6279481125 0.7208037390625 0.6033726421875001
7 0.032710279687499996 0.79107704375 0.059579439062499996 0.7900943390624999 0.047897196875 0.6810141515625 0.019859812499999997 0.6819968546874999 0.023364485937500002 0.723270440625 0.026869159375 0.7507861640625 0.032710279687499996 0.79107704375
3 0.0210280375 0.6810141515625 0.047897196875 0.6810141515625 0.0443925234375 0.5208333328125 0.0455607484375 0.35868710625 0.058411215625 0.00982704375 0.03154205625 0.00982704375 0.017523364062499998 0.3734276734375 0.016355140625 0.48840408750000003 0.0210280375 0.6810141515625
4 0.36565420625 0.0343946546875 0.0607476640625 0.031446540625000005 0.052570093750000005 0.21914308125 0.3668224296875 0.21914308125 0.36565420625 0.0343946546875
7 0.09930841093750001 0.00983490625 0.058411215625 0.00983490625 0.058411215625 0.031454403125 0.09930841093750001 0.031454403125 0.09930841093750001 0.00983490625
3 0.7955607484375 0.4766116359375 0.7675233640625 0.4775943390625 0.7686915890625 0.6023977984375 0.7219626171875 0.603380503125 0.7219626171875 0.6289308171875 0.8422897203125 0.6289308171875 0.8399532703125001 0.6023977984375 0.796728971875 0.600432390625 0.7955607484375 0.4766116359375
2 0.796728971875 0.4294496859375 0.7686915890625 0.4294496859375 0.7686915890625 0.476619496875 0.796728971875 0.476619496875 0.796728971875 0.4294496859375
2 0.32242990625 0.2702437109375 0.28037383125000004 0.26631289375 0.28154205625 0.31544811250000004 0.296728971875 0.3164308171875 0.32242990625 0.2702437109375
2 0.3563084109375 0.2201257859375 0.30257009375 0.2201257859375 0.3119158875 0.250589621875 0.3528037390625 0.23290094374999998 0.3563084109375 0.2201257859375
4 0.6121495328125001 0.19654088125 0.8913551406250001 0.194575471875 0.8890186921875 0.0304638359375 0.557242990625 0.041273584375 0.557242990625 0.21422955937500002 0.6121495328125001 0.2171776734375 0.6121495328125001 0.19654088125
2 0.61565420625 0.2201257859375 0.6028037390625001 0.19654088125 0.5630841125 0.2152122640625 0.5630841125 0.22798742187499998 0.6109813078124999 0.22700471718749998 0.61565420625 0.2201257859375
4 0.651869159375 0.3822720125 0.661214953125 0.39209905625 0.6693925234375 0.397012578125 0.683411215625 0.403891509375 0.8983644859375 0.4048742140625 0.8936915890625 0.20833333281250002 0.629672896875 0.2102987421875 0.6320093453125 0.35868710625 0.641355140625 0.37244496875 0.651869159375 0.3822720125
6 0.626168225 0.3862028296875 0.6366822437499999 0.40094339687499997 0.661214953125 0.4127358484375 0.6880841125 0.4176493703125 0.7067757015625 0.4166666671875 0.7056074765625 0.403891509375 0.6869158875 0.403891509375 0.67757009375 0.403891509375 0.6682242984375 0.397012578125 0.6577102796875 0.39209905625 0.6471962609374999 0.3832547171875 0.6378504671874999 0.37244496875 0.629672896875 0.35868710625 0.6285046734375 0.2073506296875 0.8960280375 0.20636792499999998 0.8925233640625001 0.19555817656250002 0.6121495328125001 0.1985062890625 0.61448598125 0.35770440312499996 0.619158878125 0.374410378125 0.626168225 0.3862028296875
2 0.76051401875 0.3930817609375 0.751168225 0.38030660312500003 0.7067757015625 0.40290880468749996 0.7067757015625 0.4156839625 0.7535046734375 0.4166666671875 0.76051401875 0.3930817609375
6 0.5642523359375 0.230935534375 0.5642523359375 0.21619496875 0.5549065421875 0.21816037812500003 0.556074765625 0.19555817656250002 0.5408878500000001 0.19654088125 0.5408878500000001 0.21619496875 0.3785046734375 0.21619496875 0.379672896875 0.12971698125 0.542056075 0.12971698125 0.5397196265625 0.168042453125 0.5537383171875 0.1690251578125 0.5537383171875 0.094339621875 0.5443925234375 0.094339621875 0.5455607484375 0.1208726421875 0.379672896875 0.11988993750000002 0.38084112187499997 0.0343946546875 0.3679906546875 0.035377357812499996 0.36565420625 0.21816037812500003 0.3539719625 0.2201257859375 0.3539719625 0.23290094374999998 0.5642523359375 0.230935534375
0 0.5443925234375 0.038333332812499996 0.38084112187499997 0.038333332812499996 0.38084112187499997 0.12088050312500001 0.5443925234375 0.12088050312500001 0.5443925234375 0.038333332812499996
2 0.53037383125 0.09335691874999999 0.5537383171875 0.094339621875 0.557242990625 0.0569968546875 0.5385514015624999 0.053066037499999996 0.51051401875 0.081564465625 0.53037383125 0.09335691874999999
2 0.515186915625 0.1719732703125 0.537383178125 0.19654088125 0.556074765625 0.197523584375 0.556074765625 0.1700078609375 0.526869159375 0.168042453125 0.515186915625 0.1719732703125
4 0.31892523437500003 0.726218553125 0.3142523359375 0.7399764156249999 0.32242990625 0.8107311328125 0.5128504671874999 0.8117138359375 0.5116822437499999 0.6937893078124999 0.3621495328125 0.6957547171875 0.33644859843749997 0.7104952828125 0.31892523437500003 0.726218553125
2 0.40420560781250003 0.6839622640624999 0.36098130781250004 0.686910378125 0.36565420625 0.706564465625 0.375 0.709512578125 0.40420560781250003 0.6937893078124999 0.40420560781250003 0.6839622640624999
7 0.27454205625 0.8117138359375 0.134355140625 0.8117138359375 0.134355140625 0.831367925 0.27454205625 0.831367925 0.27454205625 0.8117138359375
7 0.4544392515625 0.813671384375 0.31658878437500004 0.813671384375 0.31658878437500004 0.8303852203125001 0.4544392515625 0.8303852203125001 0.4544392515625 0.813671384375
3 0.4544392515625 0.0363600625 0.556074765625 0.039308176562500005 0.6320093453125 0.0373427671875 0.7313084109375 0.0343946546875 0.8913551406250001 0.028498428125000003 0.8913551406250001 0.055031446875 0.9217289718749999 0.0569968546875 0.9205607484374999 0.004913521875 0.7278037390625001 0.010809748437499999 0.5338785046875001 0.016705975 0.46728972031250005 0.014740565624999999 0.1039719625 0.00982704375 0.1016355140625 0.0304638359375 0.3551401875 0.0343946546875 0.4544392515625 0.0363600625
3 0.9264112156250001 0.1719732703125 0.8948598125 0.1719732703125 0.8948598125 0.2594418234375 0.9264112156250001 0.2594418234375 0.9264112156250001 0.1719732703125
3 0.9310841125 0.36949685468750004 0.8995327109375 0.36949685468750004 0.8995327109375 0.6053459125 0.9310841125 0.6053459125 0.9310841125 0.36949685468750004
5 0.9007102796875 0.43041666718749994 0.7990654203124999 0.43041666718749994 0.7990654203124999 0.6043632078125001 0.9007102796875 0.6043632078125001 0.9007102796875 0.43041666718749994
3 0.9007009343749999 0.4048742140625 0.76868224375 0.4048742140625 0.76868224375 0.42845911875000003 0.9007009343749999 0.42845911875000003 0.9007009343749999 0.4048742140625
5 0.8341121499999999 0.7055817609374999 0.876168225 0.70459905625 0.9018691593750001 0.7026336484375 0.9287383171875 0.6859276734375 0.9322429906249999 0.682979559375 0.9357476640625 0.646619496875 0.9345794390625001 0.626965409375 0.7698598125 0.6279481125 0.7721962609374999 0.6544811328125 0.78154205625 0.6721698109375 0.7990654203124999 0.686910378125 0.8341121499999999 0.7055817609374999
2 0.8913644859375 0.6053459125 0.8399626171874999 0.6053459125 0.8399626171874999 0.627955975 0.8913644859375 0.627955975 0.8913644859375 0.6053459125
3 0.9322523359374999 0.60437106875 0.8925327109375001 0.60437106875 0.8925327109375001 0.627955975 0.9322523359374999 0.627955975 0.9322523359374999 0.60437106875
1 0.5397196265625 0.1306996859375 0.37968224375 0.1306996859375 0.37968224375 0.2152122640625 0.5397196265625 0.2152122640625 0.5397196265625 0.1306996859375
0 0.28154205625 0.23388364843749998 0.053738317187499995 0.2319182390625 0.0443925234375 0.42354559687500004 0.2792056078125 0.4245283015625 0.28154205625 0.23388364843749998
6 0.28154205625 0.262382075 0.29205607499999997 0.2653301890625 0.29088785 0.2319182390625 0.3049065421875 0.2319182390625 0.30257009375 0.221108490625 0.053738317187499995 0.21914308125 0.05140186875 0.22995282968750003 0.28037383125000004 0.23290094374999998 0.28154205625 0.262382075
6 0.0443925234375 0.437303459375 0.2675233640625 0.4343553453125 0.28855140156250003 0.43337264218750005 0.29322429843750003 0.3134827046875 0.28037383125000004 0.3125 0.2780373828125 0.42551100625 0.0455607484375 0.42649371093750005 0.0443925234375 0.437303459375
6 0.5140186921875001 0.682979559375 0.40654205625 0.682979559375 0.40654205625 0.692806603125 0.5140186921875001 0.692806603125 0.5140186921875001 0.682979559375
6 0.31658878437500004 0.699685534375 0.3049065421875 0.7114779875 0.297897196875 0.7242531453125001 0.297897196875 0.73801100625 0.3049065421875 0.8136792453125 0.3200934578125 0.812696540625 0.3130841125 0.7399764156249999 0.3154205609375 0.7291666671875 0.3200934578125 0.71835691875 0.3294392515625 0.7124606921875001 0.33644859843749997 0.7036163515625 0.349299065625 0.699685534375 0.36331775624999996 0.6947720125 0.358644859375 0.68494496875 0.33644859843749997 0.68789308125 0.327102803125 0.6937893078124999 0.31658878437500004 0.699685534375
3 0.1331775703125 0.8117138359375 0.0619158875 0.8107311328125 0.058411215625 0.79107704375 0.036214953125 0.7920597484375 0.0385514015625 0.831367925 0.1320093453125 0.8284198109375 0.1331775703125 0.8117138359375
3 0.31659813125 0.813671384375 0.27454205625 0.813671384375 0.27454205625 0.8303852203125001 0.31659813125 0.8303852203125001 0.31659813125 0.813671384375
3 0.5385514015624999 0.629913521875 0.5806074765625 0.629913521875 0.5817757015625 0.6053459125 0.5549065421875 0.60141509375 0.5338785046875001 0.6053459125 0.5175233640625 0.6122248421875 0.51051401875 0.6308962265625 0.5140186921875001 0.812696540625 0.45560747656249995 0.81466195 0.4544392515625 0.8323506296875 0.5432242984375 0.8333333328125001 0.5385514015624999 0.629913521875
6 0.556074765625 0.038325471875 0.542056075 0.038325471875 0.542056075 0.0560141515625 0.556074765625 0.0560141515625 0.556074765625 0.038325471875