4 0.6191780828125 0.354196990625 0.6027397265625 0.354196990625 0.60365296875 0.5492479375 0.6904109593750001 0.5492479375 0.6913242015625001 0.5298398828125 0.7123287671874999 0.5298398828125 0.7123287671874999 0.5482775359375001 0.9333333328125001 0.5473071328125 0.9324200921875001 0.3522561859375 0.91780821875 0.3522561859375 0.9187214609375 0.3347889375 0.9305936062500001 0.33381853437500003 0.9333333328125001 0.15720524062500002 0.713242009375 0.15817564374999998 0.71415525 0.1737020859375 0.6904109593750001 0.172731684375 0.6922374421875 0.15817564374999998 0.6027397265625 0.15720524062500002 0.6018264828125 0.33381853437500003 0.6191780828125 0.33284813281250003 0.6191780828125 0.354196990625
7 0.893157534375 0.1368267828125 0.755253425 0.1368267828125 0.755253425 0.15429403125000002 0.893157534375 0.15429403125000002 0.893157534375 0.1368267828125
7 0.9534178078125001 0.40660116406249996 0.9351575343749999 0.40660116406249996 0.9351575343749999 0.49587336249999997 0.9534178078125001 0.49587336249999997 0.9534178078125001 0.40660116406249996
7 0.9534178078125001 0.60067685625 0.9351575343749999 0.60067685625 0.9351575343749999 0.689949053125 0.9534178078125001 0.689949053125 0.9534178078125001 0.60067685625
7 0.9534178078125001 0.8461935953124999 0.9351575343749999 0.8461935953124999 0.9351575343749999 0.9325545843749999 0.9534178078125001 0.9325545843749999 0.9534178078125001 0.8461935953124999
3 0.9534178078125001 1 0.9534178078125001 0.9344978171875 0.9351575343749999 0.9344978171875 0.9351575343749999 1 0.9534178078125001 1
3 0.2493219171875 1 0.2493219171875 0.89082969375 0.23196575312499998 0.89082969375 0.23196575312499998 1 0.2493219171875 1
4 0.26940639375000003 0.7394468703125 0.2511415515625 0.742358078125 0.2502283109375 0.9995147984375 0.5817351609375 0.9985443953124999 0.5826484015625 0.7404172734375 0.5680365296875001 0.7404172734375 0.5662100453125001 0.721979621875 0.5826484015625 0.7200388171875 0.5844748859375 0.5676855890625 0.2511415515625 0.5715672015625 0.2484018265625 0.7171276078125 0.26849314999999996 0.7180980109374999 0.26940639375000003 0.7394468703125
2 0.534246575 0.6792819031249999 0.529680365625 0.7006307609375 0.5324200921875 0.704512371875 0.5990867578125 0.70354196875 0.6018264828125 0.6443474046875 0.5808219171875 0.64531780625 0.5543378999999999 0.6521106265625 0.5452054796875 0.6647258609375 0.534246575 0.6792819031249999
1 0.2136986296875 0.7190684140625 0.23196347031250003 0.7180980109374999 0.23105022812499998 0.56962639375 0.2127853875 0.5686559921875001 0.214611871875 0.5473071328125 0.22922374375 0.5463367296875 0.23013698593749998 0.35322658906250004 0.2155251140625 0.35322658906250004 0.2136986296875 0.33284813281250003 0.23013698593749998 0.33284813281250003 0.23013698593749998 0.1552644359375 0.2136986296875 0.1562348375 0.2136986296875 0.1455604078125 0.0356164390625 0.1465308109375 0.0337899546875 0.974284328125 0.23013698593749998 0.973313925 0.22831050312499998 0.7404172734375 0.214611871875 0.7404172734375 0.2136986296875 0.7190684140625
2 0.1762557078125 0.8607472093749999 0.171689496875 0.8791848609375 0.171689496875 0.8927704999999999 0.2484018265625 0.8927704999999999 0.24931506875 0.82775351875 0.2173515984375 0.82775351875 0.19360730625 0.838427946875 0.1762557078125 0.8607472093749999
2 0.1926940640625 0.429888403125 0.1817351609375 0.4425036390625 0.1735159828125 0.459000484375 0.168949771875 0.48326055312499994 0.24931506875 0.48423095624999996 0.2502283109375 0.41727316875 0.2255707765625 0.41630276562499996 0.20547945156249997 0.42212518125000004 0.1926940640625 0.429888403125
1 0.5826438359375 0.3532241625 0.2511369859375 0.3532241625 0.2511369859375 0.5492503640625 0.5826438359375 0.5492503640625 0.5826438359375 0.3532241625
2 0.30867579843750004 0.3891314890625 0.3168949765625 0.3765162546875 0.3214611875 0.35904900624999997 0.323287671875 0.33284813281250003 0.2666666671875 0.3347889375 0.263926940625 0.4065987375 0.28219178125 0.4056283359375 0.29406392812500004 0.400776321875 0.30867579843750004 0.3891314890625
2 0.523287671875 0.6103833078124999 0.5369863015624999 0.62299854375 0.55068493125 0.6297913640624999 0.5652968046875 0.6297913640624999 0.5735159828125 0.630761765625 0.5735159828125 0.5492479375 0.5077625578125 0.5492479375 0.5086757984375 0.572537603125 0.5123287671875 0.594856865625 0.523287671875 0.6103833078124999
2 0.5470319625 0.45317806875000005 0.5333333328125 0.4667637078125 0.526027396875 0.478408540625 0.523287671875 0.498786996875 0.523287671875 0.5114022312500001 0.6018264828125 0.5104318296875 0.6027397265625 0.4425036390625 0.5680365296875001 0.44153323593750005 0.5470319625 0.45317806875000005
2 0.6557077625 0.496846190625 0.644748859375 0.5016982046875 0.6356164390625 0.507520621875 0.62922374375 0.5181950515625 0.6219178078125001 0.5298398828125 0.6191780828125 0.5676855890625 0.6748858453125 0.5676855890625 0.6730593609375 0.49296458125 0.665753425 0.4939349828125 0.6557077625 0.496846190625
5 0.356157534375 0.0231077140625 0.24474657500000002 0.0231077140625 0.24474657500000002 0.13779475937500002 0.356157534375 0.13779475937500002 0.356157534375 0.0231077140625
2 0.32785388125 0.097040271875 0.31506849375 0.08151382812499999 0.2995433796875 0.0688985921875 0.280365296875 0.059194565624999994 0.2630136984375 0.059194565624999994 0.265753425 0.153323628125 0.336073059375 0.153323628125 0.33789954375 0.12518195000000001 0.3324200921875 0.10965550625 0.32785388125 0.097040271875
3 0.9543379 0.721979621875 0.9534246578125 0.6918971375 0.9351598171875001 0.692867540625 0.9360730593750001 0.7200388171875 0.6018264828125 0.7190684140625 0.6018264828125 0.7025715671875 0.5817351609375 0.7025715671875 0.5817351609375 0.72100921875 0.5671232875000001 0.7200388171875 0.5662100453125001 0.7394468703125 0.5826484015625 0.7384764671874999 0.5844748859375 0.757884521875 0.6009132421875 0.759825328125 0.60365296875 0.7404172734375 0.9351598171875001 0.741387675 0.9351598171875001 0.847161571875 0.9552511406249999 0.8452207671874999 0.9552511406249999 0.7404172734375 0.9726027390624999 0.7394468703125 0.97077625625 0.72100921875 0.9543379 0.721979621875
3 0.24931506875 0.72100921875 0.24931506875 0.5686559921875001 0.5086757984375 0.5686559921875001 0.506849315625 0.5463367296875 0.2502283109375 0.5473071328125 0.2502283109375 0.48423095624999996 0.23013698593749998 0.48423095624999996 0.23013698593749998 0.5473071328125 0.2136986296875 0.5473071328125 0.2127853875 0.5676855890625 0.22831050312499998 0.5686559921875001 0.23013698593749998 0.7200388171875 0.2136986296875 0.7190684140625 0.214611871875 0.7404172734375 0.22922374375 0.7384764671874999 0.23013698593749998 0.8267831156250001 0.2502283109375 0.8267831156250001 0.2511415515625 0.741387675 0.2666666671875 0.741387675 0.26757990781249996 0.72100921875 0.24931506875 0.72100921875
3 0.22922374375 0.33381853437500003 0.2127853875 0.33284813281250003 0.2136986296875 0.354196990625 0.23013698593749998 0.35322658906250004 0.23105022812499998 0.41630276562499996 0.24931506875 0.4192139734375 0.24931506875 0.354196990625 0.2666666671875 0.3522561859375 0.2666666671875 0.33381853437500003 0.2502283109375 0.33284813281250003 0.2511415515625 0.1562348375 0.265753425 0.1562348375 0.265753425 0.1358563796875 0.24931506875 0.134885978125 0.24931506875 0.11935953437499999 0.23196347031250003 0.11838913124999999 0.23013698593749998 0.134885978125 0.214611871875 0.134885978125 0.2136986296875 0.1552644359375 0.23013698593749998 0.1562348375 0.22922374375 0.33381853437500003
3 0.473972603125 0.172731684375 0.49223744218750004 0.1737020859375 0.49315068437500004 0.1552644359375 0.5826484015625 0.1552644359375 0.58356164375 0.33284813281250003 0.3187214609375 0.3347889375 0.31963470312500003 0.354196990625 0.5826484015625 0.35516739375 0.5826484015625 0.4492964578125 0.6018264828125 0.44638524999999996 0.6018264828125 0.354196990625 0.6182648390625001 0.35322658906250004 0.6182648390625001 0.335759340625 0.6018264828125 0.3347889375 0.6009132421875 0.1562348375 0.6922374421875 0.15720524062500002 0.6904109593750001 0.172731684375 0.7114155249999999 0.1737020859375 0.7123287671874999 0.1562348375 0.7543379 0.1552644359375 0.755251140625 0.134885978125 0.7114155249999999 0.1377971859375 0.7114155249999999 0.11838913124999999 0.6904109593750001 0.11838913124999999 0.6913242015625001 0.1358563796875 0.6018264828125 0.1358563796875 0.6018264828125 0.11935953437499999 0.5817351609375 0.1174187296875 0.5826484015625 0.134885978125 0.49223744218750004 0.1358563796875 0.49223744218750004 0.11935953437499999 0.473972603125 0.1164483265625 0.473972603125 0.1358563796875 0.3369863015625 0.134885978125 0.336073059375 0.1552644359375 0.4730593609375 0.1552644359375 0.473972603125 0.172731684375
3 0.9342465750000001 0.33381853437500003 0.9187214609375 0.3347889375 0.91780821875 0.3512857828125 0.9351598171875001 0.3512857828125 0.9333333328125001 0.407569140625 0.9543379 0.409509946875 0.9543379 0.35322658906250004 0.9698630140625 0.3522561859375 0.97077625625 0.3347889375 0.9543379 0.33381853437500003 0.9543379 0.15817564374999998 0.971689496875 0.1562348375 0.97077625625 0.1358563796875 0.9543379 0.134885978125 0.9534246578125 0.11935953437499999 0.9351598171875001 0.12032993750000001 0.9351598171875001 0.1368267828125 0.8913242015625 0.1358563796875 0.8913242015625 0.1552644359375 0.9333333328125001 0.1562348375 0.9342465750000001 0.33381853437500003
3 0.7114155249999999 0.5308102875 0.6922374421875 0.5298398828125 0.6922374421875 0.5482775359375001 0.6730593609375 0.5492479375 0.6730593609375 0.5667151859375 0.693150684375 0.5676855890625 0.6922374421875 0.5851528390625 0.709589040625 0.5861232421875 0.7105022828124999 0.5676855890625 0.9351598171875001 0.5676855890625 0.9351598171875001 0.5987384765625 0.952511415625 0.5977680750000001 0.9543379 0.5686559921875001 0.97077625625 0.5676855890625 0.9698630140625 0.5492479375 0.9543379 0.5482775359375001 0.9543379 0.4949053859375 0.9351598171875001 0.4939349828125 0.9342465750000001 0.5473071328125 0.7114155249999999 0.5473071328125 0.7114155249999999 0.5308102875
3 0.5689497718750001 0.5676855890625 0.5826484015625 0.5686559921875001 0.5826484015625 0.646288209375 0.60365296875 0.646288209375 0.6018264828125 0.5686559921875001 0.620091325 0.5686559921875001 0.620091325 0.5482775359375001 0.6009132421875 0.5482775359375001 0.6027397265625 0.5104318296875 0.5826484015625 0.5104318296875 0.5826484015625 0.5473071328125 0.5698630140625001 0.5473071328125 0.5689497718750001 0.5676855890625
0 0.7114155249999999 0.5870936437500001 0.6922374421875 0.5861232421875 0.6913242015625001 0.56962639375 0.6018264828125 0.5705967984375 0.60365296875 0.7190684140625 0.9351598171875001 0.7200388171875 0.9342465750000001 0.5667151859375 0.7114155249999999 0.5686559921875001 0.7114155249999999 0.5870936437500001
2 0.6 0.7578820953125 0.58356164375 0.7578820953125 0.58356164375 0.9999927218750001 0.6 0.9999927218750001 0.6 0.7578820953125
4 0.9351575343749999 0.7413901015625 0.6018287671875 0.7413901015625 0.6018287671875 0.9985516734375001 0.9351575343749999 0.9985516734375001 0.9351575343749999 0.7413901015625
1 0.5844748859375 0.15720524062500002 0.49497716875000003 0.15817564374999998 0.49223744218750004 0.1737020859375 0.473972603125 0.1737020859375 0.4730593609375 0.15817564374999998 0.2511415515625 0.15720524062500002 0.24931506875 0.3347889375 0.5817351609375 0.3318777296875 0.5844748859375 0.15720524062500002
6 0.034703195312500004 0.1465308109375 0.2136986296875 0.1455604078125 0.211872146875 0.1377971859375 0.0273972609375 0.1387675875 0.0273972609375 1 0.0337899546875 0.9995147984375 0.034703195312500004 0.1465308109375
5 0.23196575312499998 0.9762227078124999 0.036527396875 0.9762227078124999 0.036527396875 0.9999927218750001 0.23196575312499998 0.9999927218750001 0.23196575312499998 0.9762227078124999