7 0.38808695625 0.90264761875 0.22223188437500002 0.90264761875 0.22223188437500002 0.9460380953125 0.38808695625 0.9460380953125 0.38808695625 0.90264761875
7 0.7632753625 0.90264761875 0.5410724640625 0.90264761875 0.5410724640625 0.9460380953125 0.7632753625 0.9460380953125 0.7632753625 0.90264761875
4 0.845405796875 0.101580953125 0.1384782609375 0.101580953125 0.1384782609375 0.372476190625 0.845405796875 0.372476190625 0.845405796875 0.101580953125
7 0.7616521734374999 0.05291428593750001 0.597420290625 0.05291428593750001 0.597420290625 0.0963047625 0.7616521734374999 0.0963047625 0.7616521734374999 0.05291428593750001
7 0.383217390625 0.053980953124999995 0.21898550781249998 0.053980953124999995 0.21898550781249998 0.097371428125 0.383217390625 0.097371428125 0.383217390625 0.053980953124999995
7 0.9146521734374999 0.49629523750000004 0.8470289859375001 0.49629523750000004 0.8470289859375001 0.55555238125 0.9146521734374999 0.55555238125 0.9146521734374999 0.49629523750000004
7 0.1352608703125 0.4328 0.06763768125 0.4328 0.06763768125 0.5227428578125 0.1352608703125 0.5227428578125 0.1352608703125 0.4328
3 0.9162753625000001 0.4740857140625 0.8470289859375001 0.4740857140625 0.8470289859375001 0.499476190625 0.9162753625000001 0.499476190625 0.9162753625000001 0.4740857140625
2 0.82930756875 0.44867724999999997 0.8454106296875 0.4465608453125 0.8470209328125 0.47301587187500005 0.917874396875 0.4761904765625 0.917874396875 0.44338624375 0.93075684375 0.44338624375 0.9339774546875 0.43492063437499995 0.9227053125 0.43386243437500005 0.9162640906249999 0.40211640156249995 0.8470209328125 0.40211640156249995 0.8470209328125 0.43809523749999996 0.8309178749999999 0.4359788359375 0.82930756875 0.44867724999999997
2 0.362318840625 0.4952380953125 0.371980675 0.4952380953125 0.3735909828125 0.51746031875 0.399355878125 0.5195767203125 0.4009661828125 0.4920634921875 0.41384863125000004 0.49417989375 0.41545893593749994 0.48465608437499996 0.4009661828125 0.48465608437499996 0.402576490625 0.46031746093750003 0.371980675 0.459259259375 0.3735909828125 0.48253968125 0.362318840625 0.48253968125 0.362318840625 0.4952380953125
1 0.845405796875 0.389419046875 0.40097101406249996 0.389419046875 0.40097101406249996 0.5957619046875 0.845405796875 0.5957619046875 0.845405796875 0.389419046875
2 0.5056360703125 0.3978835984375 0.5152979078125 0.4 0.5152979078125 0.38941798906249997 0.5797101453125 0.38624338593749996 0.5797101453125 0.37037036875 0.5169082109375001 0.371428571875 0.5169082109375001 0.3629629640625 0.49919484687500004 0.360846559375 0.5024154578125 0.371428571875 0.43800322031250005 0.37037036875 0.44122383125000003 0.38941798906249997 0.5056360703125 0.38624338593749996 0.5056360703125 0.3978835984375
4 0.4879275359375 0.6126952375 0.1368840578125 0.6126952375 0.1368840578125 0.900523809375 0.4879275359375 0.900523809375 0.4879275359375 0.6126952375
2 0.4492753625 0.6222222234375 0.44766505468749995 0.6116402109375 0.4879227046875 0.6105820109375 0.4879227046875 0.595767196875 0.45410628124999997 0.5947089937500001 0.4508856703125 0.584126984375 0.43317230156250003 0.584126984375 0.43639291562500004 0.595767196875 0.394524959375 0.595767196875 0.394524959375 0.6116402109375 0.43317230156250003 0.6116402109375 0.429951690625 0.6211640203125001 0.4492753625 0.6222222234375
6 0.5104669890625 0.609523809375 0.528180353125 0.609523809375 0.5249597421875001 0.595767196875 0.4895330109375 0.596825396875 0.4863124 0.9015873015625001 0.508856684375 0.9005291015625 0.5104669890625 0.609523809375
4 0.8470144921875 0.61164761875 0.513681159375 0.61164761875 0.513681159375 0.899476190625 0.8470144921875 0.899476190625 0.8470144921875 0.61164761875
2 0.5845410640625001 0.6211640203125001 0.58293075625 0.6116402109375 0.6183574875 0.6126984140625 0.6167471828125 0.596825396875 0.58293075625 0.595767196875 0.58293075625 0.5862433859375 0.570048309375 0.5862433859375 0.570048309375 0.595767196875 0.52657005 0.595767196875 0.5297906609374999 0.6116402109375 0.5716586140625 0.6126984140625 0.573268921875 0.6222222234375 0.5845410640625001 0.6211640203125001
3 0.599043478125 0.0529047625 0.3800289859375 0.0529047625 0.3800289859375 0.0973428578125 0.599043478125 0.0973428578125 0.599043478125 0.0529047625
3 0.8470209328125 0.40105820156250005 0.9146537859375 0.40211640156249995 0.9162640906249999 0.051851851562499995 0.7616747187499999 0.053968253125 0.7600644109375 0.0984126984375 0.8454106296875 0.097354496875 0.8470209328125 0.40105820156250005
3 0.13687600625000002 0.43492063437499995 0.13687600625000002 0.10052910156249999 0.2190016109375 0.1015873015625 0.2173913046875 0.051851851562499995 0.0660225453125 0.051851851562499995 0.0660225453125 0.43386243437500005 0.13687600625000002 0.43492063437499995
3 0.13687600625000002 0.902645503125 0.13848631250000001 0.5227513218750001 0.06763285 0.5227513218750001 0.06763285 0.947089946875 0.22383252812499999 0.946031746875 0.22383252812499999 0.9005291015625 0.13687600625000002 0.902645503125
3 0.9162640906249999 0.5555555562500001 0.8454106296875 0.5576719578125 0.8470209328125 0.8984126984374999 0.7616747187499999 0.8994708984375 0.7632850234374999 0.946031746875 0.9162640906249999 0.946031746875 0.9162640906249999 0.5555555562500001
3 0.542681159375 0.9015904765625 0.38647826093750004 0.9015904765625 0.38647826093750004 0.9460285718750001 0.542681159375 0.9460285718750001 0.542681159375 0.9015904765625
6 0.8486376812499999 0.5957714281250001 0.6167536234375001 0.5957714281250001 0.6167536234375001 0.609523809375 0.8486376812499999 0.609523809375 0.8486376812499999 0.5957714281250001
6 0.8502318843750001 0.37248571406250003 0.5764927531249999 0.37248571406250003 0.5764927531249999 0.384123809375 0.8502318843750001 0.384123809375 0.8502318843750001 0.37248571406250003
0 0.3752028984375 0.389419046875 0.14010145000000002 0.389419046875 0.14010145000000002 0.5957619046875 0.3752028984375 0.5957619046875 0.3752028984375 0.389419046875
6 0.37520128750000004 0.3873015859375 0.3735909828125 0.46031746093750003 0.399355878125 0.4624338625 0.399355878125 0.38624338593749996 0.4428341390625 0.3873015859375 0.44122383125000003 0.3735449734375 0.16425120937499998 0.374603175 0.13365539375 0.3735449734375 0.13365539375 0.3873015859375 0.37520128750000004 0.3873015859375
6 0.394524959375 0.6116402109375 0.3961352671875 0.5195767203125 0.3735909828125 0.51746031875 0.3735909828125 0.596825396875 0.13365539375 0.5978835984375 0.13848631250000001 0.6116402109375 0.394524959375 0.6116402109375