3 0.9251101328125 0.2838072296875 0.8418942734374999 0.2838072296875 0.8418942734374999 0.4190120484375 0.9251101328125 0.4190120484375 0.9251101328125 0.2838072296875
3 0.9251211453125 0.47390361406250003 0.839460353125 0.47390361406250003 0.839460353125 0.6117831328125 0.9251211453125 0.6117831328125 0.9251211453125 0.47390361406250003
3 0.9251101328125 0.6653253015625 0.8418942734374999 0.6653253015625 0.8418942734374999 0.779108434375 0.9251101328125 0.779108434375 0.9251101328125 0.6653253015625
1 0.387298090625 0.770080321875 0.36710719531249997 0.7690763046875 0.3616005875 0.886546184375 0.5488252578124999 0.88554216875 0.5488252578124999 0.620481928125 0.36894273125 0.62148594375 0.3707782671875 0.7178714859374999 0.389133628125 0.71987951875 0.387298090625 0.770080321875
2 0.5157856093750001 0.7941767078125 0.5469897203125 0.8253012046875 0.56534508125 0.8242971890625 0.5671806171875 0.7911646593749999 0.554331865625 0.7861445781249999 0.53414096875 0.78714859375 0.5157856093750001 0.7941767078125
6 0.5671916296874999 0.766060240625 0.5525 0.766060240625 0.5525 0.7901566265625 0.5671916296874999 0.7901566265625 0.5671916296874999 0.766060240625
4 0.5690161515625001 0.88554216875 0.8406754781249999 0.88554216875 0.8406754781249999 0.7389558234375 0.673641703125 0.7409638546874999 0.6718061671875 0.7710843374999999 0.572687225 0.770080321875 0.5690161515625001 0.88554216875
3 0.6681387671875 0.7269036140625 0.55067180625 0.7269036140625 0.55067180625 0.7697469875 0.6681387671875 0.7697469875 0.6681387671875 0.7269036140625
3 0.3854625546875 0.71987951875 0.30837004375 0.71987951875 0.30837004375 0.7680722890625 0.3854625546875 0.7680722890625 0.3854625546875 0.71987951875
3 0.646101321875 0.46385542187500006 0.5359691625 0.46385542187500006 0.5359691625 0.5120481921875 0.646101321875 0.5120481921875 0.646101321875 0.46385542187500006
3 0.093601321875 0.6937771078125 0.009174009375 0.6937771078125 0.009174009375 0.8012108437500001 0.093601321875 0.8012108437500001 0.093601321875 0.6937771078125
3 0.9214317187500001 0.15562048125 0.464383259375 0.15562048125 0.464383259375 0.2078253015625 0.9214317187500001 0.2078253015625 0.9214317187500001 0.15562048125
3 0.9269456671875 0.8534136546875001 0.8425110124999999 0.8534136546875001 0.8425110124999999 0.8875502015625001 0.49743024843750006 0.886546184375 0.49743024843750006 0.9327309234375001 0.9287812046875 0.9317269078124999 0.9269456671875 0.8534136546875001
3 0.00917768125 0.8744979921875 0.00917768125 0.9317269078124999 0.43502202656250005 0.9337349390625 0.433186490625 0.8845381531250001 0.0954478703125 0.8845381531250001 0.0954478703125 0.8744979921875 0.00917768125 0.8744979921875
3 0.6479442 0.6194779125000001 0.6479442 0.5773092375 0.5378120421875 0.5773092375 0.51945668125 0.6044176703125 0.523127753125 0.6194779125000001 0.6479442 0.6194779125000001
3 0 0.6154618468749999 0.00917768125 0.61445783125 0.011013215625 0.6566265062500001 0.093612334375 0.657630521875 0.0917768 0.6154618468749999 0.3248898671875 0.6164658640625 0.32121879531249997 0.620481928125 0.45888399375000005 0.6164658640625 0.46071953125 0.606425703125 0.44236417031249997 0.6054216875 0.4460352421875 0.58433735 0.093612334375 0.5853413656249999 0.0917768 0.5 0.4386930984375 0.5 0.4386930984375 0.46385542187500006 0.093612334375 0.46887550312500004 0.093612334375 0.2028112453125 0.3817914828125 0.2028112453125 0.3854625546875 0.155622490625 0.0954478703125 0.1536144578125 0.093612334375 0.043172690624999996 0.011013215625 0.043172690624999996 0.00917768125 0.47188755000000004 0 0.47188755000000004 0 0.6154618468749999
1 0.4074889875 0.356425703125 0.4038179140625 0.3694779125 0.3138766515625 0.3684738953125 0.3157121875 0.30823293125 0.214757709375 0.30823293125 0.21842878125 0.3875502015625 0.350587371875 0.3895582328125 0.348751834375 0.46485943750000003 0.440528634375 0.46485943750000003 0.4460352421875 0.5913654609375001 0.5396475765625001 0.5903614453125 0.53414096875 0.46285140625 0.5561674015625 0.46385542187500006 0.5580029359374999 0.36445783125000003 0.5469897203125 0.363453815625 0.5469897203125 0.3614457828125 0.5139500734375 0.3604417671875 0.5139500734375 0.333333334375 0.5249632890625 0.33433735000000003 0.5249632890625 0.2048192765625 0.35976505 0.2038152609375 0.3616005875 0.3273092375 0.4368575609375 0.3263052203125 0.433186490625 0.35843373437500003 0.4074889875 0.356425703125
3 0.40198237812500004 0.35742971875 0.43135095312500005 0.35943775 0.43135095312500005 0.3263052203125 0.317547725 0.3263052203125 0.3138766515625 0.3674698796875 0.4038179140625 0.3694779125 0.40198237812500004 0.35742971875
7 0.9251211453125 0.20682530156249998 0.8443502203125 0.20682530156249998 0.8443502203125 0.2841385546875 0.9251211453125 0.2841385546875 0.9251211453125 0.20682530156249998
7 0.92144273125 0.4196807234375 0.8406718062499999 0.4196807234375 0.8406718062499999 0.472897590625 0.92144273125 0.472897590625 0.92144273125 0.4196807234375
7 0.9251211453125 0.6124518078125 0.8443502203125 0.6124518078125 0.8443502203125 0.665668675 0.9251211453125 0.665668675 0.9251211453125 0.6124518078125
7 0.9232929515625001 0.7771144578125 0.8425220265625001 0.7771144578125 0.8425220265625001 0.8544277109375 0.9232929515625001 0.8544277109375 0.9232929515625001 0.7771144578125
7 0.0917951546875 0.65562650625 0.011024229687500001 0.65562650625 0.011024229687500001 0.6927831328125 0.0917951546875 0.6927831328125 0.0917951546875 0.65562650625
7 0.0917951546875 0.8002048187499999 0.011024229687500001 0.8002048187499999 0.011024229687500001 0.8765180718750001 0.0917951546875 0.8765180718750001 0.0917951546875 0.8002048187499999
7 0.4974339203125 0.8885602406249999 0.43318281875000003 0.8885602406249999 0.43318281875000003 0.931728915625 0.4974339203125 0.931728915625 0.4974339203125 0.8885602406249999
2 0.37628487499999996 0.2670682734375 0.36527165781250004 0.265060240625 0.319383259375 0.265060240625 0.319383259375 0.2941767078125 0.350587371875 0.2941767078125 0.37628487499999996 0.2670682734375
6 0.3542621140625 0.2489939765625 0.31939427343750004 0.2489939765625 0.31939427343750004 0.266066265625 0.3542621140625 0.266066265625 0.3542621140625 0.2489939765625
2 0.3542621140625 0.2259036140625 0.317544053125 0.2259036140625 0.317544053125 0.25 0.3542621140625 0.25 0.3542621140625 0.2259036140625
6 0.3542621140625 0.2018012046875 0.31939427343750004 0.2018012046875 0.31939427343750004 0.2279096390625 0.3542621140625 0.2279096390625 0.3542621140625 0.2018012046875
6 0.559845815625 0.2028072296875 0.5268061671875001 0.2028072296875 0.5268061671875001 0.32328915625 0.559845815625 0.32328915625 0.559845815625 0.2028072296875
3 0.5139500734375 0.33433735000000003 0.5121145375 0.35943775 0.5469897203125 0.35943775 0.5451541843750001 0.365461846875 0.71585903125 0.365461846875 0.7140234953125 0.32228915625 0.5249632890625 0.323293171875 0.5267988265625 0.335341365625 0.5139500734375 0.33433735000000003
6 0.3560903078125 0.2941807234375 0.319372246875 0.2941807234375 0.319372246875 0.327313253125 0.3560903078125 0.327313253125 0.3560903078125 0.2941807234375
6 0.3505947140625 0.432728915625 0.334074890625 0.432728915625 0.334074890625 0.46787349375 0.3505947140625 0.46787349375 0.3505947140625 0.432728915625
6 0.572687225 0.41666264999999997 0.5561674015625 0.41666264999999997 0.5561674015625 0.464855421875 0.572687225 0.464855421875 0.572687225 0.41666264999999997
1 0.8406718062499999 0.5150542171875 0.5561563875 0.5150542171875 0.5561563875 0.5773072296875 0.8406718062499999 0.5773072296875 0.8406718062499999 0.5150542171875
6 0.8443392078124999 0.5030180718749999 0.646101321875 0.5030180718749999 0.646101321875 0.5130542171875 0.8443392078124999 0.5130542171875 0.8443392078124999 0.5030180718749999
4 0.71585903125 0.3664658640625 0.576358296875 0.3664658640625 0.576358296875 0.4618473890625 0.6461086625 0.46285140625 0.6461086625 0.501004015625 0.8406754781249999 0.49899598437500003 0.838839940625 0.33433735000000003 0.717694565625 0.333333334375 0.71585903125 0.3664658640625
6 0.7488876656250001 0.32228915625 0.7140198234375 0.32228915625 0.7140198234375 0.3313253015625 0.7488876656250001 0.3313253015625 0.7488876656250001 0.32228915625
4 0.8425110124999999 0.20682530156249998 0.5671806171875 0.20682530156249998 0.5671806171875 0.3222831328125 0.8425110124999999 0.3222831328125 0.8425110124999999 0.20682530156249998
2 0.7452276062500001 0.3092369484375 0.7470631437499999 0.3313253015625 0.8131424390624999 0.32931726875 0.8076358296875 0.3182730921875 0.7452276062500001 0.30120481875 0.7452276062500001 0.3092369484375
6 0.8425110124999999 0.32228915625 0.8094713656250001 0.32228915625 0.8094713656250001 0.3313253015625 0.8425110124999999 0.3313253015625 0.8425110124999999 0.32228915625
4 0.5671806171875 0.722891565625 0.8443465484375 0.7248995984375 0.838839940625 0.587349396875 0.6516152703125 0.58634538125 0.6516152703125 0.6194779125000001 0.5708516890625 0.6194779125000001 0.5671806171875 0.722891565625
6 0.8406718062499999 0.5773072296875 0.6461123343749999 0.5773072296875 0.6461123343749999 0.5853433734375 0.8406718062499999 0.5853433734375 0.8406718062499999 0.5773072296875
6 0.8425 0.7269096390625001 0.6699669609375001 0.7269096390625001 0.6699669609375001 0.7379578312499999 0.8425 0.7379578312499999 0.8425 0.7269096390625001
6 0.565341409375 0.8212831328125001 0.5525 0.8212831328125001 0.5525 0.8865481921875 0.565341409375 0.8865481921875 0.565341409375 0.8212831328125001
4 0.3469163 0.7680722890625 0.306534509375 0.7670682734375001 0.306534509375 0.75502008125 0.0954478703125 0.75502008125 0.0954478703125 0.88554216875 0.3469163 0.88554216875 0.3469163 0.7680722890625
6 0.1376762109375 0.7439698796875 0.0954515421875 0.7439698796875 0.0954515421875 0.7520060234375 0.1376762109375 0.7520060234375 0.1376762109375 0.7439698796875
6 0.30837004375 0.7439698796875 0.24779735625 0.7439698796875 0.24779735625 0.7520060234375 0.30837004375 0.7520060234375 0.30837004375 0.7439698796875
6 0.4368612328125 0.5592349390625 0.4240198234375 0.5592349390625 0.4240198234375 0.584331325 0.4368612328125 0.584331325 0.4368612328125 0.5592349390625
2 0.45888399375000005 0.5240963859375001 0.42584434531250004 0.527108434375 0.4240088109375 0.5602409640625 0.44236417031249997 0.5602409640625 0.47723935468749995 0.52811245 0.45888399375000005 0.5240963859375001
6 0.438700440625 0.5 0.427687225 0.5 0.427687225 0.527108434375 0.438700440625 0.527108434375 0.438700440625 0.5
1 0.100954478125 0.46686747031250003 0.3322320109375 0.46586345468749996 0.3322320109375 0.3965863453125 0.22209985312499997 0.3985943765625 0.22209985312499997 0.437751003125 0.0972834078125 0.4397590359375 0.100954478125 0.46686747031250003
6 0.2000734203125 0.43373493906249994 0.21842878125 0.4347389546875 0.21842878125 0.3965863453125 0.335903084375 0.39457831250000003 0.33406754843750003 0.3985943765625 0.348751834375 0.40160642500000004 0.350587371875 0.39056225 0.214757709375 0.3885542171875 0.21292217343750003 0.37851405625 0.2019089578125 0.37851405625 0.20374449375 0.3875502015625 0.0954478703125 0.3885542171875 0.0972834078125 0.3965863453125 0.2019089578125 0.39558232968749996 0.2000734203125 0.43373493906249994
6 0.154185021875 0.42871084374999996 0.093612334375 0.42871084374999996 0.093612334375 0.4377469875 0.154185021875 0.4377469875 0.154185021875 0.42871084374999996
6 0.2000734203125 0.3534136546875 0.214757709375 0.356425703125 0.21292217343750003 0.30823293125 0.3230543328125 0.30823293125 0.319383259375 0.2991967875 0.0972834078125 0.2991967875 0.093612334375 0.30823293125 0.2019089578125 0.307228915625 0.2000734203125 0.3534136546875
0 0.2019163 0.3985963859375 0.09729074843749999 0.3985963859375 0.09729074843749999 0.4297168671875 0.2019163 0.4297168671875 0.2019163 0.3985963859375
0 0.20190528593749998 0.3544156625 0.10095815 0.3544156625 0.10095815 0.3865481921875 0.20190528593749998 0.3865481921875 0.20190528593749998 0.3544156625
6 0.15602422968750002 0.34437349375 0.0936233484375 0.34437349375 0.0936233484375 0.3534096390625 0.15602422968750002 0.3534096390625 0.15602422968750002 0.34437349375
2 0.4074889875 0.6716867468750001 0.36894273125 0.6385542171874999 0.348751834375 0.6445783125 0.348751834375 0.67771084375 0.36894273125 0.6797188765625 0.3928046984375 0.67771084375 0.4074889875 0.6716867468750001
6 0.3652753296875 0.6204879515624999 0.3505837 0.6204879515624999 0.3505837 0.6425722890625 0.3652753296875 0.6425722890625 0.3652753296875 0.6204879515624999
6 0.36526431718749997 0.67671084375 0.34874449375 0.67671084375 0.34874449375 0.71887951875 0.36526431718749997 0.71887951875 0.36526431718749997 0.67671084375
2 0.3744493390625 0.8263052203125 0.3928046984375 0.8253012046875 0.40198237812500004 0.8172690765624999 0.3634361234375 0.7851405625 0.3469163 0.7891566265625001 0.3450807640625 0.8182730921875001 0.3616005875 0.8253012046875 0.3744493390625 0.8263052203125
6 0.363425109375 0.7700843374999999 0.3505837 0.7700843374999999 0.3505837 0.791168675 0.363425109375 0.791168675 0.363425109375 0.7700843374999999
6 0.36159691562499996 0.8202831328125001 0.34875550624999996 0.8202831328125001 0.34875550624999996 0.8875481921875 0.36159691562499996 0.8875481921875 0.36159691562499996 0.8202831328125001
2 0.46071953125 0.6184738953125 0.45154185 0.6255020078125 0.45888399375000005 0.636546184375 0.46806167343749994 0.6385542171874999 0.5249632890625 0.6194779125000001 0.51945668125 0.6054216875 0.54331865 0.6044176703125 0.5414831125 0.5953815265625 0.44419970781250007 0.5933734937499999 0.44236417031249997 0.606425703125 0.45888399375000005 0.6044176703125 0.46071953125 0.6184738953125
2 0.5451541843750001 0.5672690765625 0.5580029359374999 0.5251004015625 0.5359765046875 0.5251004015625 0.4992657859375 0.5552208828125 0.5157856093750001 0.562248996875 0.5451541843750001 0.5672690765625
2 0.5359765046875 0.4196787140625 0.5580029359374999 0.41867469843749994 0.5708516890625 0.41767068281249997 0.5671806171875 0.37951807187500003 0.5524963281249999 0.37951807187500003 0.5157856093750001 0.412650603125 0.5359765046875 0.4196787140625
2 0.39096916249999997 0.4297188765625 0.3542584421875 0.3985943765625 0.33406754843750003 0.39959839375 0.33406754843750003 0.43373493906249994 0.3634361234375 0.4387550203125 0.387298090625 0.435742971875 0.39096916249999997 0.4297188765625
2 0.1596916296875 0.41164658750000005 0.1486784140625 0.4226907625 0.1560205578125 0.4347389546875 0.20558002812499998 0.4347389546875 0.20558002812499998 0.428714859375 0.1596916296875 0.41164658750000005
2 0.161527165625 0.32831325312500004 0.14684287812500002 0.3383534125 0.1523494875 0.3514056234375 0.20558002812499998 0.35441767031250004 0.20374449375 0.34337349375000004 0.161527165625 0.32831325312500004
2 0.20558002812499998 0.3534136546875 0.20558002812499998 0.3805220875 0.22209985312499997 0.3815261046875 0.24596182187500001 0.3775100390625 0.214757709375 0.35040160625 0.20558002812499998 0.3534136546875
2 0.2496365640625 0.7439759031250001 0.14133259843749998 0.7439759031250001 0.14133259843749998 0.7530120484375 0.2496365640625 0.7530120484375 0.2496365640625 0.7439759031250001
6 0.567169603125 0.6184698796875 0.55432819375 0.6184698796875 0.55432819375 0.67871084375 0.567169603125 0.67871084375 0.567169603125 0.6184698796875
2 0.5506607921875 0.7148594375 0.5690161515625001 0.7148594375 0.5690161515625001 0.6817269078125 0.5451541843750001 0.6746987953125 0.5121145375 0.6797188765625 0.5506607921875 0.7148594375
6 0.5690198234375 0.712849396875 0.55067180625 0.712849396875 0.55067180625 0.7269096390625001 0.5690198234375 0.7269096390625001 0.5690198234375 0.712849396875
1 0.194570484375 0.068271084375 0.0972797359375 0.068271084375 0.0972797359375 0.15462048125 0.194570484375 0.15462048125 0.194570484375 0.068271084375
3 0.11197136562500001 0.0552228921875 0.0936233484375 0.0552228921875 0.0936233484375 0.068271084375 0.11197136562500001 0.068271084375 0.11197136562500001 0.0552228921875
2 0.1872246703125 0.0542168671875 0.1890602046875 0.0461847390625 0.17254038124999999 0.0331325296875 0.10829662343749999 0.0542168671875 0.1101321578125 0.0662650609375 0.17988252656249998 0.0682730921875 0.1872246703125 0.0542168671875
2 0.3928046984375 0.134538153125 0.38362702031249996 0.15662650625000002 0.379955946875 0.20180722968749998 0.46071953125 0.2028112453125 0.4643906015625 0.155622490625 0.3928046984375 0.134538153125
3 0.1982378859375 0.10742971875 0.4662261390625 0.108433734375 0.4643906015625 0.155622490625 0.49008810625 0.15662650625000002 0.49192364062499994 0.0953815265625 0.22393539062499998 0.0953815265625 0.225770925 0.0562249 0.17988252656249998 0.0542168671875 0.1780469890625 0.07028112343750001 0.1982378859375 0.0692771078125 0.1982378859375 0.10742971875
5 0.4643942734375 0.10743373437499999 0.1982488984375 0.10743373437499999 0.1982488984375 0.15562650625000002 0.4643942734375 0.15562650625000002 0.4643942734375 0.10743373437499999
1 0.42218061718750005 0.5010060234375 0.09729074843749999 0.5010060234375 0.09729074843749999 0.5843433734375 0.42218061718750005 0.5843433734375 0.42218061718750005 0.5010060234375
4 0.31939427343750004 0.2058253015625 0.0954515421875 0.2058253015625 0.0954515421875 0.2981987953125 0.31939427343750004 0.2981987953125 0.31939427343750004 0.2058253015625
0 0.2000770921875 0.3082349390625 0.0972797359375 0.3082349390625 0.0972797359375 0.34236747031250003 0.2000770921875 0.34236747031250003 0.2000770921875 0.3082349390625
4 0.306534509375 0.718875503125 0.3469163 0.71987951875 0.348751834375 0.620481928125 0.3248898671875 0.6184738953125 0.0954478703125 0.6174698796875 0.0972834078125 0.7429718875 0.304698971875 0.7429718875 0.306534509375 0.718875503125