4 0.1582193625 0.50381679375 0.1349781 0.50104094375 0.1349781 0.8355308812500001 0.7401448109375 0.8355308812500001 0.7392509171875 0.8063844546875 0.7750067046875 0.8049965296874999 0.7759005984375 0.8785565578125001 0.9207115390625 0.8771686328125 0.9224993296875 0.50659264375 0.8930008046875001 0.5079805687500001 0.8938946984375 0.4538514921875 0.9224993296875 0.4538514921875 0.9216054343750001 0.12074947968750001 0.7803700734375 0.12074947968750001 0.7812639671875 0.2262317828125 0.7419326015625 0.22761970781250002 0.74103870625 0.1221374046875 0.6471797625 0.12074947968750001 0.6462858671875 0.5981956984375 0.5631536609375 0.5981956984375 0.562259765625 0.696738375 0.40493429843750006 0.696738375 0.40493429843750006 0.5204718953125 0.35934566874999996 0.51908396875 0.35934566874999996 0.1221374046875 0.11799409999999999 0.1221374046875 0.11799409999999999 0.3719639140625 0.1582193625 0.3691880640625 0.1582193625 0.50381679375
7 0.707064896875 0.8355267171874999 0.6409193703125 0.8355267171874999 0.6409193703125 0.886885496875 0.707064896875 0.886885496875 0.707064896875 0.8355267171874999
7 0.369169125 0.83691603125 0.3030235984375 0.83691603125 0.3030235984375 0.8882748093749999 0.369169125 0.8882748093749999 0.369169125 0.83691603125
7 0.20380039375 0.83691603125 0.1376548671875 0.83691603125 0.1376548671875 0.8882748093749999 0.20380039375 0.8882748093749999 0.20380039375 0.83691603125
7 0.8715388390625 0.8785496187499999 0.8053933140625 0.8785496187499999 0.8053933140625 0.929908396875 0.8715388390625 0.929908396875 0.8715388390625 0.8785496187499999
2 0.5122016625 0.903539209375 0.5095199781249999 0.891047884375 0.552426925 0.8896599593750001 0.552426925 0.8355308812500001 0.5086260828125 0.83830673125 0.5086260828125 0.8160999312499999 0.5005810312500001 0.8202637046874999 0.5014749265625 0.8327550312499999 0.4612496640625 0.8355308812500001 0.462143559375 0.891047884375 0.5023688203125001 0.891047884375 0.5014749265625 0.9090909078125 0.5122016625 0.903539209375
2 0.70707070625 0.1332408046875 0.712434075 0.1332408046875 0.712434075 0.1221374046875 0.7401448109375 0.1221374046875 0.7392509171875 0.062456628125000004 0.716009653125 0.062456628125000004 0.7151157593749999 0.052741153124999995 0.7097523906250001 0.0485773765625 0.708858496875 0.062456628125000004 0.6793599718750001 0.0596807765625 0.67757218125 0.11936155468750001 0.7061768125000001 0.1221374046875 0.70707070625 0.1332408046875
5 0.6355604718750001 0.1221374046875 0.5917551624999999 0.1221374046875 0.5917551624999999 0.455236640625 0.6355604718750001 0.455236640625 0.6355604718750001 0.1221374046875
6 0.6436037359375 0.19430534375 0.6364552609375 0.19430534375 0.6364552609375 0.5204732828124999 0.6436037359375 0.5204732828124999 0.6436037359375 0.19430534375
2 0.627514078125 0.17210270625 0.636453025 0.1734906328125 0.636453025 0.19153365625000002 0.6427102890625 0.19569743281250002 0.6427102890625 0.17071478125 0.6516492359375 0.17210270625 0.653437025 0.16516308125 0.645391971875 0.16099930468749998 0.6462858671875 0.14018043125 0.636453025 0.1374045796875 0.636453025 0.16238723125 0.627514078125 0.16099930468749998 0.627514078125 0.17210270625
5 0.5604719765625 0.588480221875 0.63555913125 0.5843164468750001 0.63555913125 0.5052047187500001 0.591758290625 0.50381679375 0.5926521859375 0.51908396875 0.40582819375 0.51769604375 0.40582819375 0.6939625265625 0.55957808125 0.6939625265625 0.5604719765625 0.588480221875
6 0.645391971875 0.578764746875 0.638240815625 0.5732130453125001 0.6373469203125001 0.5870922984375 0.561365871875 0.5870922984375 0.55957808125 0.596807771875 0.645391971875 0.5981956984375 0.645391971875 0.578764746875
2 0.6257262890625 0.5510062453125 0.6346652359375 0.553782096875 0.63555913125 0.570437196875 0.645391971875 0.5746009703125 0.644498078125 0.5496183203125 0.6516492359375 0.5510062453125 0.6516492359375 0.5412907703125 0.6462858671875 0.5385149203124999 0.64807365625 0.51769604375 0.6346652359375 0.51769604375 0.6373469203125001 0.5412907703125 0.627514078125 0.5412907703125 0.6257262890625 0.5510062453125
3 0.13765978437499998 0.8355343515625 0.0554178953125 0.8355343515625 0.0554178953125 0.8882824421875 0.13765978437499998 0.8882824421875 0.13765978437499998 0.8355343515625
3 0.303028515625 0.8355343515625 0.20291052187499997 0.8355343515625 0.20291052187499997 0.8882824421875 0.303028515625 0.8882824421875 0.303028515625 0.8355343515625
3 0.4603539828125 0.8355343515625 0.368279253125 0.8355343515625 0.368279253125 0.8882824421875 0.4603539828125 0.8882824421875 0.4603539828125 0.8355343515625
3 0.6409193703125 0.8369236640625 0.55152900625 0.8369236640625 0.55152900625 0.88967175625 0.6409193703125 0.88967175625 0.6409193703125 0.8369236640625
3 0.7392509171875 0.931297709375 0.8045052296874999 0.9326856343750001 0.8053991234375 0.8771686328125 0.774112809375 0.8757807078125 0.774112809375 0.8077723796875 0.7392509171875 0.8077723796875 0.74103870625 0.83414295625 0.70707070625 0.83414295625 0.7079646015625001 0.8882720328125 0.7392509171875 0.8882720328125 0.7392509171875 0.931297709375
3 0.8715473312500001 0.8771686328125 0.8724412265625 0.931297709375 0.965406275 0.9299097843749999 0.967194065625 0.8757807078125 0.8715473312500001 0.8771686328125
3 0.40493117031250003 0.06245038125 0.055422812499999995 0.06245038125 0.055422812499999995 0.12212977031250001 0.40493117031250003 0.12212977031250001 0.40493117031250003 0.06245038125
3 0.67847099375 0.063847328125 0.5461701078125001 0.063847328125 0.5461701078125001 0.1221374046875 0.67847099375 0.1221374046875 0.67847099375 0.063847328125
3 0.6373469203125001 0.50381679375 0.638240815625 0.4538514921875 0.591758290625 0.4552394171875 0.591758290625 0.12074947968750001 0.5577902921875 0.1221374046875 0.5577902921875 0.46495489375 0.3924197734375 0.46634281718750004 0.3924197734375 0.11936155468750001 0.358451775 0.11936155468750001 0.358451775 0.5204718953125 0.591758290625 0.51908396875 0.590864396875 0.50381679375 0.6373469203125001 0.50381679375
3 0.7419326015625 0.2290076328125 0.7776883890625 0.2290076328125 0.779476178125 0.1221374046875 0.9224993296875 0.11936155468750001 0.9216054343750001 0.4538514921875 0.8938946984375 0.4538514921875 0.8956824890625 0.5079805687500001 0.9224993296875 0.5079805687500001 0.9224993296875 0.8785565578125001 0.9448466968749999 0.8771686328125 0.9457405921875001 0.1221374046875 0.9636184859375 0.12074947968750001 0.965406275 0.062456628125000004 0.7392509171875 0.06106870156250001 0.7392509171875 0.11936155468750001 0.7428264953125 0.12074947968750001 0.7419326015625 0.2290076328125
3 0.7696460171874999 0.460786259375 0.7401474921875 0.460786259375 0.7401474921875 0.5051984734375 0.7696460171874999 0.5051984734375 0.7696460171874999 0.460786259375
6 0.644493609375 0.119358778125 0.63645034375 0.119358778125 0.63645034375 0.14018320625 0.644493609375 0.14018320625 0.644493609375 0.119358778125
6 0.1340855453125 0.49548091562499996 0.1215683375 0.49548091562499996 0.1215683375 0.83691603125 0.1340855453125 0.83691603125 0.1340855453125 0.49548091562499996
6 0.1573254671875 0.49965301875 0.1573254671875 0.3705759890625 0.11799409999999999 0.3719639140625 0.11799409999999999 0.12074947968750001 0.105479575 0.1221374046875 0.105479575 0.3913948640625 0.144810940625 0.3913948640625 0.1457048359375 0.49965301875 0.1573254671875 0.49965301875
3 0.147487709375 0.4538549625 0.118883971875 0.4538549625 0.118883971875 0.49826717499999995 0.147487709375 0.49826717499999995 0.147487709375 0.4538549625
3 0.311076696875 0.4524656484375 0.276219271875 0.4524656484375 0.276219271875 0.5024351140625 0.311076696875 0.5024351140625 0.311076696875 0.4524656484375