7 0.9147157625 0.1880341875 0.8906072343749999 0.1880341875 0.8906072343749999 0.3888888890625 0.9147157625 0.3888888890625 0.9147157625 0.1880341875
7 0.9147416015625 0.5655341875000001 0.8923385015624999 0.5655341875000001 0.8923385015624999 0.7649786328125 0.9147416015625 0.7649786328125 0.9147416015625 0.5655341875000001
6 0.30835486562500003 0.8689458671875 0.307493540625 0.847578346875 0.288544359375 0.846153846875 0.2868217046875 0.7806267828125 0.2721791546875 0.7820512828124999 0.27304048281250004 0.846153846875 0.05770887031250001 0.8433048421875 0.053402240625 0.22507122656249998 0.0378983640625 0.2264957265625 0.04134366875 0.8447293468750001 0.0310077515625 0.847578346875 0.031869078125 0.8703703718750001 0.30835486562500003 0.8689458671875
4 0.27131782968749996 0.2279059828125 0.054263565624999996 0.2279059828125 0.054263565624999996 0.5441452984375 0.27131782968749996 0.5441452984375 0.27131782968749996 0.2279059828125
7 0.2558268734375 0.1894658125 0.1894961234375 0.1894658125 0.1894961234375 0.22651709375 0.2558268734375 0.22651709375 0.2558268734375 0.1894658125
4 0.5038888890625 0.226474359375 0.2876873390625 0.226474359375 0.2876873390625 0.6481410249999999 0.5038888890625 0.6481410249999999 0.5038888890625 0.226474359375
7 0.45564599531249994 0.18662393125 0.3350516796875 0.18662393125 0.3350516796875 0.22508547031249998 0.45564599531249994 0.22508547031249998 0.45564599531249994 0.18662393125
6 0.502153315625 0.6723646703124999 0.51851851875 0.6723646703124999 0.5193798453125 0.4886039875 0.5478036171875 0.4886039875 0.549526271875 0.4601139609375 0.51851851875 0.4615384609375 0.515934540625 0.11538461562499999 0.893195521875 0.1111111109375 0.89233419375 0.09401709375 0.50301464375 0.0911680890625 0.5047372953125 0.64957265 0.41602067187499997 0.65099715 0.415159346875 0.6680911671875001 0.50301464375 0.6638176625 0.502153315625 0.6723646703124999
4 0.8931912140625 0.48861111093750004 0.5219509046875 0.48861111093750004 0.5219509046875 0.8447222218749999 0.8931912140625 0.8447222218749999 0.8931912140625 0.48861111093750004
2 0.591731265625 0.527065525 0.590869940625 0.49002849218750005 0.625322996875 0.49145299218750005 0.624461671875 0.4558404578125 0.5934539203125 0.4572649578125 0.5934539203125 0.4159544140625 0.5839793281250001 0.4145299140625 0.5796726953125 0.4572649578125 0.549526271875 0.4601139609375 0.549526271875 0.49430199531249996 0.582256675 0.4928774921875 0.583118003125 0.524216525 0.591731265625 0.527065525
2 0.15848406406249999 0.2592592609375 0.166236003125 0.264957265625 0.16795865625 0.23076923124999998 0.1894918171875 0.2279202265625 0.1903531453125 0.185185184375 0.16795865625 0.1866096875 0.16709733124999998 0.155270653125 0.15848406406249999 0.153846153125 0.1567614140625 0.1894586875 0.13695090468749999 0.1880341875 0.13695090468749999 0.22934473125000002 0.15848406406249999 0.23076923124999998 0.15848406406249999 0.2592592609375
1 0.5021576234375 0.6680982906249999 0.292002584375 0.6680982906249999 0.292002584375 0.8404487171874999 0.5021576234375 0.8404487171874999 0.5021576234375 0.6680982906249999
2 0.39621016249999996 0.7065527046875 0.39621016249999996 0.6709401703125 0.41602067187499997 0.6695156703125 0.41429801875 0.6467236453125 0.39621016249999996 0.6467236453125 0.3944875109375 0.6111111109375 0.38415159375 0.6139601156250001 0.3867355734375 0.64814815 0.36175710625 0.6467236453125 0.36261843125 0.6695156703125 0.383290265625 0.6666666671875 0.382428940625 0.709401709375 0.39621016249999996 0.7065527046875
2 0.3402239453125 0.9002849015625 0.342807925 0.8732193718750001 0.36692506406250003 0.8703703718750001 0.3660637390625 0.8404558421875 0.342807925 0.8433048421875 0.34366925 0.816239315625 0.329888028125 0.8190883203125001 0.329888028125 0.8418803421875 0.307493540625 0.846153846875 0.30835486562500003 0.8732193718750001 0.329888028125 0.8703703718750001 0.334194659375 0.897435896875 0.3402239453125 0.9002849015625
2 0.5185142125 0.669508546875 0.5038630484375 0.669508546875 0.5038630484375 0.77348290625 0.5185142125 0.77348290625 0.5185142125 0.669508546875
2 0.2885400515625 0.6766452984375 0.27218346250000003 0.6766452984375 0.27218346250000003 0.7806196578125 0.2885400515625 0.7806196578125 0.2885400515625 0.6766452984375
1 0.27046511562500003 0.5698076921874999 0.2110335921875 0.5698076921874999 0.2110335921875 0.8447222218749999 0.27046511562500003 0.8447222218749999 0.27046511562500003 0.5698076921874999
2 0.26356589218750004 0.5470299140625 0.20930232499999998 0.5470299140625 0.20930232499999998 0.5655341875000001 0.26356589218750004 0.5655341875000001 0.26356589218750004 0.5470299140625
6 0.36261843125 0.6652421671875001 0.36175710625 0.64957265 0.289405684375 0.652421653125 0.2859603796875 0.2279202265625 0.270456503125 0.2279202265625 0.27304048281250004 0.6794871796875 0.288544359375 0.6794871796875 0.28768303125 0.6638176625 0.36261843125 0.6652421671875001
6 0.27390180937499997 0.545598290625 0.26356589218750004 0.545598290625 0.26356589218750004 0.5669658125 0.27390180937499997 0.5669658125 0.27390180937499997 0.545598290625
2 0.17140396093750002 0.733618234375 0.1963824296875 0.735042734375 0.19552110312499998 0.7621082609375 0.21102497968749998 0.764957265625 0.2101636515625 0.736467234375 0.2265288546875 0.733618234375 0.22825150624999999 0.7136752140625 0.20930232499999998 0.7165242171874999 0.20844100000000002 0.6866096875000001 0.194659775 0.6866096875000001 0.1963824296875 0.7136752140625 0.16968130937499998 0.709401709375 0.17140396093750002 0.733618234375
3 0.13868217031250002 0.1894658125 0.0249870796875 0.1894658125 0.0249870796875 0.22651709375 0.13868217031250002 0.22651709375 0.13868217031250002 0.1894658125
3 0.3359173125 0.1880128203125 0.255813953125 0.1880128203125 0.255813953125 0.22506410312499997 0.3359173125 0.22506410312499997 0.3359173125 0.1880128203125
3 0.4806201546875 0.06267806406250001 0.4806201546875 0.1866096875 0.45391903593749994 0.1880341875 0.45478036250000003 0.2264957265625 0.50301464375 0.2264957265625 0.5047372953125 0.0655270640625 0.4806201546875 0.06267806406250001
3 0.9138630484375 0.0555769234375 0.8914599484375 0.0555769234375 0.8914599484375 0.1894658125 0.9138630484375 0.1894658125 0.9138630484375 0.0555769234375
3 0.9147157625 0.3874786328125 0.8906072343749999 0.3874786328125 0.8906072343749999 0.5669658125 0.9147157625 0.5669658125 0.9147157625 0.3874786328125
3 0.9164470281250001 0.763525640625 0.8914599484375 0.763525640625 0.8914599484375 0.8860470078124999 0.9164470281250001 0.8860470078124999 0.9164470281250001 0.763525640625
0 0.1955167953125 0.5669658125 0.05683462500000001 0.5669658125 0.05683462500000001 0.8404700859374999 0.1955167953125 0.8404700859374999 0.1955167953125 0.5669658125
6 0.19379845 0.685185184375 0.20844100000000002 0.685185184375 0.20844100000000002 0.5484330468749999 0.056847545312500004 0.5441595421875001 0.054263565624999996 0.56695156875 0.19379845 0.56695156875 0.19379845 0.685185184375
6 0.20671834687500001 0.7635470078125 0.1963824296875 0.7635470078125 0.1963824296875 0.84901709375 0.20671834687500001 0.84901709375 0.20671834687500001 0.7635470078125
6 0.3910422046875 0.89458689375 0.40913005937499997 0.89173789375 0.4099913875 0.8703703718750001 0.502153315625 0.8675213671875 0.50301464375 0.89458689375 0.5193798453125 0.89458689375 0.5202411703125 0.8689458671875 0.893195521875 0.8689458671875 0.8949181734374999 0.8418803421875 0.5202411703125 0.8418803421875 0.5193798453125 0.7735042734375 0.50387596875 0.7735042734375 0.50387596875 0.8404558421875 0.36864771875 0.8447293468750001 0.36778639062499996 0.8732193718750001 0.3919035328125 0.8746438765625 0.3910422046875 0.89458689375
6 0.8931912140625 0.45583333281250005 0.625310078125 0.45583333281250005 0.625310078125 0.48715812031250005 0.8931912140625 0.48715812031250005 0.8931912140625 0.45583333281250005
4 0.89232558125 0.11681623906250001 0.517648578125 0.11681623906250001 0.517648578125 0.4601068375 0.89232558125 0.4601068375 0.89232558125 0.11681623906250001
1 0.270456503125 0.11538461562499999 0.121447028125 0.116809115625 0.1162790703125 0.126780628125 0.1162790703125 0.1866096875 0.27390180937499997 0.1894586875 0.2764857875 0.129629628125 0.270456503125 0.11538461562499999
6 0.8923385015624999 0.0712179484375 0.5030103359375 0.0712179484375 0.5030103359375 0.089722221875 0.8923385015624999 0.089722221875 0.8923385015624999 0.0712179484375