3 0.1013758140625 0.398550725 0.09510016875 0.39694041874999997 0.094134684375 0.4009661828125 0.0419985515625 0.4009661828125 0.042481293749999996 0.4355877625 0.052618874999999996 0.4355877625 0.052618874999999996 0.41706924218749997 0.10234129843749999 0.41706924218749997 0.1013758140625 0.398550725
3 0.0521361328125 0.5917874390625 0.042481293749999996 0.590177134375 0.042481293749999996 0.6247987109375 0.09654839531250001 0.6247987109375 0.0970311375 0.44766505624999997 0.090755490625 0.4492753625 0.08979000781249999 0.607085346875 0.053101617187500005 0.6078904984375 0.0521361328125 0.5917874390625
2 0.10523774999999999 0.41545893749999996 0.08013516875 0.41706924218749997 0.082973690625 0.433172303125 0.08061790937499999 0.450080515625 0.10572049218749999 0.44847020937500004 0.10523774999999999 0.41545893749999996
1 0.5753584359375 0.45350241562500004 0.5753584359375 0.4710144921875 0.5670311375 0.46859903437500006 0.5663070234375 0.4583333328125 0.4804996375 0.4583333328125 0.4812237515625 0.6080917875 0.5757204921875 0.6080917875 0.5757204921875 0.6153381640625 0.6626140484375 0.6147343000000001 0.661889934375 0.39009661875 0.8505068796874999 0.39009661875 0.8497827656249999 0.3007246375 0.6086531500000001 0.3019323671875 0.6090152062499999 0.057971014062500006 0.575343953125 0.058574879687500005 0.575343953125 0.373140096875 0.101788559375 0.37318840625 0.10215061562500001 0.41908212499999997 0.09816799375 0.41908212499999997 0.09816799375 0.4541062796875 0.5753584359375 0.45350241562500004
2 0.1317306296875 0.3832528171875 0.135592565625 0.39049919375000003 0.1437991796875 0.39694041874999997 0.14621288906250002 0.39694041874999997 0.14524740625000002 0.3510467 0.11821385468750001 0.3518518515625 0.11773111249999998 0.3679549125 0.11724837031249999 0.399355878125 0.1244895 0.3953301125 0.13076514687500002 0.3888888890625 0.1317306296875 0.3832528171875
2 0.3069659671875 0.382447665625 0.3093796765625 0.38969404218750003 0.317586290625 0.394524959375 0.3214482265625 0.39694041874999997 0.3195172578125 0.3518518515625 0.2924837078125 0.3518518515625 0.292000965625 0.3953301125 0.3002075796875 0.3953301125 0.30310403125 0.3888888890625 0.3069659671875 0.382447665625
2 0.407376296875 0.3840579703125 0.410755490625 0.3888888890625 0.416065653125 0.3953301125 0.42185855625 0.39694041874999997 0.42185855625 0.3526570046875 0.3928940390625 0.3526570046875 0.3919285546875 0.394524959375 0.397238715625 0.396135265625 0.40303162031250006 0.39371980624999997 0.407376296875 0.3840579703125
2 0.1563504703125 0.429951690625 0.15152305 0.4355877625 0.1481438578125 0.44122383281250005 0.14669563125 0.4339774546875 0.13993724375 0.429951690625 0.1341443390625 0.4291465375 0.13462708125 0.47181964687500005 0.162143375 0.4726247984375 0.1635916 0.42592592656250006 0.1563504703125 0.429951690625
2 0.25193338125000003 0.429951690625 0.244209509375 0.4339774546875 0.2413130578125 0.44122383281250005 0.2369683796875 0.433172303125 0.23117547656249998 0.429951690625 0.22634805781249998 0.4283413859375 0.22683079843749998 0.47181964687500005 0.255312575 0.4726247984375 0.256278059375 0.4283413859375 0.25193338125000003 0.429951690625
2 0.34703355 0.4283413859375 0.33930967968750003 0.434782609375 0.3349650015625 0.44122383281250005 0.33110306562499997 0.4371980671875 0.3272411296875 0.4291465375 0.3204827421875 0.4283413859375 0.320965484375 0.4726247984375 0.3499300015625 0.47342995156249995 0.35089548593750003 0.429951690625 0.34703355 0.4283413859375
2 0.4445474296875 0.42753623125000006 0.4368235578125 0.43236715 0.431030653125 0.44122383281250005 0.4300651703125 0.4355877625 0.4233067828125 0.43075684374999995 0.41654839531250004 0.429951690625 0.41654839531250004 0.47181964687500005 0.446478396875 0.47181964687500005 0.446478396875 0.429951690625 0.4445474296875 0.42753623125000006
2 0.6835626359375 0.31078905 0.6864590875000001 0.3180354265625 0.6912865078125 0.32206119218749996 0.6980448953125 0.325281803125 0.6970794109375 0.2801932359375 0.668597634375 0.2801932359375 0.668597634375 0.32367149687499996 0.6748732796875 0.32286634375 0.6792179578125 0.3172302734375 0.6835626359375 0.31078905
2 0.7776973203125 0.31159420312499997 0.7801110296875 0.3180354265625 0.7849384500000001 0.32206119218749996 0.7916968375 0.32608695625 0.7921795796875 0.2801932359375 0.76273231875 0.2801932359375 0.76273231875 0.32286634375 0.769007965625 0.32367149687499996 0.77335264375 0.32045088593750004 0.7776973203125 0.31159420312499997
2 0.8438329703124999 0.32286634375 0.8390055515625001 0.32930756875 0.8361091 0.3365539453125 0.8361091 0.34621578125 0.8616944249999999 0.343800321875 0.8616944249999999 0.3003220609375 0.8356263578125 0.3003220609375 0.835143615625 0.30837359062499997 0.8385228093749999 0.31642512031250003 0.8438329703124999 0.32286634375
2 0.8269370015625 0.3679549125 0.8221095828125 0.377616746875 0.819695871875 0.3719806765625 0.8119719999999999 0.36473429999999996 0.8066618390625001 0.36473429999999996 0.808110065625 0.40821256093749997 0.8356263578125 0.40740740625000005 0.8365918421874999 0.362318840625 0.83272990625 0.36553945312499997 0.8269370015625 0.3679549125
2 0.7439053828125 0.3711755234375 0.74100893125 0.377616746875 0.7405261890625 0.3743961359375 0.7361815109375 0.3687600640625 0.7303886078125 0.36634460468749996 0.7260439296875 0.36553945312499997 0.7274921562500001 0.40821256093749997 0.75597393125 0.40821256093749997 0.7550084484374999 0.36312399375000004 0.7487328015625 0.36634460468749996 0.7439053828125 0.3711755234375
6 0.7371469953124999 0.623993559375 0.7376297375 0.68921095 0.6039102093750001 0.68921095 0.6034274671875 0.6207729468750001 0.6352884375000001 0.6207729468750001 0.634805696875 0.6159420296875 0.600531015625 0.6159420296875 0.6014965 0.68760064375 0.4769490703125 0.68921095 0.476466328125 0.6247987109375 0.47310644531249996 0.623993559375 0.47308713437499994 0.6980676328125 0.74100893125 0.6956521734375001 0.7405261890625 0.622383253125 0.7371469953124999 0.623993559375
5 0.6014989140625 0.622385265625 0.47695148437499996 0.622385265625 0.47695148437499996 0.6884118359375 0.6014989140625 0.6884118359375 0.6014989140625 0.622385265625
2 0.5788076265625001 0.6449275359375 0.5850832734375 0.6384863125 0.5889452078125 0.6336553953124999 0.5903934343749999 0.6409017718750001 0.5966690796874999 0.6449275359375 0.6014965 0.6457326890624999 0.6010137578125 0.601449275 0.5763939171875 0.601449275 0.5739802078125 0.6441223828125 0.5788076265625001 0.6449275359375
2 0.6531498906250001 0.5942028984375 0.649770696875 0.5982286625000001 0.6478397296875 0.605475040625 0.6434950515625 0.5958132046875 0.6372194062500001 0.5917874390625 0.632874728125 0.59259259375 0.6338402125 0.634460546875 0.6623219890625001 0.634460546875 0.66280473125 0.5917874390625 0.658460053125 0.5933977453125 0.6531498906250001 0.5942028984375
3 0.763696596875 0.611920290625 0.6628059375 0.611920290625 0.6628059375 0.621582125 0.763696596875 0.621582125 0.763696596875 0.611920290625
6 0.6648660390625001 0.4691545890625 0.6612454750000001 0.4691545890625 0.6612454750000001 0.607584540625 0.6648660390625001 0.607584540625 0.6648660390625001 0.4691545890625
3 0.6695619109375001 0.4557125609375 0.6613577125 0.4557125609375 0.6613577125 0.4702053140625 0.6695619109375001 0.4702053140625 0.6695619109375001 0.4557125609375
4 0.8047031140625001 0.3962258453125 0.6651737875 0.3962258453125 0.6651737875 0.6108272953125 0.8047031140625001 0.6108272953125 0.8047031140625001 0.3962258453125
6 0.8049573890625 0.6131549609375 0.8082994484375 0.61269045 0.8080209437500001 0.389725009375 0.7548264921875 0.3887959859375 0.7542694812499999 0.3943701234375 0.8052358937499999 0.394834634375 0.8049573890625 0.6131549609375
3 0.763696596875 0.4557125609375 0.755492396875 0.4557125609375 0.755492396875 0.4702053140625 0.763696596875 0.4702053140625 0.763696596875 0.4557125609375
4 0.95340333125 0.39529589375 0.808305575 0.39529589375 0.808305575 0.611298309375 0.95340333125 0.611298309375 0.95340333125 0.39529589375
3 0.85783128125 0.4557125609375 0.8496270812500001 0.4557125609375 0.8496270812500001 0.4702053140625 0.85783128125 0.4702053140625 0.85783128125 0.4557125609375
3 0.952451121875 0.45652173906250004 0.944246921875 0.45652173906250004 0.944246921875 0.4710144921875 0.952451121875 0.4710144921875 0.952451121875 0.45652173906250004
3 0.9592360609374999 0.05574879218749999 0.9539427953124999 0.05574879218749999 0.9539427953124999 0.6229227046875 0.9592360609374999 0.6229227046875 0.9592360609374999 0.05574879218749999
3 0.9678964515624999 0.45652173906250004 0.9596922515624999 0.45652173906250004 0.9596922515624999 0.4710144921875 0.9678964515624999 0.4710144921875 0.9678964515624999 0.45652173906250004
1 0.6621066124999999 0.6809736156249999 0.6841085046875001 0.680509103125 0.68383 0.631270903125 0.66322063125 0.631270903125 0.66322063125 0.6224451875 0.6044560796875 0.6224451875 0.6044560796875 0.6893348203125 0.6623851171874999 0.6888703078125 0.6621066124999999 0.6809736156249999
6 0.6849456921875 0.6257004828125 0.663497465625 0.6257004828125 0.663497465625 0.6298792265625 0.6849456921875 0.6298792265625 0.6849456921875 0.6257004828125
3 0.66907675625 0.6078864734375 0.66087255625 0.6078864734375 0.66087255625 0.6223792265625 0.66907675625 0.6223792265625 0.66907675625 0.6078864734375
3 0.763696596875 0.6078864734375 0.755492396875 0.6078864734375 0.755492396875 0.6223792265625 0.763696596875 0.6223792265625 0.763696596875 0.6078864734375
3 0.8583164375000001 0.609492753125 0.8501122375 0.609492753125 0.8501122375 0.6239855078125001 0.8583164375000001 0.6239855078125001 0.8583164375000001 0.609492753125
3 0.952936278125 0.6086835749999999 0.9447320781249999 0.6086835749999999 0.9447320781249999 0.623176328125 0.952936278125 0.623176328125 0.952936278125 0.6086835749999999
3 0.9678964515624999 0.6078864734375 0.9596922515624999 0.6078864734375 0.9596922515624999 0.6223792265625 0.9678964515624999 0.6223792265625 0.9678964515624999 0.6078864734375
3 0.9678964515624999 0.22061594218749997 0.9596922515624999 0.22061594218749997 0.9596922515624999 0.23510869531249998 0.9678964515624999 0.23510869531249998 0.9678964515624999 0.22061594218749997
4 0.9533707453125 0.05713768125 0.8539427953125 0.05713768125 0.8539427953125 0.389263284375 0.9533707453125 0.389263284375 0.9533707453125 0.05713768125
3 0.9519659671875 0.21980676406250002 0.9437617671874999 0.21980676406250002 0.9437617671874999 0.23429951718750003 0.9519659671875 0.23429951718750003 0.9519659671875 0.21980676406250002
3 0.9683816078125 0.061189614062499995 0.9601774078125 0.061189614062499995 0.9601774078125 0.0813224640625 0.9683816078125 0.0813224640625 0.9683816078125 0.061189614062499995
3 0.9519659671875 0.060380434375 0.9437617671874999 0.060380434375 0.9437617671874999 0.08051328437500001 0.9519659671875 0.08051328437500001 0.9519659671875 0.060380434375
4 0.8495220859374999 0.057596618749999995 0.7603982625000001 0.057596618749999995 0.7603982625000001 0.2935628015625 0.8495220859374999 0.2935628015625 0.8495220859374999 0.057596618749999995
6 0.8498022609375001 0.2331846890625 0.850080765625 0.2940356734375 0.7899236890625 0.2945001859375 0.7899236890625 0.300074321875 0.8531443218750001 0.3005388328125 0.8531443218750001 0.23272017812499998 0.8498022609375001 0.2331846890625
3 0.85783128125 0.22060386406250002 0.8496270812500001 0.22060386406250002 0.8496270812500001 0.23429951718750003 0.85783128125 0.23429951718750003 0.85783128125 0.22060386406250002
4 0.755082715625 0.058528428125 0.6693031796875 0.058992939062500006 0.6693031796875 0.0794314390625 0.6617835453125 0.0794314390625 0.6612265359375 0.058992939062500006 0.613323678125 0.058528428125 0.6124881640625001 0.292642140625 0.7553612203125 0.2931066515625 0.755082715625 0.058528428125
6 0.7637442203125 0.2945001859375 0.7595666453125001 0.295429209375 0.759288140625 0.23364919999999997 0.7559460812500001 0.23364919999999997 0.7559460812500001 0.2940356734375 0.6971815296874999 0.2958937203125 0.6963460140625 0.300074321875 0.7637442203125 0.300074321875 0.7637442203125 0.2945001859375
3 0.763211440625 0.2197946859375 0.755007240625 0.2197946859375 0.755007240625 0.2334903375 0.763211440625 0.2334903375 0.763211440625 0.2197946859375
6 0.612237509375 0.29357116250000004 0.612237509375 0.05759940625 0.6088954484375 0.05759940625 0.609452459375 0.300074321875 0.6696095359375 0.300074321875 0.669052525 0.29357116250000004 0.612237509375 0.29357116250000004
3 0.66907675625 0.2197946859375 0.66087255625 0.2197946859375 0.66087255625 0.2334903375 0.66907675625 0.2334903375 0.66907675625 0.2197946859375
3 0.5749420703125 0.4557004828125 0.566737871875 0.4557004828125 0.566737871875 0.46939613593749996 0.5749420703125 0.46939613593749996 0.5749420703125 0.4557004828125
3 0.4803222296875 0.45650966249999997 0.47211802968749994 0.45650966249999997 0.47211802968749994 0.4702053140625 0.4803222296875 0.4702053140625 0.4803222296875 0.45650966249999997
3 0.4808073859375 0.607874396875 0.47260318593750006 0.607874396875 0.47260318593750006 0.6215700484375 0.4808073859375 0.6215700484375 0.4808073859375 0.607874396875
3 0.575905140625 0.6086835749999999 0.567700940625 0.6086835749999999 0.567700940625 0.6223792265625 0.575905140625 0.6223792265625 0.575905140625 0.6086835749999999
4 0.47471208593750003 0.05804876875 0.3881304546875 0.058977790625000005 0.3881304546875 0.0789517796875 0.380610821875 0.0789517796875 0.37977530625 0.058513279687499996 0.29429655625 0.058513279687499996 0.29429655625 0.0812743359375 0.28538439531250004 0.0803453125 0.28538439531250004 0.058977790625000005 0.201275890625 0.058513279687499996 0.20044037656249997 0.0798808015625 0.1912497109375 0.0798808015625 0.19097120625 0.05804876875 0.103520640625 0.057119746875 0.103464940625 0.366512165625 0.474155075 0.3655831421875 0.47471208593750003 0.05804876875
3 0.38715785625 0.21980676406250002 0.37895365625 0.21980676406250002 0.37895365625 0.23429951718750003 0.38715785625 0.23429951718750003 0.38715785625 0.21980676406250002
3 0.29253801562500004 0.21980676406250002 0.28433381562500004 0.21980676406250002 0.28433381562500004 0.23429951718750003 0.29253801562500004 0.23429951718750003 0.29253801562500004 0.21980676406250002
3 0.19840333125 0.21980676406250002 0.19019913125000001 0.21980676406250002 0.19019913125000001 0.23429951718750003 0.19840333125 0.23429951718750003 0.19840333125 0.21980676406250002
7 0.101129615625 0.2355012078125 0.09416365 0.2355012078125 0.09416365 0.3288707734375 0.101129615625 0.3288707734375 0.101129615625 0.2355012078125
3 0.103783490625 0.22064009687500002 0.09418899375 0.22064009687500002 0.09418899375 0.23513285 0.103783490625 0.23513285 0.103783490625 0.22064009687500002
4 0.1944496734375 0.45940821249999997 0.09725199062499999 0.45940821249999997 0.09725199062499999 0.6108333328125 0.1944496734375 0.6108333328125 0.1944496734375 0.45940821249999997
3 0.10328023125 0.456527778125 0.0970238953125 0.456527778125 0.0970238953125 0.46823067656250006 0.10328023125 0.46823067656250006 0.10328023125 0.456527778125
3 0.197918175 0.45733091718749996 0.189713975 0.45733091718749996 0.189713975 0.46950483125 0.197918175 0.46950483125 0.197918175 0.45733091718749996
6 0.287972484375 0.46823067656250006 0.28462708124999997 0.46823067656250006 0.28462708124999997 0.6099094203125001 0.287972484375 0.6099094203125001 0.287972484375 0.46823067656250006
3 0.29301593125 0.45733695625 0.28481173125 0.45733695625 0.28481173125 0.4690398546875 0.29301593125 0.4690398546875 0.29301593125 0.45733695625
3 0.387150615625 0.45814009687499996 0.37894641562500003 0.45814009687499996 0.37894641562500003 0.46891304375000004 0.387150615625 0.46891304375000004 0.387150615625 0.45814009687499996
3 0.57638305625 0.22061594218749997 0.5681788562500001 0.22061594218749997 0.5681788562500001 0.23510869531249998 0.57638305625 0.23510869531249998 0.57638305625 0.22061594218749997
3 0.47605358437499995 0.233665459375 0.473548153125 0.233665459375 0.473548153125 0.3679045890625 0.47605358437499995 0.3679045890625 0.47605358437499995 0.233665459375
3 0.4803149890625 0.22061594218749997 0.47211078906250004 0.22061594218749997 0.47211078906250004 0.23510869531249998 0.4803149890625 0.23510869531249998 0.4803149890625 0.22061594218749997
2 0.46294955312499997 0.1111111109375 0.4668114890625 0.1167471828125 0.4634322953125 0.12123745781249999 0.46120425625 0.128669640625 0.4615013265625 0.13687600625000002 0.48467294218749996 0.13687600625000002 0.48467294218749996 0.0950080515625 0.4620397703125 0.0952248234375 0.46176126562500003 0.10312151562500001 0.46294955312499997 0.1111111109375
7 0.05261766875 0.43559178750000005 0.046339609375 0.43559178750000005 0.046339609375 0.5901811593749999 0.05261766875 0.5901811593749999 0.05261766875 0.43559178750000005
5 0.0902715421875 0.4186775359375 0.05358073906250001 0.4186775359375 0.05358073906250001 0.6062741546875 0.0902715421875 0.6062741546875 0.0902715421875 0.4186775359375
1 0.65749456875 0.7463768109375 0.668597634375 0.742351046875 0.6797006999999999 0.7367149765625001 0.6854936046875 0.7342995171875 0.6956311859375 0.727053140625 0.7014240890625 0.723832528125 0.7091479609375 0.7181964578125 0.7159063484375 0.7117552328125 0.7216992515625 0.7061191625000001 0.72218199375 0.6956521734375001 0.47501810312500004 0.6996779390625 0.47501810312500004 0.7479871171875 0.6526671484375 0.747181965625 0.65749456875 0.7463768109375
5 0.693217475 0.7318840578125 0.6845281187500001 0.7375201296875 0.6734250546875 0.742351046875 0.6589427953125 0.7479871171875 0.6468742453125 0.7495974234375 0.47308713437499994 0.7495974234375 0.4735698765625 0.75523349375 0.6589427953125 0.7548309171875001 0.6714940859375 0.7512077296874999 0.6850108609375 0.74476650625 0.694182959375 0.740740740625 0.707699734375 0.7310789046874999 0.71687183125 0.722222221875 0.7227204359375 0.7176700109375 0.7260439296875 0.713365540625 0.7263410015625 0.6953734671875 0.723147478125 0.6964573265625 0.7226647359375 0.7085346218749999 0.7139753796874999 0.7173913046875 0.704320540625 0.72463768125 0.693217475 0.7318840578125
5 0.474069515625 0.691624396875 0.4697248375 0.691624396875 0.4697248375 0.7552355078125 0.474069515625 0.7552355078125 0.474069515625 0.691624396875
2 0.4637108 0.1890561140625 0.46816688125 0.1960237828125 0.47206595 0.1960237828125 0.476243525 0.1950947609375 0.475686515625 0.17419175 0.4614827609375 0.172798215625 0.46120425625 0.178372353125 0.4637108 0.1890561140625
0 0.52283128125 0.17512077343750002 0.4764880515625 0.17512077343750002 0.4764880515625 0.21980676406250002 0.52283128125 0.21980676406250002 0.52283128125 0.17512077343750002
2 0.515512728125 0.1899851359375 0.5188547875 0.1950947609375 0.5213613328125 0.195559271875 0.5258174125 0.19463024843750001 0.5258174125 0.17512077343750002 0.5110566484375 0.175585284375 0.512727678125 0.18487551093750001 0.515512728125 0.1899851359375
2 0.586810003125 0.189520625 0.5887595390625 0.1774433296875 0.588202528125 0.1732627265625 0.5723277437500001 0.17512077343750002 0.5720492390625 0.197881828125 0.57929036875 0.197881828125 0.58346794375 0.195559271875 0.586810003125 0.189520625
0 0.49276444062499997 0.3130899296875 0.49582799531250005 0.3126254171875 0.49638500468749996 0.3265607578125 0.5197794250000001 0.3265607578125 0.5200579296875001 0.2740709765625 0.476332646875 0.273606465625 0.476332646875 0.326096246875 0.4930429453125 0.326096246875 0.49276444062499997 0.3130899296875
2 0.48264913906249995 0.2931066515625 0.48626970468749997 0.2870680046875 0.4887762484375 0.2847454484375 0.48933325937500005 0.2773132671875 0.48933325937500005 0.2708101078125 0.476800534375 0.269881084375 0.4765220296875 0.2940356734375 0.47763605 0.2940356734375 0.48264913906249995 0.2931066515625
6 0.52308249375 0.3191192859375 0.5397927921875 0.3181902640625 0.5397927921875 0.314938684375 0.52308249375 0.314938684375 0.5228039890625 0.23364919999999997 0.5205759484375 0.2331846890625 0.5200189390625 0.327480490625 0.4957890046875 0.327480490625 0.49551049999999996 0.31354515156249996 0.49356096406249994 0.3140096625 0.4938394703125 0.3265514671875 0.487712359375 0.32701597968749996 0.487712359375 0.33166109375 0.5205759484375 0.332125603125 0.5197404328124999 0.36649944218749997 0.52308249375 0.36603493125000003 0.52308249375 0.3191192859375
2 0.49685289375 0.2921776296875 0.501587478125 0.2940356734375 0.5046510328125 0.2940356734375 0.5049295375 0.27173912968749997 0.4923968140625 0.2708101078125 0.4923968140625 0.28242289062500003 0.49462485312500004 0.28753251562500004 0.49685289375 0.2921776296875
2 0.5077145875 0.2828874015625 0.5093856171875 0.2866034921875 0.5118921624999999 0.2907840953125 0.5149557171875 0.2931066515625 0.5194117968749999 0.29357116250000004 0.5194117968749999 0.2712746203125 0.5063220625 0.2712746203125 0.5068790734374999 0.27777777812500004 0.5077145875 0.2828874015625
0 0.57187183125 0.27174516875 0.5231317890625 0.27174516875 0.5231317890625 0.3149456515625 0.57187183125 0.3149456515625 0.57187183125 0.27174516875
2 0.526374421875 0.2893905609375 0.5316660171875001 0.292642140625 0.5358435921875 0.29357116250000004 0.5358435921875 0.2712746203125 0.5233108671875 0.2712746203125 0.523589371875 0.27638424375000004 0.5247033921875001 0.28381642500000004 0.526374421875 0.2893905609375
2 0.5405781765625 0.28520995937500004 0.543084721875 0.28985507187500004 0.5475408015625 0.2931066515625 0.551439871875 0.29357116250000004 0.5517183765625 0.269881084375 0.5383501359375 0.2712746203125 0.538907146875 0.28010033437500004 0.5405781765625 0.28520995937500004
2 0.5581239906250001 0.28613898125000004 0.562023059375 0.2907840953125 0.5664791390625 0.29357116250000004 0.5695426953125 0.2940356734375 0.5698212 0.2694165734375 0.5564529609375 0.269881084375 0.5564529609375 0.27638424375000004 0.5581239906250001 0.28613898125000004
2 0.5804043890624999 0.339557784375 0.5826324296875 0.33444816093749996 0.58486046875 0.33166109375 0.586810003125 0.32701597968749996 0.586810003125 0.3181902640625 0.571770734375 0.3181902640625 0.573163259375 0.34048680781249996 0.5756698046875 0.34188034218749996 0.5804043890624999 0.339557784375
2 0.544477246875 0.3887959859375 0.548376315625 0.3915830546875 0.552553890625 0.3915830546875 0.5522753859375 0.3669639546875 0.5397426609375 0.3669639546875 0.5397426609375 0.3767186921875 0.5411351859375 0.3836863625 0.544477246875 0.3887959859375
2 0.48626970468749997 0.38600891875 0.4887762484375 0.3781122265625 0.4887762484375 0.36649944218749997 0.475686515625 0.36649944218749997 0.47485099999999997 0.3915830546875 0.47902857499999996 0.39297658750000003 0.48264913906249995 0.389725009375 0.48626970468749997 0.38600891875
0 0.520068790625 0.33259661875 0.4757892828125 0.33259661875 0.4757892828125 0.3669685984375 0.520068790625 0.3669685984375 0.520068790625 0.33259661875
2 0.48710521875 0.34141583125 0.48849774375 0.33677071718749996 0.48849774375 0.32701597968749996 0.475686515625 0.327945003125 0.475686515625 0.35163507968749996 0.479585584375 0.35163507968749996 0.4834846546875 0.34931252343749997 0.48710521875 0.34141583125
0 0.5518175234375 0.3200603859375 0.5239681390625 0.3200603859375 0.5239681390625 0.3665096625 0.5518175234375 0.3665096625 0.5518175234375 0.3200603859375
2 0.5475408015625 0.337235228125 0.55199688125 0.3386287625 0.552553890625 0.3144741734375 0.5397426609375 0.3144741734375 0.5405781765625 0.3288740234375 0.543084721875 0.33398365 0.5475408015625 0.337235228125
3 0.567588703125 0.22064009687500002 0.4804199859375 0.22064009687500002 0.4804199859375 0.23317632812500003 0.567588703125 0.23317632812500003 0.567588703125 0.22064009687500002
3 0.4726118203125 0.0794314390625 0.48068846406250004 0.0794314390625 0.48068846406250004 0.05759940625 0.4876510890625 0.05759940625 0.48709407968749996 0.029728726562500002 0.466763215625 0.029728726562500002 0.466763215625 0.0580639171875 0.4726118203125 0.058528428125 0.4726118203125 0.0794314390625
3 0.5675820203125 0.0789855078125 0.5756586640625 0.078520996875 0.5753801593750001 0.057153474999999995 0.58150726875 0.057153474999999995 0.5817857734375 0.0292827953125 0.5608979 0.02974730625 0.5608979 0.058082496875 0.567303515625 0.057153474999999995 0.5675820203125 0.0789855078125
3 0.6617167046875 0.07945001874999999 0.6697933484374999 0.0789855078125 0.66951484375 0.057617985937500005 0.675641953125 0.057617985937500005 0.675641953125 0.0450761796875 0.6553110890625 0.0450761796875 0.655032584375 0.057617985937500005 0.6611596937499999 0.0566889640625 0.6617167046875 0.07945001874999999
3 0.763939175 0.07945001874999999 0.763939175 0.057153474999999995 0.7697877796875 0.058547007812499996 0.770066284375 0.0450761796875 0.7497354203125 0.04414715625 0.750013925 0.0566889640625 0.7553055203125 0.0566889640625 0.756141034375 0.0789855078125 0.763939175 0.07945001874999999
3 0.8494402046875 0.0789855078125 0.85751685 0.07945001874999999 0.85751685 0.057617985937500005 0.8639224640625001 0.057153474999999995 0.8639224640625001 0.04461166875 0.8441486109375 0.0450761796875 0.8444271156250001 0.059011518750000005 0.849997215625 0.058547007812499996 0.8494402046875 0.0789855078125
3 0.9444104046874999 0.0613247859375 0.9513730296875 0.0613247859375 0.9513730296875 0.05575065 0.953879575 0.055286139062499996 0.9600066843749999 0.056215162500000006 0.96056369375 0.06271832031249999 0.9686403390624999 0.06271832031249999 0.9683618328125 0.0576086953125 0.9742104375 0.057144184375 0.97448894375 0.045066890625 0.9385617999999999 0.045066890625 0.9385617999999999 0.056215162500000006 0.9446889109375001 0.0566796734375 0.9444104046874999 0.0613247859375
7 0.93856625625 0.0450724640625 0.8639246921874999 0.0450724640625 0.8639246921874999 0.0571497578125 0.93856625625 0.0571497578125 0.93856625625 0.0450724640625
7 0.843877625 0.045531401562500004 0.769518465625 0.045531401562500004 0.769518465625 0.0571497578125 0.843877625 0.0571497578125 0.843877625 0.045531401562500004
7 0.7500181031250001 0.0459903375 0.6756589421875 0.0459903375 0.6756589421875 0.0576086953125 0.7500181031250001 0.0576086953125 0.7500181031250001 0.0459903375
7 0.6556082546875001 0.045531401562500004 0.5812490953125 0.045531401562500004 0.5812490953125 0.0571497578125 0.6556082546875001 0.0571497578125 0.6556082546875001 0.045531401562500004
4 0.47658887187500004 0.169109996875 0.5710020609375001 0.169109996875 0.5715590703125 0.0799238203125 0.567102990625 0.08038833125 0.5668244859375 0.0571627640625 0.5606973765625 0.057627276562499996 0.5598618609375 0.0548402078125 0.4877290703125 0.0548402078125 0.487450565625 0.0585562984375 0.48076644531249996 0.0590208109375 0.48076644531249996 0.079459309375 0.47686737656249994 0.08038833125 0.47658887187500004 0.169109996875
7 0.5617487328124999 0.0492391296875 0.4873895734375 0.0492391296875 0.4873895734375 0.054359903125 0.5617487328124999 0.054359903125 0.5617487328124999 0.0492391296875
7 0.46678131718750004 0.0459903375 0.3924221578125 0.0459903375 0.3924221578125 0.0576086953125 0.46678131718750004 0.0576086953125 0.46678131718750004 0.0459903375
7 0.3729217953125 0.0459903375 0.2985626359375 0.0459903375 0.2985626359375 0.0576086953125 0.3729217953125 0.0576086953125 0.3729217953125 0.0459903375
7 0.2787871109375 0.0450603859375 0.20442795 0.0450603859375 0.20442795 0.05667874375 0.2787871109375 0.05667874375 0.2787871109375 0.0450603859375
7 0.1846343234375 0.0459782609375 0.10860246250000001 0.0459782609375 0.10860246250000001 0.057596618749999995 0.1846343234375 0.057596618749999995 0.1846343234375 0.0459782609375
3 0.37881691093750003 0.078065775 0.38661504999999996 0.078994796875 0.386058040625 0.056233742187500005 0.391628140625 0.057627276562499996 0.3919066453125 0.045549981249999996 0.37352531718750004 0.044620959375000005 0.3726898015625 0.056698253125 0.3782599015625 0.057627276562499996 0.37881691093750003 0.078065775
3 0.28356820625 0.078994796875 0.2922018609375 0.079459309375 0.2922018609375 0.057627276562499996 0.29777196093749997 0.0590208109375 0.298050465625 0.0450854703125 0.2791121265625 0.0450854703125 0.27939063124999997 0.0585562984375 0.284125215625 0.057627276562499996 0.28356820625 0.078994796875
3 0.1896897453125 0.08038833125 0.198902690625 0.0799238203125 0.19806717499999998 0.057627276562499996 0.2050298 0.056698253125 0.2047512953125 0.044620959375000005 0.18581295625 0.0450854703125 0.1860914609375 0.0585562984375 0.18999053125 0.0590208109375 0.1896897453125 0.08038833125
3 0.10196624531250001 0.0785302859375 0.10447279062499999 0.0785302859375 0.10447279062499999 0.0608788546875 0.1011307296875 0.06041434375 0.1014092359375 0.056233742187500005 0.10892887031250001 0.056698253125 0.10892887031250001 0.045549981249999996 0.0936110953125 0.0450854703125 0.093332590625 0.10082682968750001 0.101687740625 0.1012913421875 0.10196624531250001 0.0785302859375
7 0.1011115140625 0.101268115625 0.09442795000000001 0.101268115625 0.09442795000000001 0.220181159375 0.1011115140625 0.220181159375 0.1011115140625 0.101268115625
3 0.101129615625 0.3293357484375 0.0938884859375 0.3293357484375 0.0938884859375 0.37578502343750003 0.101129615625 0.37578502343750003 0.101129615625 0.3293357484375
7 0.10196234687500001 0.3767210140625 0.09583635 0.3767210140625 0.09583635 0.39948671562500004 0.10196234687500001 0.39948671562500004 0.10196234687500001 0.3767210140625
6 0.11839608906250002 0.367433575 0.1011259953125 0.367433575 0.1011259953125 0.3725422703125 0.11839608906250002 0.3725422703125 0.11839608906250002 0.367433575
6 0.29218320000000003 0.3669625609375 0.14568790781250002 0.3669625609375 0.14568790781250002 0.37207125625000004 0.29218320000000003 0.37207125625000004 0.29218320000000003 0.3669625609375
6 0.39299058593749997 0.366497584375 0.31946415625 0.366497584375 0.31946415625 0.3720772953125 0.39299058593749997 0.3720772953125 0.39299058593749997 0.366497584375
6 0.47513758125 0.366956521875 0.4202715421875 0.366956521875 0.4202715421875 0.37253623125 0.47513758125 0.37253623125 0.47513758125 0.366956521875
6 0.4186060828125 0.4542874390625 0.349257784375 0.4542874390625 0.349257784375 0.458007246875 0.4186060828125 0.458007246875 0.4186060828125 0.4542874390625
6 0.32279869687499996 0.4538224640625 0.25484069531250003 0.4538224640625 0.25484069531250003 0.458472221875 0.32279869687499996 0.458472221875 0.32279869687499996 0.4538224640625
6 0.575119478125 0.453828503125 0.44505430781250005 0.453828503125 0.44505430781250005 0.458007246875 0.575119478125 0.458007246875 0.575119478125 0.453828503125
6 0.13535843593750002 0.4542874390625 0.09692252031250001 0.4542874390625 0.09692252031250001 0.458007246875 0.13535843593750002 0.458007246875 0.13535843593750002 0.4542874390625
6 0.227262853125 0.45336352656249995 0.1618175234375 0.45336352656249995 0.1618175234375 0.45801328437500005 0.227262853125 0.45801328437500005 0.227262853125 0.45336352656249995
6 0.1971832 0.46775966249999995 0.19495293281249998 0.46775966249999995 0.19495293281249998 0.60943840625 0.1971832 0.60943840625 0.1971832 0.46775966249999995
6 0.3860065171875 0.46775966249999995 0.384058653125 0.46775966249999995 0.384058653125 0.60943840625 0.3860065171875 0.60943840625 0.3860065171875 0.46775966249999995
3 0.10350470625 0.6078381640625 0.0961332375 0.6078381640625 0.0961332375 0.6200120765625 0.10350470625 0.6200120765625 0.10350470625 0.6078381640625
3 0.197364228125 0.608768115625 0.189992759375 0.608768115625 0.189992759375 0.6209420296875 0.197364228125 0.6209420296875 0.197364228125 0.608768115625
3 0.29233164375 0.6096980671875001 0.2849601734375 0.6096980671875001 0.2849601734375 0.62187198125 0.29233164375 0.62187198125 0.29233164375 0.6096980671875001
3 0.386466328125 0.608768115625 0.379094859375 0.608768115625 0.379094859375 0.6209420296875 0.386466328125 0.6209420296875 0.386466328125 0.608768115625
7 0.4726285296875 0.6122584546875001 0.386850109375 0.6122584546875001 0.386850109375 0.6243357484375001 0.4726285296875 0.6243357484375001 0.4726285296875 0.6122584546875001
7 0.3784938453125 0.6117995171875 0.2927154234375 0.6117995171875 0.2927154234375 0.6238768109375 0.3784938453125 0.6238768109375 0.3784938453125 0.6117995171875
7 0.284359159375 0.6127173906250001 0.1985807390625 0.6127173906250001 0.1985807390625 0.6247946859375 0.284359159375 0.6247946859375 0.284359159375 0.6127173906250001
7 0.1896669078125 0.6122584546875001 0.1038884859375 0.6122584546875001 0.1038884859375 0.6243357484375001 0.1896669078125 0.6243357484375001 0.1896669078125 0.6122584546875001
4 0.28412744375 0.45986715 0.198349021875 0.45986715 0.198349021875 0.6112922703125 0.28412744375 0.6112922703125 0.28412744375 0.45986715
4 0.3835553953125 0.45986715 0.289145546875 0.45986715 0.289145546875 0.6112922703125 0.3835553953125 0.6112922703125 0.3835553953125 0.45986715
4 0.47685372968750006 0.45986715 0.3866220125 0.45986715 0.3866220125 0.6112922703125 0.47685372968750006 0.6112922703125 0.47685372968750006 0.45986715
6 0.48103548125 0.46775966249999995 0.47853005 0.46775966249999995 0.47853005 0.60943840625 0.48103548125 0.60943840625 0.48103548125 0.46775966249999995
3 0.5676574953125 0.607584540625 0.48132150625000003 0.607584540625 0.48132150625000003 0.6215217390625 0.5676574953125 0.6215217390625 0.5676574953125 0.607584540625
7 0.8495039828125 0.6122343 0.764283128125 0.6122343 0.764283128125 0.62431159375 0.8495039828125 0.62431159375 0.8495039828125 0.6122343
7 0.9441998546875 0.6113103859375 0.858696596875 0.6113103859375 0.858696596875 0.6243176328125 0.9441998546875 0.6243176328125 0.9441998546875 0.6113103859375
3 0.9767849390625001 0.6117753625 0.968428675 0.6117753625 0.968428675 0.62431159375 0.9767849390625001 0.62431159375 0.9767849390625001 0.6117753625
3 0.47658887187500004 0.1370587140625 0.47352531718749996 0.1375232265625 0.47352531718749996 0.17514864375 0.5751796359375 0.1742196203125 0.5751796359375 0.078994796875 0.571837575 0.078994796875 0.5715590703125 0.1695745078125 0.476310365625 0.1695745078125 0.47658887187500004 0.1370587140625
6 0.476314265625 0.0803864734375 0.47408399687499997 0.0803864734375 0.47408399687499997 0.098961353125 0.476314265625 0.098961353125 0.476314265625 0.0803864734375
3 0.4763323671875 0.19602053125000002 0.47326937031250005 0.19602053125000002 0.47326937031250005 0.221105071875 0.4763323671875 0.221105071875 0.4763323671875 0.19602053125000002
3 0.575191890625 0.23365338125 0.5718464875 0.23365338125 0.5718464875 0.31726449218749997 0.575191890625 0.31726449218749997 0.575191890625 0.23365338125
3 0.539543809375 0.3665036234375 0.4885807390625 0.3665036234375 0.4885807390625 0.37161231875 0.539543809375 0.37161231875 0.539543809375 0.3665036234375
0 0.571314265625 0.319589371875 0.5548841421875 0.319589371875 0.5548841421875 0.365579709375 0.571314265625 0.365579709375 0.571314265625 0.319589371875
6 0.552325515625 0.3140096625 0.5520470109375 0.3669639546875 0.5548320609374999 0.36510590781249996 0.5548320609374999 0.318654775 0.571820865625 0.318654775 0.571820865625 0.3154031953125 0.552325515625 0.3140096625
3 0.5751796359375 0.3390932734375 0.5715590703125 0.3386287625 0.571837575 0.36649944218749997 0.5515067124999999 0.36649944218749997 0.5517852171875 0.372073578125 0.5751796359375 0.372073578125 0.5751796359375 0.3390932734375
6 0.5258979 0.19463768125 0.523110065625 0.19463768125 0.523110065625 0.21925120781250002 0.5258979 0.21925120781250002 0.5258979 0.19463768125
0 0.5383997109374999 0.1757246375 0.526451846875 0.1757246375 0.526451846875 0.21980676406250002 0.5383997109374999 0.21980676406250002 0.5383997109374999 0.1757246375
6 0.5414880515625 0.175114734375 0.5384250546875 0.175114734375 0.5384250546875 0.22017512031250003 0.5414880515625 0.22017512031250003 0.5414880515625 0.175114734375
0 0.48915640781249997 0.23412439687500003 0.4766220125 0.23412439687500003 0.4766220125 0.27174516875 0.48915640781249997 0.27174516875 0.48915640781249997 0.23412439687500003
6 0.49191890000000005 0.23364734375 0.48968863125000006 0.23364734375 0.48968863125000006 0.275917875 0.49191890000000005 0.275917875 0.49191890000000005 0.23364734375
0 0.50447501875 0.23412439687500003 0.4922230265625 0.23412439687500003 0.4922230265625 0.27174516875 0.50447501875 0.27174516875 0.50447501875 0.23412439687500003
6 0.5069587249999999 0.23318840624999998 0.5047284578125 0.23318840624999998 0.5047284578125 0.273140096875 0.5069587249999999 0.273140096875 0.5069587249999999 0.23318840624999998
6 0.538149890625 0.23364734375 0.5362020281250001 0.23364734375 0.5362020281250001 0.273599034375 0.538149890625 0.273599034375 0.538149890625 0.23364734375
6 0.5539798359375 0.269881084375 0.5539798359375 0.23364919999999997 0.551751796875 0.23272017812499998 0.5511947859374999 0.2745261984375 0.557043390625 0.2745261984375 0.5564863812499999 0.27034559687500004 0.5539798359375 0.269881084375
6 0.5720782046874999 0.26988526562500004 0.5687328015625 0.26988526562500004 0.5687328015625 0.2749939609375 0.5720782046874999 0.2749939609375 0.5720782046874999 0.26988526562500004
0 0.520068790625 0.23412439687500003 0.5075343953125 0.23412439687500003 0.5075343953125 0.27128623125 0.520068790625 0.27128623125 0.520068790625 0.23412439687500003
0 0.535666184375 0.23412439687500003 0.5231317890625 0.23412439687500003 0.5231317890625 0.27128623125 0.535666184375 0.27128623125 0.535666184375 0.23412439687500003
0 0.550706009375 0.23412439687500003 0.5381716140624999 0.23412439687500003 0.5381716140624999 0.27128623125 0.550706009375 0.27128623125 0.550706009375 0.23412439687500003
0 0.57159666875 0.23412439687500003 0.5543265749999999 0.23412439687500003 0.5543265749999999 0.27128623125 0.57159666875 0.27128623125 0.57159666875 0.23412439687500003
6 0.7590115859375001 0.07850845468749999 0.7559485875 0.07850845468749999 0.7559485875 0.2206461359375 0.7590115859375001 0.2206461359375 0.7590115859375001 0.07850845468749999
6 0.8520347578124999 0.078967390625 0.8498044890625 0.078967390625 0.8498044890625 0.2206461359375 0.8520347578124999 0.2206461359375 0.8520347578124999 0.078967390625
6 0.7283685171875 0.39576365625 0.728647021875 0.39065403125 0.6618058265625 0.389725009375 0.661248815625 0.45522110781249997 0.6645908765625 0.4561501296875 0.6648693812500001 0.3952991453125 0.7283685171875 0.39576365625
6 0.9534005453125 0.3901895203125 0.85341725625 0.389725009375 0.8531387515625 0.34559643281249997 0.850075196875 0.345131921875 0.8503537015625 0.3901895203125 0.8355929375000001 0.3901895203125 0.8353144328125 0.3952991453125 0.953122040625 0.39576365625 0.9534005453125 0.3901895203125
6 0.9770745843749999 0.3897282609375 0.9586965968750001 0.3897282609375 0.9586965968750001 0.39483695625 0.9770745843749999 0.39483695625 0.9770745843749999 0.3897282609375
6 0.7153010640625 0.6819026390625 0.687172059375 0.6819026390625 0.687172059375 0.6721479015625 0.684665515625 0.670754365625 0.684665515625 0.6856187296875 0.71836461875 0.68468970625 0.7180861140625 0.62476774375 0.684665515625 0.62523225625 0.6841085046875001 0.64009661875 0.6868935546875 0.6396321078125 0.6868935546875 0.6298773703125 0.714744053125 0.6294128578125 0.7153010640625 0.6819026390625
6 0.6846632875 0.681431159375 0.6629398984375 0.681431159375 0.6629398984375 0.6860809171875 0.6846632875 0.6860809171875 0.6846632875 0.681431159375
2 0.6866111515625 0.64055555625 0.6841057203124999 0.64055555625 0.6841057203124999 0.6702898546875 0.6866111515625 0.6702898546875 0.6866111515625 0.64055555625
0 0.5720709625 0.175084540625 0.54238233125 0.175084540625 0.54238233125 0.21916666718750002 0.5720709625 0.21916666718750002 0.5720709625 0.175084540625