3 0.9482632875 0.55844444375 0.9164833124999999 0.55844444375 0.9164833124999999 0.629151515625 0.9482632875 0.629151515625 0.9482632875 0.55844444375
3 0.9491470953125001 0.7402626265625 0.9147095171874999 0.7402626265625 0.9147095171874999 0.8152929296875 0.9491470953125001 0.8152929296875 0.9491470953125001 0.7402626265625
6 0.8749752781250001 0.5194848484375 0.8087577250000001 0.5194848484375 0.8087577250000001 0.5425757578125 0.8749752781250001 0.5425757578125 0.8749752781250001 0.5194848484375
1 0.7559703343749999 0.14141414218749998 0.5067985171875 0.14141414218749998 0.5067985171875 0.21478787812500003 0.7559703343749999 0.21478787812500003 0.7559703343749999 0.14141414218749998
7 0.5880284296875 0.10533333281249999 0.5500679859375001 0.10533333281249999 0.5500679859375001 0.14141414218749998 0.5880284296875 0.14141414218749998 0.5880284296875 0.10533333281249999
7 0.7116378250000001 0.1082323234375 0.6736773796875 0.1082323234375 0.6736773796875 0.1414242421875 0.7116378250000001 0.1414242421875 0.7116378250000001 0.1082323234375
3 0.3409016984375 0.20733652343750003 0.2530739703125 0.20733652343750003 0.253724546875 0.0414673046875 0.1828117890625 0.040404040625 0.1821612125 0.07230196718750001 0.235508425 0.06911217343750001 0.2368095765625 0.1998936734375 0.130765728125 0.1998936734375 0.1301151515625 0.1850079734375 0.11385075781250001 0.1839447109375 0.11189903125 0.195640615625 0.055949515625 0.195640615625 0.055949515625 0.28389154687499996 0.0624552734375 0.2849548125 0.061154121875 0.29877724687499996 0.0813219703125 0.3009037734375 0.0819725453125 0.237107921875 0.3409016984375 0.237107921875 0.3409016984375 0.20733652343750003
1 0.23485166875000002 0.0733535359375 0.1327132265625 0.0733535359375 0.1327132265625 0.2009494953125 0.23485166875000002 0.2009494953125 0.23485166875000002 0.0733535359375
7 0.18188504375 0.0389595953125 0.1430346109375 0.0389595953125 0.1430346109375 0.072151515625 0.18188504375 0.072151515625 0.18188504375 0.0389595953125
3 0.8789278515625 0.1945773515625 0.7553184578125001 0.1977671453125 0.7566196078125 0.2339181296875 0.8561577 0.2339181296875 0.8555071234374999 0.29239766093749997 0.8711209421874999 0.29239766093749997 0.8717715171875 0.2658160546875 0.880229003125 0.2658160546875 0.8789278515625 0.1945773515625
2 0.784919653125 0.147186146875 0.7699099421875 0.14574314531250002 0.7549002296875 0.14862915000000002 0.755783153125 0.19480519375 0.771675790625 0.1976911984375 0.7902171984375 0.1645021640625 0.784919653125 0.147186146875
5 0.1106056859375 0.0403939390625 0.07807169375 0.0403939390625 0.07807169375 0.19350505 0.1106056859375 0.19350505 0.1106056859375 0.0403939390625
2 0.0975863640625 0.1573631046875 0.115151909375 0.1839447109375 0.1301151515625 0.1839447109375 0.130765728125 0.1446039328125 0.11450133437500001 0.1403508765625 0.1008392421875 0.1467304625 0.0975863640625 0.1573631046875
2 0.361069546875 0.8335991500000001 0.3649730015625 0.824029771875 0.3675753046875 0.8325358843749999 0.371478759375 0.8410419984375 0.39099603125 0.8112706 0.39164660625000003 0.7857522578125 0.33829939531250003 0.78362573125 0.33829939531250003 0.8091440734375 0.3571660921875 0.8431685265625 0.361069546875 0.8335991500000001
2 0.8867347609375 0.70281765 0.8873853359374999 0.6943115375 0.8821807312500001 0.6879319515625 0.8769761234375 0.6836788953124999 0.8828313046874999 0.6794258359375001 0.8873853359374999 0.673046253125 0.87242209375 0.6475279109375001 0.8542059734375 0.648591175 0.8542059734375 0.7283359921875 0.8672174874999999 0.7283359921875 0.8867347609375 0.70281765
2 0.8932405171875001 0.480595428125 0.8828313046874999 0.46889952187499995 0.876325546875 0.45933014375000003 0.856808275 0.4635832 0.8561577 0.5188729390625 0.8776267000000001 0.5199362046875 0.8951922453125001 0.4922913359375 0.8932405171875001 0.480595428125
1 0.5900722140625 0.7814992015625 0.8529048203125 0.7804359375 0.8522542453125 0.542264753125 0.7553184578125001 0.54439128125 0.7540173046875001 0.5007974484375 0.6089389109375001 0.5018607125 0.606987184375 0.517809675 0.590722790625 0.5188729390625 0.5900722140625 0.7814992015625
2 0.79305185 0.5624667734375 0.8093162453125 0.5337586390625 0.8093162453125 0.5188729390625 0.773534578125 0.5188729390625 0.7748357296874999 0.5358851671875 0.7826426390625 0.5465178093749999 0.79305185 0.5624667734375
2 0.7149827609375 0.5284423171875 0.731247153125 0.5018607125 0.731247153125 0.4880382765625 0.708477003125 0.4891015421875 0.7058747000000001 0.499734184375 0.709127578125 0.5167464125000001 0.7149827609375 0.5284423171875
2 0.6538286375 0.5146198828124999 0.6603343953125 0.5273790546875 0.6746470625 0.5007974484375 0.6746470625 0.4891015421875 0.6518769109375 0.48697501406250004 0.6518769109375 0.4976076546875 0.6538286375 0.5146198828124999
6 0.651226334375 0.4891015421875 0.6460217296875 0.4880382765625 0.6466723046875 0.3944710265625 0.7000195171875 0.3934077609375 0.6993689421875 0.48697501406250004 0.6739964875 0.48697501406250004 0.6752976375 0.4976076546875 0.708477003125 0.4976076546875 0.708477003125 0.4891015421875 0.703922971875 0.48484848437499994 0.703922971875 0.3944710265625 0.75466788125 0.3944710265625 0.7540173046875001 0.3859649125 0.6453711531249999 0.38702817500000003 0.6453711531249999 0.38064859218749997 0.6408171234375 0.3817118546875 0.6408171234375 0.48697501406250004 0.6056860328125 0.4880382765625 0.6056860328125 0.499734184375 0.651226334375 0.49867091874999997 0.651226334375 0.4891015421875
0 0.6401606921874999 0.23710100937499998 0.590716934375 0.23710100937499998 0.590716934375 0.484838384375 0.6401606921874999 0.484838384375 0.6401606921874999 0.23710100937499998
2 0.6252033046875 0.34981392968749997 0.6245527296875 0.357256778125 0.6395159718750001 0.3795853265625 0.64732288125 0.38064859218749997 0.64732288125 0.3444976078125 0.642118275 0.3413078140625 0.6323596375 0.3444976078125 0.6252033046875 0.34981392968749997
0 0.7546662546875 0.2371111109375 0.7045673671875 0.2371111109375 0.7045673671875 0.31791919218750003 0.7546662546875 0.31791919218750003 0.7546662546875 0.2371111109375
0 0.7553152046875 0.33280808125 0.705871446875 0.33280808125 0.705871446875 0.383838384375 0.7553152046875 0.383838384375 0.7553152046875 0.33280808125
2 0.7214885171875001 0.29239766093749997 0.7058747000000001 0.3179160015625 0.706525275 0.32854864375 0.7292954265625 0.32854864375 0.7292954265625 0.3168527375 0.7273437 0.29877724687499996 0.7214885171875001 0.29239766093749997
6 0.646019778125 0.234969696875 0.6414709515625 0.234969696875 0.6414709515625 0.34555555625 0.646019778125 0.34555555625 0.646019778125 0.234969696875
1 0.6961124843750001 0.3296161609375 0.647966625 0.3296161609375 0.647966625 0.383838384375 0.6961124843750001 0.383838384375 0.6961124843750001 0.3296161609375
2 0.663587275 0.353003721875 0.6707436078125 0.3455608734375 0.671394184375 0.3359914921875 0.6700930328125 0.31897926718749997 0.64732288125 0.31897926718749997 0.6486240328124999 0.333864965625 0.6577320921875 0.3444976078125 0.663587275 0.353003721875
2 0.6811528203125 0.35619351250000003 0.698067790625 0.38490164843749997 0.7045735468750001 0.3859649125 0.7045735468750001 0.3487506640625 0.6974172140625 0.3455608734375 0.688309153125 0.3487506640625 0.6811528203125 0.35619351250000003
4 0.581613103125 0.2349898984375 0.08197157031249999 0.2349898984375 0.08197157031249999 0.7836363640624999 0.581613103125 0.7836363640624999 0.581613103125 0.2349898984375
2 0.5640491828124999 0.458266878125 0.5796630015625001 0.48378522031250004 0.5900722140625 0.48591175 0.5881204875 0.4433811796875 0.5803135765625 0.442317915625 0.569253790625 0.44763423593749996 0.5640491828124999 0.458266878125
2 0.6043848796875 0.6092503984375 0.5985296984375 0.6092503984375 0.6037343046875 0.6028708140625 0.6115412140625 0.596491228125 0.5894216375 0.5667198296875 0.5816147296875 0.5667198296875 0.5816147296875 0.6496544390625 0.5900722140625 0.648591175 0.606987184375 0.619883040625 0.6043848796875 0.6092503984375
7 0.87307169375 0.29345454531250004 0.8535537703125 0.29345454531250004 0.8535537703125 0.38064646406249997 0.87307169375 0.38064646406249997 0.87307169375 0.29345454531250004
5 0.8542027187500001 0.2349898984375 0.769629171875 0.2349898984375 0.769629171875 0.51781818125 0.8542027187500001 0.51781818125 0.8542027187500001 0.2349898984375
3 0.8717715171875 0.3817118546875 0.8542059734375 0.3817118546875 0.8555071234374999 0.46145667343749996 0.880229003125 0.4625199359375 0.8789278515625 0.40935672500000003 0.8711209421874999 0.4072301953125 0.8717715171875 0.3817118546875
3 0.6141435171875 0.819776715625 0.6583826687500001 0.819776715625 0.6583826687500001 0.8133971296875 0.688309153125 0.8133971296875 0.6876585765625001 0.7846889953125 0.553639971875 0.78362573125 0.554941121875 0.8261562984375 0.6141435171875 0.8272195640625 0.6141435171875 0.819776715625
7 0.8698145859374999 0.5390707078125 0.8529048203125 0.5390707078125 0.8529048203125 0.6475151515625 0.8698145859374999 0.6475151515625 0.8698145859374999 0.5390707078125
7 0.6889597296875001 0.8144603937499999 0.87242209375 0.8123338640625001 0.87242209375 0.7283359921875 0.8542059734375 0.7251461984375001 0.8535553968749999 0.78362573125 0.6889597296875001 0.7846889953125 0.6889597296875001 0.8144603937499999
3 0.40921215312500003 0.8633705468749999 0.44889727500000004 0.8654970765625001 0.44759612187500003 0.7857522578125 0.39164660625000003 0.7846889953125 0.39099603125 0.8133971296875 0.4079110015625 0.8112706 0.40921215312500003 0.8633705468749999
3 0.32138442500000003 0.8133971296875 0.33764881875 0.8133971296875 0.33764881875 0.78362573125 0.2803981515625 0.78362573125 0.281048728125 0.8644338125000001 0.3207338484375 0.8623072828125 0.32138442500000003 0.8133971296875
3 0.064407 0.7070707078125 0.0631058484375 0.72195640625 0.05660009218749999 0.7230196703125 0.0552989390625 0.8123338640625001 0.1158024859375 0.8133971296875 0.1164530609375 0.8272195640625 0.1743543046875 0.8250930359374999 0.17370372812499998 0.78362573125 0.08067139375 0.78362573125 0.0813219703125 0.7070707078125 0.064407 0.7070707078125
3 0.25697775 0.48697979843750006 0.2374598265625 0.48697979843750006 0.2374598265625 0.5188787875 0.25697775 0.5188787875 0.25697775 0.48697979843750006
3 0.4306798515625 0.48911111093750004 0.41050679843750004 0.48911111093750004 0.41050679843750004 0.51993939375 0.4306798515625 0.51993939375 0.4306798515625 0.48911111093750004
6 0.58876390625 0.51780808125 0.5822620515625 0.51780808125 0.5822620515625 0.5667171718749999 0.58876390625 0.5667171718749999 0.58876390625 0.51780808125
3 0.6050370828125 0.48804040468750004 0.58356613125 0.48804040468750004 0.58356613125 0.5188686875 0.6050370828125 0.5188686875 0.6050370828125 0.48804040468750004
3 0.05660009218749999 0.4625199359375 0.0552989390625 0.5465178093749999 0.0631058484375 0.547581075 0.0631058484375 0.5624667734375 0.0813219703125 0.561403509375 0.08067139375 0.4465709734375 0.0650575765625 0.4486975015625 0.0637564234375 0.4625199359375 0.05660009218749999 0.4625199359375
3 0.131416303125 0.07230196718750001 0.1431266671875 0.071238703125 0.1431266671875 0.0414673046875 0.1112484546875 0.040404040625 0.1112484546875 0.1446039328125 0.130765728125 0.1446039328125 0.131416303125 0.07230196718750001
3 0.39359703281249997 0.205212121875 0.37668726874999997 0.205212121875 0.37668726874999997 0.23604040468749998 0.39359703281249997 0.23604040468749998 0.39359703281249997 0.205212121875
3 0.44629171875000007 0.20628282812499998 0.42938195312499994 0.20628282812499998 0.42938195312499994 0.2371111109375 0.44629171875000007 0.2371111109375 0.44629171875000007 0.20628282812499998
5 0.30381952968750003 0.0404141421875 0.2563288015625 0.0404141421875 0.2563288015625 0.20734343437499997 0.30381952968750003 0.20734343437499997 0.30381952968750003 0.0404141421875
7 0.081316440625 0.299838384375 0.0617985171875 0.299838384375 0.0617985171875 0.4476363640625 0.081316440625 0.4476363640625 0.081316440625 0.299838384375
7 0.08197157031249999 0.5624545453125 0.062453646875000005 0.5624545453125 0.062453646875000005 0.7081313125 0.08197157031249999 0.7081313125 0.08197157031249999 0.5624545453125
7 0.28104450000000003 0.78256565625 0.173046971875 0.78256565625 0.173046971875 0.8165858578125 0.28104450000000003 0.8165858578125 0.28104450000000003 0.78256565625
7 0.5555871453125001 0.7836262625 0.44824474687500004 0.7836262625 0.44824474687500004 0.8155252531249999 0.5555871453125001 0.8155252531249999 0.5555871453125001 0.7836262625
7 0.3773362171875 0.2062626265625 0.34090852968749996 0.2062626265625 0.34090852968749996 0.23604040468749998 0.3773362171875 0.23604040468749998 0.3773362171875 0.2062626265625
7 0.42938195312499994 0.205212121875 0.3942521625 0.205212121875 0.3942521625 0.23604040468749998 0.42938195312499994 0.23604040468749998 0.42938195312499994 0.205212121875
7 0.48272558749999994 0.205212121875 0.44694066718750003 0.205212121875 0.44694066718750003 0.23604040468749998 0.48272558749999994 0.23604040468749998 0.48272558749999994 0.205212121875
3 0.5497365171874999 0.1403508765625 0.5497365171874999 0.10101010156250001 0.48337779062499997 0.102073365625 0.48402836406249994 0.23285486406250003 0.5054973640625 0.2349813921875 0.5054973640625 0.14141414218749998 0.5497365171874999 0.1403508765625
3 0.673343634375 0.1042020203125 0.5900679859375 0.1042020203125 0.5900679859375 0.14141414218749998 0.673343634375 0.14141414218749998 0.673343634375 0.1042020203125
3 0.7754882578125 0.10207070781250001 0.71173053125 0.10207070781250001 0.71173053125 0.144595959375 0.7754882578125 0.144595959375 0.7754882578125 0.10207070781250001
6 0.7559703343749999 0.216898990625 0.5067985171875 0.216898990625 0.5067985171875 0.2349797984375 0.7559703343749999 0.2349797984375 0.7559703343749999 0.216898990625
6 0.7553184578125001 0.2339181296875 0.75466788125 0.542264753125 0.773534578125 0.5412014890625 0.7728840031249999 0.5199362046875 0.768329971875 0.52099946875 0.768329971875 0.23604465624999998 0.7553184578125001 0.2339181296875
6 0.698067790625 0.3487506640625 0.7045735468750001 0.3487506640625 0.703922971875 0.32961190937499996 0.7078264265625 0.3306751734375 0.7071758499999999 0.32004253125000004 0.7032723953125 0.32004253125000004 0.7032723953125 0.237107921875 0.698718365625 0.2349813921875 0.6974172140625 0.31897926718749997 0.6700930328125 0.31897926718749997 0.66944245625 0.3306751734375 0.6974172140625 0.3306751734375 0.698067790625 0.3487506640625
6 0.7559703343749999 0.318969696875 0.7292954265625 0.318969696875 0.7292954265625 0.3285454546875 0.7559703343749999 0.3285454546875 0.7559703343749999 0.318969696875
6 0.5887700859375 0.23391919218749999 0.58356613125 0.23391919218749999 0.58356613125 0.294525253125 0.5887700859375 0.294525253125 0.5887700859375 0.23391919218749999
6 0.5887700859375 0.3466262625 0.58356613125 0.3466262625 0.58356613125 0.44444444375 0.5887700859375 0.44444444375 0.5887700859375 0.3466262625
6 0.5894190359375 0.650717171875 0.581606921875 0.650717171875 0.581606921875 0.7836262625 0.5894190359375 0.7836262625 0.5894190359375 0.650717171875
2 0.58876390625 0.2923939390625 0.5822620515625 0.2923939390625 0.5822620515625 0.3487373734375 0.58876390625 0.3487373734375 0.58876390625 0.2923939390625
0 0.754672434375 0.39659595937500003 0.705228678125 0.39659595937500003 0.705228678125 0.489101009375 0.754672434375 0.489101009375 0.754672434375 0.39659595937500003
0 0.69807169375 0.39552525312500003 0.6466749078125 0.39552525312500003 0.6466749078125 0.48803030312500006 0.69807169375 0.48803030312500006 0.69807169375 0.39552525312500003
1 0.6967676140625 0.2371111109375 0.6479789859375 0.2371111109375 0.6479789859375 0.31791919218750003 0.6967676140625 0.31791919218750003 0.6967676140625 0.2371111109375
5 0.9160106703125 0.7400318968749999 0.9491900328125 0.7410951609375 0.9511417609375 0.7517278046875 0.9602498203125001 0.7517278046875 0.9602498203125001 0.618819775 0.949840609375 0.618819775 0.9478888812499999 0.62838915625 0.9160106703125 0.62838915625 0.9160106703125 0.7400318968749999
5 0.8795784265625001 0.26687931875 0.8717715171875 0.26687931875 0.8717715171875 0.4082934609375 0.8795784265625001 0.40935672500000003 0.8795784265625001 0.442317915625 0.9147095171874999 0.4401913875 0.912757790625 0.1456671984375 0.8737232453124999 0.1456671984375 0.8737232453124999 0.1903242953125 0.8789278515625 0.1945773515625 0.8795784265625001 0.26687931875
1 0.875024396875 0.8091440734375 0.9160106703125 0.8091440734375 0.9140589421875 0.442317915625 0.880229003125 0.442317915625 0.8789278515625 0.5497076015625 0.8717715171875 0.5497076015625 0.875024396875 0.8091440734375
5 0.4148393078125 0.8716565656249999 0.315988875 0.8716565656249999 0.315988875 0.9468888890624999 0.4148393078125 0.9468888890624999 0.4148393078125 0.8716565656249999
1 0.1695380890625 0.9328018953124999 0.319099184375 0.9345003859375 0.31905818125 0.8618942296875 0.2810572046875 0.8647314921874999 0.28181457499999996 0.8168614546875 0.175194346875 0.8160163125000001 0.1754395515625 0.8277898468749999 0.168581371875 0.8274729109375001 0.1695380890625 0.9328018953124999
1 0.44816884375 0.8662058125 0.4104563859375 0.8642768359374999 0.410678303125 0.9334558359375 0.5590026765625 0.933440490625 0.5602933921875 0.8262215749999999 0.5538567296875 0.826905509375 0.5538228125 0.8149400078125 0.44708776562499997 0.815834746875 0.44816884375 0.8662058125