4 0.24488342031250002 0.0495245171875 0.0407124359375 0.0495245171875 0.0407124359375 0.2646211 0.24488342031250002 0.2646211 0.24488342031250002 0.0495245171875
7 0.1208937828125 0.026745914062499997 0.071670984375 0.026745914062499997 0.071670984375 0.047548290625 0.1208937828125 0.047548290625 0.1208937828125 0.026745914062499997
7 0.2322992234375 0.027734026562500003 0.1839443 0.027734026562500003 0.1839443 0.046560178125000004 0.2322992234375 0.046560178125000004 0.2322992234375 0.027734026562500003
5 0.44349740937500004 0.04812035625 0.26585492187500004 0.04812035625 0.26585492187500004 0.2794873703125 0.44349740937500004 0.2794873703125 0.44349740937500004 0.04812035625
7 0.40415155468749997 0.02872956875 0.2892940421875 0.02872956875 0.2892940421875 0.0505274890625 0.40415155468749997 0.0505274890625 0.40415155468749997 0.02872956875
4 0.567487046875 0.049531946874999996 0.46386010312500003 0.049531946874999996 0.46386010312500003 0.28514858906249996 0.567487046875 0.28514858906249996 0.567487046875 0.049531946874999996
7 0.5379987046875 0.027734026562500003 0.47754533749999994 0.027734026562500003 0.47754533749999994 0.047540862499999996 0.5379987046875 0.047540862499999996 0.5379987046875 0.027734026562500003
4 0.680971503125 0.048818721875 0.5804274609375 0.048818721875 0.5804274609375 0.16274145625 0.680971503125 0.16274145625 0.680971503125 0.048818721875
7 0.6614831609375 0.0257578015625 0.6010297921875 0.0257578015625 0.6010297921875 0.0475557203125 0.6614831609375 0.0475557203125 0.6614831609375 0.0257578015625
4 0.9073575125 0.04812035625 0.703186528125 0.04812035625 0.703186528125 0.20236998437499998 0.9073575125 0.20236998437499998 0.9073575125 0.04812035625
7 0.7521567359375 0.027734026562500003 0.717610103125 0.027734026562500003 0.717610103125 0.047540862499999996 0.7521567359375 0.047540862499999996 0.7521567359375 0.027734026562500003
7 0.8730505187500001 0.02872956875 0.8143329015624999 0.02872956875 0.8143329015624999 0.0485364046875 0.8730505187500001 0.0485364046875 0.8730505187500001 0.02872956875
3 0.92487694375 0.255572065625 0.9058743515625001 0.255572065625 0.9058743515625001 0.320950965625 0.92487694375 0.320950965625 0.92487694375 0.255572065625
6 0.7574636078125 0.22854312656250003 0.7667160125 0.22925068906249998 0.7660991859374999 0.210146465625 0.835800640625 0.2122691578125 0.8370342953125001 0.2674591375 0.7660991859374999 0.2681667015625 0.7660991859374999 0.2625061921875 0.758080434375 0.2625061921875 0.7568467796875 0.372886153125 0.7013323453125 0.37005589687499996 0.7019491734375001 0.37925422656249996 0.8493708375000001 0.3806693546875 0.8493708375000001 0.37005589687499996 0.7660991859374999 0.37005589687499996 0.765482359375 0.2773650328125 0.8758943984374999 0.2780725953125 0.873427090625 0.2660440109375 0.8444362203125 0.266751575 0.8444362203125 0.21368428593750002 0.909203059375 0.2122691578125 0.9067357515625 0.20236326249999997 0.7426597578125 0.203070828125 0.7432765859375 0.2129767203125 0.7568467796875 0.2129767203125 0.7574636078125 0.22854312656250003
1 0.9067357515625 0.2787890046875 0.7648704656249999 0.2787890046875 0.7648704656249999 0.369353640625 0.9067357515625 0.369353640625 0.9067357515625 0.2787890046875
2 0.9041450781249999 0.28033680156249996 0.9032815187500001 0.27043090625 0.8721934359375 0.268449728125 0.8721934359375 0.28925210625000003 0.8756476687499999 0.2971768203125 0.9041450781249999 0.28033680156249996
7 0.924870465625 0.2288261515625 0.9067357515625 0.2288261515625 0.9067357515625 0.255572065625 0.924870465625 0.255572065625 0.924870465625 0.2288261515625
3 0.8782383421875 0.639920753125 0.92659758125 0.639920753125 0.92659758125 0.36156513125 0.9067357515625 0.36156513125 0.907599309375 0.6181277859375001 0.8791019 0.617137196875 0.8782383421875 0.639920753125
7 0.925731865625 0.3209435359375 0.9058743515625001 0.3209435359375 0.9058743515625001 0.360572065625 0.925731865625 0.360572065625 0.925731865625 0.3209435359375
7 0.879961140625 0.6201040124999999 0.8177849734375 0.6201040124999999 0.8177849734375 0.637934621875 0.879961140625 0.637934621875 0.879961140625 0.6201040124999999
7 0.7677007765625 0.6181203562500001 0.7063924874999999 0.6181203562500001 0.7063924874999999 0.6399182765625 0.7677007765625 0.6399182765625 0.7677007765625 0.6181203562500001
7 0.654579015625 0.618135215625 0.5941256484374999 0.618135215625 0.5941256484374999 0.64091381875 0.654579015625 0.64091381875 0.654579015625 0.618135215625
3 0.444732296875 0.371471025 0.44300518125000005 0.639920753125 0.47495682187500005 0.639920753125 0.47582037968749996 0.6181277859375001 0.46113989687499995 0.6181277859375001 0.46113989687499995 0.3704804359375 0.444732296875 0.371471025
1 0.219590428125 0.7938866484375 0.2288428328125 0.8023774140625 0.244263509375 0.8136984375 0.25660004999999997 0.8221892015625001 0.27757216875 0.8320950968749999 0.2979274609375 0.8391707359374999 0.32691833125 0.846246375 0.3398717 0.845538809375 0.3534418953125 0.8469539375 0.3818159390625 0.844831246875 0.403404884375 0.8398782984375 0.42252652343749997 0.8342177875000001 0.4422649890625 0.8264345859375 0.4687885515625 0.8122833093749999 0.4946952875 0.7924715203125 0.5051813468749999 0.783273190625 0.5249198125000001 0.7825656265625 0.5243029859375 0.640345290625 0.4601529734375 0.6410528546875 0.4607698 0.6799688671874999 0.45275105 0.6934125812499999 0.4379472 0.7040260390624999 0.44905008750000003 0.7061487296875 0.44905008750000003 0.7188848796875 0.42252652343749997 0.715347059375 0.41512459843749994 0.7231302625 0.3997039234375 0.7294983375 0.3873673828125 0.7351588484375 0.3737971875 0.7379891046875 0.36207747343749996 0.7401117953125 0.34974093281249996 0.7401117953125 0.3330866015625 0.7379891046875 0.310264003125 0.730913465625 0.293609671875 0.7217151359375 0.28497409375 0.7146394968750001 0.26091783749999997 0.71393193125 0.26091783749999997 0.7054411671875 0.2732543796875 0.7061487296875 0.2640019734375 0.698365528125 0.2528990875 0.685629378125 0.2485812984375 0.678553740625 0.2479644703125 0.6410528546875 0.184431284375 0.640345290625 0.1850481125 0.7825656265625 0.20355292343750003 0.7825656265625 0.219590428125 0.7938866484375
6 0.206637059375 0.8073303609375 0.21835677343749998 0.8151135640625 0.22822600468749998 0.82431189375 0.244263509375 0.833510225 0.2683197625 0.846246375 0.2929928453125 0.8540295765625 0.3213668890625 0.8611052156250001 0.350357759375 0.8639354703125001 0.386133728125 0.8611052156250001 0.40217123125 0.8575673953124999 0.42376017812500005 0.8519068843750001 0.44164816250000005 0.844831246875 0.46323710937499996 0.835632915625 0.48174192031249996 0.82431189375 0.4953121140625 0.8129908718750001 0.510732790625 0.799547159375 0.5175178890625001 0.796716903125 0.5366395265625 0.7960093406250001 0.5360227 0.6389301640625 0.5236861578124999 0.6382226 0.5243029859375 0.783273190625 0.5051813468749999 0.783273190625 0.4996299046875 0.7882261359375 0.4934616328125 0.793179084375 0.484209228125 0.8009622875 0.469405378125 0.81086818125 0.45521835624999996 0.8200665109375 0.44041450781249997 0.82714215 0.42437700468750006 0.8349253515624999 0.40710584687500007 0.8398782984375 0.3923019984375 0.8441236812499999 0.3676289171875 0.8469539375 0.3429558359375 0.8476615000000001 0.3226005421875 0.845538809375 0.30409573125 0.8412934265625 0.29237601875 0.8363404796875 0.278188996875 0.8320950968749999 0.2603010109375 0.82431189375 0.2479644703125 0.8158211281250001 0.23316062187500003 0.8073303609375 0.21527263749999997 0.793179084375 0.204786578125 0.7853958828125001 0.184431284375 0.7853958828125001 0.18319763125 0.640345290625 0.1733283984375 0.6410528546875 0.173945225 0.7960093406250001 0.1967678265625 0.7960093406250001 0.20170244375 0.8023774140625 0.206637059375 0.8073303609375
7 0.51382124375 0.6191233281249999 0.47496114062499994 0.6191233281249999 0.47496114062499994 0.63992570625 0.51382124375 0.63992570625 0.51382124375 0.6191233281249999
7 0.2409326421875 0.6201040124999999 0.2020725390625 0.6201040124999999 0.2020725390625 0.6409063890625 0.2409326421875 0.6409063890625 0.2409326421875 0.6201040124999999
7 0.1286722796875 0.6181203562500001 0.06736398906249999 0.6181203562500001 0.06736398906249999 0.6399182765625 0.1286722796875 0.6399182765625 0.1286722796875 0.6181203562500001
3 0.812610103125 0.0257578015625 0.7538924875 0.0257578015625 0.7538924875 0.0475557203125 0.812610103125 0.0475557203125 0.812610103125 0.0257578015625
6 0.6149765609375 0.2950541296875 0.6143597328125 0.2823179796875 0.578583765625 0.2823179796875 0.5779669375 0.0481143421875 0.567480878125 0.0481143421875 0.56809770625 0.285148234375 0.5514433750000001 0.285148234375 0.5526770296875 0.2964692578125 0.6149765609375 0.2950541296875
3 0.6001748703125 0.0257578015625 0.5388665796875001 0.0257578015625 0.5388665796875001 0.0455646359375 0.6001748703125 0.0455646359375 0.6001748703125 0.0257578015625
3 0.47755181406249997 0.026738484375 0.40501295312499996 0.026738484375 0.40501295312499996 0.0485364046875 0.47755181406249997 0.0485364046875 0.47755181406249997 0.026738484375
3 0.1839443 0.0257578015625 0.120900259375 0.0257578015625 0.120900259375 0.0485364046875 0.1839443 0.0485364046875 0.1839443 0.0257578015625
3 0.2012046625 0.6181277859375001 0.128665803125 0.6181277859375001 0.128665803125 0.64190193125 0.2012046625 0.64190193125 0.2012046625 0.6181277859375001
6 0.261534665625 0.7061487296875 0.2621514921875 0.71393193125 0.286207746875 0.7160546234375 0.29546015312499996 0.7238378265625001 0.306563040625 0.7294983375 0.3226005421875 0.7337437203125 0.3392548734375 0.7379891046875 0.3528250671875 0.7379891046875 0.3657784359375 0.7379891046875 0.378731803125 0.734451284375 0.3941524796875 0.731621028125 0.40402171249999996 0.727375646875 0.414507771875 0.7224226984375 0.42376017812500005 0.715347059375 0.44781643281249994 0.7160546234375 0.44781643281249994 0.7054411671875 0.43609671875 0.70685629375 0.44041450781249997 0.7033184734375 0.45090056718750005 0.6934125812499999 0.45768566406250005 0.6877520703125 0.46262028125 0.679261303125 0.4601529734375 0.6396377265625001 0.452134221875 0.6389301640625 0.452134221875 0.67430835625 0.44658277812499997 0.68067643125 0.43979768124999996 0.6877520703125 0.428077965625 0.6962428359375 0.42314335156249994 0.701903346875 0.418208734375 0.70048821875 0.4138909453125 0.7061487296875 0.39847026875 0.711809240625 0.38428324687500004 0.7167621875 0.3676289171875 0.7195924421875 0.355909203125 0.7217151359375 0.34542314375 0.7217151359375 0.32876881406249997 0.7188848796875 0.3139649640625 0.7146394968750001 0.3059462125 0.7089789843750001 0.28805822812500004 0.701903346875 0.2868245734375 0.7047336015625 0.278188996875 0.6962428359375 0.270787071875 0.6884596328125 0.2621514921875 0.68067643125 0.25660004999999997 0.672893228125 0.2559832234375 0.6389301640625 0.249198125 0.640345290625 0.24734764375 0.677846175 0.2627683203125 0.698365528125 0.275104859375 0.70685629375 0.261534665625 0.7061487296875
3 0.25906088125000004 0.6191158984375 0.2417940421875 0.6191158984375 0.2417940421875 0.638922734375 0.25906088125000004 0.638922734375 0.25906088125000004 0.6191158984375
3 0.5941256484374999 0.6181203562500001 0.5146826421874999 0.6181203562500001 0.5146826421874999 0.6399182765625 0.5941256484374999 0.6399182765625 0.5941256484374999 0.6181203562500001
3 0.8195142484375 0.618135215625 0.769423575 0.618135215625 0.769423575 0.64091381875 0.8195142484375 0.64091381875 0.8195142484375 0.618135215625
3 0.9067357515625 0.22783556093750001 0.92659758125 0.2298167421875 0.924870465625 0.025755323437499998 0.8765112265624999 0.026745914062499997 0.8747841093750001 0.04853888125 0.907599309375 0.047548290625 0.9067357515625 0.22783556093750001
3 0.6856649390625 0.2961862296875 0.702936096875 0.2961862296875 0.702936096875 0.0465577015625 0.7176165796875 0.0465577015625 0.7176165796875 0.025755323437499998 0.6623488765625 0.025755323437499998 0.6632124359375 0.0465577015625 0.6848013828124999 0.0465577015625 0.6856649390625 0.2961862296875
3 0.4620012953125 0.046560178125000004 0.44299870468749997 0.046560178125000004 0.44299870468749997 0.31005200624999996 0.4620012953125 0.31005200624999996 0.4620012953125 0.046560178125000004
3 0.2642487046875 0.32986627031250004 0.26338514687500003 0.0465577015625 0.28842832500000004 0.04853888125 0.28842832500000004 0.025755323437499998 0.23143350625 0.026745914062499997 0.2322970640625 0.0465577015625 0.2469775484375 0.0465577015625 0.244386875 0.32986627031250004 0.2642487046875 0.32986627031250004
3 0.7029339375 0.3704829125 0.683931346875 0.3704829125 0.683931346875 0.481433878125 0.7029339375 0.481433878125 0.7029339375 0.3704829125
3 0.6554404140625001 0.639920753125 0.706390328125 0.639920753125 0.7072538859375 0.6181277859375001 0.702936096875 0.6191183765625 0.7037996546875 0.5141158984375 0.6839378234375 0.513125309375 0.6839378234375 0.6181277859375001 0.6563039734375 0.6161466078125 0.6554404140625001 0.639920753125
3 0.072538859375 0.04853888125 0.072538859375 0.024764735937499997 0.0198618296875 0.025755323437499998 0.0207253890625 0.64190193125 0.0664939546875 0.6409113421875 0.06735751250000001 0.6161466078125 0.0397236625 0.6181277859375001 0.04058721875 0.04853888125 0.072538859375 0.04853888125
6 0.11534665625 0.3707634625 0.03762645 0.3707634625 0.0370096234375 0.3799617921875 0.1757957078125 0.3799617921875 0.1770293609375 0.36934833437500003 0.12336540781250001 0.3707634625 0.12336540781250001 0.27665746874999997 0.1862817671875 0.27594990468749997 0.1875154203125 0.266751575 0.08820626718749999 0.265336446875 0.0869726125 0.275242340625 0.1147298296875 0.27594990468749997 0.11534665625 0.3707634625
1 0.11411269375 0.2766567609375 0.0407059578125 0.2766567609375 0.0407059578125 0.3693462109375 0.11411269375 0.3693462109375 0.11411269375 0.2766567609375
2 0.08721934375 0.2971768203125 0.09067357499999999 0.27637444218749996 0.088946459375 0.26547795937499996 0.05094991250000001 0.2664685484375 0.0483592390625 0.27637444218749996 0.079447321875 0.298167409375 0.08721934375 0.2971768203125
1 0.24549870468749999 0.277369984375 0.12460492187500001 0.277369984375 0.12460492187500001 0.3693462109375 0.24549870468749999 0.3693462109375 0.24549870468749999 0.277369984375
2 0.22452504218749997 0.2929314375 0.22625215937499998 0.28033680156249996 0.22711571562500002 0.2674591375 0.1882556125 0.26547795937499996 0.18739205625 0.2773650328125 0.2193436953125 0.2991579984375 0.22452504218749997 0.2929314375
2 0.21761657968749998 0.36750866718749997 0.2141623484375 0.356612184375 0.211571675 0.3457157015625 0.17616580312500002 0.36849925781250004 0.1744386875 0.3784051515625 0.2141623484375 0.37741456093750003 0.21761657968749998 0.36750866718749997
1 0.44287564843749994 0.2809063890625 0.2652331609375 0.2809063890625 0.2652331609375 0.3700594359375 0.44287564843749994 0.3700594359375 0.44287564843749994 0.2809063890625
1 0.25660004999999997 0.67430835625 0.2831236125 0.701903346875 0.28744140156250003 0.70048821875 0.29669380625 0.7047336015625 0.3121144828125 0.71322436875 0.33000246718750004 0.7188848796875 0.34480631562499997 0.7210075703125 0.35961016562500003 0.7217151359375 0.3781149765625 0.7195924421875 0.393535653125 0.71393193125 0.40772267500000003 0.7082714218749999 0.4188255609375 0.7011957828125001 0.42376017812500005 0.7033184734375 0.4515173953125 0.6750159203125 0.452134221875 0.640345290625 0.4422649890625 0.6396377265625001 0.442881815625 0.3799617921875 0.26091783749999997 0.38208448281249996 0.2603010109375 0.640345290625 0.2572168765625 0.64176041875 0.25660004999999997 0.67430835625
2 0.3549222796875 0.3585933625 0.348877375 0.3506686484375 0.3246977546875 0.3704804359375 0.32728842812500003 0.37939574062500003 0.38255613125 0.37939574062500003 0.38169257343749996 0.36750866718749997 0.3583765109375 0.3526498265625 0.3549222796875 0.3585933625
4 0.5662499999999999 0.38066864843750003 0.46139248750000006 0.38066864843750003 0.46139248750000006 0.6191233281249999 0.5662499999999999 0.6191233281249999 0.5662499999999999 0.38066864843750003
2 0.5 0.3576027734375 0.49827288437500006 0.36849925781250004 0.5 0.38038632968749997 0.5397236624999999 0.3823675078125 0.538860103125 0.36948984687499997 0.50345423125 0.3457157015625 0.5 0.3576027734375
1 0.4620034546875 0.3686407703125 0.7574636078125 0.3707634625 0.7574636078125 0.2150994125 0.7037996546875 0.21368428593750002 0.7050333078125 0.2971768203125 0.46262028125 0.2964692578125 0.4620034546875 0.3686407703125
2 0.5164076 0.32194155625 0.5544041453124999 0.2971768203125 0.5526770296875 0.2862803375 0.5138169265625 0.2842991578125 0.51196644375 0.3007146390625 0.5138169265625 0.3130262515625 0.5164076 0.32194155625
2 0.61744386875 0.3199603765625 0.652849740625 0.2971768203125 0.6519861828125 0.2862803375 0.6139896375 0.287270925 0.612262521875 0.30312035625 0.6148531953124999 0.3140168390625 0.61744386875 0.3199603765625
2 0.7495682218749999 0.20604259531250002 0.7487046625 0.19217434375 0.7417962 0.1783060921875 0.7055267703125 0.2010896484375 0.7055267703125 0.2129767203125 0.74525043125 0.21198613281249998 0.7495682218749999 0.20604259531250002
1 0.680971503125 0.1719465078125 0.5804274609375 0.1719465078125 0.5804274609375 0.283031203125 0.680971503125 0.283031203125 0.680971503125 0.1719465078125
2 0.6485319515625 0.17236255625000002 0.64766839375 0.1654284296875 0.60794473125 0.164437840625 0.6088082906250001 0.18524021875000002 0.615716753125 0.1941555234375 0.6485319515625 0.17236255625000002
2 0.75474956875 0.2644873703125 0.7651122625 0.26349677968749996 0.7642487046875 0.2288261515625 0.74525043125 0.22783556093750001 0.740069084375 0.2347696875 0.75474956875 0.2644873703125
4 0.906120465625 0.3799554234375 0.7038018140625 0.3799554234375 0.7038018140625 0.6176968796875 0.906120465625 0.6176968796875 0.906120465625 0.3799554234375
2 0.854058721875 0.405151065625 0.8877374781249999 0.3784051515625 0.8877374781249999 0.3704804359375 0.8480138171875 0.36948984687499997 0.8436960265625 0.386329865625 0.847150259375 0.3982169390625 0.854058721875 0.405151065625
4 0.684676165625 0.38066864843750003 0.577344559375 0.38066864843750003 0.577344559375 0.6184101046875 0.684676165625 0.6184101046875 0.684676165625 0.38066864843750003
2 0.6068154640625 0.3543262078125 0.6053208453125001 0.3606126421875 0.6058190515625 0.36975654375 0.6063172578125 0.3794719390625 0.6461737750000001 0.3789004453125 0.6461737750000001 0.36975654375 0.6127939421875 0.3468967875 0.609804703125 0.3486112703125 0.6068154640625 0.3543262078125
2 0.2839776796875 0.330323465625 0.27251893125 0.32518002031250004 0.264547628125 0.32518002031250004 0.2655440421875 0.330323465625 0.2461139890625 0.328608984375 0.2461139890625 0.3703280375 0.2665404546875 0.37089953124999997 0.28597050625 0.33375242968749996 0.2839776796875 0.330323465625
2 0.6760661625 0.478911875 0.669589478125 0.4817693453125 0.6670984453125001 0.4863412953125 0.682044640625 0.514344496875 0.7019728984375 0.5137730031250001 0.7014746921875 0.48234083906249997 0.684037465625 0.4834838265625 0.683539259375 0.47834038124999995 0.6760661625 0.478911875
6 0.050576425 0.26604011875 0.0394753890625 0.26604011875 0.0394753890625 0.275950965625 0.050576425 0.275950965625 0.050576425 0.26604011875
6 0.246729275 0.26604011875 0.22575777187499999 0.26604011875 0.22575777187499999 0.27523774218749997 0.246729275 0.27523774218749997 0.246729275 0.26604011875
6 0.500867875 0.37076522968750003 0.4613860109375 0.37076522968750003 0.4613860109375 0.379249628125 0.500867875 0.379249628125 0.500867875 0.37076522968750003
6 0.68529145 0.287273403125 0.6519883421875 0.287273403125 0.6519883421875 0.2957578015625 0.68529145 0.2957578015625 0.68529145 0.287273403125
6 0.6075777203125 0.16274145625 0.5755051812499999 0.16274145625 0.5755051812499999 0.1712258546875 0.6075777203125 0.1712258546875 0.6075777203125 0.16274145625
6 0.6840673578125 0.1641530453125 0.64766839375 0.1641530453125 0.64766839375 0.1698142640625 0.6840673578125 0.1698142640625 0.6840673578125 0.1641530453125
6 0.5138147671875 0.286560178125 0.4601489640625 0.286560178125 0.4601489640625 0.2957578015625 0.5138147671875 0.2957578015625 0.5138147671875 0.286560178125
2 0.43301258281250005 0.340338215625 0.4268443140625 0.34316847031250003 0.4422649890625 0.371471025 0.46262028125 0.37005589687499996 0.4620034546875 0.3106205328125 0.44164816250000005 0.3084978421875 0.42622748593750004 0.3346777046875 0.43301258281250005 0.340338215625
6 0.250431778125 0.6177032484375 0.2590673578125 0.6191183765625 0.259684184375 0.38137692031250003 0.32876881406249997 0.38137692031250003 0.33061929375 0.3721785890625 0.21280532968750002 0.37005589687499996 0.211571675 0.37925422656249996 0.250431778125 0.3799617921875 0.250431778125 0.6177032484375
6 0.44534974062500005 0.371471025 0.38120466249999996 0.371471025 0.38120466249999996 0.37925705781249996 0.44534974062500005 0.37925705781249996 0.44534974062500005 0.371471025
6 0.567480878125 0.6191183765625 0.5761164578125 0.6191183765625 0.576733284375 0.3799617921875 0.6075746359374999 0.37925422656249996 0.6075746359374999 0.371471025 0.5378731796875 0.3707634625 0.537256353125 0.3799617921875 0.567480878125 0.3799617921875 0.567480878125 0.6191183765625
6 0.68343911875 0.3714635953125 0.646431346875 0.3714635953125 0.646431346875 0.3778380390625 0.68343911875 0.3778380390625 0.68343911875 0.3714635953125
6 0.9073510359375 0.268870728125 0.9030375640624999 0.268870728125 0.9030375640624999 0.2766567609375 0.9073510359375 0.2766567609375 0.9073510359375 0.268870728125
6 0.906729275 0.37076522968750003 0.886379534375 0.37076522968750003 0.886379534375 0.379249628125 0.906729275 0.379249628125 0.906729275 0.37076522968750003
0 0.8358095859375 0.21227340312499998 0.7654857515625 0.21227340312499998 0.7654857515625 0.2681723625 0.8358095859375 0.2681723625 0.8358095859375 0.21227340312499998
0 0.9067357515625 0.2143907875 0.845673575 0.2143907875 0.845673575 0.2688781578125 0.9067357515625 0.2688781578125 0.9067357515625 0.2143907875
4 0.249818653125 0.38066864843750003 0.039481865625 0.38066864843750003 0.039481865625 0.6184101046875 0.249818653125 0.6184101046875 0.249818653125 0.38066864843750003