7 0.8494104140625 0.1763854171875 0.7687519140625 0.1763854171875 0.7687519140625 0.2249895828125 0.8494104140625 0.2249895828125 0.8494104140625 0.1763854171875
7 0.5645788671874999 0.036114582812500004 0.378759571875 0.036114582812500004 0.378759571875 0.08055208281250001 0.5645788671874999 0.08055208281250001 0.5645788671874999 0.036114582812500004
7 0.25625574218749997 0.0388854171875 0.17559724375000002 0.0388854171875 0.17559724375000002 0.0833229171875 0.25625574218749997 0.0833229171875 0.25625574218749997 0.0388854171875
3 0.3797779484375 0.038895832812499996 0.258292496875 0.038895832812499996 0.258292496875 0.08056250000000001 0.3797779484375 0.08056250000000001 0.3797779484375 0.038895832812499996
3 0.1745788671875 0.036114582812500004 0.05206738125 0.036114582812500004 0.05206738125 0.08334375000000001 0.1745788671875 0.08334375000000001 0.1745788671875 0.036114582812500004
3 0.9494563546875 0.1750104171875 0.8494104140625 0.1750104171875 0.8494104140625 0.22361458281250002 0.9494563546875 0.22361458281250002 0.9494563546875 0.1750104171875
2 0.731534928125 0.26201923125 0.738602896875 0.2604166671875 0.7380139 0.2275641015625 0.768052775 0.2259615375 0.7674637765625001 0.17387820468749998 0.737424903125 0.17387820468749998 0.7362469078125 0.1402243578125 0.7303569328124999 0.1402243578125 0.7309459296874999 0.17387820468749998 0.701496053125 0.17387820468749998 0.701496053125 0.2267628203125 0.731534928125 0.2259615375 0.731534928125 0.26201923125
1 0.63656305625 0.7376126125 0.62869914375 0.7376126125 0.62869914375 0.6981981984375001 0.3112453953125 0.7021396390625 0.312487065625 0.53209459375 0.247092421875 0.53153153125 0.2429535203125 0.875 0.6382186171875001 0.8716216203125 0.63656305625 0.7376126125
6 0.5442655515625 0.9487612609375 0.5442655515625 0.9070945937499999 0.945747278125 0.9048423421875 0.9225694296875 0.22409910000000002 0.8902859984375 0.22466216249999998 0.9109805046874999 0.8710585578125001 0.6473324781249999 0.8716216203125 0.6473324781249999 0.8575450453125001 0.63822689375 0.8575450453125001 0.6386407843749999 0.8716216203125 0.4569347296875 0.8744369375 0.4569347296875 0.9087837828125 0.5173626921875 0.9076576578125 0.5177765812499999 0.9493243250000001 0.5442655515625 0.9487612609375
2 0.48880427031250007 0.7539414421874999 0.49418484375 0.7545045046875 0.493770953125 0.7015765765624999 0.539712759375 0.6998873875 0.5392988703125 0.6762387390625 0.4954265140625 0.6768018015624999 0.4945987328125 0.6159909921875 0.48880427031250007 0.6165540546875 0.48880427031250007 0.6773648640625 0.4428624640625 0.6773648640625 0.4428624640625 0.6998873875 0.4879764921875 0.6998873875 0.48880427031250007 0.7539414421874999
2 0.6208352296874999 0.8130630625 0.63656305625 0.8125 0.6373908359375 0.8575450453125001 0.6473242 0.8575450453125001 0.646910309375 0.8136261265625 0.664293696875 0.8125 0.6647075859375 0.8034909921875 0.646910309375 0.8034909921875 0.6464964203125 0.7567567562499999 0.6369769468750001 0.7578828828125 0.6369769468750001 0.8029279265625 0.6208352296874999 0.8034909921875 0.6208352296874999 0.8130630625
2 0.4093373609375 0.9380630625 0.41471793437500004 0.9380630625 0.41471793437500004 0.9093468453125 0.455693059375 0.9076576578125 0.455693059375 0.8733108109375 0.4151318234375 0.8744369375 0.4151318234375 0.8468468453125 0.41057903281249997 0.8468468453125 0.41057903281249997 0.8744369375 0.3704316875 0.875 0.3700177984375 0.9093468453125 0.408923471875 0.9093468453125 0.4093373609375 0.9380630625
6 0.3708455765625 0.9087837828125 0.3708455765625 0.8755630625 0.2421257390625 0.8766891890625 0.2421257390625 0.8153153140624999 0.2268118046875 0.8164414421874999 0.22598402499999998 0.8755630625 0.09064194375 0.8772522515625001 0.09436695625 0.6768018015624999 0.228053475 0.675675675 0.22722569374999999 0.7353603609375 0.2433674109375 0.7359234234375001 0.24460908125 0.6351351359375 0.227639584375 0.6356981984375001 0.227639584375 0.65540540625 0.0662224234375 0.6542792796875 0.060841853125 0.9115990999999999 0.3708455765625 0.9087837828125
2 0.21273953906249998 0.7798423421875 0.2268118046875 0.78040540625 0.22598402499999998 0.8153153140624999 0.2421257390625 0.8158783796875 0.2429535203125 0.78096846875 0.2615785765625 0.78209459375 0.2619924671875 0.7736486484375 0.2433674109375 0.7736486484375 0.2433674109375 0.7364864875 0.227639584375 0.7364864875 0.22722569374999999 0.7730855859375 0.213153428125 0.7736486484375 0.21273953906249998 0.7798423421875
2 0.2768925125 0.5450450453125 0.281031415625 0.5461711703125001 0.281031415625 0.53209459375 0.30131203281249996 0.53209459375 0.30213981093750003 0.5084459453125 0.282273084375 0.5090090078125 0.2814453046875 0.47747747656249995 0.277306403125 0.4780405390625 0.277306403125 0.5084459453125 0.255784115625 0.5084459453125 0.255784115625 0.5326576578125 0.27606473125000003 0.53209459375 0.2768925125 0.5450450453125
2 0.21522288125000003 0.6019144140625 0.22846736406249998 0.6013513515625 0.228053475 0.6345720734375 0.24502297031250003 0.6345720734375 0.24460908125 0.6013513515625 0.2628202484375 0.6013513515625 0.26240635625 0.5923423421875 0.24626464218750002 0.59290540625 0.24502297031250003 0.5568693687499999 0.2292951453125 0.55630630625 0.2288812546875 0.5923423421875 0.21522288125000003 0.5923423421875 0.21522288125000003 0.6019144140625
4 0.6202143953125 0.1484375 0.6112812671875 0.1484375 0.6119193468749999 0.1215277765625 0.6195763140625 0.1215277765625 0.6189382343750001 0.08420138906249999 0.336268503125 0.08333333281250001 0.3298876984375 0.6762152765625 0.6253190390625 0.6753472234375 0.6202143953125 0.1484375
6 0.30213981093750003 0.53096846875 0.31290095625 0.53209459375 0.3120731765625 0.7010135125 0.443276353125 0.7004504500000001 0.4428624640625 0.6768018015624999 0.32821489062500003 0.6784909921875 0.33442324375 0.08220720625 0.318281528125 0.08220720625 0.3137287359375 0.5090090078125 0.30213981093750003 0.5084459453125 0.30213981093750003 0.53096846875
4 0.317126084375 0.0824652765625 0.1097498734375 0.08506944375 0.1001786625 0.5078125 0.3126595203125 0.5078125 0.317126084375 0.0824652765625
6 0.2454368609375 0.5563513515625 0.2454368609375 0.5310135125000001 0.2561980046875 0.5310135125000001 0.2561980046875 0.5096171171874999 0.098919746875 0.5096171171874999 0.1084392203125 0.08333333281250001 0.0811224703125 0.08449324375 0.071602996875 0.5321396390625 0.22970903593749997 0.5321396390625 0.230122925 0.5563513515625 0.2454368609375 0.5563513515625
0 0.22722569374999999 0.6773648640625 0.096022515625 0.6779279265625 0.091469725 0.875 0.2243284625 0.8744369375 0.22722569374999999 0.6773648640625
6 0.5388932578125 0.6762387390625 0.5397210390625 0.6981981984375001 0.6291213109375 0.6981981984375001 0.6291213109375 0.7370495499999999 0.6369852234375 0.7370495499999999 0.637399115625 0.7567567562499999 0.6456769171875 0.7556306312500001 0.639054675 0.2274887390625 0.622912959375 0.2274774765625 0.6270518609375 0.6762387390625 0.5388932578125 0.6762387390625
3 0.6196018375000001 0.1227477484375 0.6129795953125 0.1233108109375 0.6129795953125 0.1475225234375 0.6208435078125001 0.1475225234375 0.6208435078125001 0.2274774765625 0.701965978125 0.2274774765625 0.7015520890625 0.17511261250000001 0.658921403125 0.175675675 0.658921403125 0.1480855859375 0.672579778125 0.1475225234375 0.6721658859375 0.1238738734375 0.658921403125 0.1233108109375 0.6564380609375 0.0343468453125 0.5649683375000001 0.0337837828125 0.564554446875 0.08108108124999999 0.620015728125 0.08108108124999999 0.6196018375000001 0.1227477484375
6 0.916361078125 0.03209459375 0.88573320625 0.03153153125 0.889044328125 0.1739864875 0.9204999781250001 0.17511261250000001 0.916361078125 0.03209459375
1 0.8853193171875 0.038288287500000004 0.6572658421875001 0.038288287500000004 0.6593352921875 0.175675675 0.8886304375 0.1739864875 0.8853193171875 0.038288287500000004
4 0.8901225109374999 0.2265625 0.64127105625 0.22916666718749998 0.648928025 0.8689409734375 0.9111791734375 0.8689409734375 0.8901225109374999 0.2265625
0 0.22843287499999998 0.5329861109375 0.1288922921875 0.5338541671875 0.12633996875 0.6527777765625 0.22715671249999997 0.6536458328125 0.22843287499999998 0.5329861109375