5 0.3603603609375 0.8277380953125 0.233153153125 0.8277380953125 0.233153153125 0.9033571421875 0.3603603609375 0.9033571421875 0.3603603609375 0.8277380953125
4 0.7593307609375 0.05017006875 0.3973616484375 0.05867346875 0.3989704015625 0.22704081718750002 0.765765765625 0.22704081718750002 0.7593307609375 0.05017006875
3 0.395765765625 0.1173452375 0.37324324375 0.1173452375 0.37324324375 0.168369046875 0.395765765625 0.168369046875 0.395765765625 0.1173452375
7 0.39416666718750004 0.0867380953125 0.3748423421875 0.0867380953125 0.3748423421875 0.1165 0.39416666718750004 0.1165 0.39416666718750004 0.0867380953125
6 0.384491634375 0.503401359375 0.130308878125 0.505102040625 0.127091378125 0.2159863953125 0.3780566265625 0.2151360546875 0.379665378125 0.206632653125 0.11261261250000001 0.20918367343750002 0.114221365625 0.5144557828125 0.38610038750000003 0.5153061218749999 0.384491634375 0.503401359375
1 0.765765765625 0.24149659687499997 0.4021879015625 0.24404761874999997 0.4021879015625 0.2899659859375 0.7689832703125 0.28741496718750004 0.765765765625 0.24149659687499997
3 0.7689832703125 0.238945578125 0.765765765625 0.22704081718750002 0.3973616484375 0.22874149687499998 0.3973616484375 0.1989795921875 0.379665378125 0.20068027187499998 0.379665378125 0.253401359375 0.3973616484375 0.252551021875 0.3989704015625 0.24234693749999997 0.7689832703125 0.238945578125
7 0.39574324375000003 0.16921428593750001 0.3796621625 0.16921428593750001 0.3796621625 0.198976190625 0.39574324375000003 0.198976190625 0.39574324375000003 0.16921428593750001
3 0.7947232921875 0.297619046875 0.814028315625 0.6556122453125 0.8333333328125001 0.6556122453125 0.8156370671875001 0.28741496718750004 0.3989704015625 0.2916666671875 0.4005791484375 0.28486394531250003 0.3780566265625 0.28571428593750003 0.3780566265625 0.3520408171875 0.3973616484375 0.3520408171875 0.3973616484375 0.30187074687500004 0.7947232921875 0.297619046875
7 0.4070270265625 0.576523809375 0.3861261265625 0.576523809375 0.3861261265625 0.6232857140625 0.4070270265625 0.6232857140625 0.4070270265625 0.576523809375
3 0.39575289687500004 0.93962585 0.5035392515625 0.93962585 0.5019305000000001 0.9319727875 0.4166666671875 0.9311224499999999 0.4166666671875 0.8928571421875 0.39575289687500004 0.892006803125 0.39575289687500004 0.93962585
7 0.4150675671875 0.8579880953125001 0.397364865625 0.8579880953125001 0.397364865625 0.8920119046874999 0.4150675671875 0.8920119046874999 0.4150675671875 0.8579880953125001
7 0.571103603125 0.929428571875 0.506734234375 0.929428571875 0.506734234375 0.940476190625 0.571103603125 0.940476190625 0.571103603125 0.929428571875
7 0.72551801875 0.9285714281249999 0.6547522515625 0.9285714281249999 0.6547522515625 0.939619046875 0.72551801875 0.939619046875 0.72551801875 0.9285714281249999
3 0.9620334640625 0.6539115640625 0.7303732296875001 0.6573129265625 0.728764478125 0.6649659859375 0.9459459453125 0.6624149671875 0.9604247109375 0.9285714281249999 0.8751608734375 0.9285714281249999 0.8767696265625 0.93792516875 0.9813384812500001 0.938775509375 0.9620334640625 0.6539115640625
4 0.94916345 0.807823128125 0.7528957515625 0.8061224499999999 0.7545045046875 0.9260204078125 0.9572072078125 0.9268707468749999 0.94916345 0.807823128125
7 0.8735585578125 0.9285714281249999 0.805990990625 0.9285714281249999 0.805990990625 0.939619046875 0.8735585578125 0.939619046875 0.8735585578125 0.9285714281249999
2 0.363577865625 0.271258503125 0.3780566265625 0.27210884218750003 0.3780566265625 0.28486394531250003 0.3989704015625 0.28571428593750003 0.4005791484375 0.2729591828125 0.408622909375 0.27210884218750003 0.41505791406250003 0.2661564625 0.4021879015625 0.265306121875 0.3989704015625 0.253401359375 0.379665378125 0.25170068125 0.379665378125 0.2636054421875 0.3651866171875 0.2644557828125 0.363577865625 0.271258503125
4 0.8124324328125001 0.5076428578125001 0.40540540468749997 0.5076428578125001 0.40540540468749997 0.65645238125 0.8124324328125001 0.65645238125 0.8124324328125001 0.5076428578125001
3 0.4021879015625 0.50595238125 0.5518018015624999 0.50595238125 0.5518018015624999 0.4957483 0.408622909375 0.497448978125 0.4070141578125 0.49234693749999997 0.384491634375 0.49234693749999997 0.3877091390625 0.5739795921875 0.40540540468749997 0.577380953125 0.4021879015625 0.50595238125
4 0.7995495499999999 0.45493197343749997 0.5324967843749999 0.45493197343749997 0.5308880312500001 0.44557823125 0.7979407968750001 0.44557823125 0.7915057921875001 0.299319728125 0.4005791484375 0.30357142812500004 0.411840409375 0.494897959375 0.8011583015625 0.49149659687499997 0.7995495499999999 0.45493197343749997
2 0.37001286875 0.4778911578125 0.3828828828125 0.478741496875 0.3828828828125 0.49064625937499995 0.4070141578125 0.49149659687499997 0.4070141578125 0.4770408171875 0.4166666671875 0.4761904765625 0.419884171875 0.4685374140625 0.4070141578125 0.4685374140625 0.40540540468749997 0.45578231249999995 0.3828828828125 0.45493197343749997 0.38610038750000003 0.46683673593749997 0.37162162187500003 0.4676870734375 0.37001286875 0.4778911578125
2 0.347490346875 0.7321428578125 0.3877091390625 0.7321428578125 0.38931788749999996 0.746598640625 0.41505791406250003 0.746598640625 0.41344916249999997 0.7321428578125 0.435971684375 0.7304421765625 0.4343629328125 0.7227891171875 0.41344916249999997 0.7227891171875 0.41344916249999997 0.7091836734375 0.3877091390625 0.7083333328125 0.3877091390625 0.7227891171875 0.347490346875 0.7244897953125 0.347490346875 0.7321428578125
6 0.7480855859375 0.74745238125 0.7303828828125 0.74745238125 0.7303828828125 0.8435476187500001 0.7480855859375 0.8435476187500001 0.7480855859375 0.74745238125
4 0.9395109421875001 0.6658163265625 0.7448519953125 0.6666666671875 0.7496782484375 0.7925170078125 0.94916345 0.7916666671875 0.9395109421875001 0.6658163265625
2 0.74164414375 0.7125833328125 0.7239414421875 0.7125833328125 0.7239414421875 0.7466071421875 0.74164414375 0.7466071421875 0.74164414375 0.7125833328125
6 0.7529054046875 0.88095238125 0.736824325 0.88095238125 0.736824325 0.9285714281249999 0.7529054046875 0.9285714281249999 0.7529054046875 0.88095238125
2 0.751283784375 0.8452261906249999 0.73358108125 0.8452261906249999 0.73358108125 0.8783928578125 0.751283784375 0.8783928578125 0.751283784375 0.8452261906249999
4 0.7255630625 0.6709166671875 0.4150675671875 0.6709166671875 0.4150675671875 0.925178571875 0.7255630625 0.925178571875 0.7255630625 0.6709166671875
2 0.7255405406250001 0.653071428125 0.6467117109375 0.653071428125 0.6467117109375 0.670071428125 0.7255405406250001 0.670071428125 0.7255405406250001 0.653071428125
2 0.6322522515625 0.49319047656250004 0.5534234234375 0.49319047656250004 0.5534234234375 0.5050952375 0.6322522515625 0.5050952375 0.6322522515625 0.49319047656250004
3 0.770592021875 0.2891156453125 0.7931145453124999 0.2891156453125 0.781853284375 0.0391156453125 0.6885456890625 0.0399659859375 0.6901544421875 0.05017006875 0.7625482609375 0.05017006875 0.770592021875 0.2891156453125
3 0.39414414375 0.057823128125 0.47940797812499997 0.0569727875 0.47940797812499997 0.043367346875000004 0.37162162187500003 0.045918367187499996 0.37162162187500003 0.0858843546875 0.3925353921875 0.0858843546875 0.39414414375 0.057823128125
3 0.6547522515625 0.9285714281249999 0.572725225 0.9285714281249999 0.572725225 0.939619046875 0.6547522515625 0.939619046875 0.6547522515625 0.9285714281249999
3 0.80436936875 0.9277142859374999 0.7271621625 0.9277142859374999 0.7271621625 0.939619046875 0.80436936875 0.939619046875 0.80436936875 0.9277142859374999
6 0.7400225218750001 0.666678571875 0.7255630625 0.666678571875 0.7255630625 0.7100357140625 0.7400225218750001 0.7100357140625 0.7400225218750001 0.666678571875
3 0.950765765625 0.793369046875 0.7464414421875001 0.793369046875 0.7464414421875001 0.8035833328124999 0.950765765625 0.8035833328124999 0.950765765625 0.793369046875
2 0.39574324375000003 0.35204761875 0.381283784375 0.35204761875 0.381283784375 0.400523809375 0.39574324375000003 0.400523809375 0.39574324375000003 0.35204761875
4 0.379684684375 0.335023809375 0.130315315625 0.335023809375 0.130315315625 0.5016904765625 0.379684684375 0.5016904765625 0.379684684375 0.335023809375
6 0.378040540625 0.323130953125 0.1238513515625 0.323130953125 0.1238513515625 0.3324880953125 0.378040540625 0.3324880953125 0.378040540625 0.323130953125
6 0.8092117109375 0.44814285781249996 0.53574324375 0.44814285781249996 0.53574324375 0.45323809531250003 0.8092117109375 0.45323809531250003 0.8092117109375 0.44814285781249996
1 0.3893018015625 0.6802857140625 0.1270945953125 0.6802857140625 0.1270945953125 0.8222857140625001 0.3893018015625 0.8222857140625001 0.3893018015625 0.6802857140625
6 0.38610038750000003 0.6785714281249999 0.38610038750000003 0.6675170078125 0.1110038609375 0.6666666671875 0.11261261250000001 0.8333333328125001 0.3877091390625 0.8299319734375 0.3877091390625 0.8214285718750001 0.127091378125 0.8231292531250001 0.127091378125 0.6785714281249999 0.38610038750000003 0.6785714281249999
3 0.41664414375 0.7465833328125 0.3909234234375 0.7465833328125 0.3909234234375 0.8579880953125001 0.41664414375 0.8579880953125001 0.41664414375 0.7465833328125
3 0.645109396875 0.6564625859375 0.408622909375 0.6598639453125 0.408622909375 0.624149659375 0.38610038750000003 0.62329931875 0.38931788749999996 0.7074829921875 0.41344916249999997 0.7083333328125 0.411840409375 0.6700680265625001 0.645109396875 0.6675170078125 0.645109396875 0.6564625859375
3 0.403783784375 0.4022142859375 0.3828828828125 0.4022142859375 0.3828828828125 0.4557857140625 0.403783784375 0.4557857140625 0.403783784375 0.4022142859375
3 0.8043468468749999 0.4940357140625 0.6322297296875 0.4940357140625 0.6322297296875 0.5042500000000001 0.8043468468749999 0.5042500000000001 0.8043468468749999 0.4940357140625
4 0.37644144218750003 0.217678571875 0.130315315625 0.217678571875 0.130315315625 0.3214166671875 0.37644144218750003 0.3214166671875 0.37644144218750003 0.217678571875
2 0.6901576578124999 0.0416666671875 0.48425675625000003 0.0416666671875 0.48425675625000003 0.054428571875 0.6901576578124999 0.054428571875 0.6901576578124999 0.0416666671875