7 0.0522334296875 0.4375 0.0457492796875 0.4375 0.0457492796875 0.4830882359375 0.0522334296875 0.4830882359375 0.0522334296875 0.4375
4 0.052593659375000004 0.4 0.0581171953125 0.400490196875 0.05859750312499999 0.4181372546875 0.0768491828125 0.4181372546875 0.0770893375 0.40098039218750003 0.087896253125 0.4 0.087415946875 0.37254902031250003 0.093900096875 0.3720588234375 0.09341978906250001 0.2318627453125 0.059077809375 0.23284313750000002 0.05859750312499999 0.244117646875 0.05235350625 0.2431372546875 0.052593659375000004 0.4
7 0.0860951015625 0.217647059375 0.0634005765625 0.217647059375 0.0634005765625 0.23161764687500003 0.0860951015625 0.23161764687500003 0.0860951015625 0.217647059375
4 0.11575408281249999 0.400490196875 0.1195965421875 0.400490196875 0.1195965421875 0.417647059375 0.1318443796875 0.417647059375 0.1313640734375 0.4024509796875 0.1364073015625 0.40392156874999996 0.1366474546875 0.3818627453125 0.1313640734375 0.3818627453125 0.1318443796875 0.3333333328125 0.1364073015625 0.3328431375 0.1366474546875 0.2549019609375 0.1313640734375 0.2544117640625 0.1318443796875 0.230882353125 0.09942363125 0.230882353125 0.0989433234375 0.3715686265625 0.1159942359375 0.37107843125 0.11575408281249999 0.400490196875
7 0.1271613828125 0.217647059375 0.104466859375 0.217647059375 0.104466859375 0.230882353125 0.1271613828125 0.230882353125 0.1271613828125 0.217647059375
4 0.236791546875 0.43235294062499996 0.2629683 0.43284313750000003 0.26248799218749996 0.40980392187500003 0.2752161390625 0.40931372499999996 0.2754562921875 0.2318627453125 0.23390970156250002 0.2318627453125 0.2334293953125 0.2485294125 0.22358309375 0.2485294125 0.22382324687500002 0.23137254999999998 0.1448126796875 0.23137254999999998 0.145052834375 0.4088235296875 0.2363112390625 0.40735294062499994 0.236791546875 0.43235294062499996
7 0.1721902015625 0.2169117640625 0.1498559078125 0.2169117640625 0.1498559078125 0.230882353125 0.1721902015625 0.230882353125 0.1721902015625 0.2169117640625
7 0.21145533125 0.217647059375 0.18876080625 0.217647059375 0.18876080625 0.230882353125 0.21145533125 0.230882353125 0.21145533125 0.217647059375
6 0.285542746875 0.43333333281249997 0.279058596875 0.43333333281249997 0.279058596875 0.2318627453125 0.2754562921875 0.23137254999999998 0.27641690625000004 0.434313725 0.236791546875 0.43333333281249997 0.23655139374999998 0.4264705875 0.2334293953125 0.42549019687499995 0.23318924062500002 0.44117647031249996 0.2850624390625 0.440686275 0.285542746875 0.43333333281249997
7 0.2654899140625 0.217647059375 0.2427953890625 0.217647059375 0.2427953890625 0.23161764687500003 0.2654899140625 0.23161764687500003 0.2654899140625 0.217647059375
4 0.3174837890625 0.23186029375 0.27954070625 0.23186029375 0.27954070625 0.43333088281250004 0.3174837890625 0.43333088281250004 0.3174837890625 0.23186029375
7 0.3108789625 0.217647059375 0.2878242078125 0.217647059375 0.2878242078125 0.23161764687500003 0.3108789625 0.23161764687500003 0.3108789625 0.217647059375
6 0.3633525453125 0.43382352968750004 0.3215658015625 0.43382352968750004 0.320845340625 0.23137254999999998 0.31820365 0.230882353125 0.3177233421875 0.43333333281249997 0.29923150781249996 0.43333333281249997 0.2989913546875 0.44019607812499995 0.36407300625 0.4397058828125 0.3633525453125 0.43382352968750004
4 0.3215658015625 0.3975490203125 0.32829010625 0.3975490203125 0.32829010625 0.43333333281249997 0.33885686875 0.43382352968750004 0.3393371765625 0.3970588234375 0.35830931875 0.3970588234375 0.358549471875 0.43382352968750004 0.3842459171875 0.43284313750000003 0.3840057640625 0.3970588234375 0.40826128749999996 0.39607843125 0.408501440625 0.24558823593749998 0.4024975984375 0.24460784375000003 0.402017290625 0.232352940625 0.3287704125 0.2318627453125 0.32829010625 0.24460784375000003 0.32180595625 0.24558823593749998 0.3215658015625 0.3975490203125
7 0.35590778125 0.217647059375 0.3328530265625 0.217647059375 0.3328530265625 0.23161764687500003 0.35590778125 0.23161764687500003 0.35590778125 0.217647059375
6 0.4152257453125 0.44019607812499995 0.4147454375 0.43382352968750004 0.41162343906250004 0.43382352968750004 0.4113832859375 0.2299019609375 0.40898174843749996 0.23039215624999998 0.4092219015625 0.43480392187500005 0.3765609984375 0.43480392187500005 0.376801153125 0.440686275 0.4152257453125 0.44019607812499995
7 0.395893371875 0.2169117640625 0.373198846875 0.2169117640625 0.373198846875 0.23161764687500003 0.395893371875 0.23161764687500003 0.395893371875 0.2169117640625
7 0.4081412109375 0.117647059375 0.3980547546875 0.117647059375 0.3980547546875 0.1647058828125 0.4081412109375 0.1647058828125 0.4081412109375 0.117647059375
4 0.492797190625 0.0450955875 0.4082618875 0.0450955875 0.4082618875 0.21862499999999999 0.492797190625 0.21862499999999999 0.492797190625 0.0450955875
7 0.440561959375 0.02573529375 0.4175072046875 0.02573529375 0.4175072046875 0.0455882359375 0.440561959375 0.0455882359375 0.440561959375 0.02573529375
7 0.47766570625 0.026470587499999997 0.4553314125 0.026470587499999997 0.4553314125 0.0455882359375 0.47766570625 0.0455882359375 0.47766570625 0.026470587499999997
7 0.5021613828125 0.118382353125 0.492074928125 0.118382353125 0.492074928125 0.1647058828125 0.5021613828125 0.1647058828125 0.5021613828125 0.118382353125
4 0.5761293234375 0.2318639703125 0.49087355937500005 0.2318639703125 0.49087355937500005 0.43382720625 0.5761293234375 0.43382720625 0.5761293234375 0.2318639703125
7 0.530619596875 0.21838235312499998 0.507925071875 0.21838235312499998 0.507925071875 0.230882353125 0.530619596875 0.230882353125 0.530619596875 0.21838235312499998
7 0.565561959375 0.217647059375 0.5425072046875 0.217647059375 0.5425072046875 0.230882353125 0.565561959375 0.230882353125 0.565561959375 0.217647059375
4 0.6659456046875001 0.23137132343750003 0.579731628125 0.23137132343750003 0.579731628125 0.433334559375 0.6659456046875001 0.433334559375 0.6659456046875001 0.23137132343750003
7 0.6145533140625 0.2169117640625 0.591138328125 0.2169117640625 0.591138328125 0.230147059375 0.6145533140625 0.230147059375 0.6145533140625 0.2169117640625
7 0.6509366 0.2169117640625 0.628242075 0.2169117640625 0.628242075 0.23161764687500003 0.6509366 0.23161764687500003 0.6509366 0.2169117640625
6 0.66930655625 0.2303933828125 0.6666660656250001 0.2303933828125 0.6666660656250001 0.352944853125 0.66930655625 0.352944853125 0.66930655625 0.2303933828125
4 0.70989373125 0.2323566171875 0.669789265625 0.2323566171875 0.669789265625 0.433334559375 0.70989373125 0.433334559375 0.70989373125 0.2323566171875
3 0.6739913546875 0.230882353125 0.6693083578125 0.230882353125 0.6693083578125 0.24558823593749998 0.6739913546875 0.24558823593749998 0.6739913546875 0.230882353125
7 0.6995677234375 0.2169117640625 0.6761527375 0.2169117640625 0.6761527375 0.23161764687500003 0.6995677234375 0.23161764687500003 0.6995677234375 0.2169117640625
6 0.7735350624999999 0.4397058828125 0.773294909375 0.43382352968750004 0.7134966375 0.43382352968750004 0.7134966375 0.230882353125 0.7103746390625 0.232352940625 0.71061479375 0.43382352968750004 0.697886646875 0.434313725 0.697886646875 0.440686275 0.7735350624999999 0.4397058828125
4 0.750960615625 0.405882353125 0.765609990625 0.405882353125 0.76585014375 0.43382352968750004 0.799711815625 0.43382352968750004 0.7999519687500001 0.232352940625 0.761527378125 0.23137254999999998 0.761527378125 0.2465686265625 0.749759846875 0.2465686265625 0.75 0.23284313750000002 0.7137367921875 0.2318627453125 0.7137367921875 0.43382352968750004 0.750960615625 0.43284313750000003 0.750960615625 0.405882353125
7 0.74711815625 0.2169117640625 0.7237031703125 0.2169117640625 0.7237031703125 0.23161764687500003 0.74711815625 0.23161764687500003 0.74711815625 0.2169117640625
7 0.7907060515625 0.2169117640625 0.767651296875 0.2169117640625 0.767651296875 0.232352940625 0.7907060515625 0.232352940625 0.7907060515625 0.2169117640625
4 0.8429376796874999 0.2318639703125 0.8035536750000001 0.2318639703125 0.8035536750000001 0.414709559375 0.8429376796874999 0.414709559375 0.8429376796874999 0.2318639703125
7 0.83645533125 0.2169117640625 0.8134005765625 0.2169117640625 0.8134005765625 0.23161764687500003 0.83645533125 0.23161764687500003 0.83645533125 0.2169117640625
4 0.9253121999999999 0.324509803125 0.9346781937499999 0.325 0.9341978859375001 0.250490196875 0.925072046875 0.250490196875 0.9253121999999999 0.2318627453125 0.8499039390625001 0.23284313750000002 0.8491834765625 0.3450980390625 0.9253121999999999 0.34460784375000003 0.9253121999999999 0.324509803125
7 0.879682996875 0.2169117640625 0.857348703125 0.2169117640625 0.857348703125 0.230882353125 0.879682996875 0.230882353125 0.879682996875 0.2169117640625
7 0.9160662828125 0.2169117640625 0.893011528125 0.2169117640625 0.893011528125 0.23161764687500003 0.9160662828125 0.23161764687500003 0.9160662828125 0.2169117640625
5 0.98090778125 0.230882353125 0.940922190625 0.230882353125 0.940922190625 0.3970588234375 0.98090778125 0.3970588234375 0.98090778125 0.230882353125
7 0.972982709375 0.2169117640625 0.949927953125 0.2169117640625 0.949927953125 0.23161764687500003 0.972982709375 0.23161764687500003 0.972982709375 0.2169117640625
7 0.9881123921875 0.30661764687500004 0.981988471875 0.30661764687500004 0.981988471875 0.3529411765625 0.9881123921875 0.3529411765625 0.9881123921875 0.30661764687500004
7 0.97442363125 0.3970588234375 0.9513688765625 0.3970588234375 0.9513688765625 0.41176470624999995 0.97442363125 0.41176470624999995 0.97442363125 0.3970588234375
7 0.9412824203125 0.4330882359375 0.934077809375 0.4330882359375 0.934077809375 0.480882353125 0.9412824203125 0.480882353125 0.9412824203125 0.4330882359375
4 0.8410182515625 0.6735294125 0.852305475 0.6740196078125 0.852305475 0.6877450984375 0.9238712781249999 0.6872549015625 0.9236311234375 0.6745098031250001 0.9339577328124999 0.675490196875 0.9346781937499999 0.5142156859375 0.9142651296875 0.513725490625 0.9145052828125 0.5068627453125 0.8532660906249999 0.5083333328124999 0.8532660906249999 0.5142156859375 0.8347742546875001 0.5127450984374999 0.835014409375 0.5083333328124999 0.8030739671875 0.5083333328124999 0.803554275 0.6877450984375 0.8412584046875 0.6872549015625 0.8410182515625 0.6735294125
3 0.934438040625 0.5078431375 0.9346781937499999 0.68823529375 0.91762728125 0.688725490625 0.91762728125 0.7024509796875 0.9414024968750001 0.701960784375 0.9416426515625 0.4799019609375 0.934438040625 0.48039215625000004 0.934438040625 0.4931372546875 0.8758405375 0.4931372546875 0.8765609984375 0.5068627453125 0.934438040625 0.5078431375
7 0.918227665625 0.68823529375 0.895533140625 0.68823529375 0.895533140625 0.7022058828125 0.918227665625 0.7022058828125 0.918227665625 0.68823529375
7 0.8854466859375 0.6889705875 0.8627521609375 0.6889705875 0.8627521609375 0.7029411765625 0.8854466859375 0.7029411765625 0.8854466859375 0.6889705875
7 0.8321325640625 0.68823529375 0.809438040625 0.68823529375 0.809438040625 0.7022058828125 0.8321325640625 0.7022058828125 0.8321325640625 0.68823529375
7 0.7896253609375 0.6889705875 0.7669308359375 0.6889705875 0.7669308359375 0.7029411765625 0.7896253609375 0.7029411765625 0.7896253609375 0.6889705875
7 0.75 0.6889705875 0.727305475 0.6889705875 0.727305475 0.7029411765625 0.75 0.7029411765625 0.75 0.6889705875
7 0.7107348703125 0.68823529375 0.6880403453125 0.68823529375 0.6880403453125 0.7022058828125 0.7107348703125 0.7022058828125 0.7107348703125 0.68823529375
7 0.655619596875 0.68823529375 0.632925071875 0.68823529375 0.632925071875 0.7022058828125 0.655619596875 0.7022058828125 0.655619596875 0.68823529375
7 0.61887608125 0.68823529375 0.59618155625 0.68823529375 0.59618155625 0.7022058828125 0.61887608125 0.7022058828125 0.61887608125 0.68823529375
7 0.5652017296875 0.68823529375 0.5425072046875 0.68823529375 0.5425072046875 0.7022058828125 0.5652017296875 0.7022058828125 0.5652017296875 0.68823529375
7 0.5262968296875 0.6889705875 0.50360230625 0.6889705875 0.50360230625 0.7029411765625 0.5262968296875 0.7029411765625 0.5262968296875 0.6889705875
7 0.4812680109375 0.68823529375 0.4585734875 0.68823529375 0.4585734875 0.7029411765625 0.4812680109375 0.7029411765625 0.4812680109375 0.68823529375
7 0.43876080625 0.6875 0.4160662828125 0.6875 0.4160662828125 0.7022058828125 0.43876080625 0.7022058828125 0.43876080625 0.6875
7 0.3901296828125 0.6875 0.3674351578125 0.6875 0.3674351578125 0.7022058828125 0.3901296828125 0.7022058828125 0.3901296828125 0.6875
7 0.3519452453125 0.68823529375 0.3292507203125 0.68823529375 0.3292507203125 0.7029411765625 0.3519452453125 0.7029411765625 0.3519452453125 0.68823529375
7 0.322046109375 0.7095588234375 0.3152017296875 0.7095588234375 0.3152017296875 0.756617646875 0.322046109375 0.756617646875 0.322046109375 0.7095588234375
7 0.322046109375 0.7801470593750001 0.3152017296875 0.7801470593750001 0.3152017296875 0.8264705875 0.322046109375 0.8264705875 0.322046109375 0.7801470593750001
7 0.322046109375 0.8705882359375 0.3148414984375 0.8705882359375 0.3148414984375 0.9169117640625 0.322046109375 0.9169117640625 0.322046109375 0.8705882359375
7 0.3054755046875 0.9345588234375001 0.2831412109375 0.9345588234375001 0.2831412109375 0.9485294124999999 0.3054755046875 0.9485294124999999 0.3054755046875 0.9345588234375001
3 0.22442363125 0.7022058828125 0.2240634 0.9485294124999999 0.2442363109375 0.95 0.24351585 0.9338235296875 0.23054755 0.9345588234375001 0.2316282421875 0.85 0.296109509375 0.85 0.296109509375 0.8345588234375001 0.2298270890625 0.8372549015624999 0.23006724374999998 0.7014705875 0.2889048984375 0.7036764703125 0.2892651296875 0.68823529375 0.2312680109375 0.6875 0.2316282421875 0.667647059375 0.22442363125 0.6683823531249999 0.2247838609375 0.6889705875 0.21757925 0.68823529375 0.21757925 0.7029411765625 0.22442363125 0.7022058828125
7 0.266210375 0.9338235296875 0.24351585 0.9338235296875 0.24351585 0.9485294124999999 0.266210375 0.9485294124999999 0.266210375 0.9338235296875
7 0.0886167140625 0.68823529375 0.065561959375 0.68823529375 0.065561959375 0.7022058828125 0.0886167140625 0.7022058828125 0.0886167140625 0.68823529375
7 0.1289625359375 0.6875 0.10554755 0.6875 0.10554755 0.7029411765625 0.1289625359375 0.7029411765625 0.1289625359375 0.6875
7 0.177593659375 0.6875 0.154178675 0.6875 0.154178675 0.7029411765625 0.177593659375 0.7029411765625 0.177593659375 0.6875
7 0.2182997125 0.68823529375 0.1948847265625 0.68823529375 0.1948847265625 0.7022058828125 0.2182997125 0.7022058828125 0.2182997125 0.68823529375
3 0.0641210375 0.2169117640625 0.0457492796875 0.2169117640625 0.0457492796875 0.43602941250000005 0.052593659375000004 0.43602941250000005 0.052593659375000004 0.23161764687500003 0.0634005765625 0.232352940625 0.0641210375 0.2169117640625
3 0.10554755 0.217647059375 0.0857348703125 0.217647059375 0.0857348703125 0.230882353125 0.10554755 0.230882353125 0.10554755 0.217647059375
3 0.1318443796875 0.2544117640625 0.136527378125 0.255147059375 0.1372478390625 0.3345588234375 0.1318443796875 0.3330882359375 0.1318443796875 0.382352940625 0.1368876078125 0.38088235312499996 0.1372478390625 0.4044117640625 0.13148415 0.4036764703125 0.1318443796875 0.42352941250000004 0.1358069171875 0.425 0.1545389046875 0.425 0.1545389046875 0.4088235296875 0.1451729109375 0.4080882359375 0.14409221875 0.230147059375 0.1502161390625 0.230882353125 0.1502161390625 0.217647059375 0.1271613828125 0.2169117640625 0.1271613828125 0.23382352968750003 0.1318443796875 0.230882353125 0.1318443796875 0.2544117640625
3 0.1891210375 0.21617647031249998 0.1725504328125 0.21617647031249998 0.1725504328125 0.230882353125 0.1891210375 0.230882353125 0.1891210375 0.21617647031249998
3 0.2237031703125 0.2485294125 0.2334293953125 0.24705882343750002 0.233789625 0.23161764687500003 0.2427953890625 0.230882353125 0.2427953890625 0.2169117640625 0.21145533125 0.217647059375 0.2118155625 0.230882353125 0.2233429390625 0.23161764687500003 0.2237031703125 0.2485294125
3 0.3198847265625 0.24485294062500002 0.328530259375 0.24558823593749998 0.328170028125 0.232352940625 0.3339337171875 0.230882353125 0.3335734875 0.217647059375 0.31123919375 0.217647059375 0.31123919375 0.23161764687500003 0.3203650328125 0.23039215624999998 0.3198847265625 0.24485294062500002
3 0.0522334296875 0.68823529375 0.0522334296875 0.48382352968750003 0.0457492796875 0.48382352968750003 0.0453890484375 0.7029411765625 0.0666426515625 0.7044117640625001 0.0662824203125 0.6875 0.0522334296875 0.68823529375
3 0.1534582125 0.68823529375 0.1480547546875 0.68823529375 0.147694525 0.6713235296875 0.1379683 0.6705882359374999 0.1379683 0.6875 0.12860230625 0.68676470625 0.12860230625 0.7022058828125 0.1534582125 0.7029411765625 0.1534582125 0.68823529375
1 0.273775215625 0.5202205875 0.23174831875000002 0.5189950984375 0.2314481265625 0.688725490625 0.30949807812499996 0.6881127453125 0.3100984625 0.49325980312500006 0.5835734875 0.49325980312500006 0.5835734875 0.44056372499999996 0.23294908749999998 0.44117647031249996 0.23264889531250002 0.42585784374999996 0.141390490625 0.4240196078125 0.1404899140625 0.4920343140625 0.2740754078125 0.49264705937500003 0.273775215625 0.5202205875
3 0.231988471875 0.519852940625 0.273775215625 0.519852940625 0.274135446875 0.493382353125 0.22442363125 0.49411764687500004 0.2247838609375 0.642647059375 0.2312680109375 0.6419117640625001 0.231988471875 0.519852940625
3 0.309438040625 0.84926470625 0.315561959375 0.84926470625 0.3148414984375 0.8705882359375 0.322046109375 0.8713235296875 0.322046109375 0.8272058828125 0.315561959375 0.8264705875 0.315561959375 0.8352941171875001 0.309077809375 0.8345588234375001 0.309438040625 0.84926470625
3 0.322406340625 0.755882353125 0.315561959375 0.755882353125 0.315561959375 0.780882353125 0.322406340625 0.780882353125 0.322406340625 0.755882353125
3 0.367074928125 0.6889705875 0.352305475 0.6889705875 0.352305475 0.7022058828125 0.367074928125 0.7022058828125 0.367074928125 0.6889705875
3 0.19524495625 0.6875 0.1768731984375 0.6875 0.1768731984375 0.7029411765625 0.19524495625 0.7029411765625 0.19524495625 0.6875
3 0.10590778125 0.6889705875 0.0886167140625 0.6889705875 0.0886167140625 0.7014705875 0.10590778125 0.7014705875 0.10590778125 0.6889705875
4 0.0528338140625 0.67107843125 0.06051873125 0.67107843125 0.06075888593749999 0.68823529375 0.09534101874999999 0.6872549015625 0.09534101874999999 0.500490196875 0.06147934687499999 0.5 0.0609990390625 0.5166666671875 0.052593659375000004 0.5166666671875 0.0528338140625 0.67107843125
3 0.06051873125 0.49926470624999997 0.052953890625 0.49926470624999997 0.052953890625 0.5169117640625001 0.06051873125 0.5169117640625001 0.06051873125 0.49926470624999997
3 0.0608789625 0.6713235296875 0.051873198437500004 0.6713235296875 0.051873198437500004 0.6889705875 0.0608789625 0.6889705875 0.0608789625 0.6713235296875
4 0.13760806875 0.6720588234375 0.1472142171875 0.6720588234375 0.1472142171875 0.68823529375 0.184918346875 0.6877450984375 0.18467819375 0.5009803921875 0.167387128125 0.5009803921875 0.16690682031249998 0.5240196078125 0.133285303125 0.5235294125000001 0.13376560937499998 0.5009803921875 0.0989433234375 0.5009803921875 0.0987031703125 0.688725490625 0.1368876078125 0.68823529375 0.13760806875 0.6720588234375
6 0.09606147968749999 0.5 0.095821325 0.6892156859375 0.0987031703125 0.6897058828125 0.09846301562500001 0.5 0.16978866406249998 0.49950980312500004 0.16882805 0.49264705937500003 0.08381364062499999 0.49362744999999997 0.08381364062499999 0.4990196078125 0.09606147968749999 0.5
3 0.1664265125 0.49852941250000005 0.1340057640625 0.49852941250000005 0.1340057640625 0.52426470625 0.1664265125 0.52426470625 0.1664265125 0.49852941250000005
1 0.22454370781250002 0.500490196875 0.2103746390625 0.5009803921875 0.2101344859375 0.5191176468750001 0.20196926093749998 0.5200980390625001 0.20172910625 0.5009803921875 0.188520653125 0.5014705875 0.188520653125 0.68823529375 0.2240634 0.6877450984375 0.22454370781250002 0.500490196875
6 0.1851585015625 0.5264705875 0.18828050000000002 0.526960784375 0.1880403453125 0.500490196875 0.2240634 0.5009803921875 0.22454370781250002 0.49264705937500003 0.183237271875 0.49264705937500003 0.183237271875 0.5 0.1851585015625 0.5 0.1851585015625 0.5264705875
3 0.209654178125 0.5 0.2020893375 0.5 0.2020893375 0.519852940625 0.209654178125 0.519852940625 0.209654178125 0.5
3 0.31532180625 0.709313725 0.3222862640625 0.7098039218750001 0.3225264171875 0.7029411765625 0.3290105671875 0.7029411765625 0.3290105671875 0.68823529375 0.3158021140625 0.688725490625 0.316522575 0.49362744999999997 0.3097982703125 0.49264705937500003 0.310038425 0.6872549015625 0.3018731984375 0.6877450984375 0.30235350625 0.701960784375 0.3148414984375 0.7014705875 0.31532180625 0.709313725
4 0.35710915 0.49951102968749994 0.3170046828125 0.49951102968749994 0.3170046828125 0.6882389703125 0.35710915 0.6882389703125 0.35710915 0.49951102968749994
3 0.3310518734375 0.4977941171875 0.3166426515625 0.4977941171875 0.3166426515625 0.5161764703125 0.3310518734375 0.5161764703125 0.3310518734375 0.4977941171875
3 0.3227665703125 0.6720588234375 0.31700288125 0.6720588234375 0.31700288125 0.6897058828125 0.3227665703125 0.6897058828125 0.3227665703125 0.6720588234375
3 0.41594620625 0.6892156859375 0.40802113437500004 0.688725490625 0.4077809796875 0.4990196078125 0.401536984375 0.4990196078125 0.401536984375 0.688725490625 0.390249759375 0.688725490625 0.39000960625 0.7024509796875 0.4154658984375 0.7014705875 0.41594620625 0.6892156859375
4 0.4008177234375 0.5009816171875 0.36119236250000003 0.5009816171875 0.36119236250000003 0.6882389703125 0.4008177234375 0.6882389703125 0.4008177234375 0.5009816171875
3 0.402017290625 0.6720588234375 0.3969740640625 0.6720588234375 0.3969740640625 0.6897058828125 0.402017290625 0.6897058828125 0.402017290625 0.6720588234375
3 0.4016570609375 0.49926470624999997 0.3969740640625 0.49926470624999997 0.3969740640625 0.5161764703125 0.4016570609375 0.5161764703125 0.4016570609375 0.49926470624999997
4 0.446684078125 0.5004889703125001 0.40802053281250006 0.5004889703125001 0.40802053281250006 0.6892169125 0.446684078125 0.6892169125 0.446684078125 0.5004889703125001
3 0.41354466875 0.49926470624999997 0.4077809796875 0.49926470624999997 0.4077809796875 0.5191176468750001 0.41354466875 0.5191176468750001 0.41354466875 0.49926470624999997
3 0.28854466875 0.2169117640625 0.2651296828125 0.2169117640625 0.2651296828125 0.23161764687500003 0.28854466875 0.23161764687500003 0.28854466875 0.2169117640625
3 0.373198846875 0.217647059375 0.35590778125 0.217647059375 0.35590778125 0.23161764687500003 0.373198846875 0.23161764687500003 0.373198846875 0.217647059375
3 0.2366714703125 0.40735294062499994 0.16678674375 0.40735294062499994 0.16678674375 0.42573529375 0.2366714703125 0.42573529375 0.2366714703125 0.40735294062499994
3 0.2759366 0.40955882343749994 0.2629683 0.40955882343749994 0.2629683 0.43455882343749996 0.2759366 0.43455882343749996 0.2759366 0.40955882343749994
3 0.3180835734375 0.3970588234375 0.306195965625 0.3970588234375 0.306195965625 0.43382352968750004 0.3180835734375 0.43382352968750004 0.3180835734375 0.3970588234375
3 0.328170028125 0.3977941171875 0.3213256484375 0.3977941171875 0.3213256484375 0.43382352968750004 0.328170028125 0.43382352968750004 0.328170028125 0.3977941171875
3 0.3584293953125 0.3970588234375 0.33969740625 0.3970588234375 0.33969740625 0.43455882343749996 0.3584293953125 0.43455882343749996 0.3584293953125 0.3970588234375
3 0.408501440625 0.3963235296875 0.3840057640625 0.3963235296875 0.3840057640625 0.43382352968750004 0.408501440625 0.43382352968750004 0.408501440625 0.3963235296875
3 0.4081412109375 0.044117646875 0.4178674359375 0.044852940625 0.4178674359375 0.026470587499999997 0.3984149859375 0.026470587499999997 0.3984149859375 0.119117646875 0.4081412109375 0.119117646875 0.4081412109375 0.044117646875
3 0.4924351578125 0.118382353125 0.5025216140625 0.119117646875 0.501801153125 0.026470587499999997 0.4780259359375 0.02573529375 0.4780259359375 0.0455882359375 0.492074928125 0.044852940625 0.4924351578125 0.118382353125
3 0.628242075 0.21838235312499998 0.6149135453125 0.21838235312499998 0.6149135453125 0.230882353125 0.628242075 0.230882353125 0.628242075 0.21838235312499998
3 0.3962536015625 0.22941176406250002 0.4160662828125 0.2286764703125 0.4164265125 0.21838235312499998 0.4081412109375 0.2169117640625 0.4081412109375 0.1647058828125 0.3984149859375 0.1639705875 0.398775215625 0.217647059375 0.3969740640625 0.2169117640625 0.3962536015625 0.22941176406250002
3 0.485951009375 0.230147059375 0.507925071875 0.230882353125 0.5086455328125 0.21911764687500002 0.501801153125 0.21838235312499998 0.501801153125 0.1669117640625 0.4924351578125 0.1654411765625 0.4927953890625 0.219852940625 0.4866714703125 0.21838235312499998 0.485951009375 0.230147059375
3 0.408861671875 0.230147059375 0.4016570609375 0.230147059375 0.4016570609375 0.24485294062500002 0.408861671875 0.24485294062500002 0.408861671875 0.230147059375
1 0.43251801093750003 0.23137132343750003 0.41234510156250004 0.23137132343750003 0.41234510156250004 0.433819853125 0.43251801093750003 0.433819853125 0.43251801093750003 0.23137132343750003
3 0.4164265125 0.230147059375 0.411743515625 0.230147059375 0.411743515625 0.24485294062500002 0.4164265125 0.24485294062500002 0.4164265125 0.230147059375
3 0.49015309843750005 0.230882353125 0.48607168593749994 0.230882353125 0.48607168593749994 0.43676470624999997 0.49015309843750005 0.43676470624999997 0.49015309843750005 0.230882353125
3 0.4956772328125 0.230882353125 0.49063400625 0.230882353125 0.49063400625 0.24485294062500002 0.4956772328125 0.24485294062500002 0.4956772328125 0.230882353125
3 0.49639769375 0.4022058828125 0.49063400625 0.4022058828125 0.49063400625 0.43455882343749996 0.49639769375 0.43455882343749996 0.49639769375 0.4022058828125
6 0.68467819375 0.4397058828125 0.684438040625 0.43333333281249997 0.6690682031249999 0.43333333281249997 0.6690682031249999 0.38039215625 0.6661863593749999 0.38039215625 0.6664265125 0.43333333281249997 0.5787704125 0.43382352968750004 0.5792507203125 0.3799019609375 0.5763688765625 0.38039215625 0.576128721875 0.434313725 0.56292026875 0.434313725 0.56292026875 0.440686275 0.68467819375 0.4397058828125
3 0.57672910625 0.4022058828125 0.5706051875 0.4022058828125 0.5706051875 0.43382352968750004 0.57672910625 0.43382352968750004 0.57672910625 0.4022058828125
3 0.584654178125 0.4014705875 0.5796109515625 0.4014705875 0.5796109515625 0.43455882343749996 0.584654178125 0.43455882343749996 0.584654178125 0.4014705875
3 0.5760086453125 0.230882353125 0.5713256484375 0.230882353125 0.5713256484375 0.24485294062500002 0.5760086453125 0.24485294062500002 0.5760086453125 0.230882353125
6 0.5790111671875 0.23038970625 0.5766084296875 0.23038970625 0.5766084296875 0.3539191171875 0.5790111671875 0.3539191171875 0.5790111671875 0.23038970625
3 0.5842939484375 0.230882353125 0.5796109515625 0.230882353125 0.5796109515625 0.24485294062500002 0.5842939484375 0.24485294062500002 0.5842939484375 0.230882353125
3 0.591138328125 0.217647059375 0.5648414984375 0.217647059375 0.5648414984375 0.230882353125 0.591138328125 0.230882353125 0.591138328125 0.217647059375
3 0.67651296875 0.2169117640625 0.6509366 0.2169117640625 0.6509366 0.230147059375 0.67651296875 0.230147059375 0.67651296875 0.2169117640625
3 0.6660662828125 0.230882353125 0.6613832859375 0.230882353125 0.6613832859375 0.24485294062500002 0.6660662828125 0.24485294062500002 0.6660662828125 0.230882353125
3 0.7240634 0.217647059375 0.6988472625 0.217647059375 0.6988472625 0.230882353125 0.7240634 0.230882353125 0.7240634 0.217647059375
3 0.7608069171875 0.230147059375 0.74963976875 0.230147059375 0.74963976875 0.24632352968750001 0.7608069171875 0.24632352968750001 0.7608069171875 0.230147059375
3 0.767651296875 0.2169117640625 0.746757925 0.2169117640625 0.746757925 0.230882353125 0.767651296875 0.230882353125 0.767651296875 0.2169117640625
6 0.8033141203125 0.4509803921875 0.8028338140625 0.42205882343749995 0.815561959375 0.42205882343749995 0.8150816531249999 0.415196078125 0.8030739671875 0.415686275 0.8033141203125 0.23039215624999998 0.7999519687500001 0.230882353125 0.7999519687500001 0.43382352968750004 0.7874639765625 0.43333333281249997 0.7874639765625 0.44019607812499995 0.799711815625 0.44019607812499995 0.7999519687500001 0.45196078437500004 0.8033141203125 0.4509803921875
3 0.81376080625 0.217647059375 0.790345821875 0.217647059375 0.790345821875 0.230882353125 0.81376080625 0.230882353125 0.81376080625 0.217647059375
3 0.7654899140625 0.405882353125 0.7510806921875 0.405882353125 0.7510806921875 0.4352941171875 0.7654899140625 0.4352941171875 0.7654899140625 0.405882353125
3 0.6664265125 0.40294117656250006 0.6610230546875 0.40294117656250006 0.6610230546875 0.43602941250000005 0.6664265125 0.43602941250000005 0.6664265125 0.40294117656250006
3 0.674711815625 0.4022058828125 0.6689481265625 0.4022058828125 0.6689481265625 0.43455882343749996 0.674711815625 0.43455882343749996 0.674711815625 0.4022058828125
6 0.5802113359375001 0.6897058828125 0.582612871875 0.6892156859375 0.5823727187500001 0.5 0.5960614796875 0.49950980312500004 0.5965417875 0.4931372546875 0.5636407296875 0.4931372546875 0.5631604218749999 0.5 0.5802113359375001 0.4990196078125 0.5802113359375001 0.6897058828125
4 0.5794902734375 0.5009816171875 0.537944884375 0.5009816171875 0.537944884375 0.6882389703125 0.5794902734375 0.6882389703125 0.5794902734375 0.5009816171875
3 0.5796109515625 0.49926470624999997 0.5760086453125 0.49926470624999997 0.5760086453125 0.5169117640625001 0.5796109515625 0.5169117640625001 0.5796109515625 0.49926470624999997
4 0.6229592937499999 0.5014742640625001 0.5830925796875001 0.5014742640625001 0.5830925796875001 0.6877463234375 0.6229592937499999 0.6877463234375 0.6229592937499999 0.5014742640625001
3 0.588256484375 0.49926470624999997 0.5824927953125 0.49926470624999997 0.5824927953125 0.5205882359375 0.588256484375 0.5205882359375 0.588256484375 0.49926470624999997
3 0.675072046875 0.49950980312500004 0.667387128125 0.49950980312500004 0.6676272812499999 0.6897058828125 0.656099903125 0.688725490625 0.656099903125 0.701960784375 0.6880403453125 0.7024509796875 0.688520653125 0.6892156859375 0.675072046875 0.6892156859375 0.675072046875 0.49950980312500004
4 0.667148775 0.5014705875 0.6272820609374999 0.5014705875 0.6272820609374999 0.68823529375 0.667148775 0.68823529375 0.667148775 0.5014705875
3 0.6671469734375 0.49926470624999997 0.6606628234375 0.49926470624999997 0.6606628234375 0.517647059375 0.6671469734375 0.517647059375 0.6671469734375 0.49926470624999997
4 0.675552353125 0.6735294125 0.6784341984375 0.673039215625 0.6784341984375 0.6892156859375 0.753842459375 0.68823529375 0.753842459375 0.6740196078125 0.7569644578125 0.673039215625 0.756724303125 0.5210784312500001 0.7524015375 0.5210784312500001 0.7524015375 0.5009803921875 0.7077329484375 0.5009803921875 0.7074927953125 0.5205882359375 0.675552353125 0.51960784375 0.675552353125 0.6735294125
3 0.7071325640625 0.5 0.6757925078125 0.5 0.6757925078125 0.519852940625 0.7071325640625 0.519852940625 0.7071325640625 0.5
6 0.7572046109375 0.688725490625 0.7598463015625 0.6892156859375 0.7603266093750001 0.57107843125 0.78242075 0.57107843125 0.78242075 0.5647058828125 0.7598463015625 0.5642156859375 0.7596061484375001 0.49362744999999997 0.726705090625 0.49264705937500003 0.7264649375000001 0.49950980312500004 0.756724303125 0.49950980312500004 0.7572046109375 0.688725490625
3 0.7568443796875 0.5 0.7521613828125 0.5 0.7521613828125 0.5220588234375 0.7568443796875 0.5220588234375 0.7568443796875 0.5
1 0.8532660906249999 0.44215686249999997 0.8410182515625 0.44215686249999997 0.8410182515625 0.42352941250000004 0.8033141203125 0.42205882343749995 0.8030739671875 0.49264705937500003 0.9341978859375001 0.4921568625 0.934438040625 0.42892156875 0.9291546593750001 0.4284313734375 0.9296349671874999 0.40637255000000005 0.934438040625 0.40637255000000005 0.9341978859375001 0.3524509796875 0.84942363125 0.351960784375 0.8496637843749999 0.4024509796875 0.8532660906249999 0.4034313734375 0.8532660906249999 0.44215686249999997
3 0.85266570625 0.4036764703125 0.8407780984375 0.4036764703125 0.8407780984375 0.44044117656250004 0.85266570625 0.44044117656250004 0.85266570625 0.4036764703125
3 0.8933717578125 0.217647059375 0.879682996875 0.217647059375 0.879682996875 0.230147059375 0.8933717578125 0.230147059375 0.8933717578125 0.217647059375
3 0.9347982703125 0.3595588234375 0.9416426515625 0.3602941171875 0.9412824203125 0.230882353125 0.950288184375 0.23161764687500003 0.949927953125 0.2169117640625 0.9157060515625 0.21617647031249998 0.9160662828125 0.230882353125 0.9347982703125 0.230147059375 0.9347982703125 0.3595588234375
3 0.9351585015625 0.230882353125 0.9257925078125 0.230882353125 0.9257925078125 0.25 0.9351585015625 0.25 0.9351585015625 0.230882353125
2 0.91354466875 0.3647058828125 0.9171469734375 0.3661764703125 0.9175072046875 0.3529411765625 0.921829971875 0.3529411765625 0.9221902015625 0.3419117640625 0.9175072046875 0.3411764703125 0.9175072046875 0.331617646875 0.914985590625 0.331617646875 0.914985590625 0.342647059375 0.908501440625 0.342647059375 0.908501440625 0.355147059375 0.9139048984375 0.3544117640625 0.91354466875 0.3647058828125
6 0.93467759375 0.3450955875 0.9219506484375 0.3450955875 0.9219506484375 0.350977940625 0.93467759375 0.350977940625 0.93467759375 0.3450955875
3 0.9347982703125 0.32573529375 0.9254322765625 0.32573529375 0.9254322765625 0.3463235296875 0.9347982703125 0.3463235296875 0.9347982703125 0.32573529375
3 0.93551873125 0.406617646875 0.9293948125 0.406617646875 0.9293948125 0.4286764703125 0.93551873125 0.4286764703125 0.93551873125 0.406617646875
3 0.9351585015625 0.67426470625 0.9229106625 0.67426470625 0.9229106625 0.6897058828125 0.9351585015625 0.6897058828125 0.9351585015625 0.67426470625
3 0.8627521609375 0.6875 0.8328530265625 0.6875 0.8328530265625 0.7022058828125 0.8627521609375 0.7022058828125 0.8627521609375 0.6875
3 0.852305475 0.67426470625 0.841498559375 0.67426470625 0.841498559375 0.6889705875 0.852305475 0.6889705875 0.852305475 0.67426470625
3 0.8951729109375 0.6889705875 0.8854466859375 0.6889705875 0.8854466859375 0.7022058828125 0.8951729109375 0.7022058828125 0.8951729109375 0.6889705875
3 0.81051873125 0.6889705875 0.7892651296875 0.6889705875 0.7892651296875 0.7022058828125 0.81051873125 0.7022058828125 0.81051873125 0.6889705875
3 0.7665706046875 0.6889705875 0.75 0.6889705875 0.75 0.7022058828125 0.7665706046875 0.7022058828125 0.7665706046875 0.6889705875
3 0.727305475 0.6875 0.7103746390625 0.6875 0.7103746390625 0.7036764703125 0.727305475 0.7036764703125 0.727305475 0.6875
3 0.7575648421875 0.6735294125 0.7539625359375 0.6735294125 0.7539625359375 0.6904411765625 0.7575648421875 0.6904411765625 0.7575648421875 0.6735294125
3 0.6671469734375 0.6727941171875 0.6639048984375 0.6727941171875 0.6639048984375 0.68823529375 0.6671469734375 0.68823529375 0.6671469734375 0.6727941171875
3 0.6790345828125 0.6727941171875 0.674711815625 0.6727941171875 0.674711815625 0.6889705875 0.6790345828125 0.6889705875 0.6790345828125 0.6727941171875
3 0.5965417875 0.6875 0.565561959375 0.6875 0.565561959375 0.7022058828125 0.5965417875 0.7022058828125 0.5965417875 0.6875
3 0.57997118125 0.675 0.5760086453125 0.675 0.5760086453125 0.6897058828125 0.57997118125 0.6897058828125 0.57997118125 0.675
3 0.5893371765625 0.6757352937500001 0.5821325640625 0.6757352937500001 0.5821325640625 0.6897058828125 0.5893371765625 0.6897058828125 0.5893371765625 0.6757352937500001
3 0.6336455328125 0.6889705875 0.61887608125 0.6889705875 0.61887608125 0.7022058828125 0.6336455328125 0.7022058828125 0.6336455328125 0.6889705875
3 0.5428674359375 0.68823529375 0.52557636875 0.68823529375 0.52557636875 0.7029411765625 0.5428674359375 0.7029411765625 0.5428674359375 0.68823529375
3 0.5039625359375 0.6889705875 0.4812680109375 0.6889705875 0.4812680109375 0.7014705875 0.5039625359375 0.7014705875 0.5039625359375 0.6889705875
3 0.8530259359375 0.5073529406249999 0.835014409375 0.5073529406249999 0.835014409375 0.5139705875 0.8530259359375 0.5139705875 0.8530259359375 0.5073529406249999
3 0.9351585015625 0.506617646875 0.914985590625 0.506617646875 0.914985590625 0.51323529375 0.9351585015625 0.51323529375 0.9351585015625 0.506617646875
3 0.9747838609375 0.4125 0.9870317 0.41176470624999995 0.9881123921875 0.3536764703125 0.981988471875 0.3529411765625 0.98090778125 0.3977941171875 0.9751440921875 0.3977941171875 0.9747838609375 0.4125
3 0.9416426515625 0.4125 0.9510086453125 0.41176470624999995 0.9510086453125 0.3977941171875 0.9412824203125 0.3970588234375 0.940922190625 0.38823529375 0.93623919375 0.3875 0.9347982703125 0.43382352968750004 0.940922190625 0.43382352968750004 0.9416426515625 0.4125
3 0.8422190203125 0.4036764703125 0.84942363125 0.40514705937500006 0.8490634 0.23161764687500003 0.856988471875 0.23161764687500003 0.857708934375 0.21617647031249998 0.8360951015625 0.2169117640625 0.8360951015625 0.23161764687500003 0.8422190203125 0.230882353125 0.8422190203125 0.4036764703125
3 0.9812680109375 0.30661764687500004 0.988472621875 0.30661764687500004 0.9877521609375 0.2169117640625 0.972982709375 0.2169117640625 0.9733429390625 0.23161764687500003 0.9812680109375 0.230882353125 0.9812680109375 0.30661764687500004
2 0.9281940437499999 0.37696078437499997 0.934438040625 0.3779411765625 0.934077809375 0.3875 0.9423631125 0.3875 0.94200288125 0.3772058828125 0.9481268015625 0.3764705875 0.9481268015625 0.3720588234375 0.9427233421875 0.3705882359375 0.9423631125 0.3610294125 0.9337175796875 0.3610294125 0.934077809375 0.3705882359375 0.9286743515625 0.3715686265625 0.9281940437499999 0.37696078437499997
2 0.8198847265625 0.4352941171875 0.8232468781250001 0.43676470624999997 0.8237271859374999 0.42450980312500003 0.8287704124999999 0.42352941250000004 0.8290105671875001 0.41372549062499997 0.82348703125 0.41274509843749996 0.8232468781250001 0.4034313734375 0.8208453406249999 0.4014705875 0.8206051875 0.41323529375 0.8158021140624999 0.41372549062499997 0.8153218062500001 0.4240196078125 0.8203650328125001 0.42303921562499996 0.8198847265625 0.4352941171875
2 0.8669548515625 0.5210784312500001 0.8700768484375001 0.5215686265625 0.8700768484375001 0.5093137249999999 0.8760806921875 0.5083333328124999 0.8760806921875 0.49264705937500003 0.870317003125 0.4911764703125 0.8700768484375001 0.48039215625000004 0.8674351578125 0.48039215625000004 0.8671950046875001 0.4921568625 0.8616714703125 0.4916666671875 0.8616714703125 0.509803921875 0.8669548515625 0.5088235296875 0.8669548515625 0.5210784312500001
2 0.7937079734375 0.47009803906250003 0.799711815625 0.46862744999999995 0.7985110468750001 0.4799019609375 0.8040345828125 0.47892156874999997 0.803794428125 0.47009803906250003 0.8095581171875 0.47009803906250003 0.8093179640624999 0.46323529375000005 0.8040345828125 0.4602941171875 0.803794428125 0.4524509796875 0.7999519687500001 0.45196078437500004 0.7989913546875 0.4627450984375 0.7946685875 0.4607843140625 0.7937079734375 0.47009803906250003
1 0.8000126078124999 0.44178676406250006 0.5853764406249999 0.44178676406250006 0.5853764406249999 0.493257353125 0.8000126078124999 0.493257353125 0.8000126078124999 0.44178676406250006
2 0.779058596875 0.45392156874999995 0.7821805953125 0.45539215625 0.781460134375 0.44166666718750003 0.78770413125 0.44166666718750003 0.7872238234375 0.43235294062499996 0.781460134375 0.43235294062499996 0.781460134375 0.42009803906250004 0.779779059375 0.41862744999999996 0.7792987515625 0.43333333281249997 0.7735350624999999 0.43235294062499996 0.7740153703125 0.4431372546875 0.7795389046875 0.44166666718750003 0.779058596875 0.45392156874999995
4 0.8001927234374999 0.5720588234374999 0.7608087171875 0.5720588234374999 0.7608087171875 0.68823529375 0.8001927234374999 0.68823529375 0.8001927234374999 0.5720588234374999
2 0.7874639765625 0.5838235296875001 0.790585975 0.5848039218750001 0.7910662828125 0.57107843125 0.796109509375 0.5715686265625 0.796109509375 0.5622549015625 0.7915465890625 0.5607843140625 0.79178674375 0.5509803921875001 0.7884245921875 0.55 0.7886647453125 0.56176470625 0.782660903125 0.56176470625 0.782660903125 0.5730392156249999 0.7874639765625 0.5730392156249999 0.7874639765625 0.5838235296875001
2 0.7937079734375 0.659803921875 0.7989913546875 0.6602941171875 0.7987512 0.66862745 0.803554275 0.6705882359374999 0.8040345828125 0.659803921875 0.809077809375 0.6588235296875 0.8093179640624999 0.6544117640625 0.8040345828125 0.6549019609375 0.803794428125 0.6421568625 0.7992315078125001 0.6421568625 0.799711815625 0.6544117640625 0.7939481265625 0.6544117640625 0.7937079734375 0.659803921875
2 0.7178194046875 0.5147058828125 0.7207012484375 0.515686275 0.7216618640625 0.5034313734375 0.726705090625 0.5034313734375 0.7264649375000001 0.490686275 0.720220940625 0.490686275 0.7207012484375 0.48039215625000004 0.717339096875 0.47892156874999997 0.717339096875 0.4911764703125 0.7125360234375 0.4911764703125 0.7125360234375 0.5014705875 0.7182997125 0.501960784375 0.7178194046875 0.5147058828125
2 0.6897214218750001 0.45049019687499997 0.6923631125 0.4509803921875 0.6921229578125 0.440686275 0.6981268015625 0.440686275 0.697886646875 0.43235294062499996 0.6928434203125 0.43284313750000003 0.6926032656250001 0.419117646875 0.6906820359375 0.4205882359375 0.6904418828125001 0.43235294062499996 0.684438040625 0.4318627453125 0.68467819375 0.44215686249999997 0.6902017296875 0.44215686249999997 0.6897214218750001 0.45049019687499997
2 0.6448126796875 0.51323529375 0.6448126796875 0.501960784375 0.6500960609375 0.5009803921875 0.650336215625 0.49362744999999997 0.645052834375 0.49264705937500003 0.645533140625 0.4818627453125 0.642651296875 0.480882353125 0.64169068125 0.4921568625 0.6368876078125 0.4931372546875 0.6368876078125 0.5024509796875 0.64289145 0.5009803921875 0.6419308359375 0.5122549015625 0.6448126796875 0.51323529375
2 0.65946205625 0.36960784375 0.6652257453125 0.37107843125 0.6657060515625 0.38088235312499996 0.6707492796875 0.38137255 0.6709894328125 0.3715686265625 0.6757925078125 0.37107843125 0.6757925078125 0.365196078125 0.6697886640624999 0.365196078125 0.67002881875 0.35392156875 0.66594620625 0.3534313734375 0.6654658984374999 0.363725490625 0.6592219015625 0.36274509843749997 0.65946205625 0.36960784375
2 0.6006244 0.5127450984374999 0.6039865515625 0.51323529375 0.604466859375 0.501960784375 0.609750240625 0.5009803921875 0.609750240625 0.4916666671875 0.6042267046875 0.490196078125 0.604466859375 0.48235294062499995 0.60182516875 0.480882353125 0.602065321875 0.4911764703125 0.5960614796875 0.4916666671875 0.5955811718749999 0.5014705875 0.6006244 0.5014705875 0.6006244 0.5127450984374999
2 0.5554755046875 0.4794117640625 0.554995196875 0.4916666671875 0.5494716625 0.4911764703125 0.5492315078125001 0.501960784375 0.55475504375 0.5014705875 0.55475504375 0.511274509375 0.5566762734374999 0.5117647062499999 0.5566762734374999 0.500490196875 0.56292026875 0.500490196875 0.56292026875 0.49264705937500003 0.5573967343749999 0.4931372546875 0.5573967343749999 0.48039215625000004 0.5554755046875 0.4794117640625
2 0.554995196875 0.4544117640625 0.5566762734374999 0.45490196093749996 0.5571565796875 0.44264705937500004 0.562680115625 0.44166666718750003 0.56292026875 0.43284313750000003 0.5581171953124999 0.4318627453125 0.558597503125 0.4205882359375 0.55523535 0.4205882359375 0.5545148890625 0.43137255 0.5489913546875 0.430882353125 0.5492315078125001 0.44215686249999997 0.55523535 0.44166666718750003 0.554995196875 0.4544117640625
2 0.569164265625 0.3715686265625 0.575648415625 0.37107843125 0.5751681078125 0.38088235312499996 0.579731028125 0.38039215625 0.5804514890625 0.3700980390625 0.5859750234375001 0.3705882359375 0.5857348703125 0.3642156859375 0.5802113359375001 0.363725490625 0.579731028125 0.3524509796875 0.5754082609375 0.3509803921875 0.57588856875 0.36323529374999997 0.569644571875 0.36274509843749997 0.569164265625 0.3715686265625
2 0.42243035625 0.244117646875 0.424351584375 0.24362745000000002 0.42483189218749995 0.232352940625 0.42987512031249997 0.23137254999999998 0.42963496718750005 0.215686275 0.42459173906250003 0.215686275 0.424351584375 0.2044117640625 0.42267050937499995 0.20392156875 0.42195004843749995 0.215686275 0.4164265125 0.21617647031249998 0.4164265125 0.23039215624999998 0.4221902015625 0.23284313750000002 0.42243035625 0.244117646875
2 0.42771373593749995 0.3700980390625 0.42747358281250003 0.3740196078125 0.4322766578125 0.374509803125 0.43275696406249997 0.386274509375 0.4365994234375 0.38725490156250003 0.4363592703125 0.3735294125 0.4418828046875 0.3740196078125 0.4421229578125 0.36960784375 0.4365994234375 0.36960784375 0.4365994234375 0.359313725 0.4322766578125 0.3578431375 0.43275696406249997 0.36911764687500004 0.42771373593749995 0.3700980390625
2 0.4207492796875 0.45294117656250005 0.4236311234375 0.4544117640625 0.42339097031249995 0.44264705937500004 0.42891450468750003 0.44460784374999995 0.4286743515625 0.4318627453125 0.4236311234375 0.43137255 0.424351584375 0.4215686265625 0.4209894328125 0.42205882343749995 0.420509125 0.43284313750000003 0.4154658984375 0.43235294062499996 0.4157060515625 0.44362745 0.4207492796875 0.44362745 0.4207492796875 0.45294117656250005
2 0.3686359265625 0.4524509796875 0.3710374640625 0.4534313734375 0.371757925 0.44117647031249996 0.3765609984375 0.44166666718750003 0.376801153125 0.4318627453125 0.371517771875 0.43137255 0.3722382328125 0.42205882343749995 0.3686359265625 0.4205882359375 0.3686359265625 0.430882353125 0.36359269843750003 0.430882353125 0.36359269843750003 0.44117647031249996 0.3686359265625 0.44117647031249996 0.3686359265625 0.4524509796875
4 0.5350624390625 0.5225490203125001 0.4860710859375 0.5215686265625 0.4860710859375 0.5009803921875 0.4507684921875 0.500490196875 0.4510086453125 0.688725490625 0.5348222859375 0.68823529375 0.5350624390625 0.5225490203125001
2 0.46301632968749995 0.5122549015625 0.46589817499999997 0.5147058828125 0.46589817499999997 0.5014705875 0.470941403125 0.501960784375 0.47142170937500005 0.4931372546875 0.46589817499999997 0.4911764703125 0.466138328125 0.48137255 0.463256484375 0.480882353125 0.463256484375 0.4931372546875 0.4577329484375 0.4916666671875 0.45797310312499995 0.501960784375 0.46373679218749997 0.500490196875 0.46301632968749995 0.5122549015625
2 0.42843419843749997 0.5117647062499999 0.43107588906250005 0.51323529375 0.4315561953125 0.5014705875 0.436839578125 0.501960784375 0.436839578125 0.49264705937500003 0.43131604218749997 0.4921568625 0.43107588906250005 0.4828431375 0.42843419843749997 0.4818627453125 0.4286743515625 0.490686275 0.42267050937499995 0.4921568625 0.42315081718750003 0.500490196875 0.42891450468750003 0.5014705875 0.42843419843749997 0.5117647062499999
2 0.37800192187500004 0.5093137249999999 0.3792026890625 0.51323529375 0.3799231515625 0.500490196875 0.3856868390625 0.5014705875 0.38592699375 0.4921568625 0.38016330468750004 0.49264705937500003 0.3799231515625 0.48235294062499995 0.37800192187500004 0.48039215625000004 0.37800192187500004 0.4921568625 0.3724783859375 0.4916666671875 0.3722382328125 0.5014705875 0.3777617671875 0.500490196875 0.37800192187500004 0.5093137249999999
2 0.341978865625 0.5127450984374999 0.343900096875 0.513725490625 0.344380403125 0.501960784375 0.349663784375 0.501960784375 0.3499039390625 0.4921568625 0.343900096875 0.4931372546875 0.34414025000000004 0.48137255 0.3424591734375 0.4794117640625 0.3424591734375 0.4931372546875 0.337415946875 0.4931372546875 0.3369356390625 0.501960784375 0.3424591734375 0.501960784375 0.341978865625 0.5127450984374999
5 0.3150810515625 0.8495110296874999 0.23174891875 0.8495110296874999 0.23174891875 0.9343125000000001 0.3150810515625 0.9343125000000001 0.3150810515625 0.8495110296874999
2 0.3004322765625 0.8632352937500001 0.303794428125 0.8642156859375 0.3042747359375 0.8509803921874999 0.309077809375 0.8514705875 0.309077809375 0.8352941171875001 0.303554275 0.8333333328125001 0.3045148890625 0.8230392156249999 0.3011527375 0.8220588234375 0.3011527375 0.834313725 0.29634966406249996 0.8333333328125001 0.29586935625 0.8509803921874999 0.3013928921875 0.85 0.3004322765625 0.8632352937500001
1 0.3148433 0.702944853125 0.27713796875 0.702944853125 0.27713796875 0.8348051468750001 0.3148433 0.8348051468750001 0.3148433 0.702944853125
2 0.2929875125 0.71862745 0.296109509375 0.71960784375 0.297310278125 0.7049019609375 0.3016330453125 0.70392156875 0.302113353125 0.68823529375 0.2975504328125 0.6877450984375 0.2975504328125 0.6759803921875001 0.2939481265625 0.675490196875 0.2937079734375 0.68676470625 0.289145053125 0.686274509375 0.2889048984375 0.7044117640625001 0.29418828124999996 0.70637255 0.2929875125 0.71862745
2 0.21709894375 0.6578431375 0.22382324687500002 0.6578431375 0.22310278593750002 0.667647059375 0.231988471875 0.66862745 0.23174831875000002 0.6568627453125 0.23799231562499998 0.6578431375 0.23823246875 0.6524509796875 0.231988471875 0.6514705875 0.23174831875000002 0.6416666671875 0.2240634 0.6411764703125 0.2243035546875 0.6514705875 0.218539865625 0.6514705875 0.21709894375 0.6578431375
2 0.184918346875 0.54362745 0.184438040625 0.555882353125 0.18900096093750002 0.55539215625 0.18948126875 0.544117646875 0.1945244953125 0.54362745 0.19476465 0.5397058828125 0.1892411140625 0.5397058828125 0.18972142187500002 0.5274509796875 0.184918346875 0.526960784375 0.18467819375 0.538725490625 0.1789145046875 0.5377450984375 0.1793948125 0.544117646875 0.184918346875 0.54362745
3 0.2756952453125 0.7004889703125 0.2692110953125 0.7004889703125 0.2692110953125 0.8377463234375 0.2756952453125 0.8377463234375 0.2756952453125 0.7004889703125
2 0.173871278125 0.5127450984374999 0.1777137359375 0.5127450984374999 0.1777137359375 0.5014705875 0.1825168109375 0.5014705875 0.1825168109375 0.4921568625 0.1772334296875 0.490686275 0.1774735828125 0.48039215625000004 0.1753122 0.47892156874999997 0.1748318921875 0.49264705937500003 0.16906820312499998 0.4911764703125 0.1693083578125 0.5014705875 0.17411143125 0.501960784375 0.173871278125 0.5127450984374999
6 0.336694884375 0.4936286765625 0.31700108125000004 0.4936286765625 0.31700108125000004 0.4990183828125 0.336694884375 0.4990183828125 0.336694884375 0.4936286765625
6 0.188521253125 0.5558786765625 0.18539805468749998 0.5558786765625 0.18539805468749998 0.6887242640625 0.188521253125 0.6887242640625 0.188521253125 0.5558786765625
6 0.4226693078125 0.4931360296875 0.3859257921875 0.4931360296875 0.3859257921875 0.49951102968749994 0.4226693078125 0.49951102968749994 0.4226693078125 0.4931360296875
3 0.4589337171875 0.68970220625 0.43876080625 0.68970220625 0.43876080625 0.701959559375 0.4589337171875 0.701959559375 0.4589337171875 0.68970220625
6 0.4466858796875 0.6892156859375 0.450288184375 0.688725490625 0.45052833750000004 0.5 0.45725264218749995 0.49950980312500004 0.4577329484375 0.4931372546875 0.437319884375 0.49264705937500003 0.43707973125 0.5 0.44644572499999996 0.5 0.4466858796875 0.6892156859375
6 0.357348703125 0.6897058828125 0.360951009375 0.6897058828125 0.3607108546875 0.5 0.3724783859375 0.500490196875 0.3722382328125 0.49264705937500003 0.3501440921875 0.4931372546875 0.3501440921875 0.500490196875 0.357348703125 0.5 0.357348703125 0.6897058828125
2 0.076128721875 0.5122549015625 0.07829010625 0.5127450984374999 0.0778097984375 0.49950980312500004 0.08405379375000001 0.5 0.08405379375000001 0.4921568625 0.07829010625 0.490686275 0.078530259375 0.480882353125 0.07588856875 0.480882353125 0.076128721875 0.4911764703125 0.070845340625 0.4916666671875 0.070845340625 0.5014705875 0.0763688765625 0.5029411765625 0.076128721875 0.5122549015625
6 0.14072946718749998 0.425 0.13880943750000002 0.425 0.13880943750000002 0.49264705937500003 0.14072946718749998 0.49264705937500003 0.14072946718749998 0.425
6 0.0706069890625 0.49313970625000003 0.05235410625 0.49313970625000003 0.05235410625 0.499022059375 0.0706069890625 0.499022059375 0.0706069890625 0.49313970625000003
1 0.1383285296875 0.425977940625 0.053314120312500005 0.425977940625 0.053314120312500005 0.49215441249999997 0.1383285296875 0.49215441249999997 0.1383285296875 0.425977940625
6 0.061237392187499996 0.418625 0.052112751562500004 0.418625 0.052112751562500004 0.424507353125 0.061237392187499996 0.424507353125 0.061237392187499996 0.418625
3 0.058598703125 0.23038970625 0.052114553125 0.23038970625 0.052114553125 0.24362499999999998 0.058598703125 0.24362499999999998 0.058598703125 0.23038970625
3 0.058355546875 0.3999963234375 0.052112751562500004 0.3999963234375 0.052112751562500004 0.41813602968749997 0.058355546875 0.41813602968749997 0.058355546875 0.3999963234375
6 0.0912584046875 0.41862744999999996 0.0912584046875 0.37892156875 0.11263208437500001 0.3799019609375 0.11239193125 0.4181372546875 0.1092699328125 0.41862744999999996 0.108789625 0.425 0.119116234375 0.42450980312500003 0.1181556203125 0.419117646875 0.11503362187499999 0.41862744999999996 0.11575408281249999 0.3720588234375 0.0881364078125 0.37303921562500003 0.08885686875 0.42009803906250004 0.074927953125 0.41862744999999996 0.0746878 0.425 0.09534101874999999 0.42549019687499995 0.09558117187500001 0.419117646875 0.0912584046875 0.41862744999999996
3 0.088618515625 0.4004889703125 0.076849784375 0.4004889703125 0.076849784375 0.4191139703125 0.088618515625 0.4191139703125 0.088618515625 0.4004889703125
2 0.12439961562499999 0.4377450984375 0.1260806921875 0.43921568593750004 0.1265609984375 0.425 0.1325648421875 0.425 0.132084534375 0.417647059375 0.1263208453125 0.4166666671875 0.126801153125 0.4068627453125 0.1239193078125 0.405882353125 0.12367915468749999 0.4171568625 0.11887608125 0.4181372546875 0.11887608125 0.42549019687499995 0.12439961562499999 0.42450980312500003 0.12439961562499999 0.4377450984375
3 0.1193551875 0.400977940625 0.11575288125000001 0.400977940625 0.11575288125000001 0.418625 0.1193551875 0.418625 0.1193551875 0.400977940625
2 0.0689241109375 0.4377450984375 0.069164265625 0.4274509796875 0.0746878 0.4264705875 0.0742074921875 0.4166666671875 0.0689241109375 0.417647059375 0.0686839578125 0.40539215625 0.0658021140625 0.4068627453125 0.066522575 0.4166666671875 0.061719500000000004 0.41862744999999996 0.06147934687499999 0.4259803921875 0.066762728125 0.4264705875 0.066522575 0.43823529375000003 0.0689241109375 0.4377450984375
2 0.103266090625 0.4377450984375 0.10350624374999999 0.4259803921875 0.10902977968750001 0.4264705875 0.10902977968750001 0.4171568625 0.10350624374999999 0.4171568625 0.10302593593750001 0.40833333281249995 0.0999039390625 0.4088235296875 0.100864553125 0.4161764703125 0.09534101874999999 0.4161764703125 0.09534101874999999 0.42549019687499995 0.10038424531250001 0.42549019687499995 0.100864553125 0.438725490625 0.103266090625 0.4377450984375
2 0.1592219015625 0.43676470624999997 0.1616234390625 0.43823529375000003 0.1623439 0.4264705875 0.167387128125 0.42549019687499995 0.1671469734375 0.40735294062499994 0.1616234390625 0.40735294062499994 0.1618635921875 0.39607843125 0.1599423625 0.39509803906249996 0.15946205625 0.4068627453125 0.1539385203125 0.40637255000000005 0.15441882812500002 0.42549019687499995 0.15946205625 0.4259803921875 0.1592219015625 0.43676470624999997
2 0.29154658906250003 0.4534313734375 0.29346781875 0.4534313734375 0.29346781875 0.44166666718750003 0.2989913546875 0.440686275 0.2989913546875 0.43333333281249997 0.2927473578125 0.43333333281249997 0.293227665625 0.42107843125000005 0.2910662828125 0.4205882359375 0.290585975 0.43333333281249997 0.2850624390625 0.43333333281249997 0.2850624390625 0.4431372546875 0.2910662828125 0.44166666718750003 0.29154658906250003 0.4534313734375
3 0.09942182968749999 0.2303933828125 0.0938994953125 0.2303933828125 0.0938994953125 0.3720625 0.09942182968749999 0.3720625 0.09942182968749999 0.2303933828125
6 0.4358771609375 0.2303933828125 0.43251621093750003 0.2303933828125 0.43251621093750003 0.35882720625000003 0.4358771609375 0.35882720625000003 0.4358771609375 0.2303933828125
4 0.4853494234375 0.22353308749999998 0.43635806875 0.22353308749999998 0.43635806875 0.433334559375 0.4853494234375 0.433334559375 0.4853494234375 0.22353308749999998
6 0.4863112390625 0.4397058828125 0.48583093125000004 0.43382352968750004 0.43611911562500005 0.434313725 0.4358789625 0.3857843140625 0.43251681093750005 0.386274509375 0.43275696406249997 0.434313725 0.4286743515625 0.43333333281249997 0.42915465937499997 0.440686275 0.4863112390625 0.4397058828125
3 0.4358771609375 0.21813602968749998 0.429634365625 0.21813602968749998 0.429634365625 0.2303933828125 0.4358771609375 0.2303933828125 0.4358771609375 0.21813602968749998
6 0.48607168593749994 0.2176507359375 0.435160303125 0.2176507359375 0.435160303125 0.223040440625 0.48607168593749994 0.223040440625 0.48607168593749994 0.2176507359375
3 0.4104232703125 0.1799007359375 0.40778278125 0.1799007359375 0.40778278125 0.2176433828125 0.4104232703125 0.2176433828125 0.4104232703125 0.1799007359375
3 0.49303494218750005 0.1813713234375 0.49039445312499996 0.1813713234375 0.49039445312499996 0.21911397031250002 0.49303494218750005 0.21911397031250002 0.49303494218750005 0.1813713234375
3 0.5427467578125 0.2171580875 0.5302575640625 0.2171580875 0.5302575640625 0.23137132343750003 0.5427467578125 0.23137132343750003 0.5427467578125 0.2171580875
6 0.5494722624999999 0.43382720625 0.48631304062499997 0.43382720625 0.48631304062499997 0.4406875 0.5494722624999999 0.4406875 0.5494722624999999 0.43382720625
6 0.53530259375 0.688725490625 0.537944284375 0.688725490625 0.537944284375 0.5009803921875 0.5492315078125001 0.500490196875 0.5492315078125001 0.4931372546875 0.470941403125 0.4931372546875 0.47118155625 0.5 0.53530259375 0.49950980312500004 0.53530259375 0.688725490625
3 0.4978404171875 0.6764742640625 0.48823306874999994 0.6764742640625 0.48823306874999994 0.6906875 0.4978404171875 0.6906875 0.4978404171875 0.6764742640625
3 0.5353007921875 0.49951102968749994 0.48583033125 0.49951102968749994 0.48583033125 0.5220625 0.5353007921875 0.5220625 0.5353007921875 0.49951102968749994
6 0.6234390015625 0.6897058828125 0.626801153125 0.6892156859375 0.6265609984375 0.500490196875 0.6366474546875 0.500490196875 0.6368876078125 0.4931372546875 0.610230546875 0.49264705937500003 0.6104707015625 0.500490196875 0.6234390015625 0.500490196875 0.6234390015625 0.6897058828125
6 0.712534221875 0.49362500000000004 0.6500954609375 0.49362500000000004 0.6500954609375 0.499507353125 0.712534221875 0.499507353125 0.712534221875 0.49362500000000004
6 0.7999519687500001 0.5705882359375 0.799711815625 0.642647059375 0.8033141203125 0.6431372546875 0.8028338140625 0.5073529406249999 0.7999519687500001 0.5068627453125 0.7999519687500001 0.5642156859375 0.79586935625 0.5642156859375 0.796109509375 0.5705882359375 0.7999519687500001 0.5705882359375
6 0.8030727671875001 0.6696066171874999 0.8001909218750001 0.6696066171874999 0.8001909218750001 0.6892169125 0.8030727671875001 0.6892169125 0.8030727671875001 0.6696066171874999
3 0.8621505765625 0.4936286765625 0.7598451015625 0.4936286765625 0.7598451015625 0.5078419125 0.8621505765625 0.5078419125 0.8621505765625 0.4936286765625
6 0.8030727671875001 0.4784338234375 0.8001909218750001 0.4784338234375 0.8001909218750001 0.49461029375 0.8030727671875001 0.49461029375 0.8030727671875001 0.4784338234375
6 0.8417399140624999 0.4147058828125 0.8287716140624999 0.4147058828125 0.8287716140624999 0.42205882343749995 0.8417399140624999 0.42205882343749995 0.8417399140624999 0.4147058828125
6 0.9082618874999999 0.34461029375 0.8494254328125 0.34461029375 0.8494254328125 0.3519632359375 0.9082618874999999 0.3519632359375 0.9082618874999999 0.34461029375
1 0.7994722624999999 0.5073492640625 0.7603260093750001 0.5073492640625 0.7603260093750001 0.5637242640625 0.7994722624999999 0.5637242640625 0.7994722624999999 0.5073492640625
1 0.11239373125 0.3799007359375 0.0919794671875 0.3799007359375 0.0919794671875 0.4176433828125 0.11239373125 0.4176433828125 0.11239373125 0.3799007359375
6 0.5850738468750001 0.4699742640625 0.5838742796874999 0.4699742640625 0.5838742796874999 0.4944816171875 0.5850738468750001 0.4944816171875 0.5850738468750001 0.4699742640625
2 0.5883771609374999 0.4656838234375 0.5772712531249999 0.4656838234375 0.5772712531249999 0.4711985296875 0.5883771609374999 0.4711985296875 0.5883771609374999 0.4656838234375
6 0.5850756484375 0.4405661765625 0.5841750718750001 0.4405661765625 0.5841750718750001 0.46813970625 0.5850756484375 0.46813970625 0.5850756484375 0.4405661765625
3 0.2833807640625 0.9352941171875001 0.2665688046875 0.9352941171875001 0.2665688046875 0.9485294124999999 0.2833807640625 0.9485294124999999 0.2833807640625 0.9352941171875001
3 0.3054755046875 0.949509803125 0.3222862640625 0.9485294124999999 0.3222862640625 0.9171568625000001 0.31532180625 0.9166666671874999 0.31508165312499997 0.934313725 0.3054755046875 0.9348039218749999 0.3054755046875 0.949509803125