7 0.1457906453125 0.160664653125 0.0931403125 0.160664653125 0.0931403125 0.2567975828125 0.1457906453125 0.2567975828125 0.1457906453125 0.160664653125
7 0.1478062359375 0.391374621875 0.0931291765625 0.391374621875 0.0931291765625 0.45454682812499997 0.1478062359375 0.45454682812499997 0.1478062359375 0.391374621875
3 0.1479621375 0.6258081578125 0.0938641421875 0.6258081578125 0.0938641421875 0.76715256875 0.1479621375 0.76715256875 0.1479621375 0.6258081578125
7 0.145779509375 0.5740105734375 0.09110245 0.5740105734375 0.09110245 0.62620090625 0.145779509375 0.62620090625 0.145779509375 0.5740105734375
7 0.1498329625 0.7649018125 0.09315144843749999 0.7649018125 0.09315144843749999 0.8569108765625 0.1498329625 0.8569108765625 0.1498329625 0.7649018125
3 0.7317849203125 0.895554596875 0.7301940828125 0.9397928359375 0.15112949375 0.935476909375 0.14953865625 0.8588692281249999 0.09704104531249999 0.857790246875 0.0954502078125 0.9743202421875001 0.7890550421875 0.9743202421875001 0.7906458796875 0.895554596875 0.7317849203125 0.895554596875
7 0.7916592421875001 0.8060951656249999 0.7309242765625 0.8060951656249999 0.7309242765625 0.895354984375 0.7916592421875001 0.895354984375 0.7916592421875001 0.8060951656249999
3 0.7890645875 0.72508308125 0.7333853 0.72508308125 0.7333853 0.8092371593750001 0.7890645875 0.8092371593750001 0.7890645875 0.72508308125
7 0.787605790625 0.693496978125 0.7309242765625 0.693496978125 0.7309242765625 0.72508308125 0.787605790625 0.72508308125 0.787605790625 0.693496978125
7 0.7896325171874999 0.6055966765624999 0.7329510015625 0.6055966765624999 0.7329510015625 0.664645015625 0.7896325171874999 0.664645015625 0.7896325171874999 0.6055966765624999
7 0.7876169265625 0.3611631421875 0.724855234375 0.3611631421875 0.724855234375 0.41608761406249994 0.7876169265625 0.41608761406249994 0.7876169265625 0.3611631421875
7 0.7855790640625 0.2952492453125 0.72889755 0.2952492453125 0.72889755 0.33369335312500004 0.7855790640625 0.33369335312500004 0.7855790640625 0.2952492453125
7 0.7835523390625 0.12771147968750002 0.7268708234375 0.12771147968750002 0.7268708234375 0.2142220546875 0.7835523390625 0.2142220546875 0.7835523390625 0.12771147968750002
3 0.724843084375 0.08514144375 0.7268677859375 0.12496566875 0.7815347234375001 0.12633891875 0.779510021875 0 0.724843084375 0.00137325 0.724843084375 0.04806371875 0.09516096406249999 0.0521834671875 0.0931362625 0.1592968953125 0.145778496875 0.16067014531249998 0.145778496875 0.0837681953125 0.724843084375 0.08514144375
3 0.14953865625 0.45640915 0.0938593703125 0.4542511875 0.090677696875 0.5750971093749999 0.143175309375 0.5750971093749999 0.141584475 0.52870090625 0.14953865625 0.45640915
3 0.0954502078125 0.2567975828125 0.0938593703125 0.3905912828125 0.1479478203125 0.3927492453125 0.1479478203125 0.257876565625 0.0954502078125 0.2567975828125
3 0.785868596875 0.21256042343749998 0.7270044546875 0.21256042343749998 0.7270044546875 0.2978021140625 0.785868596875 0.2978021140625 0.785868596875 0.21256042343749998
3 0.7890645875 0.41540785468749997 0.727015590625 0.41540785468749997 0.727015590625 0.48338368593750003 0.7890645875 0.48338368593750003 0.7890645875 0.41540785468749997
3 0.7890534515625001 0.541646525 0.730189309375 0.541646525 0.730189309375 0.6053021140625 0.7890534515625001 0.6053021140625 0.7890534515625001 0.541646525
3 0.7890534515625001 0.664645015625 0.7317928734375 0.664645015625 0.7317928734375 0.6937839875 0.7890534515625001 0.6937839875 0.7890534515625001 0.664645015625
3 0.42634743906250006 0.77675981875 0.38180400937500003 0.77675981875 0.38180400937500003 0.8070770390625001 0.42634743906250006 0.8070770390625001 0.42634743906250006 0.77675981875
3 0.424743875 0.22119335312500002 0.3690645875 0.22119335312500002 0.3690645875 0.251404834375 0.424743875 0.251404834375 0.424743875 0.22119335312500002
1 0.4976391984375 0.2516012078125 0.4141202671875 0.2516012078125 0.4141202671875 0.43900302187499995 0.4976391984375 0.43900302187499995 0.4976391984375 0.2516012078125
2 0.45758250624999997 0.2705300734375 0.4656813125 0.2712167 0.4666936640625 0.2533644609375 0.48187892187500003 0.25267783593750004 0.484915975 0.2430650921875 0.4666936640625 0.2416918421875 0.4666936640625 0.23070585000000002 0.4585948578125 0.2272727265625 0.45960720781250003 0.2416918421875 0.44340959687500003 0.2416918421875 0.442397246875 0.2533644609375 0.45758250624999997 0.25267783593750004 0.45758250624999997 0.2705300734375
4 0.522689309375 0.2416918421875 0.7259187078125 0.2412197890625 0.7245267265625001 0.08685800625 0.41202672656250006 0.08544184218749999 0.41202672656250006 0.20959214531249998 0.521297328125 0.209120090625 0.522689309375 0.2416918421875
2 0.4666936640625 0.23276572343750002 0.472767765625 0.23413897343749998 0.4747924671875 0.218346609375 0.48896537812499996 0.218346609375 0.490990078125 0.2087338640625 0.47378011875 0.2087338640625 0.472767765625 0.19294150000000002 0.4626442609375 0.192254875 0.4636566109375 0.2094204890625 0.4454342984375 0.2087338640625 0.4444219484375 0.22109310624999998 0.4666936640625 0.22109310624999998 0.4666936640625 0.23276572343750002
2 0.47985422031249997 0.27464982187500003 0.498076534375 0.27464982187500003 0.499088884375 0.2870090640625 0.5183235484375001 0.2870090640625 0.516298846875 0.2753364453125 0.5486940671875 0.27258994687500004 0.54970641875 0.267783575 0.5173111953125 0.26572370312500004 0.5173111953125 0.2581708328125 0.5011135859375 0.256110959375 0.499088884375 0.267783575 0.4828912734375 0.2664103265625 0.47985422031249997 0.27464982187500003
2 0.6195586140625 0.273963196875 0.6286697703125 0.273276571875 0.629682121875 0.28357594062499997 0.6590402921875 0.284949190625 0.656003240625 0.27258994687500004 0.6985219687499999 0.2719033234375 0.6975096171875 0.2650370765625 0.6590402921875 0.2636638296875 0.656003240625 0.2602307046875 0.633731525 0.25885745625 0.6317068234375001 0.264350453125 0.6175339125 0.26297720468749997 0.6195586140625 0.273963196875
2 0.36444624531250003 0.29936830468750003 0.40089086875 0.29936830468750003 0.3978538171875 0.310354296875 0.417088478125 0.3096676734375 0.4201255328125 0.302114803125 0.45150840312499996 0.30005493125 0.44948370156250006 0.29524855781250003 0.41810083125 0.293875309375 0.41810083125 0.2822026921875 0.40190321874999996 0.2822026921875 0.40190321874999996 0.293188684375 0.366470946875 0.293875309375 0.36444624531250003 0.29936830468750003
2 0.36242154375 0.3645976375 0.396841465625 0.3673441359375 0.396841465625 0.3776435046875 0.41202672656250006 0.378330128125 0.41202672656250006 0.3652842625 0.4454342984375 0.36391101406250004 0.44340959687500003 0.359791265625 0.41506377656250004 0.3591046421875 0.4160761296875 0.34605877500000004 0.39987851874999997 0.3453721515625 0.40190321874999996 0.3577313921875 0.36748329687500003 0.3570447671875 0.36242154375 0.3645976375
2 0.4666936640625 0.39412249374999997 0.4960518328125 0.3961823671875 0.49200242968749996 0.409228234375 0.5132617921875 0.4106014828125 0.516298846875 0.3920626203125 0.5436323140625 0.39343586875000003 0.545657015625 0.3872562484375 0.5142741453124999 0.385196375 0.5132617921875 0.3666575125 0.498076534375 0.3666575125 0.499088884375 0.38450975 0.46770601406249995 0.3831365015625 0.4666936640625 0.39412249374999997
2 0.4444219484375 0.484070309375 0.45758250624999997 0.486130184375 0.45555780625000003 0.46484482343750005 0.48694067656250006 0.46415819843749995 0.484915975 0.43943971406250004 0.45758250624999997 0.4360065921875 0.45758250624999997 0.419527603125 0.4444219484375 0.41884097656249997 0.447459 0.43875308906250005 0.4191131796875 0.43943971406250004 0.4201255328125 0.46553144687500003 0.44340959687500003 0.46484482343750005 0.4444219484375 0.484070309375
2 0.447459 0.61384235 0.45758250624999997 0.6159022249999999 0.45960720781250003 0.5959901140625 0.49301477968749996 0.5953034875000001 0.49200242968749996 0.5685251296875 0.460619559375 0.5657786328125 0.45960720781250003 0.5458665203125 0.44847135 0.5444932703124999 0.44847135 0.5657786328125 0.4201255328125 0.56646525625 0.4191131796875 0.5966767374999999 0.4504960515625 0.5953034875000001 0.447459 0.61384235
2 0.3695079984375 0.6522933265625 0.39987851874999997 0.6557264484374999 0.3988661671875 0.6722054375 0.42316258281249997 0.6722054375 0.42518728437500003 0.653666575 0.447459 0.653666575 0.44847135 0.6461137046875 0.42316258281249997 0.6454270796875 0.42518728437500003 0.6310079656250001 0.3978538171875 0.6296347156250001 0.3978538171875 0.6461137046875 0.3735574015625 0.6468003296875 0.3695079984375 0.6522933265625
2 0.5294594046875 0.6234550953125 0.56792873125 0.6234550953125 0.5689410796875001 0.637874209375 0.584126340625 0.637874209375 0.584126340625 0.6227684703125 0.610447459375 0.6213952203125 0.6124721609375 0.6159022249999999 0.5851386921875 0.61384235 0.58817574375 0.6062894796875 0.5699534328125 0.60560285625 0.56792873125 0.61384235 0.53148410625 0.6145289765624999 0.5294594046875 0.6234550953125
4 0.42177060156249996 0.9375 0.7300946546875 0.9389161625 0.73287861875 0.78455438125 0.4266425390625 0.78455438125 0.429426503125 0.8062688828125 0.42177060156249996 0.8081571000000001 0.42177060156249996 0.9375
6 0.6418303296875 0.774512496875 0.5861510421875 0.774512496875 0.58716339375 0.7690195 0.57096578125 0.769706125 0.571978134375 0.7751991203124999 0.49503948124999997 0.7751991203124999 0.498076534375 0.784125240625 0.732941890625 0.784125240625 0.731929540625 0.773825871875 0.6549908890625 0.7731392484375 0.6549908890625 0.7676462500000001 0.6408179796875 0.7683328765625 0.6418303296875 0.774512496875
2 0.5476817171875 0.76009338125 0.5689410796875001 0.76009338125 0.5689410796875001 0.7676462500000001 0.58716339375 0.7690195 0.58817574375 0.744987640625 0.56691638125 0.743614390625 0.5699534328125 0.7532271359375 0.55071876875 0.7518538859375 0.5476817171875 0.76009338125
2 0.6306944718749999 0.75940675625 0.639805628125 0.76009338125 0.638793278125 0.7676462500000001 0.658027940625 0.7690195 0.658027940625 0.76078000625 0.6732132 0.7614666296875 0.6742255515625 0.7539137593749999 0.657015590625 0.7532271359375 0.656003240625 0.7443010171875 0.6408179796875 0.7443010171875 0.639805628125 0.7532271359375 0.6306944718749999 0.7525405109375 0.6306944718749999 0.75940675625
2 0.46466896249999995 0.8074704765625 0.46770601406249995 0.7854984890625001 0.49503948124999997 0.784125240625 0.49402713125000003 0.7731392484375 0.4666936640625 0.7731392484375 0.46770601406249995 0.745674265625 0.4585948578125 0.744987640625 0.45657015625 0.7717659984374999 0.434298440625 0.7717659984374999 0.434298440625 0.7861851140625 0.4535331046875 0.7848118656249999 0.45454545468749996 0.8081571000000001 0.46466896249999995 0.8074704765625
2 0.36242154375 0.736061521875 0.40089086875 0.736061521875 0.40089086875 0.745674265625 0.42113788124999996 0.747047515625 0.42316258281249997 0.7374347703125 0.44948370156250006 0.7381213953125 0.45252075312500006 0.731941775 0.4201255328125 0.7298819 0.42113788124999996 0.7154627859375 0.40089086875 0.7154627859375 0.40089086875 0.730568525 0.36242154375 0.7298819 0.36242154375 0.736061521875
2 0.302692853125 0.7731392484375 0.3128163578125 0.774512496875 0.314841059375 0.76078000625 0.33407572343749997 0.7628398796875 0.3350880734375 0.7518538859375 0.3178781140625 0.7497940125 0.314841059375 0.7340016484375 0.30775460625 0.731941775 0.3047175546875 0.7497940125 0.27940878593749996 0.7504806375 0.27940878593749996 0.7628398796875 0.3057299046875 0.7628398796875 0.302692853125 0.7731392484375
2 0.7005466703125001 0.5197747875000001 0.7278801374999999 0.5197747875000001 0.7278801374999999 0.5431200234375 0.7916582296875 0.5431200234375 0.7906458796875 0.5204614125 0.8169669984375 0.5204614125 0.8159546453125 0.5087887953125 0.7916582296875 0.50947541875 0.7906458796875 0.48338368593750003 0.7258554359375 0.485443559375 0.7258554359375 0.5101620437500001 0.704596071875 0.5108486671875 0.7005466703125001 0.5197747875000001
1 0.8463251671875 0.5692117546875 0.894918 0.5698983796875 0.8939056484375 0.4538588296875 0.843288115625 0.4531722046875 0.843288115625 0.46621807187500003 0.7896335296875 0.46621807187500003 0.7906458796875 0.5568525140625 0.8453128171875001 0.5568525140625 0.8463251671875 0.5692117546875
6 0.840256125 0.45041540781249995 0.7866035640625 0.45041540781249995 0.7866035640625 0.4648413890625 0.840256125 0.4648413890625 0.840256125 0.45041540781249995
6 0.842271715625 0.5582175234375 0.786592428125 0.5582175234375 0.786592428125 0.5712688828125 0.842271715625 0.5712688828125 0.842271715625 0.5582175234375
5 0.7258574609374999 0.46347432031249997 0.4140534515625 0.46347432031249997 0.4140534515625 0.56646525625 0.7258574609374999 0.56646525625 0.7258574609374999 0.46347432031249997
3 0.7278841875000001 0.44012839843749996 0.486948775 0.44012839843749996 0.486948775 0.4614123859375 0.7278841875000001 0.4614123859375 0.7278841875000001 0.44012839843749996
3 0.1427414453125 0.5273276578125 0.38570560781249996 0.5259544078125 0.3846932578125 0.5959901140625 0.41810083125 0.5959901140625 0.417088478125 0.56783850625 0.40898967500000005 0.56783850625 0.40898967500000005 0.46209832500000003 0.41810083125 0.46209832500000003 0.4191131796875 0.44149958749999996 0.3806438546875 0.44218621249999995 0.38266855624999996 0.4984894265625 0.143753796875 0.49917605 0.1427414453125 0.5273276578125
3 0.73495545625 0.568527190625 0.49199331874999996 0.568527190625 0.49199331874999996 0.5905060421874999 0.73495545625 0.5905060421874999 0.73495545625 0.568527190625
6 0.41912026718749995 0.5946072499999999 0.40292873125 0.5946072499999999 0.40292873125 0.6303172203125 0.41912026718749995 0.6303172203125 0.41912026718749995 0.5946072499999999
6 0.5841202671875 0.5911782484375 0.5689309578125 0.5911782484375 0.5689309578125 0.6062839875 0.5841202671875 0.6062839875 0.5841202671875 0.5911782484375
6 0.4181069046875 0.6722054375 0.40394209375 0.6722054375 0.40394209375 0.7147734140625001 0.4181069046875 0.7147734140625001 0.4181069046875 0.6722054375
4 0.405066815625 0.8081571000000001 0.3807071265625 0.8076850453125 0.378619153125 0.762367825 0.14755011093749998 0.762367825 0.153118040625 0.9375 0.40367483281250005 0.9370279453125001 0.405066815625 0.8081571000000001
6 0.2794098 0.7504833843750001 0.1478062359375 0.7504833843750001 0.1478062359375 0.7607854984375 0.2794098 0.7607854984375 0.2794098 0.7504833843750001
4 0.40367483281250005 0.26907099687499997 0.3681792875 0.2685989421875 0.36748329687500003 0.22092145 0.392538975 0.219977340625 0.392538975 0.08591389687499999 0.1468541203125 0.0863859515625 0.14755011093749998 0.3214690328125 0.3994988859375 0.32335725000000004 0.40367483281250005 0.26907099687499997
6 0.4100111359375 0.08308157031249999 0.3927951 0.08308157031249999 0.3927951 0.2217824765625 0.4100111359375 0.2217824765625 0.4100111359375 0.08308157031249999
6 0.5132516703125 0.40991691875 0.499086859375 0.40991691875 0.499086859375 0.44080815781249993 0.5132516703125 0.44080815781249993 0.5132516703125 0.40991691875
6 0.64284268125 0.6934907984375001 0.64284268125 0.743614390625 0.6549908890625 0.744987640625 0.6549908890625 0.6921175500000001 0.7309171890624999 0.694177425 0.7309171890624999 0.68387805625 0.584126340625 0.6845646796875 0.583113990625 0.6385608359375 0.5699534328125 0.6385608359375 0.571978134375 0.743614390625 0.5851386921875 0.7429277671875 0.584126340625 0.692804175 0.64284268125 0.6934907984375001
6 0.42112472187499994 0.80472054375 0.40898663749999997 0.80472054375 0.40898663749999997 0.9413519640624999 0.42112472187499994 0.9413519640624999 0.42112472187499994 0.80472054375
4 0.40089086875 0.5966767374999999 0.3827951 0.595732628125 0.38349109062500003 0.52728474375 0.14407015625 0.527756796875 0.14894209375 0.74962235625 0.40089086875 0.750566465625 0.40089086875 0.5966767374999999
6 0.4201255328125 0.7484207625 0.4069649734375 0.7463608890625 0.404940271875 0.7532271359375 0.33913747656250004 0.7518538859375 0.33407572343749997 0.76009338125 0.4191131796875 0.75940675625 0.4201255328125 0.7484207625
6 0.43291759531249996 0.772756796875 0.42525612500000004 0.772756796875 0.42525612500000004 0.78455438125 0.43291759531249996 0.78455438125 0.43291759531249996 0.772756796875
6 0.4203897546875 0.76 0.3800111359375 0.76 0.3800111359375 0.7765256796875 0.4203897546875 0.7765256796875 0.4203897546875 0.76
6 0.4440534515625 0.24216012031249998 0.42525612500000004 0.24216012031249998 0.42525612500000004 0.2520694859375 0.4440534515625 0.2520694859375 0.4440534515625 0.24216012031249998
4 0.38140311875 0.43995468281249994 0.3974109125 0.4404267375 0.40089086875 0.3342145015625 0.14894209375 0.332326284375 0.1468541203125 0.49896147968750004 0.38140311875 0.49943353437500004 0.38140311875 0.43995468281249994
6 0.40158685937499994 0.34554380625 0.41202672656250006 0.34507175156250003 0.41341870781249995 0.310139728125 0.40158685937499994 0.30919561875 0.40158685937499994 0.32430135937500004 0.1468541203125 0.3224131421875 0.1454621375 0.3318542296875 0.40089086875 0.3327983390625 0.40158685937499994 0.34554380625
6 0.41341870781249995 0.28134441093749996 0.41550668125 0.251604984375 0.368875278125 0.251604984375 0.3702672609375 0.2681268875 0.40367483281250005 0.2681268875 0.40367483281250005 0.28087235625 0.41341870781249995 0.28134441093749996
6 0.63335189375 0.25868579999999997 0.6535356343750001 0.2601019640625 0.6535356343750001 0.25396525625 0.7266147000000001 0.2544373109375 0.7266147000000001 0.2426359515625 0.521297328125 0.242163896875 0.5206013359375 0.21100830781250002 0.49067371875 0.2100642 0.4913697109375 0.218561178125 0.50389755 0.218561178125 0.504593540625 0.2416918421875 0.4830178171875 0.2426359515625 0.480233853125 0.2520770390625 0.63335189375 0.2544373109375 0.63335189375 0.25868579999999997
6 0.444743875 0.2100604234375 0.4092427609375 0.2100604234375 0.4092427609375 0.22045317187500002 0.444743875 0.22045317187500002 0.444743875 0.2100604234375
6 0.727310690625 0.33940709999999996 0.72800668125 0.3299660125 0.6507516703125 0.3285498484375 0.6493596875 0.283232628125 0.635439865625 0.2827605734375 0.6347438750000001 0.329021903125 0.512945434375 0.3294939578125 0.513641425 0.2870090640625 0.49972160312499997 0.28842522656249997 0.5004175953125001 0.36631420000000003 0.51224944375 0.36537009062500003 0.512945434375 0.337046828125 0.727310690625 0.33940709999999996
3 0.7878730515625 0.331850453125 0.7273162578125001 0.331850453125 0.7273162578125001 0.36159365625 0.7878730515625 0.36159365625 0.7878730515625 0.331850453125
0 0.72800668125 0.255853475 0.654220490625 0.255853475 0.654220490625 0.3294939578125 0.72800668125 0.3294939578125 0.72800668125 0.255853475
0 0.6347327390624999 0.2544410875 0.5171158124999999 0.2544410875 0.5171158124999999 0.32903323281249997 0.6347327390624999 0.32903323281249997 0.6347327390624999 0.2544410875
0 0.732182628125 0.6939274921874999 0.6563251671875 0.6939274921874999 0.6563251671875 0.7732326281249999 0.732182628125 0.7732326281249999 0.732182628125 0.6939274921874999
0 0.6431069046875 0.6943882171875 0.5860244984375 0.6943882171875 0.5860244984375 0.7741616312499999 0.6431069046875 0.7741616312499999 0.6431069046875 0.6943882171875
1 0.5700111359375 0.5947809671875001 0.41898663750000004 0.5947809671875001 0.41898663750000004 0.773225075 0.5700111359375 0.773225075 0.5700111359375 0.5947809671875001
4 0.7301002234375 0.5924320234375 0.5860244984375 0.5924320234375 0.5860244984375 0.683066465625 0.7301002234375 0.683066465625 0.7301002234375 0.5924320234375
4 0.72521158125 0.337522659375 0.51572383125 0.337522659375 0.51572383125 0.44090634375000004 0.72521158125 0.44090634375000004 0.72521158125 0.337522659375
1 0.5018151453125 0.22044561875 0.42664810624999994 0.22044561875 0.42664810624999994 0.24121601250000002 0.5018151453125 0.24121601250000002 0.5018151453125 0.22044561875
6 0.40830735 0.37865558906249996 0.3993986640625 0.37865558906249996 0.3993986640625 0.44209969843749997 0.40830735 0.44209969843749997 0.40830735 0.37865558906249996