7 0.9059745765624999 0.1001023625 0.8373587578125001 0.1001023625 0.8373587578125001 0.193472440625 0.9059745765624999 0.193472440625 0.9059745765624999 0.1001023625
3 0.9039406781249999 0.3104566921875 0.8373587578125001 0.3104566921875 0.8373587578125001 0.34195275625 0.9039406781249999 0.34195275625 0.9039406781249999 0.3104566921875
7 0.9059745765624999 0.2767086609375 0.8373587578125001 0.2767086609375 0.8373587578125001 0.3127086609375 0.9059745765624999 0.3127086609375 0.9059745765624999 0.2767086609375
7 0.9059745765624999 0.3397086609375 0.8373587578125001 0.3397086609375 0.8373587578125001 0.397078740625 0.9059745765624999 0.397078740625 0.9059745765624999 0.3397086609375
7 0.9039548015625 0.600677165625 0.8414124296875001 0.600677165625 0.8414124296875001 0.663669290625 0.9039548015625 0.663669290625 0.9039548015625 0.600677165625
3 0.9039689265625 0.7221574796875 0.843432203125 0.7221574796875 0.843432203125 0.8132755906250001 0.9039689265625 0.8132755906250001 0.9039689265625 0.7221574796875
7 0.901935028125 0.690669290625 0.843432203125 0.690669290625 0.843432203125 0.7232834640625 0.901935028125 0.7232834640625 0.901935028125 0.690669290625
3 0.8373688453125 0.9055118109375 0.8333333328125001 0.9493813281250001 0.09887005625 0.9460067499999999 0.1008878140625 0.8627671546875 0.0363196125 0.8638920140625 0.0322840984375 0.983127109375 0.899919290625 0.98425196875 0.897901534375 0.9032620921875001 0.8373688453125 0.9055118109375
7 0.9039548015625 0.8132755906250001 0.8393785312500001 0.8132755906250001 0.8393785312500001 0.9032598421875001 0.9039548015625 0.9032598421875001 0.9039548015625 0.8132755906250001
7 0.0988559328125 0.7637874015625 0.0322740109375 0.7637874015625 0.0322740109375 0.8638976375 0.0988559328125 0.8638976375 0.0988559328125 0.7637874015625
7 0.0968502828125 0.566929134375 0.0282344625 0.566929134375 0.0282344625 0.6254173234375 0.0968502828125 0.6254173234375 0.0968502828125 0.566929134375
7 0.0968502828125 0.3745826765625 0.0282344625 0.3745826765625 0.0282344625 0.43757480312499997 0.0968502828125 0.43757480312499997 0.0968502828125 0.3745826765625
7 0.09686440625 0.13610236250000002 0.0262429375 0.13610236250000002 0.0262429375 0.23734645625 0.09686440625 0.23734645625 0.09686440625 0.13610236250000002
3 0.447951978125 0.197976378125 0.3874152546875 0.197976378125 0.3874152546875 0.23059055156250002 0.447951978125 0.23059055156250002 0.447951978125 0.197976378125
3 0.45601694843749996 0.777275590625 0.39347457656249996 0.777275590625 0.39347457656249996 0.8132755906250001 0.45601694843749996 0.8132755906250001 0.45601694843749996 0.777275590625
3 0.0948446328125 0.2373385828125 0.0282627125 0.2373385828125 0.0282627125 0.3757007875 0.0948446328125 0.3757007875 0.0948446328125 0.2373385828125
3 0.09888418125000001 0.6254173234375 0.0302683609375 0.6254173234375 0.0302683609375 0.7637795281249999 0.09888418125000001 0.7637795281249999 0.09888418125000001 0.6254173234375
3 0.0988559328125 0.43532283437499997 0.0262288140625 0.43532283437499997 0.0262288140625 0.569181103125 0.0988559328125 0.569181103125 0.0988559328125 0.43532283437499997
3 0.901935028125 0.663669290625 0.843432203125 0.663669290625 0.843432203125 0.6906614171875 0.901935028125 0.6906614171875 0.901935028125 0.663669290625
3 0.9079802265625 0.193472440625 0.8413983046875 0.193472440625 0.8413983046875 0.2778346453125 0.9079802265625 0.2778346453125 0.9079802265625 0.193472440625
6 0.4439124296875 0.8098897640624999 0.42574858750000005 0.8098897640624999 0.42574858750000005 0.94825196875 0.4439124296875 0.94825196875 0.4439124296875 0.8098897640624999
3 0.39951573749999997 0.5849268828125 0.44995964375 0.58605174375 0.44995964375 0.5613048359375 0.43583534999999995 0.5613048359375 0.4388619859375 0.4482564671875 0.44895076562499997 0.449381328125 0.44794188906250004 0.4263217109375 0.40153349374999997 0.4263217109375 0.40153349374999997 0.4915635546875 0.0928167875 0.49043869375 0.09483454531249999 0.5140607421875 0.39951573749999997 0.5196850390625001 0.39951573749999997 0.5849268828125
3 0.8373688453125 0.46962879687500003 0.9069814375 0.47075365468749997 0.9049636812499999 0.39820022499999996 0.8383777234374999 0.3976377953125 0.8373688453125 0.4246344203125 0.532687653125 0.42519685 0.5316787734374999 0.4482564671875 0.8373688453125 0.44881889687500004 0.8373688453125 0.46962879687500003
3 0.5286521390625001 0.5877390328125001 0.8444309921875 0.5905511812500001 0.843422115625 0.601799775 0.9049636812499999 0.602924634375 0.9039548015625 0.54105736875 0.8373688453125 0.54105736875 0.8393866015624999 0.55905511875 0.5286521390625001 0.5579302578124999 0.5286521390625001 0.5877390328125001
2 0.48627925781250003 0.6141732281250001 0.49737691875 0.6175478062499999 0.5014124296875 0.5877390328125001 0.527643259375 0.5877390328125001 0.52663438125 0.5562429703125 0.49737691875 0.55399325 0.4953591609375 0.5298087734375 0.4882970140625 0.528121484375 0.48728813593750003 0.5551181109375001 0.4469330109375 0.5556805406249999 0.44794188906250004 0.58605174375 0.48728813593750003 0.5866141734375 0.48627925781250003 0.6141732281250001
2 0.386400321875 0.647919009375 0.4186844234375 0.6467941515625 0.41767554531249995 0.6664791906249999 0.44491525468750004 0.6670416203125 0.44390637499999996 0.647919009375 0.45903954843749994 0.647919009375 0.47719935312499995 0.64904386875 0.4741727203125 0.6422947140625 0.44188861875 0.641169853125 0.442897496875 0.620922384375 0.4186844234375 0.6214848140625 0.4186844234375 0.6417322828125 0.386400321875 0.6417322828125 0.386400321875 0.647919009375
2 0.3702582734375 0.7311586046875 0.4186844234375 0.730033746875 0.4186844234375 0.7463442062500001 0.4408797421875 0.7463442062500001 0.442897496875 0.730596175 0.47518159843749996 0.7311586046875 0.47719935312499995 0.725534309375 0.44188861875 0.7260967390624999 0.44188861875 0.7086614171875001 0.41767554531249995 0.7086614171875001 0.4166666671875 0.72384701875 0.37126715 0.72384701875 0.3702582734375 0.7311586046875
2 0.48930589218750004 0.8188976374999999 0.5004035515624999 0.8188976374999999 0.5004035515624999 0.7868391453125 0.5367231640625 0.7879640046875 0.5367231640625 0.774465690625 0.5014124296875 0.7733408328125 0.5014124296875 0.7547806515625 0.492332525 0.752530934375 0.491323646875 0.774465690625 0.4681194515625 0.7739032609375001 0.47013720625 0.790776153125 0.48930589218750004 0.7890888640625 0.48930589218750004 0.8188976374999999
2 0.6930992734375 0.7592800890625 0.717312346875 0.7592800890625 0.7183212265625001 0.766591675 0.7384987875 0.7677165359375 0.7395076671874999 0.7575928015625 0.7838983046875 0.758717659375 0.7838983046875 0.7536557937499999 0.7405165453125 0.752530934375 0.7415254234375 0.7350956125 0.7203389828125 0.7339707546875001 0.722356740625 0.752530934375 0.694108153125 0.752530934375 0.6930992734375 0.7592800890625
2 0.5922114609375 0.6152980875 0.623486684375 0.6152980875 0.6214689265625 0.6310461203125 0.653753025 0.632170978125 0.653753025 0.616422946875 0.717312346875 0.6169853765625 0.71529459375 0.6096737906249999 0.6497175140625 0.6091113609375001 0.6497175140625 0.5989876265625 0.626513315625 0.5989876265625 0.626513315625 0.6091113609375001 0.596246975 0.6057367828125 0.5922114609375 0.6152980875
2 0.47518159843749996 0.4735658046875 0.48627925781250003 0.47525309218749995 0.48627925781250003 0.4505061875 0.533696528125 0.44994375781249996 0.533696528125 0.4235095609375 0.48527037812499996 0.4235095609375 0.48627925781250003 0.4026996625 0.47619047812500004 0.40157480312500005 0.47518159843749996 0.4229471328125 0.44794188906250004 0.4229471328125 0.44895076562499997 0.451068615625 0.47719935312499995 0.451068615625 0.47518159843749996 0.4735658046875
2 0.7889426953124999 0.5050618671875 0.8353510906249999 0.5039370078125 0.8343422125 0.5393700781249999 0.9089991921875 0.54105736875 0.9079903140625 0.507874015625 0.9392655375000001 0.507874015625 0.9382566578124999 0.5016872890624999 0.9079903140625 0.5005624296875 0.9069814375 0.471316084375 0.8373688453125 0.47075365468749997 0.8373688453125 0.49775028125 0.7889426953124999 0.49606299218750005 0.7889426953124999 0.5050618671875
2 0.5145278453125 0.3706411703125 0.5104923328125001 0.376265465625 0.5427764328125 0.3751406078125 0.5417675531249999 0.3897637796875 0.5700161406250001 0.3897637796875 0.5690072625 0.3768278953125 0.618442290625 0.3768278953125 0.6214689265625 0.370078740625 0.5690072625 0.3706411703125 0.5679983875 0.35545556875 0.5458030671875 0.35545556875 0.5447941890625 0.370078740625 0.5145278453125 0.3706411703125
2 0.380347053125 0.353768278125 0.41767554531249995 0.354330709375 0.414648909375 0.367829021875 0.44188861875 0.36839145 0.442897496875 0.35320584843749997 0.48627925781250003 0.35320584843749997 0.48728813593750003 0.34814398281250003 0.4459241328125 0.34645669218749997 0.44390637499999996 0.32845894375 0.414648909375 0.3273340828125 0.414648909375 0.34645669218749997 0.3833736890625 0.3458942625 0.380347053125 0.353768278125
2 0.3823648109375 0.27615298125 0.3753026640625 0.2823397078125 0.414648909375 0.2812148484375 0.414648909375 0.29640045000000004 0.44188861875 0.2969628796875 0.44188861875 0.2829021375 0.47518159843749996 0.2829021375 0.4731638421875 0.27671541093749996 0.43987086406250003 0.27615298125 0.4388619859375 0.261529809375 0.4156577875 0.261529809375 0.414648909375 0.2755905515625 0.3823648109375 0.27615298125
6 0.5649717515625 0.3188976375 0.8393866015624999 0.32114735625 0.8373688453125 0.3082114734375 0.7334543984375 0.3082114734375 0.7354721546875 0.27052868281250003 0.717312346875 0.27052868281250003 0.7183212265625001 0.3082114734375 0.6507263921875001 0.30764904375 0.6507263921875001 0.261529809375 0.6345843421875 0.2620922375 0.6345843421875 0.2649043875 0.617433415625 0.26434195781250003 0.6164245375 0.2755905515625 0.6335754625 0.27502812187500003 0.6345843421875 0.30764904375 0.5659806296875 0.3082114734375 0.5679983875 0.274465690625 0.5811138015624999 0.274465690625 0.58212268125 0.261529809375 0.5669895078125 0.26040494999999997 0.5498385796874999 0.2609673796875 0.546811946875 0.35545556875 0.5659806296875 0.35545556875 0.5649717515625 0.3188976375
2 0.589184828125 0.2890888640625 0.6002824859375 0.2919010125 0.6023002421875 0.2755905515625 0.6154156578125 0.27615298125 0.6164245375 0.263779528125 0.604317996875 0.261529809375 0.605326875 0.24240719843749997 0.590193703125 0.23959505 0.5912025812499999 0.26265466718749997 0.5790960453125 0.263217096875 0.5780871671875001 0.2755905515625 0.590193703125 0.274465690625 0.589184828125 0.2890888640625
2 0.4842615 0.2620922375 0.49435028281250004 0.261529809375 0.49737691875 0.2345331828125 0.5185633593750001 0.2356580421875 0.5185633593750001 0.22215973125000002 0.4953591609375 0.2215973015625 0.4963680390625 0.179415071875 0.4842615 0.17885264375 0.483252625 0.222722159375 0.4640839375 0.222722159375 0.46206618437499997 0.23509561250000002 0.48527037812499996 0.2339707546875 0.4842615 0.2620922375
2 0.6981436640625 0.2469066359375 0.717312346875 0.2530933640625 0.716303471875 0.27052868281250003 0.7395076671874999 0.27052868281250003 0.7374899125 0.2559055125 0.7606941078125 0.2559055125 0.7627118640624999 0.24915635625000002 0.736481034375 0.24803149531250002 0.7384987875 0.24015747968749998 0.7183212265625001 0.2390326203125 0.716303471875 0.24578177812500002 0.7011703 0.23959505 0.6981436640625 0.2469066359375
2 0.618442290625 0.24803149531250002 0.618442290625 0.254218221875 0.632566584375 0.2547806515625 0.6345843421875 0.26040494999999997 0.65274415 0.261529809375 0.6547619046875 0.25365579375 0.66787731875 0.2547806515625 0.6688861984375001 0.25084364375 0.653753025 0.24859392656249998 0.65274415 0.23959505 0.6426553671875 0.23959505 0.6355932203125 0.23790776249999998 0.6355932203125 0.24746906562499998 0.618442290625 0.24803149531250002
6 0.5498385796874999 0.24353205781249998 0.5690072625 0.24465691875 0.5669895078125 0.233408325 0.6345843421875 0.233408325 0.6345843421875 0.2390326203125 0.65274415 0.23959505 0.6507263921875001 0.233408325 0.7183212265625001 0.23284589375000003 0.7203389828125 0.24015747968749998 0.7384987875 0.2407199109375 0.7374899125 0.233408325 0.8403954796875001 0.2339707546875 0.8393866015624999 0.224971878125 0.5205811125 0.22384701875 0.5185633593750001 0.233408325 0.5518563359375 0.233408325 0.5498385796874999 0.24353205781249998
4 0.4166666671875 0.24578177812500002 0.38539144375 0.24634420625 0.386400321875 0.1985376828125 0.41767554531249995 0.1985376828125 0.4186844234375 0.058492687499999994 0.09887005625 0.05905511875 0.0968523 0.304274465625 0.4166666671875 0.30708661406250004 0.4166666671875 0.24578177812500002
6 0.4388619859375 0.26265466718749997 0.43987086406250003 0.23172103437499997 0.386400321875 0.230596175 0.386400321875 0.24578177812500002 0.4166666671875 0.24578177812500002 0.41767554531249995 0.2620922375 0.4388619859375 0.26265466718749997
1 0.546807909375 0.2334094484375 0.44189265468750005 0.2334094484375 0.44189265468750005 0.42407086562499996 0.546807909375 0.42407086562499996 0.546807909375 0.2334094484375
6 0.4630790953125 0.22440944843750002 0.44189265468750005 0.22440944843750002 0.44189265468750005 0.23285039375 0.4630790953125 0.23285039375 0.4630790953125 0.22440944843750002
6 0.4327966109375 0.057370078125 0.418672315625 0.057370078125 0.418672315625 0.1991023625 0.4327966109375 0.1991023625 0.4327966109375 0.057370078125
2 0.547820821875 0.24746906562499998 0.546811946875 0.26040494999999997 0.5679983875 0.2620922375 0.5700161406250001 0.2497187859375 0.5801049234375 0.25084364375 0.5811138015624999 0.24521934843749998 0.5690072625 0.2440944875 0.5488297 0.24353205781249998 0.5306698953125 0.242969628125 0.5296610171875 0.24746906562499998 0.547820821875 0.24746906562499998
4 0.400524615625 0.424071990625 0.414648909375 0.424071990625 0.4166666671875 0.322272215625 0.0968523 0.3166479203125 0.09483454531249999 0.48762654687499996 0.3974979828125 0.48875140625 0.400524615625 0.424071990625
6 0.4186844234375 0.3278965140625 0.4388619859375 0.32845894375 0.43987086406250003 0.29808773906249997 0.4156577875 0.2969628796875 0.41767554531249995 0.3082114734375 0.097861178125 0.304274465625 0.09584342031250001 0.3160854890625 0.4186844234375 0.320584928125 0.4186844234375 0.3278965140625
6 0.562951978125 0.390322834375 0.5437711859375 0.390322834375 0.5437711859375 0.42350393750000004 0.562951978125 0.42350393750000004 0.562951978125 0.390322834375
6 0.43988700625000005 0.367826771875 0.417683615625 0.367826771875 0.417683615625 0.4263149609375 0.43988700625000005 0.4263149609375 0.43988700625000005 0.367826771875
6 0.44189265468750005 0.585480315625 0.41968926562500003 0.585480315625 0.41968926562500003 0.6214803156250001 0.44189265468750005 0.6214803156250001 0.44189265468750005 0.585480315625
6 0.647697740625 0.5877401578125 0.6285169484375001 0.5877401578125 0.6285169484375001 0.5978661421875 0.647697740625 0.5978661421875 0.647697740625 0.5877401578125
2 0.598264728125 0.7592800890625 0.6244955625 0.7592800890625 0.623486684375 0.76715410625 0.6497175140625 0.768278965625 0.6497175140625 0.758717659375 0.6638418078125 0.758717659375 0.6618240515625 0.7519685046875 0.651735271875 0.7514060734375 0.651735271875 0.7339707546875001 0.623486684375 0.733408325 0.6244955625 0.7514060734375 0.6002824859375 0.752530934375 0.598264728125 0.7592800890625
2 0.44187853125 0.666480315625 0.418686440625 0.666480315625 0.418686440625 0.708669290625 0.44187853125 0.708669290625 0.44187853125 0.666480315625
4 0.4247376921875 0.8127109125 0.39346246875 0.8143982 0.39447134687499996 0.7581552296875 0.4186844234375 0.7581552296875 0.420702178125 0.5866141734375 0.4025423734375 0.5866141734375 0.4025423734375 0.5196850390625001 0.097861178125 0.5151856015625 0.097861178125 0.9460067499999999 0.4237288140625 0.9471316078124999 0.4247376921875 0.8127109125
6 0.4408797421875 0.77784026875 0.44188861875 0.7469066359375 0.42171105625000005 0.747469065625 0.41969330156250007 0.7592800890625 0.39447134687499996 0.7592800890625 0.39548022656250004 0.7784026984375 0.4408797421875 0.77784026875
4 0.8393926546875001 0.7890866140624999 0.4489689265625 0.7890866140624999 0.4489689265625 0.9499370078125 0.8393926546875001 0.9499370078125 0.8393926546875001 0.7890866140624999
6 0.8424132375 0.77784026875 0.7384987875 0.77784026875 0.7374899125 0.768278965625 0.7203389828125 0.76715410625 0.7203389828125 0.7772778406249999 0.6487086359374999 0.7772778406249999 0.6497175140625 0.76715410625 0.6275221953125001 0.76715410625 0.6255044375 0.7772778406249999 0.5397498 0.7767154109375001 0.5377320421875 0.787401575 0.841404359375 0.7896512921875 0.8424132375 0.77784026875
6 0.72336561875 0.6895388078125 0.72336561875 0.7339707546875001 0.7374899125 0.7345331828125 0.7395076671874999 0.6906636671874999 0.843422115625 0.6912260953125 0.8424132375 0.679415071875 0.6476997578125 0.6782902140625 0.6487086359374999 0.6316085499999999 0.626513315625 0.632170978125 0.6275221953125001 0.7350956125 0.6487086359374999 0.7339707546875001 0.6487086359374999 0.68785151875 0.72336561875 0.6895388078125
0 0.8413983046875 0.691220471875 0.7405225984375 0.691220471875 0.7405225984375 0.77614960625 0.8413983046875 0.77614960625 0.8413983046875 0.691220471875
0 0.7183192093749999 0.6889842515625 0.6497033890624999 0.6889842515625 0.6497033890624999 0.7767165359375 0.7183192093749999 0.7767165359375 0.7183192093749999 0.6889842515625
4 0.8444209046875001 0.589425196875 0.6507203390625 0.589425196875 0.6507203390625 0.677724409375 0.8444209046875001 0.677724409375 0.8444209046875001 0.589425196875
1 0.6265254234375 0.5860472437500001 0.4429096046875 0.5860472437500001 0.4429096046875 0.7755905515625 0.6265254234375 0.7755905515625 0.6265254234375 0.5860472437500001
5 0.8373587578125001 0.44881889687500004 0.4388559328125 0.44881889687500004 0.4388559328125 0.5584881890625 0.8373587578125001 0.5584881890625 0.8373587578125001 0.44881889687500004
1 0.633559321875 0.233976378125 0.5710169484375001 0.233976378125 0.5710169484375001 0.26265354375 0.633559321875 0.26265354375 0.633559321875 0.233976378125
1 0.6335875703125 0.27615747968750004 0.5690113 0.27615747968750004 0.5690113 0.308220471875 0.6335875703125 0.308220471875 0.6335875703125 0.27615747968750004
0 0.717316384375 0.23396850468750002 0.6527401125 0.23396850468750002 0.6527401125 0.308204725 0.717316384375 0.308204725 0.717316384375 0.23396850468750002
0 0.83637005625 0.2345354328125 0.73950565 0.2345354328125 0.73950565 0.30933858281250004 0.83637005625 0.30933858281250004 0.83637005625 0.2345354328125
4 0.8383757062500001 0.058488189062499994 0.4378389828125 0.058488189062499994 0.4378389828125 0.2238425203125 0.8383757062500001 0.2238425203125 0.8383757062500001 0.058488189062499994
3 0.8403954796875001 0.058492687499999994 0.8383777234374999 0.100674915625 0.9039548015625 0.100674915625 0.9049636812499999 0.0241844765625 0.026230831249999996 0.0208098984375 0.027239709374999997 0.1355455578125 0.09483454531249999 0.137795275 0.09483454531249999 0.057367828125 0.8403954796875001 0.058492687499999994
0 0.8383757062500001 0.3200157484375 0.568008475 0.3200157484375 0.568008475 0.42294488125 0.8383757062500001 0.42294488125 0.8383757062500001 0.3200157484375