6 0.7953941546875 0.8102031999999999 0.7948036609375 0.8577604843750001 0.667257159375 0.8568958062500001 0.6660761734375 0.86813661875 0.8024800703125001 0.86813661875 0.8018895781250001 0.8093385218750001 0.7953941546875 0.8102031999999999
5 0.7948007078125 0.807607003125 0.6513108953125 0.807607003125 0.6513108953125 0.85602464375 0.7948007078125 0.85602464375 0.7948007078125 0.807607003125
3 0.8804251546874999 0.77129269375 0.8804251546874999 0.783398184375 0.8709772656249999 0.7842628625 0.871567759375 0.8093385218750001 0.8969589609374999 0.8084738437500001 0.8969589609374999 0.7695633374999999 0.8804251546874999 0.77129269375
3 0.7416592859375 0.78253350625 0.7410687921875 0.734976221875 0.7233540015625 0.7358408984375 0.7233540015625 0.8084738437500001 0.8266902859374999 0.8084738437500001 0.8272807796875 0.78253350625 0.7416592859375 0.78253350625
3 0.57395925625 0.7176826625 0.5733687625 0.7626459140625 0.7009152640625 0.7626459140625 0.699734278125 0.7358408984375 0.592264540625 0.734976221875 0.5940360203124999 0.718547340625 0.57395925625 0.7176826625
3 0.5751402421875 0.668396021875 0.5916740484375 0.6658019890625 0.5910835546875 0.580198875 0.538529671875 0.5793341984375 0.538529671875 0.6052745359375 0.57454975 0.6052745359375 0.5751402421875 0.668396021875
3 0.5031000890625 0.5802010375 0.464127546875 0.5802010375 0.464127546875 0.6052723734375001 0.5031000890625 0.6052723734375001 0.5031000890625 0.5802010375
3 0.43046944218750005 0.580194553125 0.39149690000000004 0.580194553125 0.39149690000000004 0.6061348890625 0.43046944218750005 0.6061348890625 0.43046944218750005 0.580194553125
3 0.3578432234375 0.5784695203125 0.3182772359375 0.5784695203125 0.3182772359375 0.6044098578125 0.3578432234375 0.6044098578125 0.3578432234375 0.5784695203125
3 0.45881310937500003 0.132289234375 0.4109831703125 0.132289234375 0.4109831703125 0.1565045390625 0.45881310937500003 0.1565045390625 0.45881310937500003 0.132289234375
6 0.5078240328125 0.3424124515625 0.501919103125 0.3415477734375 0.500738115625 0.36921746718750004 0.4818423390625 0.37008214375000004 0.480661353125 0.37699956874999996 0.5397106578125 0.37786424531249996 0.54207263125 0.37008214375000004 0.5137289640625 0.36921746718750004 0.511957484375 0.15910073593750002 0.5095955125 0.16169476875 0.5078240328125 0.3424124515625
3 0.5279052265625 0.1331582359375 0.49188219687499996 0.1331582359375 0.49188219687499996 0.158229571875 0.5279052265625 0.158229571875 0.5279052265625 0.1331582359375
3 0.60879539375 0.13142671875 0.56096545625 0.13142671875 0.56096545625 0.1599610890625 0.60879539375 0.1599610890625 0.60879539375 0.13142671875
6 0.65367581875 0.3415477734375 0.6530853265625 0.370946821875 0.6330085624999999 0.370946821875 0.6324180687500001 0.37786424531249996 0.7286684390625 0.37786424531249996 0.7286684390625 0.37008214375000004 0.6654856796875 0.36921746718750004 0.6637142015624999 0.15910073593750002 0.65899025625 0.160830090625 0.65958075 0.3424124515625 0.65367581875 0.3415477734375
3 0.678476528125 0.1323022046875 0.64304694375 0.1323022046875 0.64304694375 0.159967575 0.678476528125 0.159967575 0.678476528125 0.1323022046875
4 0.804247121875 0.1590985734375 0.6631222328125 0.1590985734375 0.6631222328125 0.367490271875 0.804247121875 0.367490271875 0.804247121875 0.1590985734375
3 0.7581930906250001 0.132289234375 0.7121346328125 0.132289234375 0.7121346328125 0.1590985734375 0.7581930906250001 0.1590985734375 0.7581930906250001 0.132289234375
6 0.7912607031250001 0.36921746718750004 0.7912607031250001 0.37699956874999996 0.8308237374999999 0.37872892343750003 0.8320047234375 0.359706009375 0.8160614109375001 0.359706009375 0.8148804249999999 0.1556420234375 0.8048420437500001 0.1565067015625 0.8054325359375 0.3674881109375 0.7912607031250001 0.36921746718750004
3 0.830819309375 0.1322957203125 0.7924402125000001 0.1322957203125 0.7924402125000001 0.1582360578125 0.830819309375 0.1582360578125 0.830819309375 0.1322957203125
3 0.87924416875 0.38824037968749997 0.8928255093749999 0.38737570312499997 0.893416003125 0.3908344140625 0.8969589609374999 0.3908344140625 0.8969589609374999 0.13143104218749999 0.8656628281250001 0.1331603984375 0.8656628281250001 0.15910073593750002 0.87924416875 0.1582360578125 0.87924416875 0.38824037968749997
3 0.2403306765625 0.385646346875 0.2468261 0.38478166874999997 0.2580454671875 0.38478166874999997 0.259816946875 0.3821876359375 0.36256273906250003 0.380458278125 0.3631532328125 0.1582360578125 0.37732506718750003 0.1582360578125 0.37732506718750003 0.1331603984375 0.345438440625 0.1331603984375 0.3442574546875 0.3545179421875 0.2403306765625 0.3545179421875 0.2403306765625 0.385646346875
3 0.28225568437500004 0.5784695203125 0.2592264546875 0.5784695203125 0.25745497500000003 0.4297449203125 0.2403306765625 0.42715088593750006 0.2397401828125 0.6052745359375 0.2846176546875 0.6070038906249999 0.2834366703125 0.5992217906249999 0.28225568437500004 0.5784695203125
4 0.4340124 0.1590985734375 0.3631532328125 0.1590985734375 0.3631532328125 0.35970817187500004 0.4340124 0.35970817187500004 0.4340124 0.1590985734375
7 0.41393711250000004 0.1340272375 0.375558015625 0.1340272375 0.375558015625 0.1582425421875 0.41393711250000004 0.1582425421875 0.41393711250000004 0.1340272375
4 0.500738115625 0.3683527890625 0.500738115625 0.3415477734375 0.5072335406249999 0.3415477734375 0.5084145265625 0.15910073593750002 0.4405078234375 0.1582360578125 0.43873634531250005 0.3588413328125 0.442869796875 0.3605706875 0.4434602890625 0.37008214375000004 0.500738115625 0.3683527890625
7 0.4924712140625 0.1340272375 0.4570416296875 0.1340272375 0.4570416296875 0.1582425421875 0.4924712140625 0.1582425421875 0.4924712140625 0.1340272375
4 0.58282108125 0.1590985734375 0.513139946875 0.1590985734375 0.513139946875 0.367490271875 0.58282108125 0.367490271875 0.58282108125 0.1590985734375
7 0.5627369359375 0.1331582359375 0.5273073515625 0.1331582359375 0.5273073515625 0.157373540625 0.5627369359375 0.157373540625 0.5627369359375 0.1331582359375
4 0.5934455265625 0.3683527890625 0.651904340625 0.370946821875 0.651904340625 0.34414180625 0.65958075 0.3415477734375 0.65899025625 0.15996541250000001 0.5893120749999999 0.15996541250000001 0.5881310890625 0.3588413328125 0.5934455265625 0.3588413328125 0.5934455265625 0.3683527890625
7 0.64304694375 0.1331582359375 0.6076173609375 0.1331582359375 0.6076173609375 0.157373540625 0.64304694375 0.157373540625 0.64304694375 0.1331582359375
7 0.7139061109375 0.132289234375 0.678476528125 0.132289234375 0.678476528125 0.1565045390625 0.7139061109375 0.1565045390625 0.7139061109375 0.132289234375
7 0.793622675 0.13488326875 0.7581930906250001 0.13488326875 0.7581930906250001 0.1590985734375 0.793622675 0.1590985734375 0.793622675 0.13488326875
5 0.8798361375000001 0.158229571875 0.8166563328124999 0.158229571875 0.8166563328124999 0.3588391703125 0.8798361375000001 0.3588391703125 0.8798361375000001 0.158229571875
7 0.8656598765625001 0.1331582359375 0.8302302921875 0.1331582359375 0.8302302921875 0.157373540625 0.8656598765625001 0.157373540625 0.8656598765625001 0.1331582359375
7 0.318866253125 0.5793320359374999 0.2834366703125 0.5793320359374999 0.2834366703125 0.603547340625 0.318866253125 0.603547340625 0.318866253125 0.5793320359374999
7 0.39149690000000004 0.5793320359374999 0.356067315625 0.5793320359374999 0.356067315625 0.603547340625 0.39149690000000004 0.603547340625 0.39149690000000004 0.5793320359374999
7 0.46472099218749996 0.5802010375 0.4292914078125 0.5802010375 0.4292914078125 0.6044163421875 0.46472099218749996 0.6044163421875 0.46472099218749996 0.5802010375
7 0.537945084375 0.5802010375 0.5025155 0.5802010375 0.5025155 0.6044163421875 0.537945084375 0.6044163421875 0.537945084375 0.5802010375
7 0.59166961875 0.66580415 0.5745482734375 0.66580415 0.5745482734375 0.721147859375 0.59166961875 0.721147859375 0.59166961875 0.66580415
7 0.897542071875 0.705577171875 0.8804207265624999 0.705577171875 0.8804207265624999 0.7704280156250001 0.897542071875 0.7704280156250001 0.897542071875 0.705577171875
3 0.8963640390625001 0.56377431875 0.8792426921875001 0.56377431875 0.8792426921875001 0.7090402078125 0.8963640390625001 0.7090402078125 0.8963640390625001 0.56377431875
7 0.8963640390625001 0.5118936453125 0.8792426921875001 0.5118936453125 0.8792426921875001 0.566368353125 0.8963640390625001 0.566368353125 0.8963640390625001 0.5118936453125
7 0.897542071875 0.3882490265625 0.8804207265624999 0.3882490265625 0.8804207265624999 0.434941634375 0.897542071875 0.434941634375 0.897542071875 0.3882490265625
3 0.8969486265625 0.43321660156249997 0.8798272812500001 0.43321660156249997 0.8798272812500001 0.51622568125 0.8969486265625 0.51622568125 0.8969486265625 0.43321660156249997
1 0.6932388546875 0.580198875 0.7286684390625 0.5793341984375 0.726896959375 0.4643320359375 0.8786536765624999 0.4634673578125 0.8786536765624999 0.37786424531249996 0.26808385 0.383916990625 0.259816946875 0.385646346875 0.2539120171875 0.38478166874999997 0.2468261 0.4297449203125 0.695010334375 0.42715088593750006 0.6932388546875 0.580198875
6 0.8804207265624999 0.360577171875 0.8632993796875 0.360577171875 0.8632993796875 0.37786640781249997 0.8804207265624999 0.37786640781249997 0.8804207265624999 0.360577171875
6 0.6926439328125 0.7202723734375 0.687922940625 0.7202723734375 0.687922940625 0.738430609375 0.6926439328125 0.738430609375 0.6926439328125 0.7202723734375
1 0.751107175 0.5871163 0.785355771875 0.5905750109375 0.8219663421875 0.5923043671875 0.8798346609375001 0.5914396890625 0.8780631828125 0.47643752656249994 0.7339828765624999 0.474708171875 0.7328018890625 0.5620406390625 0.7516976671875 0.5629053171875 0.751107175 0.5871163
6 0.880429584375 0.466063553125 0.8213773249999999 0.466063553125 0.8213773249999999 0.47471465625000003 0.880429584375 0.47471465625000003 0.880429584375 0.466063553125
4 0.742840271875 0.78253350625 0.8798346609375001 0.78253350625 0.8786536765624999 0.6026805015625001 0.785355771875 0.5992217906249999 0.7859462640625 0.6052745359375 0.77826985625 0.6061392125 0.77826985625 0.60008646875 0.7499261890625 0.5983571109375 0.7499261890625 0.6113272796875 0.7392973140625 0.610462603125 0.7351638625 0.73411154375 0.7416592859375 0.734976221875 0.742840271875 0.78253350625
6 0.880429584375 0.59317120625 0.8213773249999999 0.59317120625 0.8213773249999999 0.6018223093749999 0.880429584375 0.6018223093749999 0.880429584375 0.59317120625
5 0.24210215468750002 0.3545179421875 0.26749335625000004 0.35797665312500004 0.3445527015625 0.3553826203125 0.3418954828125 0.1491569390625 0.19574845000000002 0.14785992187500002 0.1783289046875 0.15045395625 0.17714791875 0.337224384375 0.17714791875 0.3605706875 0.2403306765625 0.359706009375 0.24210215468750002 0.3545179421875
6 0.3454428703125 0.1331582359375 0.185416296875 0.1331582359375 0.185416296875 0.1504474703125 0.3454428703125 0.1504474703125 0.3454428703125 0.1331582359375
6 0.2409255984375 0.3605706875 0.185416296875 0.3605706875 0.185416296875 0.3761348890625 0.2409255984375 0.3761348890625 0.2409255984375 0.3605706875
6 0.22202391562499998 0.38045395625 0.2173029234375 0.38045395625 0.2173029234375 0.5568482484375 0.22202391562499998 0.5568482484375 0.22202391562499998 0.38045395625
5 0.23973870625 0.37786640781249997 0.22084588125 0.37786640781249997 0.22084588125 0.5559857328125 0.23973870625 0.5559857328125 0.23973870625 0.37786640781249997
6 0.2480070859375 0.415914396875 0.2426926484375 0.415914396875 0.2426926484375 0.42888456562500005 0.2480070859375 0.42888456562500005 0.2480070859375 0.415914396875
2 0.2562739890625 0.39688715937499996 0.249188071875 0.383916990625 0.2403306765625 0.386511025 0.24092116875 0.41418071718749994 0.25686448125 0.4159100734375 0.2609979328125 0.4124513625 0.2562739890625 0.39688715937499996
4 0.393858871875 0.45741461406250006 0.380868025 0.45568525624999995 0.38145851875000003 0.43666234375 0.32713315625 0.4375270203125 0.32772365 0.4643320359375 0.31237082968749996 0.4643320359375 0.312961321875 0.456549934375 0.2586359609375 0.45741461406250006 0.2586359609375 0.5784695203125 0.393858871875 0.5784695203125 0.393858871875 0.45741461406250006
2 0.3365810453125 0.435797665625 0.329495128125 0.42931258124999994 0.32860938906250003 0.435797665625 0.3489814 0.4539559015625 0.3489814 0.43709468281249997 0.3365810453125 0.435797665625
4 0.46708001093749996 0.46173800312499996 0.46708001093749996 0.4349329875 0.39976380312500004 0.43666234375 0.4003542953125 0.5784695203125 0.47416592812499997 0.5793341984375 0.4729849421875 0.460008646875 0.46708001093749996 0.46173800312499996
2 0.46324180625 0.4306095984375 0.45527015000000004 0.42801556406249996 0.442869796875 0.42888024218750004 0.44198405625000003 0.435797665625 0.4393268375 0.44228275000000006 0.442869796875 0.452658884375 0.4543844109375 0.4448767828125 0.46324180625 0.4306095984375
4 0.554472984375 0.43666018125 0.48007085937499994 0.43666018125 0.48007085937499994 0.578463034375 0.554472984375 0.578463034375 0.554472984375 0.43666018125
2 0.5429583703125 0.42931258124999994 0.5323294953125 0.426718546875 0.521995865625 0.4297449203125 0.5217006203125 0.43320363124999994 0.5208148796875001 0.4500648515625 0.525243578125 0.45136186718750004 0.5394154125 0.43839169843750003 0.5429583703125 0.42931258124999994
4 0.6460008859374999 0.43752269843749997 0.5615633296875 0.43752269843749997 0.5615633296875 0.57760051875 0.6460008859374999 0.57760051875 0.6460008859374999 0.43752269843749997
2 0.6093888390625 0.42801556406249996 0.5975789781249999 0.4297449203125 0.5946265125 0.45136186718750004 0.6040744015625 0.452658884375 0.6223796875 0.4314742765625 0.6093888390625 0.42801556406249996
2 0.4251550046875 0.3761348890625 0.4251550046875 0.36186770468749996 0.41747859375 0.3545179421875 0.41186891093750005 0.3488975359375 0.40744021249999995 0.34370946875 0.40566873281250004 0.3527885859375 0.405078240625 0.363164721875 0.405078240625 0.3752702109375 0.4251550046875 0.3761348890625
6 0.4611736046875 0.3692153046875 0.44286536718749997 0.3692153046875 0.44286536718749997 0.37786640781249997 0.4611736046875 0.37786640781249997 0.4611736046875 0.3692153046875
2 0.46324180625 0.3527885859375 0.46117508125000006 0.3761348890625 0.48272807812499996 0.3761348890625 0.4818423390625 0.367055771875 0.46324180625 0.3527885859375
2 0.5397106578125 0.3519239078125 0.5414821375 0.37699956874999996 0.565692353125 0.374405534375 0.549749040625 0.35711197499999997 0.5397106578125 0.3519239078125
6 0.6105668734374999 0.368346303125 0.59285208125 0.368346303125 0.59285208125 0.37699740625 0.6105668734374999 0.37699740625 0.6105668734374999 0.368346303125
2 0.633303809375 0.3683527890625 0.6282846171875 0.3640294 0.6129317984375 0.3519239078125 0.608798346875 0.359706009375 0.6123413046875 0.37699956874999996 0.630056096875 0.37699956874999996 0.633303809375 0.37224383906249997 0.633303809375 0.3683527890625
2 0.7776793625 0.3908344140625 0.7900797171875 0.37354085625 0.7918511953125 0.3683527890625 0.75376439375 0.367055771875 0.751107175 0.3683527890625 0.7519929140625 0.3761348890625 0.768821965625 0.393428446875 0.7776793625 0.3908344140625
6 0.646589903125 0.5793341984375 0.6507233546875 0.5793341984375 0.651313846875 0.5499351484375 0.6648951875 0.550799828125 0.6654856796875 0.543882403125 0.651313846875 0.543882403125 0.651313846875 0.5136186765625 0.6873339234375 0.5127539984375 0.6926483609375 0.5162127109375 0.6926483609375 0.4868136609375 0.688514909375 0.4876783390625 0.688514909375 0.504971896875 0.651904340625 0.50756593125 0.6507233546875 0.43666234375 0.688514909375 0.43666234375 0.6879244171875001 0.46173800312499996 0.6926483609375 0.4643320359375 0.6938293468750001 0.42888024218750004 0.619427221875 0.42888024218750004 0.6206082078125 0.4375270203125 0.646589903125 0.435797665625 0.646589903125 0.5793341984375
0 0.6879273687499999 0.43752918281250003 0.6524977859375001 0.43752918281250003 0.6524977859375001 0.5041050578124999 0.6879273687499999 0.5041050578124999 0.6879273687499999 0.43752918281250003
2 0.6908768828125 0.4643320359375 0.6873339234375 0.46562905312499997 0.6802480078124999 0.48119325625 0.6855624453125 0.49027237343749996 0.6908768828125 0.48897535625 0.6908768828125 0.4643320359375
4 0.6873294953125 0.5983592734375 0.5922630640625 0.5983592734375 0.5922630640625 0.6485149156250001 0.6873294953125 0.6485149156250001 0.6873294953125 0.5983592734375
3 0.693237378125 0.5793320359374999 0.59166961875 0.5793320359374999 0.59166961875 0.595765240625 0.693237378125 0.595765240625 0.693237378125 0.5793320359374999
2 0.6660761734375 0.543450065625 0.6637142015624999 0.5629053171875 0.677886034375 0.5551232171875 0.6882196640625 0.543450065625 0.6660761734375 0.543450065625
6 0.6879244171875001 0.5430177265625 0.6820194859375001 0.543882403125 0.6826099796875 0.5499351484375 0.688514909375 0.5490704703125 0.688514909375 0.5776048421875 0.6932388546875 0.5784695203125 0.6926483609375 0.5361003015625 0.688514909375 0.535235625 0.6879244171875001 0.5430177265625
0 0.6879273687499999 0.5136121921875 0.6524977859375001 0.5136121921875 0.6524977859375001 0.5430155640625001 0.6879273687499999 0.5430155640625001 0.6879273687499999 0.5136121921875
2 0.6873339234375 0.5123216609375 0.681133746875 0.5356679640625 0.69205786875 0.5386943359374999 0.6908768828125 0.5136186765625 0.6873339234375 0.5123216609375
4 0.6873339234375 0.6588780796875 0.5934455265625 0.6588780796875 0.5934455265625 0.734974059375 0.6873339234375 0.734974059375 0.6873339234375 0.6588780796875
2 0.6474756421875 0.6355382625 0.6389134921874999 0.6381322953125 0.6265131375 0.6502377859374999 0.6288751109375 0.65629053125 0.6457041625 0.654993515625 0.6474756421875 0.6355382625
2 0.6761145546875 0.692607003125 0.6882196640625 0.7237354078125 0.6932388546875 0.720276696875 0.6932388546875 0.6908776484375 0.6761145546875 0.692607003125
6 0.72394449375 0.8093385218750001 0.7227635078125 0.7980977078125 0.6743430765625 0.7980977078125 0.6737525843750001 0.7617812359375 0.6666666671875 0.7617812359375 0.6660761734375 0.8015564203125001 0.6631237078125001 0.8015564203125001 0.6631237078125001 0.8102031999999999 0.72394449375 0.8093385218750001
2 0.7239459703125 0.7358430609375 0.69973870625 0.7358430609375 0.69973870625 0.7626524 0.7239459703125 0.7626524 0.7239459703125 0.7358430609375
2 0.8237378203124999 0.59662775625 0.8077945078125 0.580198875 0.7995276062500001 0.580198875 0.7847652796875 0.59273670625 0.7829938000000001 0.5992217906249999 0.78565101875 0.6018158234375 0.8201948625 0.60051880625 0.8237378203124999 0.59662775625
2 0.8219663421875 0.4643320359375 0.7977561265625 0.4660613921875 0.7829938000000001 0.46692607031250005 0.7821080609375 0.47081712031249995 0.80366105625 0.4920017296875 0.82285208125 0.47081712031249995 0.8219663421875 0.4643320359375
2 0.8621169171874999 0.35797016875 0.832001771875 0.35797016875 0.832001771875 0.37699740625 0.8621169171874999 0.37699740625 0.8621169171874999 0.35797016875
3 0.743432240625 0.360577171875 0.7280823734374999 0.360577171875 0.7280823734374999 0.37786640781249997 0.743432240625 0.37786640781249997 0.743432240625 0.360577171875
6 0.5786846765625 0.37008430625 0.5633348093749999 0.37008430625 0.5633348093749999 0.37699740625 0.5786846765625 0.37699740625 0.5786846765625 0.37008430625
3 0.5940345437500001 0.360577171875 0.5786846765625 0.360577171875 0.5786846765625 0.37786640781249997 0.5940345437500001 0.37786640781249997 0.5940345437500001 0.360577171875
3 0.4422807796875 0.35970817187500004 0.42693091250000004 0.35970817187500004 0.42693091250000004 0.37699740625 0.4422807796875 0.37699740625 0.4422807796875 0.35970817187500004
1 0.7286669625 0.5948962390625 0.6926439328125 0.5948962390625 0.6926439328125 0.7341050578125 0.7286669625 0.7341050578125 0.7286669625 0.5948962390625
6 0.735752878125 0.5966212703125 0.7292604078125 0.5966212703125 0.7292604078125 0.734974059375 0.735752878125 0.734974059375 0.735752878125 0.5966212703125
3 0.7422542078125 0.5793320359374999 0.7292604078125 0.5793320359374999 0.7292604078125 0.595765240625 0.7422542078125 0.595765240625 0.7422542078125 0.5793320359374999
6 0.6276926484375001 0.649370946875 0.59166961875 0.649370946875 0.59166961875 0.656284046875 0.6276926484375001 0.656284046875 0.6276926484375001 0.649370946875
7 0.8721612046875 0.7833916984375 0.8243312671874999 0.7833916984375 0.8243312671874999 0.8102010375 0.8721612046875 0.8102010375 0.8721612046875 0.7833916984375
6 0.7493356953125 0.609597925 0.7493356953125 0.59662775625 0.7788603484375 0.595763078125 0.7794508421875 0.6026805015625001 0.7841747859375 0.6044098578125 0.7847652796875 0.5888456546875 0.7416592859375 0.5879809765624999 0.73988780625 0.59662775625 0.7392973140625 0.608733246875 0.7493356953125 0.609597925
6 0.7493356953125 0.582792909375 0.7487452015625 0.563769996875 0.737525834375 0.5646346734375001 0.736935340625 0.5776048421875 0.7333923828125 0.5776048421875 0.7328018890625 0.47124945937499996 0.7865367578125 0.47211413750000003 0.7847652796875 0.46519671406249996 0.7274874515625 0.46692607031250005 0.7280779453124999 0.580198875 0.7440212578125001 0.584522265625 0.7493356953125 0.582792909375
6 0.6879244171875001 0.6891482921875001 0.69205786875 0.691742325 0.69205786875 0.59316904375 0.6879244171875001 0.59662775625 0.688514909375 0.64850843125 0.6477708890625 0.6502377859374999 0.6477708890625 0.657155209375 0.6879244171875001 0.655425853125 0.6879244171875001 0.6891482921875001
3 0.4044862703125 0.35970817187500004 0.3631488046875 0.35970817187500004 0.3631488046875 0.3787354078125 0.4044862703125 0.3787354078125 0.4044862703125 0.35970817187500004
6 0.439322409375 0.1582360578125 0.4346014171875 0.1582360578125 0.4346014171875 0.3605706875 0.439322409375 0.3605706875 0.439322409375 0.1582360578125
6 0.58753764375 0.158229571875 0.5839946859375 0.158229571875 0.5839946859375 0.361433203125 0.58753764375 0.361433203125 0.58753764375 0.158229571875
6 0.752874225 0.368346303125 0.7428387953125 0.368346303125 0.7428387953125 0.37699740625 0.752874225 0.37699740625 0.752874225 0.368346303125
6 0.3820490109375 0.45568525624999995 0.394449365625 0.45568525624999995 0.394449365625 0.5776048421875 0.39976380312500004 0.5793341984375 0.3985828171875 0.4375270203125 0.44109831718750003 0.43666234375 0.44109831718750003 0.42888024218750004 0.3495718921875 0.42888024218750004 0.350752878125 0.4349329875 0.3820490109375 0.4349329875 0.3820490109375 0.45568525624999995
6 0.468851490625 0.460873325 0.47416592812499997 0.460008646875 0.47416592812499997 0.580198875 0.48007085937499994 0.580198875 0.48007085937499994 0.43666234375 0.5208148796875001 0.4349329875 0.521995865625 0.42888024218750004 0.46235606718750005 0.42801556406249996 0.46235606718750005 0.4349329875 0.4682609984375 0.4349329875 0.468851490625 0.460873325
6 0.555063478125 0.580198875 0.5597874218750001 0.580198875 0.560377915625 0.435797665625 0.5975789781249999 0.435797665625 0.5987599640625 0.4306095984375 0.5426631234375 0.42888024218750004 0.5414821375 0.4349329875 0.5556539703125 0.43666234375 0.555063478125 0.580198875
6 0.313551815625 0.460873325 0.3259521703125 0.460873325 0.3265426640625 0.43666234375 0.329495128125 0.4349329875 0.328904634375 0.4297449203125 0.2586359609375 0.4297449203125 0.2580454671875 0.45568525624999995 0.313551815625 0.4548205796875 0.313551815625 0.460873325
2 0.7298538531250001 0.5810570687500001 0.6920593453125 0.5810570687500001 0.6920593453125 0.5948962390625 0.7298538531250001 0.5948962390625 0.7298538531250001 0.5810570687500001
0 0.687922940625 0.5499286640625 0.6513153234375 0.5499286640625 0.6513153234375 0.5793320359374999 0.687922940625 0.5793320359374999 0.687922940625 0.5499286640625
5 0.958963684375 0.30436446250000004 0.8969619124999999 0.30436446250000004 0.8969619124999999 0.44531128437499995 0.958963684375 0.44531128437499995 0.958963684375 0.30436446250000004
6 0.9483303812500001 0.29485084375000004 0.8957794515625 0.29485084375000004 0.8957794515625 0.305226978125 0.9483303812500001 0.305226978125 0.9483303812500001 0.29485084375000004
5 0.4605403015625 0.06948119375 0.36622675 0.06948119375 0.36622675 0.1332425421875 0.4605403015625 0.1332425421875 0.4605403015625 0.06948119375