7 0.8916326531250001 0.5217578125 0.8333333328125001 0.5217578125 0.8333333328125001 0.6598828125 0.8916326531250001 0.6598828125 0.8916326531250001 0.5217578125
7 0.527210884375 0.79517578125 0.3984353734375 0.79517578125 0.3984353734375 0.8607617187500001 0.527210884375 0.8607617187500001 0.527210884375 0.79517578125
1 0.8467176875 0.8607617187500001 0.5855272109375 0.8607617187500001 0.5855272109375 0.94447265625 0.8467176875 0.94447265625 0.8467176875 0.8607617187500001
7 0.7410034015625 0.79521484375 0.626819728125 0.79521484375 0.626819728125 0.8579882812499999 0.7410034015625 0.8579882812499999 0.7410034015625 0.79521484375
7 0.2733163265625 0.79798828125 0.1494047625 0.79798828125 0.1494047625 0.8607617187500001 0.2733163265625 0.8607617187500001 0.2733163265625 0.79798828125
3 0.6255952375 0.79662109375 0.5271938781250001 0.79662109375 0.5271938781250001 0.8579882812499999 0.6255952375 0.8579882812499999 0.6255952375 0.79662109375
3 0.397227890625 0.79658203125 0.2733163265625 0.79658203125 0.2733163265625 0.8607617187500001 0.397227890625 0.8607617187500001 0.397227890625 0.79658203125
1 0.2806122453125 0.5678013390625 0.349854228125 0.56640625 0.34863945625000003 0.361328125 0.5600097171875 0.35714285625 0.5600097171875 0.2385602703125 0.218658890625 0.2399553546875 0.2198736625 0.361328125 0.28182701718750003 0.35993303593750003 0.2806122453125 0.5678013390625
2 0.252672496875 0.184151784375 0.21379980625 0.1827566953125 0.215014578125 0.2385602703125 0.25145772499999997 0.2399553546875 0.24902818437500002 0.25390625 0.25996112656250003 0.2511160703125 0.2636054421875 0.2385602703125 0.296404275 0.2385602703125 0.29397473125 0.1799665203125 0.2636054421875 0.1813616046875 0.257531584375 0.1688058046875 0.252672496875 0.167410715625 0.252672496875 0.184151784375
2 0.7738095234375 0.8914620546875 0.78474246875 0.89285714375 0.7859572421875 0.859375 0.8151117578125 0.8607700890625001 0.8151117578125 0.7952008937499999 0.7896015546874999 0.7938058046875 0.7871720109375 0.7672991062500001 0.7750242953125001 0.7631138390625 0.7750242953125001 0.7938058046875 0.744655003125 0.7965959812500001 0.747084546875 0.86356026875 0.7713799796874999 0.859375 0.7738095234375 0.8914620546875
3 0.33041788125 0.1813616046875 0.33041788125 0.10881696562500001 0.2927599625 0.107421875 0.295189503125 0.2371651796875 0.8345481046875 0.234375 0.8321185609375 0.5217633937499999 0.8928571421875 0.5231584812500001 0.8904275984375 0.1492745546875 0.8345481046875 0.146484375 0.8333333328125001 0.185546875 0.33041788125 0.1813616046875
2 0.5308552 0.30691964375 0.5575801734375 0.3097098203125 0.5600097171875 0.33342633906249997 0.581875609375 0.33761160625 0.583090378125 0.30691964375 0.6073858125 0.31110491093750003 0.6061710406249999 0.29296875 0.5843051499999999 0.29436383906249997 0.581875609375 0.26785714375 0.5612244890625 0.2664620546875 0.5587949453125 0.29296875 0.5357142859375 0.29436383906249997 0.5308552 0.30691964375
4 0.5624319734375 0.38224609374999996 0.370493196875 0.38224609374999996 0.370493196875 0.79658203125 0.5624319734375 0.79658203125 0.5624319734375 0.38224609374999996
2 0.4227405234375 0.40876116093750003 0.4385325546875 0.41294642968749995 0.4385325546875 0.390625 0.46282798906249994 0.390625 0.4616132171875 0.36272321406249997 0.4385325546875 0.3641183046875 0.4385325546875 0.3250558046875 0.42517006874999996 0.31808035625 0.4239552953125 0.36272321406249997 0.4020894078125 0.35993303593750003 0.3996598640625 0.38225446406249997 0.4203109828125 0.38225446406249997 0.4227405234375 0.40876116093750003
2 0.233236153125 0.44642857031250005 0.26239067031249996 0.44921875 0.25996112656250003 0.47154017968749995 0.2830417890625 0.47293526874999997 0.2830417890625 0.44363839374999997 0.30612244843749997 0.44363839374999997 0.30612244843749997 0.43247767968749995 0.2830417890625 0.43247767968749995 0.2806122453125 0.40318080468749995 0.25996112656250003 0.40318080468749995 0.2611758984375 0.4296875 0.23566569375 0.4296875 0.233236153125 0.44642857031250005
4 0.34865646250000004 0.59291015625 0.139710884375 0.59291015625 0.139710884375 0.79521484375 0.34865646250000004 0.79521484375 0.34865646250000004 0.59291015625
2 0.309766765625 0.615234375 0.32191447968750003 0.6166294640625 0.32677356875 0.5929129453125 0.347424684375 0.5929129453125 0.3462099109375 0.5691964296875 0.3231292515625 0.5691964296875 0.32191447968750003 0.5385044640625 0.310981534375 0.5385044640625 0.309766765625 0.5650111609375 0.28425656093749996 0.56640625 0.2830417890625 0.5901227687499999 0.310981534375 0.5887276796875 0.309766765625 0.615234375
3 0.1494169078125 0.7979910703125 0.13726919375 0.7952008937499999 0.13726919375 0.36551339375 0.0680272109375 0.36272321406249997 0.0692419828125 0.859375 0.1482021390625 0.8607700890625001 0.1494169078125 0.7979910703125
6 0.13726919375 0.3836495546875 0.26239067031249996 0.3836495546875 0.26239067031249996 0.40178571406249997 0.2781827 0.40318080468749995 0.2793974734375 0.36272321406249997 0.21622935000000001 0.36272321406249997 0.21622935000000001 0.2357700890625 0.198007775 0.2385602703125 0.19922254687500002 0.36272321406249997 0.13726919375 0.36272321406249997 0.13726919375 0.3836495546875
3 0.2137925171875 0.18134765625 0.1906972796875 0.18134765625 0.1906972796875 0.23576171875 0.2137925171875 0.23576171875 0.2137925171875 0.18134765625
3 0.81632653125 0.859375 0.8916423703125 0.859375 0.8916423703125 0.6612723203125 0.8321185609375 0.6598772312500001 0.8345481046875 0.7965959812500001 0.8175413031250001 0.7952008937499999 0.81632653125 0.859375
6 0.5818877546875 0.13671875 0.5600170062500001 0.13671875 0.5600170062500001 0.184140625 0.5818877546875 0.184140625 0.5818877546875 0.13671875
6 0.2866861015625 0.5691964296875 0.2806122453125 0.5719866062500001 0.2806122453125 0.47572544531250005 0.2648202140625 0.47154017968749995 0.2648202140625 0.5691964296875 0.136054421875 0.5705915187499999 0.13726919375 0.5915178562500001 0.2830417890625 0.5915178562500001 0.2866861015625 0.5691964296875
6 0.5782312921874999 0.23298828125 0.5612244890625 0.23298828125 0.5612244890625 0.26787109375 0.5782312921874999 0.26787109375 0.5782312921874999 0.23298828125
6 0.4616132171875 0.361328125 0.4616132171875 0.3836495546875 0.5612244890625 0.3836495546875 0.56486880625 0.7952008937499999 0.583090378125 0.7979910703125 0.5770165203125 0.3390066953125 0.5624392625 0.33761160625 0.5600097171875 0.35993303593750003 0.4616132171875 0.361328125
6 0.3413508265625 0.5901227687499999 0.352283771875 0.5873325890625 0.349854228125 0.7993861609375 0.368075803125 0.7979910703125 0.368075803125 0.380859375 0.40087463593750006 0.380859375 0.40087463593750006 0.361328125 0.349854228125 0.36272321406249997 0.349854228125 0.5719866062500001 0.3425655984375 0.5691964296875 0.3413508265625 0.5901227687499999
0 0.2636224484375 0.38642578125 0.139710884375 0.38642578125 0.139710884375 0.56919921875 0.2636224484375 0.56919921875 0.2636224484375 0.38642578125
4 0.8321258500000001 0.23855468750000003 0.5818877546875 0.23855468750000003 0.5818877546875 0.7951953125 0.8321258500000001 0.7951953125 0.8321258500000001 0.23855468750000003