4 0.043668121875 0.252434903125 0.05788565 0.252434903125 0.05788565 0.27098655 0.044175890625000006 0.27098655 0.044175890625000006 0.27761213749999997 0.1320199046875 0.276949578125 0.1345587484375 0.1928046125 0.22291053125000002 0.1934671703125 0.22392607031249998 0.141125025 0.212247384375 0.13913734687499998 0.21275515312499998 0.033127940625000005 0.0568701140625 0.03246538125 0.0573778828125 0.04902935 0.043668121875 0.0483667921875 0.043668121875 0.252434903125
7 0.11572052343749999 0.0128205125 0.0655021828125 0.0128205125 0.0655021828125 0.031339031249999996 0.11572052343749999 0.031339031249999996 0.11572052343749999 0.0128205125
7 0.202227075 0.013903134375 0.152008734375 0.013903134375 0.152008734375 0.032421653125 0.202227075 0.032421653125 0.202227075 0.013903134375
4 0.2716563421875 0.1590141109375 0.2833350265625 0.1689524953125 0.2975525546875 0.1755780828125 0.319894384375 0.1755780828125 0.3300497625 0.168289934375 0.3407129078125 0.1610017890625 0.344267290625 0.1543762015625 0.344267290625 0.1490757296875 0.4011374015625 0.1490757296875 0.4011374015625 0.050354470312499996 0.3869198734375 0.04902935 0.3869198734375 0.033127940625000005 0.23052706406249998 0.0337904984375 0.23052706406249998 0.1490757296875 0.27216411093750004 0.1490757296875 0.2716563421875 0.1590141109375
7 0.2903930125 0.0149857546875 0.24017467187500002 0.0149857546875 0.24017467187500002 0.033504273437499996 0.2903930125 0.033504273437499996 0.2903930125 0.0149857546875
7 0.375218340625 0.0127920234375 0.325 0.0127920234375 0.325 0.031310540625 0.375218340625 0.031310540625 0.375218340625 0.0127920234375
4 0.5575327515625 0.0337891734375 0.4046943234375 0.0337891734375 0.4046943234375 0.14974358906250002 0.5575327515625 0.14974358906250002 0.5575327515625 0.0337891734375
7 0.4633842796875 0.013874643750000002 0.4131659390625 0.013874643750000002 0.4131659390625 0.0323931625 0.4633842796875 0.0323931625 0.4633842796875 0.013874643750000002
7 0.55155021875 0.0127920234375 0.501331878125 0.0127920234375 0.501331878125 0.031310540625 0.55155021875 0.031310540625 0.55155021875 0.0127920234375
4 0.5636234390625 0.252434903125 0.5783487359375 0.252434903125 0.5773331984375 0.26899887499999997 0.610338175 0.2696614328125 0.6113537124999999 0.27761213749999997 0.7306793953125 0.27761213749999997 0.7306793953125 0.0337904984375 0.5768254296875 0.03246538125 0.5773331984375 0.049691909374999996 0.5651467453125 0.04902935 0.5636234390625 0.252434903125
7 0.6380567687500001 0.013874643750000002 0.587838428125 0.013874643750000002 0.587838428125 0.0323931625 0.6380567687500001 0.0323931625 0.6380567687500001 0.013874643750000002
7 0.723711790625 0.013874643750000002 0.6734934499999999 0.013874643750000002 0.6734934499999999 0.0323931625 0.723711790625 0.0323931625 0.723711790625 0.013874643750000002
4 0.737788159375 0.1245610546875 0.826647709375 0.1252236125 0.8256321718749999 0.033127940625000005 0.75251345625 0.03246538125 0.7514979187499999 0.04902935 0.737788159375 0.04902935 0.737788159375 0.1245610546875
7 0.8085371171875 0.013874643750000002 0.7583187765625 0.013874643750000002 0.7583187765625 0.0323931625 0.8085371171875 0.0323931625 0.8085371171875 0.013874643750000002
5 0.911451965625 0.032464387500000004 0.832740175 0.032464387500000004 0.832740175 0.2776210828125 0.911451965625 0.2776210828125 0.911451965625 0.032464387500000004
7 0.8958733625 0.014957265624999999 0.845655021875 0.014957265624999999 0.845655021875 0.0334757828125 0.8958733625 0.0334757828125 0.8958733625 0.014957265624999999
7 0.8958733625 0.9452706546874999 0.845655021875 0.9452706546874999 0.845655021875 0.9637891734374999 0.8958733625 0.9637891734374999 0.8958733625 0.9452706546874999
4 0.73323855 0.94414629375 0.73374631875 0.9289074421875 0.7505026921875 0.9282448796875 0.7505026921875 0.9461339687500001 0.8302224015625 0.9474590890625001 0.8302224015625 0.7857947375000001 0.8398700109374999 0.7851321796875 0.8393622421875 0.6983369765624999 0.6479333796875 0.69966209375 0.646410075 0.816935003125 0.664689753125 0.816935003125 0.665705290625 0.9454714109375001 0.73323855 0.94414629375
7 0.8093668125000001 0.9452706546874999 0.759148471875 0.9452706546874999 0.759148471875 0.9637891734374999 0.8093668125000001 0.9637891734374999 0.8093668125000001 0.9452706546874999
6 0.518432009375 0.7076127999999999 0.5240174671875 0.7089379171875 0.5240174671875 0.6976744187499999 0.641312075 0.6983369765624999 0.641312075 0.8242231515625 0.658576215625 0.8242231515625 0.659591753125 0.9467965265625 0.66466944375 0.9461339687500001 0.6636539046875 0.8175975609374999 0.6463897640625 0.8175975609374999 0.6468975328125001 0.6989995359375001 0.7499746109375 0.6983369765624999 0.7494668421874999 0.691711390625 0.512338784375 0.6930365078125 0.512338784375 0.6976744187499999 0.518432009375 0.6976744187499999 0.518432009375 0.7076127999999999
7 0.7228602625 0.9452706546874999 0.672641921875 0.9452706546874999 0.672641921875 0.9637891734374999 0.7228602625 0.9637891734374999 0.7228602625 0.9452706546874999
7 0.637205240625 0.9452706546874999 0.5869869 0.9452706546874999 0.5869869 0.9637891734374999 0.637205240625 0.9637891734374999 0.637205240625 0.9452706546874999
7 0.5498689953125 0.9452706546874999 0.4996506546875 0.9452706546874999 0.4996506546875 0.9637891734374999 0.5498689953125 0.9637891734374999 0.5498689953125 0.9452706546874999
4 0.2142784609375 0.9302325578125 0.22951152656249998 0.9308951171875 0.23052706406249998 0.9461339687500001 0.3864121046875 0.9461339687500001 0.3859043359375 0.9289074421875 0.403168478125 0.9289074421875 0.403168478125 0.9461339687500001 0.4788260390625 0.9454714109375001 0.4793338078125 0.8255482671875001 0.4646085109375 0.824885709375 0.4656240484375 0.6983369765624999 0.433634609375 0.6976744187499999 0.433634609375 0.708275359375 0.40469178437500003 0.7076127999999999 0.40469178437500003 0.72682700625 0.38539656718750004 0.726164446875 0.3859043359375 0.7069502421875 0.36559358125 0.706287684375 0.36254696875 0.7208639765625 0.354422665625 0.7400781828125 0.34020513750000003 0.7573047093749999 0.31735553906249997 0.7705558859375 0.2924748640625 0.76724309375 0.27876510625 0.7579672703125 0.264547578125 0.7460412109375001 0.2579465828125 0.7308023593749999 0.25286889375 0.708275359375 0.232050371875 0.7089379171875 0.23103483125 0.72483933125 0.21275515312499998 0.7255018890625 0.21275515312499998 0.69966209375 0.14572966406250001 0.6976744187499999 0.14623743281249998 0.9474590890625001 0.2137706921875 0.9448088515625 0.2142784609375 0.9302325578125
7 0.4633624453125 0.9463532765625 0.41314410468749996 0.9463532765625 0.41314410468749996 0.9648717953125001 0.4633624453125 0.9648717953125001 0.4633624453125 0.9463532765625
7 0.3785371171875 0.9463532765625 0.3283187765625 0.9463532765625 0.3283187765625 0.9648717953125001 0.3785371171875 0.9648717953125001 0.3785371171875 0.9463532765625
7 0.2920305671875 0.9452706546874999 0.2418122265625 0.9452706546874999 0.2418122265625 0.9637891734374999 0.2920305671875 0.9637891734374999 0.2920305671875 0.9452706546874999
7 0.203864628125 0.9463532765625 0.1536462875 0.9463532765625 0.1536462875 0.9648717953125001 0.203864628125 0.9648717953125001 0.203864628125 0.9463532765625
7 0.11820960625000002 0.9452706546874999 0.06799126562499999 0.9452706546874999 0.06799126562499999 0.9637891734374999 0.11820960625000002 0.9637891734374999 0.11820960625000002 0.9452706546874999
7 0.0436572046875 0.84923076875 0.0302292578125 0.84923076875 0.0302292578125 0.9149857546875 0.0436572046875 0.9149857546875 0.0436572046875 0.84923076875
1 0.056859956249999996 0.3822964296875 0.21376053750000001 0.38163386875 0.21426830625 0.3644073421875 0.2305169078125 0.3644073421875 0.2305169078125 0.3875969 0.21833045625 0.38892201718749997 0.21731491875 0.5903398921874999 0.2310246765625 0.5903398921874999 0.2300091390625 0.6122043328125 0.213252765625 0.6122043328125 0.2127449984375 0.597628040625 0.0563521875 0.59696548125 0.0563521875 0.6122043328125 0.0446735046875 0.6122043328125 0.0441657359375 0.70430000625 0.057875495312500004 0.703637446875 0.056859956249999996 0.72483933125 0.0441657359375 0.72483933125 0.0436579671875 0.8116345328125 0.1391185125 0.812297090625 0.1391185125 0.69104883125 0.2594698890625 0.691711390625 0.2630242703125 0.7122507125 0.2726718796875 0.7354402703125 0.2889204828125 0.7546544765625 0.3122778515625 0.7579672703125 0.33055753125 0.75134168125 0.344267290625 0.7374279453125 0.353407128125 0.718213740625 0.3589925875 0.6923739484375 0.9119427234374999 0.69104883125 0.9109271859374999 0.6102166578125 0.750441759375 0.6088915390625 0.750441759375 0.6135294499999999 0.3843404078125 0.6168422453125 0.3843404078125 0.5459484531250001 0.391449171875 0.5472735703125 0.39195694062499997 0.4260253109375 0.3843404078125 0.42536275156250003 0.3848481765625 0.36241966406250004 0.9114654218749999 0.3617571046875 0.909414034375 0.286887959375 0.0446735046875 0.28490028437500003 0.0446735046875 0.3663950171875 0.058383264062499995 0.36705757499999997 0.056859956249999996 0.3822964296875
6 0.044683659375000004 0.82091035625 0.1401442078125 0.82091035625 0.1396364359375 0.8494003843750001 0.1442063578125 0.8494003843750001 0.1447141265625 0.6970118609375 0.17111810624999998 0.6983369765624999 0.16908703125 0.6930365078125 0.13912866875000002 0.6943616234375 0.1396364359375 0.812297090625 0.043668121875 0.8116345328125 0.044683659375000004 0.82091035625
7 0.0428275109375 0.7374501421875 0.0293995640625 0.7374501421875 0.0293995640625 0.8053988609375 0.0428275109375 0.8053988609375 0.0428275109375 0.7374501421875
7 0.0428275109375 0.6245868953125 0.0302292578125 0.6245868953125 0.0302292578125 0.6903418796875 0.0428275109375 0.6903418796875 0.0428275109375 0.6245868953125
7 0.0428275109375 0.28598290625 0.0302292578125 0.28598290625 0.0302292578125 0.35173789218749996 0.0428275109375 0.35173789218749996 0.0428275109375 0.28598290625
6 0.23103483125 0.2723116671875 0.1858434046875 0.27098655 0.1858434046875 0.23322069843749998 0.1797501765625 0.23322069843749998 0.1797501765625 0.2696614328125 0.1396364359375 0.26899887499999997 0.1401442078125 0.20274299375 0.1797501765625 0.203405553125 0.1797501765625 0.20804346406250002 0.186351171875 0.20738090625 0.186351171875 0.1947922875 0.1340509796875 0.1934671703125 0.1335432125 0.276949578125 0.044683659375000004 0.27761213749999997 0.044683659375000004 0.28490028437500003 0.2924748640625 0.28556284375 0.29298263593749996 0.27761213749999997 0.23001929531249998 0.27893725625 0.23103483125 0.2723116671875
7 0.0436572046875 0.1731054125 0.0310589515625 0.1731054125 0.0310589515625 0.2388603984375 0.0436572046875 0.2388603984375 0.0436572046875 0.1731054125
7 0.0428275109375 0.0602279203125 0.0302292578125 0.0602279203125 0.0302292578125 0.12598290625 0.0428275109375 0.12598290625 0.0428275109375 0.0602279203125
3 0.23009825312499999 0.2531196578125 0.2133078609375 0.2531196578125 0.2133078609375 0.270641025 0.23009825312499999 0.270641025 0.23009825312499999 0.2531196578125
6 0.40062963281249997 0.28556284375 0.5321417687500001 0.28490028437500003 0.5326495375 0.27893725625 0.49761348749999995 0.27893725625 0.49812125468749996 0.15570131874999998 0.5590535203125 0.1550387609375 0.5585457484374999 0.2537600203125 0.5626079015625 0.2537600203125 0.5636234390625 0.049691909374999996 0.5585457484374999 0.047704234375 0.5585457484374999 0.149738290625 0.4356656859375 0.15040084843749998 0.4356656859375 0.15570131874999998 0.4448055234375 0.15570131874999998 0.44531329218750004 0.1894918171875 0.4498832140625 0.1894918171875 0.4503909828125 0.1543762015625 0.49456687343750005 0.1543762015625 0.49405910468750003 0.27893725625 0.4534375953125 0.2782746984375 0.45242205625 0.244484196875 0.44531329218750004 0.244484196875 0.44582106406250005 0.27761213749999997 0.40469178437500003 0.27761213749999997 0.403168478125 0.2696614328125 0.3549304359375 0.268336315625 0.353914896875 0.2782746984375 0.325479840625 0.27761213749999997 0.324972071875 0.2862254015625 0.3589925875 0.28490028437500003 0.40062963281249997 0.28556284375
4 0.353914896875 0.2696614328125 0.3864121046875 0.26899887499999997 0.3864121046875 0.2511097859375 0.402152940625 0.2511097859375 0.403168478125 0.274961903125 0.4448055234375 0.2756244609375 0.44429775468750005 0.15702643593750001 0.3620391984375 0.1550387609375 0.3554382046875 0.1669648171875 0.3437595203125 0.18021599375 0.323956534375 0.1914794921875 0.2919670953125 0.190816934375 0.2782573359375 0.18485390625 0.26607088437500004 0.1696150546875 0.2574388140625 0.15768899375 0.23103483125 0.15636387812500002 0.23052706406249998 0.276949578125 0.353407128125 0.27761213749999997 0.353914896875 0.2696614328125
3 0.40308952031249995 0.2531196578125 0.3862991265625 0.2531196578125 0.3862991265625 0.270641025 0.40308952031249995 0.270641025 0.40308952031249995 0.2531196578125
6 0.609825328125 0.27098290625 0.55956331875 0.27098290625 0.55956331875 0.28423076875 0.609825328125 0.28423076875 0.609825328125 0.27098290625
3 0.5769323140625 0.2531196578125 0.560141921875 0.2531196578125 0.560141921875 0.270641025 0.5769323140625 0.270641025 0.5769323140625 0.2531196578125
6 0.7794252046875 0.2795998140625 0.737280390625 0.2795998140625 0.7362648515625 0.27098655 0.7311871640625001 0.2696614328125 0.7316949328125 0.27761213749999997 0.6331877734375 0.2782746984375 0.6331877734375 0.28556284375 0.7794252046875 0.28556284375 0.7794252046875 0.2795998140625
4 0.7499746109375 0.27164910781249996 0.738295928125 0.27098655 0.738295928125 0.27761213749999997 0.8246166359375 0.27761213749999997 0.8246166359375 0.13516199375 0.737788159375 0.13516199375 0.737280390625 0.2517723453125 0.7494668421874999 0.2511097859375 0.7499746109375 0.27164910781249996
3 0.7490938859375 0.2520370375 0.73230349375 0.2520370375 0.73230349375 0.26955840468750003 0.7490938859375 0.26955840468750003 0.7490938859375 0.2520370375
6 0.9124606484375001 0.2968263453125 0.9170305671874999 0.2968263453125 0.9170305671874999 0.2862254015625 0.95511323125 0.28490028437500003 0.95511323125 0.27893725625 0.9180461046874999 0.27761213749999997 0.9180461046874999 0.2736367859375 0.9119528796875 0.2736367859375 0.9124606484375001 0.276949578125 0.8885955109375001 0.276949578125 0.8885955109375001 0.28490028437500003 0.9124606484375001 0.28556284375 0.9124606484375001 0.2968263453125
3 0.9237663749999999 0.25423076875 0.9069759828124999 0.25423076875 0.9069759828124999 0.2717521375 0.9237663749999999 0.2717521375 0.9237663749999999 0.25423076875
6 0.9073829578125 0.59696548125 0.909921803125 0.5916650109375 0.9170305671874999 0.59100245 0.9170305671874999 0.3829589890625 0.9109373406250001 0.38428410468749996 0.9124606484375001 0.44987742812500003 0.9078907265625 0.44921486875000005 0.9078907265625 0.4565030140625 0.9124606484375001 0.4565030140625 0.9119528796875 0.5366726296875 0.9073829578125 0.536010071875 0.9073829578125 0.5419731 0.9119528796875 0.5419731 0.9124606484375001 0.5870271 0.8342642421875001 0.5896773328125 0.8342642421875001 0.45451533906249997 0.8921498937499999 0.45451533906249997 0.8916421250000001 0.44722719062499994 0.757083375 0.4465646328125 0.7580989125 0.45451533906249997 0.7768863609375 0.455177896875 0.7763785921874999 0.48499304218750006 0.78145628125 0.48433048437500004 0.78196405 0.455177896875 0.8230933281249999 0.455177896875 0.8230933281249999 0.5075200421875 0.7768863609375 0.5075200421875 0.7768863609375 0.516795865625 0.821570021875 0.516795865625 0.821570021875 0.5883522171875 0.78247181875 0.589014775 0.78247181875 0.536010071875 0.7748552859375 0.5373351875 0.7763785921874999 0.5485986890625 0.7586066812500001 0.5485986890625 0.7591144515625 0.55654939375 0.7768863609375 0.5558868343750001 0.7763785921874999 0.5896773328125 0.738295928125 0.5883522171875 0.738295928125 0.5532366015625 0.742865846875 0.5532366015625 0.742865846875 0.5492612484375 0.737788159375 0.5492612484375 0.738803696875 0.38428410468749996 0.733726009375 0.3829589890625 0.733726009375 0.5916650109375 0.7504823796875 0.5916650109375 0.7504823796875 0.5963029234375 0.9073829578125 0.59696548125
3 0.9229366812500001 0.3659971515625 0.9061462875 0.3659971515625 0.9061462875 0.38351851875 0.9229366812500001 0.38351851875 0.9229366812500001 0.3659971515625
1 0.9541157203124999 0.6095441593750001 0.919072053125 0.6095441593750001 0.919072053125 0.6917094015624999 0.9541157203124999 0.6917094015624999 0.9541157203124999 0.6095441593750001
2 0.938864628125 0.6632213625000001 0.9327714015625 0.6552706546875 0.9292170203125 0.6532829796875 0.9378490921875 0.6433445953125 0.9414034734375001 0.6367190078125 0.9408957046875001 0.6181673625 0.9119528796875 0.6208175984375 0.9124606484375001 0.685748359375 0.9419112421875001 0.685748359375 0.9408957046875001 0.6777976546875 0.938864628125 0.6632213625000001
3 0.9229366812500001 0.591723646875 0.9061462875 0.591723646875 0.9061462875 0.6092450140625 0.9229366812500001 0.6092450140625 0.9229366812500001 0.591723646875
6 0.8398497015625 0.7871198578125 0.8307098609375 0.7857947375000001 0.8317254000000001 0.79639568125 0.8368030875000001 0.79639568125 0.8368030875000001 0.7910952109375 0.9119528796875 0.79043265 0.911445109375 0.931557675 0.9185538734375 0.92957 0.9170305671874999 0.7221890937500001 0.9119528796875 0.722851653125 0.9124606484375001 0.7857947375000001 0.8459429249999999 0.7857947375000001 0.8459429249999999 0.6983369765624999 0.8682847578124999 0.6976744187499999 0.8677769874999999 0.6923739484375 0.7748552859375 0.6923739484375 0.7748552859375 0.69966209375 0.8398497015625 0.6976744187499999 0.8398497015625 0.7871198578125
3 0.9237663749999999 0.7056837609375 0.9069759828124999 0.7056837609375 0.9069759828124999 0.723205128125 0.9237663749999999 0.723205128125 0.9237663749999999 0.7056837609375
3 0.7507751093749999 0.7078774921875 0.733984715625 0.7078774921875 0.733984715625 0.7253988609375 0.7507751093749999 0.7253988609375 0.7507751093749999 0.7078774921875
3 0.749104803125 0.5928347578125 0.7339956328125 0.5928347578125 0.7339956328125 0.610356125 0.749104803125 0.610356125 0.749104803125 0.5928347578125
4 0.5641312078125 0.5903398921874999 0.576317659375 0.5903398921874999 0.576317659375 0.6082289796875 0.73271046875 0.605578746875 0.7342337765625 0.37368316562500004 0.5783487359375 0.3723580453125 0.5783487359375 0.38627178125 0.5641312078125 0.38627178125 0.5641312078125 0.5903398921874999
6 0.667205240625 0.608903134375 0.5306113531250001 0.608903134375 0.5306113531250001 0.61485755 0.667205240625 0.61485755 0.667205240625 0.608903134375
6 0.3864121046875 0.383621546875 0.3859043359375 0.42536275156250003 0.3930131 0.42536275156250003 0.3919975640625 0.547936128125 0.3864121046875 0.5466110109375 0.38539656718750004 0.5943152453125 0.39809078750000004 0.5943152453125 0.39758302031250004 0.44855230781250005 0.47374835 0.44855230781250005 0.4742561171875 0.6069038625000001 0.44582106406250005 0.607566421875 0.44582106406250005 0.615517128125 0.5042144828125 0.6148545671875 0.5052300203125 0.6102166578125 0.47831826875 0.609554096875 0.4788260390625 0.38428410468749996 0.5615923625 0.38428410468749996 0.5626079015625 0.36241966406250004 0.4016451703125 0.363082221875 0.4016451703125 0.3822964296875 0.3864121046875 0.383621546875
3 0.57694323125 0.5917521375 0.558471615625 0.5917521375 0.558471615625 0.6092735046875 0.57694323125 0.6092735046875 0.57694323125 0.5917521375
3 0.40143013125 0.5961396015625 0.3854694328125 0.5961396015625 0.3854694328125 0.61366096875 0.40143013125 0.61366096875 0.40143013125 0.5961396015625
6 0.3396669046875 0.745378653125 0.3295115265625 0.7520042390625 0.3142784609375 0.7592923875 0.29701431875 0.7586298296875 0.283304559375 0.7526668 0.277211334375 0.7433909765625 0.26807149375 0.7294772421875 0.2609627296875 0.7096004765624999 0.2589316546875 0.6923739484375 0.1919061640625 0.69104883125 0.193937240625 0.6976744187499999 0.21323245625 0.6983369765624999 0.21323245625 0.706287684375 0.254361734375 0.7076127999999999 0.2589316546875 0.726164446875 0.25943942343750004 0.7361028296875001 0.2665481875 0.7447160937499999 0.2736569515625 0.7566421515624999 0.282289021875 0.7619426203125 0.29193663124999997 0.7665805328124999 0.30361531406250003 0.7685682109374999 0.31783284218749996 0.76923076875 0.3274804515625 0.7639302984375 0.337635828125 0.7573047093749999 0.34982228125 0.7460412109375001 0.3574388140625 0.7334525921874999 0.3630242703125 0.7122507125 0.364547578125 0.7049625640625 0.43258860468749993 0.7076127999999999 0.43360414374999995 0.6976744187499999 0.46559358125 0.6983369765624999 0.46559358125 0.8242231515625 0.47981110937500004 0.8242231515625 0.47981110937500004 0.9467965265625 0.48539656718749996 0.9467965265625 0.4848887984375 0.8175975609374999 0.47117903906249997 0.8175975609374999 0.47168680781249994 0.6976744187499999 0.48895095 0.6976744187499999 0.4894891859375 0.691711390625 0.3594698890625 0.6930365078125 0.3533766640625 0.7221890937500001 0.3462679 0.7347777125 0.3396669046875 0.745378653125
3 0.403111353125 0.7068233625 0.3871506546875 0.7068233625 0.3871506546875 0.7243447296875 0.403111353125 0.7243447296875 0.403111353125 0.7068233625
4 0.5595815984375 0.9474590890625001 0.5600893671875 0.9269197640625 0.5768457406249999 0.9282448796875 0.576337971875 0.9474590890625001 0.6591042953125 0.9474590890625001 0.6575809890625 0.8262108265625001 0.639809078125 0.8242231515625 0.6408246156249999 0.6983369765624999 0.525561084375 0.69966209375 0.5250533171875 0.7096004765624999 0.5184523203125 0.7089379171875 0.5184523203125 0.69966209375 0.47224535312500004 0.6989995359375001 0.4707220484375 0.816935003125 0.4859551140625 0.816935003125 0.48646288281250005 0.9461339687500001 0.5595815984375 0.9474590890625001
3 0.5777838421875 0.7079059828125 0.5618231437500001 0.7079059828125 0.5618231437500001 0.72542735 0.5777838421875 0.72542735 0.5777838421875 0.7079059828125
3 0.23012008750000001 0.7068233625 0.21415938906249998 0.7068233625 0.21415938906249998 0.7243447296875 0.23012008750000001 0.7243447296875 0.23012008750000001 0.7068233625
3 0.402281659375 0.36494302031250003 0.3863209609375 0.36494302031250003 0.3863209609375 0.3824643875 0.402281659375 0.3824643875 0.402281659375 0.36494302031250003
6 0.5631222703125001 0.382293446875 0.5590611359375 0.382293446875 0.5590611359375 0.4273361828125 0.5631222703125001 0.4273361828125 0.5631222703125001 0.382293446875
3 0.5769541484375 0.36494302031250003 0.56099345 0.36494302031250003 0.56099345 0.3824643875 0.5769541484375 0.3824643875 0.5769541484375 0.36494302031250003
1 0.9114410484375 0.37235042812499997 0.7408296937500001 0.37235042812499997 0.7408296937500001 0.44588319062500004 0.9114410484375 0.44588319062500004 0.9114410484375 0.37235042812499997
3 0.75079694375 0.36494302031250003 0.7356659390625 0.36494302031250003 0.7356659390625 0.3824643875 0.75079694375 0.3824643875 0.75079694375 0.36494302031250003
6 0.1335432125 0.5870271 0.043160353125 0.5883522171875 0.042652584375000004 0.5929901281250001 0.055346806250000005 0.594977803125 0.21630953437499997 0.5956403625 0.21681730625 0.5611873046875 0.211739615625 0.560524746875 0.211739615625 0.583051746875 0.14522189531250002 0.5837143046875 0.1442063578125 0.4936063078125 0.211231846875 0.4936063078125 0.211231846875 0.521433778125 0.21630953437499997 0.52077121875 0.21681730625 0.45915324999999996 0.211739615625 0.45849069218749994 0.210724078125 0.4836679265625 0.1442063578125 0.48565560156250004 0.1436985875 0.3942224875 0.211231846875 0.393559928125 0.211739615625 0.4134366921875 0.21630953437499997 0.4134366921875 0.21630953437499997 0.3822964296875 0.11526353281249999 0.3822964296875 0.1157713015625 0.38892201718749997 0.1340509796875 0.388259459375 0.1335432125 0.5870271
3 0.2292794765625 0.36713675156250003 0.215 0.36713675156250003 0.215 0.3846581203125 0.2292794765625 0.3846581203125 0.2292794765625 0.36713675156250003
3 0.22929039375000002 0.5928632484375 0.21415938906249998 0.5928632484375 0.21415938906249998 0.610384615625 0.22929039375000002 0.610384615625 0.22929039375000002 0.5928632484375
3 0.9229366812500001 0.9314672359375 0.9078056765625 0.9314672359375 0.9078056765625 0.9489886046875 0.9229366812500001 0.9489886046875 0.9229366812500001 0.9314672359375
3 0.7482641921875001 0.930384615625 0.7331331875 0.930384615625 0.7331331875 0.9479059828124999 0.7482641921875001 0.9479059828124999 0.7482641921875001 0.930384615625
3 0.5752729249999999 0.9314672359375 0.560141921875 0.9314672359375 0.560141921875 0.9489886046875 0.5752729249999999 0.9489886046875 0.5752729249999999 0.9314672359375
3 0.403111353125 0.930384615625 0.38798035 0.930384615625 0.38798035 0.9479059828124999 0.403111353125 0.9479059828124999 0.403111353125 0.930384615625
3 0.23012008750000001 0.9314672359375 0.2149890828125 0.9314672359375 0.2149890828125 0.9489886046875 0.23012008750000001 0.9489886046875 0.23012008750000001 0.9314672359375
3 0.0671817265625 0.9478413328125 0.043668121875 0.9478413328125 0.043668121875 0.9160639937499999 0.0293920046875 0.9160639937499999 0.031071548437500002 0.9642778859375 0.0671817265625 0.9642778859375 0.0671817265625 0.9478413328125
4 0.13759825312500001 0.8228917375 0.043668121875 0.8228917375 0.043668121875 0.946794871875 0.13759825312500001 0.946794871875 0.13759825312500001 0.8228917375
3 0.057958515625 0.930384615625 0.0428275109375 0.930384615625 0.0428275109375 0.9479059828124999 0.057958515625 0.9479059828124999 0.057958515625 0.930384615625
3 0.0428275109375 0.6903418796875 0.0293995640625 0.6903418796875 0.0293995640625 0.7374643875 0.0428275109375 0.7374643875 0.0428275109375 0.6903418796875
3 0.057958515625 0.7046581203125 0.0428275109375 0.7046581203125 0.0428275109375 0.7221794874999999 0.057958515625 0.7221794874999999 0.057958515625 0.7046581203125
3 0.04281659375 0.3539316234375 0.03106986875 0.3539316234375 0.03106986875 0.6245868953125 0.04281659375 0.6245868953125 0.04281659375 0.3539316234375
3 0.057958515625 0.5928917375 0.0428275109375 0.5928917375 0.0428275109375 0.6104131046875 0.057958515625 0.6104131046875 0.057958515625 0.5928917375
5 0.13254366875 0.3889316234375 0.0441812234375 0.3889316234375 0.0441812234375 0.5870227921875 0.13254366875 0.5870227921875 0.13254366875 0.3889316234375
6 0.0792139734375 0.382293446875 0.0426637546875 0.382293446875 0.0426637546875 0.3882478625 0.0792139734375 0.3882478625 0.0792139734375 0.382293446875
3 0.057958515625 0.36605413124999997 0.0428275109375 0.36605413124999997 0.0428275109375 0.3835754984375 0.057958515625 0.3835754984375 0.057958515625 0.36605413124999997
3 0.0419869 0.2399857546875 0.03106986875 0.2399857546875 0.03106986875 0.2859971515625 0.0419869 0.2859971515625 0.0419869 0.2399857546875
3 0.05627729218750001 0.2531766375 0.0411462875 0.2531766375 0.0411462875 0.27069800625 0.05627729218750001 0.27069800625 0.05627729218750001 0.2531766375
6 0.211739615625 0.20274299375 0.22291053125000002 0.203405553125 0.22392607031249998 0.2120188171875 0.22951152656249998 0.2120188171875 0.22951152656249998 0.1404624671875 0.22392607031249998 0.1404624671875 0.2234182984375 0.1934671703125 0.211739615625 0.1928046125 0.211739615625 0.20274299375
3 0.229268559375 0.11951566875 0.2141375546875 0.11951566875 0.2141375546875 0.139686609375 0.229268559375 0.139686609375 0.229268559375 0.11951566875
3 0.0655021828125 0.0142450140625 0.028552234375000003 0.013149245312499998 0.031071548437500002 0.05917159843749999 0.0428283515625 0.0602673671875 0.041988578124999995 0.0317773390625 0.0655021828125 0.0306815703125 0.0655021828125 0.0142450140625
3 0.05627729218750001 0.0307549859375 0.0411462875 0.0307549859375 0.0411462875 0.048276353125 0.05627729218750001 0.048276353125 0.05627729218750001 0.0307549859375
2 0.227991265625 0.0477207984375 0.21427947656250002 0.0477207984375 0.21427947656250002 0.1186039890625 0.227991265625 0.1186039890625 0.227991265625 0.0477207984375
3 0.229268559375 0.028561253125 0.2141375546875 0.028561253125 0.2141375546875 0.0480769234375 0.229268559375 0.0480769234375 0.229268559375 0.028561253125
6 0.3864121046875 0.149738290625 0.3859043359375 0.15768899375 0.412816084375 0.15702643593750001 0.4123083171875 0.149738290625 0.405199553125 0.149738290625 0.40367624687500003 0.0337904984375 0.4001218640625 0.033127940625000005 0.4011374015625 0.1510634078125 0.3864121046875 0.149738290625
3 0.40225982499999996 0.028575498437500003 0.3871288203125 0.028575498437500003 0.3871288203125 0.0487464390625 0.40225982499999996 0.0487464390625 0.40225982499999996 0.028575498437500003
3 0.5744213968749999 0.029643874999999997 0.55929039375 0.029643874999999997 0.55929039375 0.0471652421875 0.5744213968749999 0.0471652421875 0.5744213968749999 0.029643874999999997
6 0.7799329734375 0.13317431875000002 0.7804407421875 0.1238984953125 0.7362648515625 0.1258861734375 0.7362648515625 0.0318028234375 0.7311871640625001 0.033127940625000005 0.7306793953125 0.252434903125 0.7362648515625 0.2517723453125 0.7367726203125 0.13317431875000002 0.7799329734375 0.13317431875000002
3 0.7507751093749999 0.028561253125 0.7356441046875 0.028561253125 0.7356441046875 0.0460826203125 0.7507751093749999 0.0460826203125 0.7507751093749999 0.028561253125
6 0.91701965 0.04569800625 0.9124563312499999 0.04569800625 0.9124563312499999 0.2544159546875 0.91701965 0.2544159546875 0.91701965 0.04569800625
3 0.9229366812500001 0.029643874999999997 0.9078056765625 0.029643874999999997 0.9078056765625 0.0471652421875 0.9229366812500001 0.0471652421875 0.9229366812500001 0.029643874999999997
3 0.0428275109375 0.80430199375 0.0293995640625 0.80430199375 0.0293995640625 0.8514245015625 0.0428275109375 0.8514245015625 0.0428275109375 0.80430199375
3 0.1536790390625 0.9467378921874999 0.11841703125 0.9467378921874999 0.11841703125 0.9631766374999999 0.1536790390625 0.9631766374999999 0.1536790390625 0.9467378921874999
3 0.2410262015625 0.9467378921874999 0.20408296875 0.9467378921874999 0.20408296875 0.9631766374999999 0.2410262015625 0.9631766374999999 0.2410262015625 0.9467378921874999
3 0.328351528125 0.9478205125000001 0.2930895203125 0.9478205125000001 0.2930895203125 0.9642592593750001 0.328351528125 0.9642592593750001 0.328351528125 0.9478205125000001
3 0.41400655000000003 0.9478205125000001 0.37874454218750003 0.9478205125000001 0.37874454218750003 0.9642592593750001 0.41400655000000003 0.9642592593750001 0.41400655000000003 0.9478205125000001
3 0.498831878125 0.94562678125 0.46356986874999995 0.94562678125 0.46356986874999995 0.9620655265625 0.498831878125 0.9620655265625 0.498831878125 0.94562678125
3 0.586168121875 0.9467094015624999 0.5509061140625 0.9467094015624999 0.5509061140625 0.9631481484375 0.586168121875 0.9631481484375 0.586168121875 0.9467094015624999
3 0.6726746718750001 0.9467094015624999 0.6374126640625 0.9467094015624999 0.6374126640625 0.9631481484375 0.6726746718750001 0.9631481484375 0.6726746718750001 0.9467094015624999
3 0.7591812234375 0.9467094015624999 0.7239192140624999 0.9467094015624999 0.7239192140624999 0.9631481484375 0.7591812234375 0.9631481484375 0.7591812234375 0.9467094015624999
3 0.8456877734375 0.9467094015624999 0.8104257640625001 0.9467094015624999 0.8104257640625001 0.9631481484375 0.8456877734375 0.9631481484375 0.8456877734375 0.9467094015624999
3 0.9565393015625 0.9467094015624999 0.8952510921875 0.9467094015624999 0.8952510921875 0.9631481484375 0.9565393015625 0.9631481484375 0.9565393015625 0.9467094015624999
3 0.15201965 0.014230768750000001 0.1167576421875 0.014230768750000001 0.1167576421875 0.030669515624999998 0.15201965 0.030669515624999998 0.15201965 0.014230768750000001
3 0.24017467187500002 0.014259259375 0.20323144062499998 0.014259259375 0.20323144062499998 0.0317806265625 0.24017467187500002 0.0317806265625 0.24017467187500002 0.014259259375
3 0.32582969375 0.0131766375 0.2888864625 0.0131766375 0.2888864625 0.03069800625 0.32582969375 0.03069800625 0.32582969375 0.0131766375
3 0.4131659390625 0.014259259375 0.3762227078125 0.014259259375 0.3762227078125 0.0317806265625 0.4131659390625 0.0317806265625 0.4131659390625 0.014259259375
3 0.5005021828125 0.0131766375 0.4635589515625 0.0131766375 0.4635589515625 0.03069800625 0.5005021828125 0.03069800625 0.5005021828125 0.0131766375
3 0.587008734375 0.0131766375 0.5500655015625 0.0131766375 0.5500655015625 0.03069800625 0.587008734375 0.03069800625 0.587008734375 0.0131766375
3 0.673515284375 0.014259259375 0.636572053125 0.014259259375 0.636572053125 0.0317806265625 0.673515284375 0.0317806265625 0.673515284375 0.014259259375
3 0.7574890828124999 0.014259259375 0.723908296875 0.014259259375 0.723908296875 0.0317806265625 0.7574890828124999 0.0317806265625 0.7574890828124999 0.014259259375
6 0.801767034375 0.1258861734375 0.802274803125 0.13317431875000002 0.8251244046874999 0.133836878125 0.8256321718749999 0.27761213749999997 0.8048136484375 0.27761213749999997 0.8037981109375 0.28490028437500003 0.852036153125 0.28490028437500003 0.850512846875 0.27761213749999997 0.8327409359375 0.27761213749999997 0.83223316875 0.03246538125 0.826647709375 0.0318028234375 0.826139940625 0.1258861734375 0.801767034375 0.1258861734375
3 0.8439956328125 0.014259259375 0.8104148468749999 0.014259259375 0.8104148468749999 0.0317806265625 0.8439956328125 0.0317806265625 0.8439956328125 0.014259259375
3 0.9548471609375 0.014259259375 0.89606986875 0.014259259375 0.89606986875 0.0317806265625 0.9548471609375 0.0317806265625 0.9548471609375 0.014259259375
1 0.179246725 0.203418803125 0.1406659390625 0.203418803125 0.1406659390625 0.2690028484375 0.179246725 0.2690028484375 0.179246725 0.203418803125
2 0.17619579531250001 0.2345458140625 0.1848278671875 0.23520837656250002 0.186351171875 0.20671834687500001 0.1599471921875 0.2040681109375 0.15893165468749998 0.21599416875 0.1650248796875 0.22725766875 0.17619579531250001 0.2345458140625
2 0.2513455875 0.12323593749999999 0.2391591359375 0.11727290937499998 0.23001929531249998 0.119260584375 0.23001929531249998 0.15570131874999998 0.26150096562499997 0.15570131874999998 0.2594698890625 0.1451003796875 0.2513455875 0.12323593749999999
2 0.3706712703125 0.119260584375 0.35950035625 0.1285364078125 0.3589925875 0.1384747890625 0.35950035625 0.1550387609375 0.38844318125 0.1543762015625 0.38793541249999997 0.112634996875 0.377272265625 0.11197243906250001 0.3706712703125 0.119260584375
2 0.4300802265625 0.1219108203125 0.42297146249999995 0.11661035 0.4112927796875 0.114622671875 0.41180054843749997 0.15636387812500002 0.44328221875 0.15570131874999998 0.44074337343750003 0.13582455625 0.4300802265625 0.1219108203125
2 0.4392200671875 0.20473066874999998 0.4412511421875 0.21268137656250002 0.43769675937499997 0.2193069625 0.438204528125 0.23189558125 0.44226668125 0.2431590796875 0.452929825 0.2477969921875 0.4519142875 0.190816934375 0.44632883124999995 0.18617902343749998 0.438204528125 0.1928046125 0.4392200671875 0.20473066874999998
2 0.541281609375 0.318028225 0.5514369875 0.3213410203125 0.5590535203125 0.3213410203125 0.5590535203125 0.2795998140625 0.5306184625 0.27761213749999997 0.5321417687500001 0.3008016953125 0.5356961499999999 0.3087524015625 0.541281609375 0.318028225
2 0.61592363125 0.31405287187500003 0.6260790093749999 0.3213410203125 0.6367421546875 0.3206784609375 0.6362343859374999 0.276949578125 0.6083070984375001 0.27761213749999997 0.605260484375 0.2921884328125 0.610338175 0.3027893734375 0.61592363125 0.31405287187500003
2 0.6727937453124999 0.3332670765625 0.664161675 0.34188034218749996 0.6611150609374999 0.3538064015625 0.6606072921874999 0.3723580453125 0.688534578125 0.3723580453125 0.689042346875 0.328629165625 0.679902509375 0.32796660625 0.6727937453124999 0.3332670765625
2 0.762668834375 0.33591731406249997 0.7555600703125 0.3458556953125 0.7509901484375 0.3617571046875 0.7504823796875 0.37368316562500004 0.78196405 0.3716954875 0.7829795875000001 0.33061684375 0.772824209375 0.33260451875 0.762668834375 0.33591731406249997
2 0.783995125 0.31140263749999997 0.791611659375 0.3206784609375 0.8073524937500001 0.3200159 0.8073524937500001 0.2782746984375 0.7799329734375 0.27761213749999997 0.7768863609375 0.28556284375 0.7779019 0.2988140203125 0.783995125 0.31140263749999997
2 0.7870417375 0.16033923125 0.793642734375 0.166302259375 0.8058291859375 0.166302259375 0.80633695625 0.12323593749999999 0.77840966875 0.1225733796875 0.77739413125 0.14245014218750002 0.7809485125 0.1510634078125 0.7870417375 0.16033923125
2 0.3178633078125 0.31007751875 0.32751091718750003 0.3107400765625 0.3270031484375 0.2756244609375 0.2884127140625 0.276949578125 0.28739717656249997 0.307427284375 0.3026302421875 0.3087524015625 0.3072001609375 0.299476578125 0.3178633078125 0.31007751875
2 0.23052401718749999 0.21069800625 0.22393013125 0.21069800625 0.22393013125 0.2458262109375 0.23052401718749999 0.2458262109375 0.23052401718749999 0.21069800625
1 0.2229039296875 0.20538461562500002 0.1863537125 0.20538461562500002 0.1863537125 0.2709686609375 0.2229039296875 0.2709686609375 0.2229039296875 0.20538461562500002
2 0.2122489078125 0.19545584062500002 0.1863537125 0.19545584062500002 0.1863537125 0.2053988609375 0.2122489078125 0.2053988609375 0.2122489078125 0.19545584062500002
2 0.09190616406249999 0.4094613390625 0.09698385312499999 0.40416086875 0.09952269687500001 0.41144901718750004 0.10815476875 0.41542436718750003 0.11475576406250002 0.414761809375 0.11526353281249999 0.38163386875 0.0761653296875 0.3822964296875 0.0756575609375 0.41608692812500003 0.08327409375 0.41608692812500003 0.09190616406249999 0.4094613390625
2 0.2173362453125 0.41344729375 0.21174672499999997 0.41344729375 0.21174672499999997 0.45982905937499996 0.2173362453125 0.45982905937499996 0.2173362453125 0.41344729375
2 0.218351528125 0.5187891734375001 0.210731440625 0.5187891734375001 0.210731440625 0.5625213671875 0.218351528125 0.5625213671875 0.218351528125 0.5187891734375001
2 0.1447161578125 0.8467378921875 0.1391266375 0.8467378921875 0.1391266375 0.8831766375000001 0.1447161578125 0.8831766375000001 0.1447161578125 0.8467378921875
2 0.1746724890625 0.6618962421875 0.1685792625 0.67315974375 0.16604041875 0.6850858 0.167563725 0.6989995359375001 0.1949832453125 0.6989995359375001 0.1954910125 0.65858345 0.182796790625 0.65725833125 0.1746724890625 0.6618962421875
2 0.5052300203125 0.6618962421875 0.492028028125 0.6519578609375001 0.485934803125 0.65262041875 0.486950340625 0.6989995359375001 0.516400934375 0.6989995359375001 0.515893165625 0.67978533125 0.5052300203125 0.6618962421875
2 0.4265258453125 0.6400318031250001 0.43312684062500006 0.6466573906249999 0.4397278359375 0.6486450687499999 0.4503909828125 0.6479825078125 0.44886767499999997 0.607566421875 0.41840154375000005 0.6062413046875 0.41941708125000005 0.6307559796875 0.4265258453125 0.6400318031250001
2 0.5194475484375001 0.644669715625 0.5290951546875 0.6353938921875 0.5336650765625001 0.6281057437500001 0.5321417687500001 0.6088915390625 0.5042144828125 0.6069038625000001 0.5037067125 0.6486450687499999 0.5097999390625 0.6519578609375001 0.5194475484375001 0.644669715625
2 0.5879963453125 0.4425892796875 0.5819031171875 0.43132578125 0.5727632765624999 0.42470019062500003 0.5590535203125 0.42668786875000003 0.5590535203125 0.461803484375 0.58951965 0.4637911625 0.58951965 0.45451533906249997 0.5879963453125 0.4425892796875
2 0.6870112734375 0.6387066859375 0.6931044984375 0.632081096875 0.69462780625 0.622142715625 0.6931044984375 0.605578746875 0.6656849796875 0.605578746875 0.6651772125 0.65063274375 0.678886971875 0.6466573906249999 0.6870112734375 0.6387066859375
2 0.7733319796875 0.6738223015625 0.7641921390624999 0.6605711249999999 0.7555600703125 0.6552706546875 0.7469279984375 0.6532829796875 0.7499746109375 0.6989995359375001 0.7789174359375 0.6976744187499999 0.7789174359375 0.6837606843749999 0.7733319796875 0.6738223015625
4 0.911451965625 0.69901709375 0.8454475984375 0.69901709375 0.8454475984375 0.78514245 0.911451965625 0.78514245 0.911451965625 0.69901709375
2 0.881994515625 0.7314649171875 0.8916421250000001 0.7354402703125 0.8977353515625 0.7341151531250001 0.8972275828124999 0.69104883125 0.8682847578124999 0.6903862703125 0.86726921875 0.711588153125 0.8733624453125 0.7221890937500001 0.881994515625 0.7314649171875
4 0.9109606984375 0.79176638125 0.8373362453125001 0.79176638125 0.8373362453125001 0.9468091171875 0.9109606984375 0.9468091171875 0.9109606984375 0.79176638125
2 0.8591449171875001 0.818922678125 0.8642226046875001 0.8056715046875 0.8616837625 0.7930828859375 0.83223316875 0.7950705609375001 0.83223316875 0.8262108265625001 0.8393419328125 0.831511296875 0.8500050781249999 0.8301861796875001 0.8591449171875001 0.818922678125
6 0.8373144109374999 0.8275356125 0.8307205234374999 0.8275356125 0.8307205234374999 0.9474501421875001 0.8373144109374999 0.9474501421875001 0.8373144109374999 0.8275356125
6 0.8936732015625 0.6976744187499999 0.9124606484375001 0.6970118609375 0.9124606484375001 0.7049625640625 0.9170305671874999 0.706287684375 0.9175383359374999 0.6983369765624999 0.95511323125 0.6976744187499999 0.95511323125 0.6923739484375 0.9180461046874999 0.69104883125 0.9180461046874999 0.6844232421875 0.9119528796875 0.6844232421875 0.9134761859375 0.691711390625 0.89621204375 0.6923739484375 0.8936732015625 0.6976744187499999
6 0.1447161578125 0.8812108265624999 0.1391266375 0.8812108265624999 0.1391266375 0.948133903125 0.1447161578125 0.948133903125 0.1447161578125 0.8812108265624999
2 0.8885955109375001 0.24845955000000003 0.880471209375 0.2517723453125 0.8748857515624999 0.2550851390625 0.8698080640624999 0.2636984046875 0.8652381437500001 0.2557476984375 0.8576216109375 0.24912210781250002 0.8500050781249999 0.24978466875 0.8494973078125 0.28556284375 0.8921498937499999 0.28755052187499996 0.8921498937499999 0.250447228125 0.8885955109375001 0.24845955000000003
1 0.953591703125 0.2868945875 0.9175436687499999 0.2868945875 0.9175436687499999 0.36307692343750003 0.953591703125 0.36307692343750003 0.953591703125 0.2868945875
2 0.9353102468750001 0.3312794015625 0.9287092515625 0.32531637343750003 0.9332791703125001 0.32332869531249997 0.938864628125 0.31405287187500003 0.9424190109374999 0.2981514609375 0.9408957046875001 0.2921884328125 0.9175383359374999 0.2941761078125 0.9175383359374999 0.2988140203125 0.911445109375 0.2961637828125 0.911445109375 0.35513151875000004 0.9398801656250001 0.35513151875000004 0.9398801656250001 0.3379049890625 0.9353102468750001 0.3312794015625
6 0.9053602625 0.3637464390625 0.7789192140625001 0.3637464390625 0.7789192140625001 0.370384615625 0.9053602625 0.370384615625 0.9053602625 0.3637464390625
6 0.9551091703125 0.3637464390625 0.9236244546875 0.3637464390625 0.9236244546875 0.37169515625 0.9551091703125 0.37169515625 0.9551091703125 0.3637464390625
6 0.9175436687499999 0.3531481484375 0.911451965625 0.3531481484375 0.911451965625 0.36309116874999997 0.9175436687499999 0.36309116874999997 0.9175436687499999 0.3531481484375
6 0.91805676875 0.610213675 0.9124672484374999 0.610213675 0.9124672484374999 0.6274501421875 0.91805676875 0.6274501421875 0.91805676875 0.610213675
6 0.9556222703125 0.5969658124999999 0.920578603125 0.5969658124999999 0.920578603125 0.6082193734375 0.9556222703125 0.6082193734375 0.9556222703125 0.5969658124999999
6 0.906364628125 0.5969658124999999 0.7499672484375 0.5969658124999999 0.7499672484375 0.6082193734375 0.906364628125 0.6082193734375 0.906364628125 0.5969658124999999
0 0.8779257640625 0.457150996875 0.8357860265625 0.457150996875 0.8357860265625 0.53401709375 0.8779257640625 0.53401709375 0.8779257640625 0.457150996875
2 0.8657459125000001 0.5114953953125 0.876409059375 0.5161333078125 0.8774245953124999 0.5081826015625001 0.885041128125 0.5095077171875 0.885041128125 0.48168024843749996 0.8576216109375 0.4830053671875 0.856098303125 0.4896309546875 0.8611759937500001 0.5015570140625 0.8657459125000001 0.5114953953125
6 0.8825 0.45451566874999993 0.8779366812499999 0.45451566874999993 0.8779366812499999 0.487649571875 0.8825 0.487649571875 0.8825 0.45451566874999993
0 0.910927946875 0.5406552703124999 0.8352729249999999 0.5406552703124999 0.8352729249999999 0.5890313390624999 0.910927946875 0.5890313390624999 0.910927946875 0.5406552703124999
6 0.889104803125 0.5353276359375 0.834781659375 0.5353276359375 0.834781659375 0.5393162390625 0.889104803125 0.5393162390625 0.889104803125 0.5353276359375
2 0.89621204375 0.563837540625 0.904336346875 0.5664877749999999 0.909921803125 0.5658252171875 0.9083984984375 0.5353475125 0.8880877421875001 0.5353475125 0.8860566656250001 0.5466110109375 0.8916421250000001 0.5558868343750001 0.89621204375 0.563837540625
6 0.8825 0.5095014250000001 0.8779366812499999 0.5095014250000001 0.8779366812499999 0.5353418796875 0.8825 0.5353418796875 0.8825 0.5095014250000001
1 0.9109388640624999 0.45451566874999993 0.8850436687500001 0.45451566874999993 0.8850436687500001 0.5340313390625 0.9109388640624999 0.5340313390625 0.9109388640624999 0.45451566874999993
2 0.9124606484375001 0.45120254375 0.9119528796875 0.4220499578125 0.8967198125 0.42536275156250003 0.8896110484375 0.43728880937500003 0.8896110484375 0.45451533906249997 0.906367421875 0.45716557187499995 0.906875190625 0.4505399859375 0.9124606484375001 0.45120254375
2 0.78247181875 0.5432982171875 0.7911038890625 0.5419731 0.796181578125 0.5346849546875 0.8002437296875 0.524746571875 0.8002437296875 0.5174584249999999 0.7763785921874999 0.5174584249999999 0.7743475171875 0.5366726296875 0.78145628125 0.537997746875 0.78247181875 0.5432982171875
0 0.82257641875 0.4564957265625 0.7829694328125 0.4564957265625 0.7829694328125 0.5061823359375001 0.82257641875 0.5061823359375001 0.82257641875 0.4564957265625
2 0.7992281921875 0.492281190625 0.793642734375 0.4830053671875 0.7860262015624999 0.476379778125 0.7763785921874999 0.48035513124999996 0.7763785921874999 0.506857484375 0.8007514984374999 0.5075200421875 0.7992281921875 0.492281190625
0 0.7768777296875 0.55457265 0.7387991265625 0.55457265 0.7387991265625 0.58901709375 0.7768777296875 0.58901709375 0.7768777296875 0.55457265
1 0.7768777296875 0.454501425 0.7387991265625 0.454501425 0.7387991265625 0.5492592593750001 0.7768777296875 0.5492592593750001 0.7768777296875 0.454501425
2 0.7606377578125 0.5386603046875 0.7560678390625 0.5293844812499999 0.7540367625 0.5227588953125 0.7403270015625 0.5227588953125 0.7403270015625 0.5572119515625 0.7601299890625001 0.5591996296875 0.7611455265625 0.5446233359375 0.7606377578125 0.5386603046875
2 0.762668834375 0.4412641625 0.75759114375 0.429338103125 0.74845130625 0.42337507343749997 0.739819234375 0.4200622796875 0.739819234375 0.45451533906249997 0.75759114375 0.455177896875 0.7606377578125 0.4459020734375 0.762668834375 0.4412641625
0 0.8205458515625 0.518774928125 0.7824672484375 0.518774928125 0.7824672484375 0.5883475781249999 0.8205458515625 0.5883475781249999 0.8205458515625 0.518774928125
2 0.5631113531249999 0.487635328125 0.5595524015625 0.487635328125 0.5595524015625 0.5638176640625 0.5631113531249999 0.5638176640625 0.5631113531249999 0.487635328125
6 0.5631113531249999 0.45915954374999995 0.5595524015625 0.45915954374999995 0.5595524015625 0.48830484375000005 0.5631113531249999 0.48830484375000005 0.5631113531249999 0.45915954374999995
6 0.5636135375 0.56316239375 0.55905021875 0.56316239375 0.55905021875 0.5936467234375 0.5636135375 0.5936467234375 0.5636135375 0.56316239375
6 0.41992358125000007 0.60887464375 0.401648471875 0.60887464375 0.401648471875 0.6135185187500001 0.41992358125000007 0.6135185187500001 0.41992358125000007 0.60887464375
6 0.7337227078125 0.6068945875 0.695141921875 0.6068945875 0.695141921875 0.6154985749999999 0.7337227078125 0.6154985749999999 0.7337227078125 0.6068945875
6 0.6600982531249999 0.36307692343750003 0.5778493453125 0.36307692343750003 0.5778493453125 0.372364671875 0.6600982531249999 0.372364671875 0.6600982531249999 0.36307692343750003
6 0.734737990625 0.363760684375 0.687008734375 0.363760684375 0.687008734375 0.372364671875 0.734737990625 0.372364671875 0.734737990625 0.363760684375
4 0.558548034375 0.38626780625 0.47983624531249996 0.38626780625 0.47983624531249996 0.6088888890625 0.558548034375 0.6088888890625 0.558548034375 0.38626780625
4 0.474246725 0.4492165234375 0.39859170312500003 0.4492165234375 0.39859170312500003 0.60690883125 0.474246725 0.60690883125 0.474246725 0.4492165234375
4 0.5590611359375 0.15569800625000002 0.499148471875 0.15569800625000002 0.499148471875 0.2782621078125 0.5590611359375 0.2782621078125 0.5590611359375 0.15569800625000002
4 0.493548034375 0.155042734375 0.4509061140625 0.155042734375 0.4509061140625 0.27829059843750004 0.493548034375 0.27829059843750004 0.493548034375 0.155042734375
6 0.26150096562499997 0.1590141109375 0.270133034375 0.17425296562499998 0.28536609999999996 0.18684158125 0.299583628125 0.188829259375 0.32192545781250004 0.18816670156249998 0.3341119125 0.1835287890625 0.347821671875 0.172927846875 0.3559459734375 0.1610017890625 0.3610236609375 0.15702643593750001 0.3610236609375 0.1484131703125 0.3432517515625 0.1510634078125 0.3468061328125 0.15768899375 0.34223621406250004 0.1610017890625 0.32446430312499996 0.1749155234375 0.314308925 0.176240640625 0.2980603234375 0.176240640625 0.2828272578125 0.1696150546875 0.270640803125 0.158351553125 0.2716563421875 0.158351553125 0.271148575 0.149738290625 0.2630242703125 0.1484131703125 0.252361125 0.149738290625 0.25489996875 0.1543762015625 0.26150096562499997 0.1590141109375