4 0.3935296953125 0.4231601734375 0.411464440625 0.4231601734375 0.411464440625 0.4632034640625 0.45147271875 0.46212121249999993 0.45147271875 0.45021645 0.45561150625 0.45129870156249996 0.45526660625000004 0.1417748921875 0.41042974374999996 0.140692640625 0.409395046875 0.2521645015625 0.3935296953125 0.2510822515625 0.3935296953125 0.4231601734375
7 0.42387976875 0.1082348484375 0.40870352499999996 0.1082348484375 0.40870352499999996 0.1396136359375 0.42387976875 0.1396136359375 0.42387976875 0.1082348484375
7 0.44802510937499995 0.10931060625 0.4325060359375 0.10931060625 0.4325060359375 0.14068939375 0.44802510937499995 0.14068939375 0.44802510937499995 0.10931060625
4 0.45940539375 0.44372294375 0.49492998593750004 0.4458874453125 0.49492998593750004 0.46103896093749996 0.51286473125 0.4632034640625 0.5121749328125 0.424242425 0.5325239703125 0.424242425 0.5328688703125 0.46212121249999993 0.5839139125 0.46428571406249997 0.5839139125 0.45129870156249996 0.5863282062499999 0.45238095312500004 0.5859833078125 0.1428571421875 0.4652686765625 0.1428571421875 0.46630337343750006 0.17748917656250002 0.458370696875 0.17532467499999999 0.45940539375 0.44372294375
6 0.4918258953125 0.45779220781249996 0.491480996875 0.476190475 0.5149341234375 0.47510822499999994 0.5152790234375 0.435064934375 0.5287300828125 0.435064934375 0.5283851828125 0.47510822499999994 0.535972959375 0.47510822499999994 0.533903565625 0.46428571406249997 0.531834171875 0.46536796562499994 0.531834171875 0.42640692500000005 0.51251983125 0.425324675 0.5132096296875 0.46428571406249997 0.4942401875 0.4664502171875 0.4938952890625 0.446969696875 0.45802579843749996 0.446969696875 0.45802579843749996 0.174242425 0.4652686765625 0.174242425 0.464923778125 0.164502165625 0.45802579843749996 0.164502165625 0.458370696875 0.13852813749999998 0.45526660625000004 0.140692640625 0.45526660625000004 0.45129870156249996 0.4611298890625 0.45238095312500004 0.4621645859375 0.46103896093749996 0.4918258953125 0.45779220781249996
2 0.466648271875 0.1666666671875 0.46837276718750004 0.1634199140625 0.464923778125 0.1428571421875 0.458715596875 0.140692640625 0.458715596875 0.16233766249999998 0.4642339796875 0.16233766249999998 0.466648271875 0.1666666671875
7 0.4814799609375 0.10822727343750001 0.4652704 0.10822727343750001 0.4652704 0.1417727265625 0.4814799609375 0.1417727265625 0.4814799609375 0.10822727343750001
3 0.4887228390625 0.10822727343750001 0.48113713125 0.10822727343750001 0.48113713125 0.1417727265625 0.4887228390625 0.1417727265625 0.4887228390625 0.10822727343750001
7 0.5052752296875 0.10931060625 0.48906566875 0.10931060625 0.48906566875 0.14068939375 0.5052752296875 0.14068939375 0.5052752296875 0.10931060625
7 0.5556325453125 0.10930302968750001 0.539422984375 0.10930302968750001 0.539422984375 0.1396060609375 0.5556325453125 0.1396060609375 0.5556325453125 0.10930302968750001
3 0.5635634953124999 0.10822727343750001 0.5552873015625 0.10822727343750001 0.5552873015625 0.1417727265625 0.5635634953124999 0.1417727265625 0.5635634953124999 0.10822727343750001
7 0.5790849828125 0.10931060625 0.5639087390624999 0.10931060625 0.5639087390624999 0.141780303125 0.5790849828125 0.141780303125 0.5790849828125 0.10931060625
6 0.589432640625 0.14068939375 0.5863278609375 0.14068939375 0.5863278609375 0.4523712125 0.589432640625 0.4523712125 0.589432640625 0.14068939375
4 0.61460991875 0.46428571406249997 0.6511692078125 0.4632034640625 0.6518590046875 0.140692640625 0.5897771953125 0.140692640625 0.59012209375 0.4491341984375 0.613920121875 0.44805194843749996 0.61460991875 0.46428571406249997
7 0.612882665625 0.10930302968750001 0.5973635921875 0.10930302968750001 0.5973635921875 0.1396060609375 0.612882665625 0.1396060609375 0.612882665625 0.10930302968750001
3 0.619785128125 0.108219696875 0.6128850796875 0.108219696875 0.6128850796875 0.14068939375 0.619785128125 0.14068939375 0.619785128125 0.108219696875
7 0.635992275 0.11039393906249999 0.6190922265625 0.11039393906249999 0.6190922265625 0.1406969703125 0.635992275 0.1406969703125 0.635992275 0.11039393906249999
3 0.42250362187499996 0.820340909375 0.41457025625000005 0.820340909375 0.41457025625000005 0.8528106062499999 0.42250362187499996 0.8528106062499999 0.42250362187499996 0.820340909375
7 0.438363109375 0.8225227265624999 0.4228440359375 0.8225227265624999 0.4228440359375 0.850659090625 0.438363109375 0.850659090625 0.438363109375 0.8225227265624999
7 0.41456301250000005 0.8225227265624999 0.39904394062500004 0.8225227265624999 0.39904394062500004 0.850659090625 0.41456301250000005 0.850659090625 0.41456301250000005 0.8225227265624999
3 0.35697247656250003 0.82143181875 0.3497296 0.82143181875 0.3497296 0.850659090625 0.35697247656250003 0.850659090625 0.35697247656250003 0.82143181875
7 0.37282955156250003 0.8225227265624999 0.357310478125 0.8225227265624999 0.357310478125 0.850659090625 0.37282955156250003 0.850659090625 0.37282955156250003 0.8225227265624999
7 0.3493771125 0.8225227265624999 0.3338580390625 0.8225227265624999 0.3338580390625 0.850659090625 0.3493771125 0.850659090625 0.3493771125 0.8225227265624999
7 0.6215041046875001 0.8225227265624999 0.60529454375 0.8225227265624999 0.60529454375 0.850659090625 0.6215041046875001 0.850659090625 0.6215041046875001 0.8225227265624999
3 0.6290970546875 0.82143181875 0.6218541765625 0.82143181875 0.6218541765625 0.8528106062499999 0.6290970546875 0.8528106062499999 0.6290970546875 0.82143181875
7 0.645989859375 0.8225227265624999 0.6297803 0.8225227265624999 0.6297803 0.850659090625 0.645989859375 0.850659090625 0.645989859375 0.8225227265624999
7 0.687723321875 0.8225227265624999 0.6715137609374999 0.8225227265624999 0.6715137609374999 0.850659090625 0.687723321875 0.850659090625 0.687723321875 0.8225227265624999
3 0.6949734421875 0.8235833328125001 0.687730565625 0.8235833328125001 0.687730565625 0.8528106062499999 0.6949734421875 0.8528106062499999 0.6949734421875 0.8235833328125001
7 0.7111757609375 0.8235984843749999 0.6949662 0.8235984843749999 0.6949662 0.8517348484375 0.7111757609375 0.8517348484375 0.7111757609375 0.8235984843749999
3 0.9971028484375 0.5411287875 0.9864123609375 0.5411287875 0.9864123609375 0.6753257578125 0.9971028484375 0.6753257578125 0.9971028484375 0.5411287875
7 0.996409946875 0.49024999999999996 0.986409946875 0.49024999999999996 0.986409946875 0.5422045453125001 0.996409946875 0.5422045453125001 0.996409946875 0.49024999999999996
1 0.9864123609375 0.090901515625 0.92019314375 0.090901515625 0.92019314375 0.347401515625 0.9864123609375 0.347401515625 0.9864123609375 0.090901515625
3 0.962614678125 0.0551969703125 0.95571463125 0.0551969703125 0.95571463125 0.0898333328125 0.962614678125 0.0898333328125 0.962614678125 0.0551969703125
7 0.97985755625 0.057356060937499995 0.9622670203125001 0.057356060937499995 0.9622670203125001 0.0887348484375 0.97985755625 0.0887348484375 0.97985755625 0.057356060937499995
7 0.9557170453125 0.056280303125 0.9398503140625 0.056280303125 0.9398503140625 0.087659090625 0.9557170453125 0.087659090625 0.9557170453125 0.056280303125
6 0.9163964953124999 0.2121212125 0.9170862937500001 0.3495671 0.8494861 0.3517316015625 0.849831 0.30194805156250004 0.846382009375 0.30194805156250004 0.846726909375 0.36796536875 0.849831 0.36580086562499997 0.849831 0.3582251078125 0.93157205 0.3603896109375 0.93157205 0.3495671 0.9195005859375 0.3484848484375 0.9195005859375 0.13852813749999998 0.9170862937500001 0.13852813749999998 0.9163964953124999 0.2012987015625 0.857763675 0.2012987015625 0.8581085734375 0.1504329 0.8888045796874999 0.14935065 0.8888045796874999 0.1417748921875 0.858798371875 0.1417748921875 0.858798371875 0.0887445890625 0.846726909375 0.0898268390625 0.846726909375 0.2629870140625 0.8494861 0.258658009375 0.849831 0.2099567109375 0.9163964953124999 0.2121212125
0 0.8798382421875001 0.08982575781249999 0.8584524390625001 0.08982575781249999 0.8584524390625001 0.141780303125 0.8798382421875001 0.141780303125 0.8798382421875001 0.08982575781249999
3 0.8836310953125001 0.0627727265625 0.8750072421875 0.0627727265625 0.8750072421875 0.0898333328125 0.8836310953125001 0.0898333328125 0.8836310953125001 0.0627727265625
0 0.889494378125 0.1980519484375 0.9160515968749999 0.1991341984375 0.9163964953124999 0.090909090625 0.8836310953125001 0.0930735921875 0.8839759953125 0.1374458875 0.889494378125 0.1396103890625 0.889494378125 0.1980519484375
2 0.8908739734375001 0.128787878125 0.8929433671875 0.121212121875 0.8943229640625001 0.109307359375 0.8943229640625001 0.09848484843750001 0.8798372078125001 0.09956709999999999 0.88052700625 0.1396103890625 0.8881147828125 0.1363636359375 0.8908739734375001 0.128787878125
6 0.8819097046875 0.08875 0.8798382421875001 0.08875 0.8798382421875001 0.098492425 0.8819097046875 0.098492425 0.8819097046875 0.08875
7 0.8988073390625001 0.0660227265625 0.8829406078125001 0.0660227265625 0.8829406078125001 0.08982575781249999 0.8988073390625001 0.08982575781249999 0.8988073390625001 0.0660227265625
7 0.8750072421875 0.06494697031249999 0.8591405125 0.06494697031249999 0.8591405125 0.08875 0.8750072421875 0.08875 0.8750072421875 0.06494697031249999
1 0.846380975 0.0909166671875 0.7760236593750001 0.0909166671875 0.7760236593750001 0.5735984843749999 0.846380975 0.5735984843749999 0.846380975 0.0909166671875
3 0.8260333171875001 0.06493939374999999 0.8180999515625 0.06493939374999999 0.8180999515625 0.0876666671875 0.8260333171875001 0.0876666671875 0.8260333171875001 0.06493939374999999
7 0.8422404640625001 0.0660227265625 0.8263737328125 0.0660227265625 0.8263737328125 0.08982575781249999 0.8422404640625001 0.08982575781249999 0.8422404640625001 0.0660227265625
7 0.8184403671875 0.06494697031249999 0.8025736359375 0.06494697031249999 0.8025736359375 0.08875 0.8184403671875 0.08875 0.8184403671875 0.06494697031249999
4 0.6960060703125001 0.446969696875 0.7232530875000001 0.4491341984375 0.7235979859375 0.46103896093749996 0.772918534375 0.46428571406249997 0.772918534375 0.0887445890625 0.6559977921875 0.0898268390625 0.6553079953125 0.46103896093749996 0.695661171875 0.46428571406249997 0.6960060703125001 0.446969696875
7 0.7680902953125 0.0660227265625 0.7249758578125001 0.0660227265625 0.7249758578125001 0.08982575781249999 0.7680902953125 0.08982575781249999 0.7680902953125 0.0660227265625
7 0.6449610265625 0.1103896109375 0.6549630953125 0.109307359375 0.6549630953125 0.08766233749999999 0.7132510171875001 0.0887445890625 0.7132510171875001 0.0670995671875 0.644616128125 0.0638528140625 0.6449610265625 0.1103896109375
7 0.0579430234375 0.8733766234375 0.058287921875 0.8344155843750001 0.048285851562499996 0.835497834375 0.047940953125000005 0.903679653125 0.1669310890625 0.903679653125 0.1669310890625 0.871212121875 0.0579430234375 0.8733766234375
3 0.0582882671875 0.7987045453125 0.0482882671875 0.7987045453125 0.0482882671875 0.835507575 0.0582882671875 0.835507575 0.0582882671875 0.7987045453125
7 0.0579406078125 0.74675 0.0479406078125 0.74675 0.0479406078125 0.7976136359375 0.0579406078125 0.7976136359375 0.0579406078125 0.74675
3 0.057597778125 0.7240227265625 0.047597778125000004 0.7240227265625 0.047597778125000004 0.7478257578124999 0.057597778125 0.7478257578124999 0.057597778125 0.7240227265625
7 0.0579430234375 0.673159090625 0.048285851562499996 0.673159090625 0.048285851562499996 0.7240227265625 0.0579430234375 0.7240227265625 0.0579430234375 0.673159090625
4 0.1945230046875 0.2867965359375 0.2572946125 0.2867965359375 0.2576395125 0.0898268390625 0.0586328203125 0.090909090625 0.0579430234375 0.45021645 0.19417810625 0.45021645 0.1945230046875 0.2867965359375
7 0.0820883625 0.057356060937499995 0.06553114374999999 0.057356060937499995 0.06553114374999999 0.08982575781249999 0.0820883625 0.08982575781249999 0.0820883625 0.057356060937499995
3 0.0893264125 0.057356060937499995 0.0817407046875 0.057356060937499995 0.0817407046875 0.08982575781249999 0.0893264125 0.08982575781249999 0.0893264125 0.057356060937499995
7 0.10554080156250001 0.05843939375 0.089331240625 0.05843939375 0.089331240625 0.088742425 0.10554080156250001 0.088742425 0.10554080156250001 0.05843939375
7 0.16176001874999998 0.0638560609375 0.1465837765625 0.0638560609375 0.1465837765625 0.08875 0.16176001874999998 0.08875 0.16176001874999998 0.0638560609375
3 0.169002896875 0.063848484375 0.1621028484375 0.063848484375 0.1621028484375 0.08981818124999999 0.169002896875 0.08981818124999999 0.169002896875 0.063848484375
7 0.18590053125 0.06493181875000001 0.1690004828125 0.06493181875000001 0.1690004828125 0.08982575781249999 0.18590053125 0.08982575781249999 0.18590053125 0.06493181875000001
7 0.2179768234375 0.0638560609375 0.20107677499999999 0.0638560609375 0.20107677499999999 0.08875 0.2179768234375 0.08875 0.2179768234375 0.0638560609375
6 0.2579844109375 0.4458874453125 0.24349865468749998 0.44805194843749996 0.24349865468749998 0.46428571406249997 0.2366006765625 0.46212121249999993 0.23556597968749998 0.47510822499999994 0.24556804843750002 0.47727272656249997 0.24487825000000002 0.45670995625 0.25901910781250004 0.45670995625 0.25936400625 0.47510822499999994 0.2607436015625 0.479437228125 0.2607436015625 0.45779220781249996 0.27971304375 0.45779220781249996 0.27971304375 0.47510822499999994 0.2824722359375 0.476190475 0.282817134375 0.4599567109375 0.2955783953125 0.45779220781249996 0.2955783953125 0.47727272656249997 0.303166171875 0.47727272656249997 0.3028212734375 0.46536796562499994 0.29799268749999996 0.46212121249999993 0.29799268749999996 0.45021645 0.2607436015625 0.446969696875 0.2610885015625 0.0887445890625 0.25867420937499996 0.0887445890625 0.258329309375 0.2878787875 0.2152169421875 0.2878787875 0.21590673906250002 0.296536796875 0.2579844109375 0.297619046875 0.2579844109375 0.4458874453125
7 0.2421197484375 0.0671060609375 0.22521969999999997 0.0671060609375 0.22521969999999997 0.0898333328125 0.2421197484375 0.0898333328125 0.2421197484375 0.0671060609375
7 0.39008070625 0.1114718625 0.4000827765625 0.109307359375 0.4000827765625 0.064935065625 0.276953853125 0.064935065625 0.276953853125 0.0887445890625 0.39008070625 0.0887445890625 0.39008070625 0.1114718625
3 0.1458908734375 0.057363635937500004 0.10588121718750002 0.057363635937500004 0.10588121718750002 0.090909090625 0.1458908734375 0.090909090625 0.1458908734375 0.057363635937500004
3 0.20176967656250003 0.0627727265625 0.186245775 0.0627727265625 0.186245775 0.088742425 0.20176967656250003 0.088742425 0.20176967656250003 0.0627727265625
3 0.2259150171875 0.0627727265625 0.2179768234375 0.0627727265625 0.2179768234375 0.088742425 0.2259150171875 0.088742425 0.2259150171875 0.0627727265625
3 0.27695799062500004 0.063848484375 0.242462578125 0.063848484375 0.242462578125 0.08981818124999999 0.27695799062500004 0.08981818124999999 0.27695799062500004 0.063848484375
6 0.4111195421875 0.4231601734375 0.3928398984375 0.42640692500000005 0.3928398984375 0.25 0.40870524843749995 0.25 0.40905014843750004 0.1417748921875 0.3893909078125 0.13852813749999998 0.39008070625 0.424242425 0.3855970203125 0.425324675 0.383872525 0.4361471859375 0.39077050468749996 0.4361471859375 0.39042560625 0.46753246875 0.38180313125 0.46536796562499994 0.381113334375 0.476190475 0.413533834375 0.476190475 0.41456853125000004 0.46753246875 0.4111195421875 0.4696969703125 0.4111195421875 0.4231601734375
3 0.40836069531249997 0.11038636406249999 0.3897368421875 0.11038636406249999 0.3897368421875 0.1396136359375 0.40836069531249997 0.1396136359375 0.40836069531249997 0.11038636406249999
3 0.46561322968749996 0.10931060625 0.44837035312499995 0.10931060625 0.44837035312499995 0.138537878125 0.46561322968749996 0.138537878125 0.46561322968749996 0.10931060625
3 0.4325012078125 0.10931060625 0.4245726703125 0.10931060625 0.4245726703125 0.138537878125 0.4325012078125 0.138537878125 0.4325012078125 0.10931060625
3 0.0579430234375 0.0898268390625 0.06518589999999999 0.090909090625 0.06518589999999999 0.0573593078125 0.047940953125000005 0.0573593078125 0.047940953125000005 0.6720779234375 0.0586328203125 0.6720779234375 0.0579430234375 0.0898268390625
3 0.3990463546875 0.82143181875 0.37214630625 0.82143181875 0.37214630625 0.8528106062499999 0.3990463546875 0.8528106062499999 0.3990463546875 0.82143181875
3 0.1669310890625 0.90584415625 0.203145478125 0.903679653125 0.203145478125 0.7770562765625 0.19383320625 0.7770562765625 0.19383320625 0.8722943734375 0.1672759875 0.871212121875 0.1669310890625 0.90584415625
3 0.333862178125 0.8203463203125001 0.325929503125 0.8225108234375 0.325584603125 0.773809525 0.31661723125 0.773809525 0.3159274328125 0.8549783546875 0.3345519765625 0.852813853125 0.333862178125 0.8203463203125001
3 0.4611298890625 0.82143181875 0.43836793749999997 0.82143181875 0.43836793749999997 0.850659090625 0.4611298890625 0.850659090625 0.4611298890625 0.82143181875
3 0.6056422015625 0.8235909093749999 0.5835707390625 0.8235909093749999 0.5835707390625 0.850651515625 0.6056422015625 0.850651515625 0.6056422015625 0.8235909093749999
3 0.6711733468750001 0.822507575 0.645997103125 0.822507575 0.645997103125 0.8538863640625 0.6711733468750001 0.8538863640625 0.6711733468750001 0.822507575
3 0.728426571875 0.7748917750000001 0.7191143 0.7727272734375 0.7187694 0.8192640703125 0.711871421875 0.8214285718750001 0.7115265234375 0.8549783546875 0.7287714703125 0.85064935 0.728426571875 0.7748917750000001
3 0.5397658140625 0.10931060625 0.5052752296875 0.10931060625 0.5052752296875 0.141780303125 0.5397658140625 0.141780303125 0.5397658140625 0.10931060625
3 0.5970183484375 0.10930302968750001 0.5797754703125 0.10930302968750001 0.5797754703125 0.1396060609375 0.5970183484375 0.1396060609375 0.5970183484375 0.10930302968750001
6 0.6970407671875 0.476190475 0.69669586875 0.46428571406249997 0.6549630953125 0.4664502171875 0.654618196875 0.14393939375 0.6522039046875 0.1417748921875 0.6518590046875 0.4664502171875 0.63737325 0.46536796562499994 0.6380630468749999 0.47727272656249997 0.6970407671875 0.476190475
3 0.655306615625 0.10931060625 0.635992275 0.10931060625 0.635992275 0.14068939375 0.655306615625 0.14068939375 0.655306615625 0.10931060625
3 0.725323515625 0.067098484375 0.7135948812499999 0.067098484375 0.7135948812499999 0.08875 0.725323515625 0.08875 0.725323515625 0.067098484375
6 0.7753331718750001 0.088742425 0.773261709375 0.088742425 0.773261709375 0.3690454546875 0.7753331718750001 0.3690454546875 0.7753331718750001 0.088742425
3 0.8022356343749999 0.06493181875000001 0.7684355390625 0.06493181875000001 0.7684355390625 0.0887348484375 0.8022356343749999 0.0887348484375 0.8022356343749999 0.06493181875000001
3 0.859145340625 0.0627651515625 0.8422452921874999 0.0627651515625 0.8422452921874999 0.087659090625 0.859145340625 0.087659090625 0.859145340625 0.0627651515625
3 0.9398527281250001 0.057363635937500004 0.8991525828125001 0.057363635937500004 0.8991525828125001 0.090909090625 0.9398527281250001 0.090909090625 0.9398527281250001 0.057363635937500004
3 0.9860660828125001 0.4891774890625 0.9967579499999999 0.490259740625 0.9964130515624999 0.0551948046875 0.9802028 0.0573593078125 0.9802028 0.0898268390625 0.98641098125 0.0898268390625 0.9860660828125001 0.4891774890625
3 0.85155549375 0.8722943734375 0.85155549375 0.775974025 0.842243221875 0.7770562765625 0.8415534250000001 0.903679653125 0.8781127124999999 0.9047619046875001 0.8781127124999999 0.8722943734375 0.85155549375 0.8722943734375
7 0.9964130515624999 0.8365800859375 0.98641098125 0.8365800859375 0.98641098125 0.874458875 0.8781127124999999 0.8722943734375 0.8777678140624999 0.9025974031249999 0.9971028484375 0.903679653125 0.9964130515624999 0.8365800859375
3 0.9960695312500001 0.796537878125 0.9864123609375 0.796537878125 0.9864123609375 0.835492425 0.9960695312500001 0.835492425 0.9960695312500001 0.796537878125
7 0.9967576046875 0.673159090625 0.986409946875 0.673159090625 0.986409946875 0.796537878125 0.9967576046875 0.796537878125 0.9967576046875 0.673159090625
4 0.986409946875 0.3603939390625 0.85086673125 0.3603939390625 0.85086673125 0.871212121875 0.986409946875 0.871212121875 0.986409946875 0.3603939390625
6 0.9864123609375 0.3506439390625 0.9453693875000001 0.3506439390625 0.9453693875000001 0.3603863640625 0.9864123609375 0.3603863640625 0.9864123609375 0.3506439390625
2 0.9288128578125001 0.1309523796875 0.93157205 0.1233766234375 0.93157205 0.1103896109375 0.93157205 0.097402596875 0.9170862937500001 0.097402596875 0.9170862937500001 0.140692640625 0.9219148781250001 0.13852813749999998 0.9288128578125001 0.1309523796875
6 0.9195002421874999 0.08875 0.91674311875 0.08875 0.91674311875 0.1017348484375 0.9195002421874999 0.1017348484375 0.9195002421874999 0.08875
6 0.8432779187499999 0.575757575 0.842588121875 0.5898268390625 0.8470718078124999 0.5909090906250001 0.846726909375 0.7748917750000001 0.85190039375 0.775974025 0.85155549375 0.5768398265625 0.8494861 0.575757575 0.8494861 0.474025975 0.846726909375 0.474025975 0.846726909375 0.575757575 0.8432779187499999 0.575757575
3 0.855004828125 0.45021969687499996 0.8470714625 0.45021969687499996 0.8470714625 0.4751136359375 0.855004828125 0.4751136359375 0.855004828125 0.45021969687499996
2 0.8563840796875001 0.425324675 0.8529350890625 0.41883116875 0.858798371875 0.4101731609375 0.8636269578125001 0.397186146875 0.8653514515625 0.385281384375 0.8653514515625 0.3668831171875 0.8481065046875 0.3668831171875 0.8484514031250001 0.44480519531249996 0.8574187765625 0.44480519531249996 0.8574187765625 0.4361471859375 0.8563840796875001 0.425324675
6 0.8494881703124999 0.443719696875 0.847073878125 0.443719696875 0.847073878125 0.4523712125 0.8494881703124999 0.4523712125 0.8494881703124999 0.443719696875
1 0.200034490625 0.479437228125 0.1993446921875 0.5746753250000001 0.774284334375 0.5746753250000001 0.774284334375 0.476190475 0.200034490625 0.479437228125
3 0.7239425390625 0.4480454546875 0.6970424921875 0.4480454546875 0.6970424921875 0.4751060609375 0.7239425390625 0.4751060609375 0.7239425390625 0.4480454546875
3 0.5925350078125 0.45021212187500004 0.5842588125 0.45021212187500004 0.5842588125 0.47618181875000004 0.5925350078125 0.47618181875000004 0.5925350078125 0.45021212187500004
3 0.4611298890625 0.45130302968749997 0.4525060359375 0.45130302968749997 0.4525060359375 0.47836363593750003 0.4611298890625 0.47836363593750003 0.4611298890625 0.45130302968749997
4 0.2983375875 0.46536796562499994 0.32075601875 0.46753246875 0.3214458171875 0.4491341984375 0.32282541249999996 0.4491341984375 0.32317031093750004 0.0887445890625 0.2617782984375 0.0898268390625 0.2614334 0.4458874453125 0.29799268749999996 0.446969696875 0.2983375875 0.46536796562499994
2 0.311443746875 0.428571428125 0.3069600609375 0.4329004328125 0.3038559703125 0.4458874453125 0.303166171875 0.474025975 0.318686625 0.47510822499999994 0.31937642187500004 0.4231601734375 0.315582534375 0.420995671875 0.311443746875 0.428571428125
3 0.3293771125 0.4491287875 0.3211009171875 0.4491287875 0.3211009171875 0.47726515156250005 0.3293771125 0.47726515156250005 0.3293771125 0.4491287875
3 0.19762675000000002 0.45021969687499996 0.19004104375 0.45021969687499996 0.19004104375 0.4783560609375 0.19762675000000002 0.4783560609375 0.19762675000000002 0.45021969687499996
4 0.163481409375 0.45995454531249996 0.058285851562500005 0.45995454531249996 0.058285851562500005 0.6222878781250001 0.163481409375 0.6222878781250001 0.163481409375 0.45995454531249996
6 0.171414775 0.6201298703125 0.166586190625 0.6222943734374999 0.1672759875 0.5681818187500001 0.164171896875 0.5660173171875 0.164171896875 0.6222943734374999 0.057253225 0.621212121875 0.057253225 0.63203463125 0.170724978125 0.634199134375 0.171414775 0.6201298703125
2 0.15106573750000002 0.546536796875 0.1555494234375 0.5606060609375 0.1617576046875 0.5714285718750001 0.1672759875 0.5660173171875 0.1669310890625 0.5162337671875 0.14865144531250002 0.5140692640625 0.14865144531250002 0.5270562765625 0.15106573750000002 0.546536796875
1 0.19279816562500002 0.4653712125 0.166931434375 0.4653712125 0.166931434375 0.6233863640624999 0.19279816562500002 0.6233863640624999 0.19279816562500002 0.4653712125
2 0.1834862390625 0.48160173124999994 0.1855556328125 0.47186147187499994 0.1852107328125 0.45129870156249996 0.1683106859375 0.45238095312500004 0.16934538125 0.5075757578125 0.1758984609375 0.5021645015625 0.18107194531249998 0.4924242421875 0.1834862390625 0.48160173124999994
6 0.3214458171875 0.7716450218750001 0.3262744015625 0.773809525 0.3262744015625 0.5865800859375 0.3649030828125 0.5865800859375 0.364558184375 0.5779220765625 0.21866593124999997 0.5746753250000001 0.21832103125 0.5919913421875 0.3214458171875 0.5919913421875 0.3214458171875 0.7716450218750001
5 0.321098503125 0.591992425 0.19762675000000002 0.591992425 0.19762675000000002 0.7716439390625001 0.321098503125 0.7716439390625001 0.321098503125 0.591992425
2 0.21038835625000002 0.6298701296875 0.213492446875 0.6266233765625 0.2162516390625 0.6190476203124999 0.21866593124999997 0.6071428578125 0.21935572812499998 0.5952380953125 0.21935572812499998 0.575757575 0.20176588281250002 0.5779220765625 0.201076084375 0.634199134375 0.20349037656250002 0.6331168828125 0.21038835625000002 0.6298701296875
2 0.1838311375 0.5919913421875 0.17865765312499998 0.5800865796875 0.170724978125 0.5779220765625 0.170724978125 0.6309523796875001 0.186590328125 0.63203463125 0.18693522812500002 0.61796536875 0.18452093593750002 0.6017316015625 0.1838311375 0.5919913421875
1 0.315929503125 0.779219696875 0.20245775 0.779219696875 0.20245775 0.8419924249999999 0.315929503125 0.8419924249999999 0.315929503125 0.779219696875
2 0.2165965375 0.8116883125 0.21832103125 0.8041125546875 0.2200455265625 0.7900432890625 0.221425121875 0.796536796875 0.225563909375 0.8051948046874999 0.228668 0.8041125546875 0.22832310156250002 0.7716450218750001 0.204180175 0.7716450218750001 0.204180175 0.8322510812499999 0.2128026484375 0.8203463203125001 0.2165965375 0.8116883125
6 0.1862454296875 0.6363636359375 0.19383320625 0.635281384375 0.19348830781249998 0.775974025 0.19797199375000002 0.773809525 0.1976270953125 0.5919913421875 0.20211078124999998 0.5941558437500001 0.20176588281250002 0.575757575 0.192798509375 0.5779220765625 0.19348830781249998 0.6222943734374999 0.1852107328125 0.621212121875 0.1862454296875 0.6363636359375
6 0.16348210000000002 0.5183982687500001 0.1669310890625 0.5183982687500001 0.1669310890625 0.46212121249999993 0.16934538125 0.4599567109375 0.17003517968749998 0.45129870156249996 0.0586328203125 0.4491341984375 0.058287921875 0.4599567109375 0.16348210000000002 0.45887445937500004 0.16348210000000002 0.5183982687500001
6 0.190038628125 0.45130302968749997 0.18521004375 0.45130302968749997 0.18521004375 0.46212121249999993 0.190038628125 0.46212121249999993 0.190038628125 0.45130302968749997
4 0.1931458234375 0.6342045453125 0.0582882671875 0.6342045453125 0.0582882671875 0.8701287875 0.1931458234375 0.8701287875 0.1931458234375 0.6342045453125
6 0.3166151625 0.7727196968750001 0.2286673109375 0.7727196968750001 0.2286673109375 0.779219696875 0.3166151625 0.779219696875 0.3166151625 0.7727196968750001
6 0.315584259375 0.8441590906249999 0.20280299375 0.8441590906249999 0.20280299375 0.8528106062499999 0.315584259375 0.8528106062499999 0.315584259375 0.8441590906249999
6 0.1976270953125 0.29545454531250004 0.20142098281249998 0.29545454531250004 0.2007311859375 0.2878787875 0.19486790468749998 0.2900432890625 0.195212803125 0.453463203125 0.1976270953125 0.45129870156249996 0.1976270953125 0.29545454531250004
2 0.19935297031250002 0.47618939375 0.1934910671875 0.47618939375 0.1934910671875 0.57575 0.19935297031250002 0.57575 0.19935297031250002 0.47618939375
6 0.22004587187500002 0.46320454531250005 0.1979744078125 0.46320454531250005 0.1979744078125 0.47618939375 0.22004587187500002 0.47618939375 0.22004587187500002 0.46320454531250005
2 0.236257846875 0.46428787812500005 0.2193577984375 0.46428787812500005 0.2193577984375 0.47619697031249997 0.236257846875 0.47619697031249997 0.236257846875 0.46428787812500005
6 0.3266175765625 0.087659090625 0.3235127953125 0.087659090625 0.3235127953125 0.4491287875 0.3266175765625 0.4491287875 0.3266175765625 0.087659090625
1 0.24284334687500003 0.44372294375 0.257329103125 0.44480519531249996 0.2580189 0.29870129843750004 0.1983513828125 0.296536796875 0.19869628125 0.45887445937500004 0.24284334687500003 0.46212121249999993 0.24284334687500003 0.44372294375
2 0.2076291640625 0.3387445890625 0.211423053125 0.3300865796875 0.213492446875 0.325757575 0.2152169421875 0.3127705625 0.2162516390625 0.29978355 0.2152169421875 0.2867965359375 0.20038628749999998 0.28571428593750003 0.19969648906249998 0.3430735921875 0.20211078124999998 0.3430735921875 0.2076291640625 0.3387445890625
4 0.3890463546875 0.588742425 0.32593191718750003 0.588742425 0.32593191718750003 0.819257575 0.3890463546875 0.819257575 0.3890463546875 0.588742425
2 0.37007656718750004 0.6233766234375 0.37352555781249996 0.6309523796875001 0.3800786375 0.6298701296875 0.3804235359375 0.575757575 0.3649030828125 0.575757575 0.3638683875 0.596320346875 0.36593777968749996 0.6125541125 0.37007656718750004 0.6233766234375
4 0.45630371875 0.5898257578125 0.3938749390625 0.5898257578125 0.3938749390625 0.8192651515625 0.45630371875 0.8192651515625 0.45630371875 0.5898257578125
2 0.4100848453125 0.6266233765625 0.4138787328125 0.6190476203124999 0.416637925 0.609307359375 0.41836242031250004 0.6006493500000001 0.41836242031250004 0.5887445890625 0.417672621875 0.575757575 0.40215216875 0.575757575 0.4018072703125 0.6298701296875 0.407325653125 0.628787878125 0.4100848453125 0.6266233765625
2 0.4273297921875 0.44480519531249996 0.42526039843749996 0.43181818125 0.4193971171875 0.425324675 0.413533834375 0.4231601734375 0.4138787328125 0.474025975 0.4287093875 0.474025975 0.42905428749999996 0.45562770625000004 0.4273297921875 0.44480519531249996
4 0.34869283281249996 0.4632034640625 0.382837828125 0.4664502171875 0.383872525 0.425324675 0.3893909078125 0.425324675 0.3893909078125 0.090909090625 0.32696420000000004 0.0898268390625 0.32765399687499996 0.44805194843749996 0.34903773125000004 0.4458874453125 0.34869283281249996 0.4632034640625
2 0.3690418703125 0.4393939390625 0.3662826796875 0.4491341984375 0.36524798281250004 0.46428571406249997 0.36559288125 0.476190475 0.38180313125 0.47510822499999994 0.3814582328125 0.42207792343749995 0.376629646875 0.42207792343749995 0.3721459609375 0.4307359296875 0.3690418703125 0.4393939390625
6 0.3893909078125 0.8203463203125001 0.3928398984375 0.8203463203125001 0.393184796875 0.5876623375000001 0.4018072703125 0.5898268390625 0.40215216875 0.5746753250000001 0.3804235359375 0.5746753250000001 0.3797337375 0.5898268390625 0.3893909078125 0.5876623375000001 0.3893909078125 0.8203463203125001
6 0.34524384375 0.479437228125 0.36524798281250004 0.47727272656249997 0.3662826796875 0.46536796562499994 0.34800303593750004 0.46428571406249997 0.34800303593750004 0.44805194843749996 0.3307580875 0.4491341984375 0.330068290625 0.46103896093749996 0.34386424843749996 0.46103896093749996 0.34524384375 0.479437228125
6 0.45285369375 0.4653712125 0.4287107671875 0.4653712125 0.4287107671875 0.4751136359375 0.45285369375 0.4751136359375 0.45285369375 0.4653712125
6 0.5842563984375 0.46536363593749996 0.550113471875 0.46536363593749996 0.550113471875 0.47618181875000004 0.5842563984375 0.47618181875000004 0.5842563984375 0.46536363593749996
6 0.457336 0.8203463203125001 0.4611298890625 0.8225108234375 0.460784990625 0.5768398265625 0.4173277234375 0.575757575 0.41594812656249996 0.5876623375000001 0.457336 0.5887445890625 0.457336 0.8203463203125001
6 0.5873629031250001 0.8192640703125 0.5873629031250001 0.7121212124999999 0.59046699375 0.7121212124999999 0.59046699375 0.7045454546875 0.5870180031250001 0.70562770625 0.5870180031250001 0.5876623375000001 0.612885425 0.5865800859375 0.6121956265625 0.575757575 0.5839139125 0.575757575 0.5842588125 0.8214285718750001 0.5873629031250001 0.8192640703125
2 0.5439056359375 0.4296536796875 0.5390770500000001 0.424242425 0.534248465625 0.4231601734375 0.5345933640625 0.476190475 0.550458715625 0.476190475 0.550458715625 0.45562770625000004 0.5480444234374999 0.441558440625 0.5439056359375 0.4296536796875
2 0.530109678125 0.5346320343750001 0.5273504859375 0.5422077921875 0.5242463953125001 0.5487012984375 0.5225219015625 0.5584415593750001 0.5211423046875 0.553030303125 0.5183831140625 0.541125540625 0.5142443265625001 0.5367965359375 0.5104504375000001 0.5303030296875 0.505276953125 0.5313852812500001 0.5059667515624999 0.58225108125 0.538042353125 0.5844155843750001 0.538042353125 0.529220778125 0.5349382625 0.53246753125 0.530109678125 0.5346320343750001
4 0.5842612265625 0.585492425 0.4614751328125 0.585492425 0.4614751328125 0.9242348484375 0.5842612265625 0.9242348484375 0.5842612265625 0.585492425
6 0.58460405625 0.57575 0.539422984375 0.57575 0.539422984375 0.5822499999999999 0.58460405625 0.5822499999999999 0.58460405625 0.57575
6 0.5063109609375 0.576840909375 0.46147271874999996 0.576840909375 0.46147271874999996 0.5822499999999999 0.5063109609375 0.5822499999999999 0.5063109609375 0.576840909375
2 0.25143133125 0.45779220781249996 0.24522315 0.45887445937500004 0.24487825000000002 0.47727272656249997 0.25143133125 0.48809523749999995 0.25143133125 0.45779220781249996
2 0.2710905703125 0.49458874374999995 0.27971304375 0.479437228125 0.28005794375000004 0.4599567109375 0.2610885015625 0.4599567109375 0.25970890468749996 0.474025975 0.2683313796875 0.49350649375 0.2710905703125 0.49458874374999995
2 0.2897151140625 0.4859307359375 0.2941988 0.479437228125 0.2955783953125 0.4599567109375 0.2831620328125 0.4599567109375 0.2817824375 0.474025975 0.2866110234375 0.4859307359375 0.2897151140625 0.4859307359375
2 0.4783748359375 0.503246753125 0.49113609687500004 0.47835497812499994 0.491480996875 0.46212121249999993 0.4614747875 0.4599567109375 0.460440090625 0.476190475 0.4732013515625 0.5021645015625 0.4783748359375 0.503246753125
2 0.6032282546875 0.49350649375 0.6111609296875 0.4826839828125 0.61081603125 0.4599567109375 0.593226184375 0.46103896093749996 0.5925363875 0.47835497812499994 0.6001241640625 0.49350649375 0.6032282546875 0.49350649375
2 0.6277160796875 0.5151515156250001 0.632199765625 0.520562771875 0.6380630468749999 0.520562771875 0.6377181484375 0.4664502171875 0.622197696875 0.4632034640625 0.622197696875 0.48809523749999995 0.6249568875 0.5075757578125 0.6277160796875 0.5151515156250001
6 0.6732427390625 0.702380953125 0.6346140578125 0.703463203125 0.6346140578125 0.5876623375000001 0.6390977453125 0.5876623375000001 0.63944264375 0.5768398265625 0.6266813828125 0.575757575 0.6249568875 0.5865800859375 0.63116506875 0.5887445890625 0.63116506875 0.70562770625 0.60253845625 0.703463203125 0.6021935578125001 0.7142857140625 0.65151410625 0.7132034640625 0.65151410625 0.7619047625 0.6225425953125 0.758658009375 0.6215078984375 0.770562771875 0.6511692078125 0.7727272734375 0.65151410625 0.8225108234375 0.6659998625 0.8225108234375 0.6659998625 0.7727272734375 0.695661171875 0.7748917750000001 0.695661171875 0.759740259375 0.666689659375 0.7619047625 0.6659998625 0.7110389609375 0.7039387453125 0.7121212124999999 0.7039387453125 0.7045454546875 0.6766917296875 0.703463203125 0.67600193125 0.5865800859375 0.6815203140625 0.5876623375000001 0.6818652140625 0.5768398265625 0.652548803125 0.5768398265625 0.6522039046875 0.5876623375000001 0.6732427390625 0.5876623375000001 0.6732427390625 0.702380953125
0 0.630475615625 0.5898333328125 0.5877088359375 0.5898333328125 0.5877088359375 0.7034696968749999 0.630475615625 0.7034696968749999 0.630475615625 0.5898333328125
2 0.6184038078125 0.6201298703125 0.6225425953125 0.624458875 0.6263364828125 0.624458875 0.6256466859375001 0.579004328125 0.6125405265625 0.5768398265625 0.612885425 0.5984848484375 0.61495481875 0.6114718625 0.6184038078125 0.6201298703125
0 0.6728971515625 0.5898257578125 0.6353017859375 0.5898257578125 0.6353017859375 0.7023863640625 0.6728971515625 0.7023863640625 0.6728971515625 0.5898257578125
2 0.6477202171875 0.6190476203124999 0.6508243078125 0.6103896109375 0.652548803125 0.5930735921875 0.6532386015625 0.579004328125 0.6390977453125 0.579004328125 0.6387528453125 0.6277056265625001 0.64358143125 0.625541125 0.6477202171875 0.6190476203124999
0 0.7180806375000001 0.5876666671875 0.6766948328125 0.5876666671875 0.6766948328125 0.7045454546875 0.7180806375000001 0.7045454546875 0.7180806375000001 0.5876666671875
2 0.6897978890625 0.61796536875 0.6929019796875 0.6114718625 0.6949713734375 0.596320346875 0.6949713734375 0.579004328125 0.6811754156250001 0.5800865796875 0.6804856171875 0.625541125 0.68427950625 0.6266233765625 0.6897978890625 0.61796536875
6 0.7191143 0.70562770625 0.7163551078125 0.703463203125 0.716010209375 0.7110389609375 0.7184245015624999 0.7121212124999999 0.7187694 0.7716450218750001 0.7235979859375 0.773809525 0.7235979859375 0.5919913421875 0.8256880734375001 0.5909090906250001 0.8256880734375001 0.575757575 0.6949713734375 0.575757575 0.6949713734375 0.5876623375000001 0.7191143 0.5876623375000001 0.7191143 0.70562770625
1 0.7180782234375 0.7132045453125 0.6949686140625 0.7132045453125 0.6949686140625 0.817098484375 0.7180782234375 0.817098484375 0.7180782234375 0.7132045453125
2 0.70876733125 0.7575757578125 0.7070428359375 0.7391774890625 0.70290405 0.724025975 0.6973856656249999 0.7153679656249999 0.693246878125 0.7164502171875 0.693591778125 0.7619047625 0.707732634375 0.759740259375 0.70876733125 0.7575757578125
2 0.70876733125 0.6720779234375 0.7049734421875 0.6807359296875 0.703593846875 0.69372294375 0.70290405 0.7110389609375 0.7163551078125 0.7110389609375 0.7163551078125 0.664502165625 0.7132510171875001 0.6655844156249999 0.70876733125 0.6720779234375
2 0.7070428359375 0.7987012984375 0.7042836453125 0.7867965359375 0.70048975625 0.7748917750000001 0.6929019796875 0.7748917750000001 0.69255708125 0.81818181875 0.70876733125 0.81818181875 0.7070428359375 0.7987012984375
1 0.6225446640625 0.714280303125 0.5887445671875 0.714280303125 0.5887445671875 0.8192651515625 0.6225446640625 0.8192651515625 0.6225446640625 0.714280303125
2 0.611505828125 0.7900432890625 0.609781334375 0.8041125546875 0.6087466375 0.8192640703125 0.623922190625 0.8170995671875 0.6246119890624999 0.773809525 0.61874870625 0.7727272734375 0.6132303234375 0.78246753125 0.611505828125 0.7900432890625
2 0.6090915359375 0.753246753125 0.609436434375 0.759740259375 0.6249568875 0.759740259375 0.6249568875 0.7142857140625 0.618058909375 0.7164502171875 0.613920121875 0.724025975 0.61047113125 0.7380952375 0.6090915359375 0.753246753125
5 0.84603573125 0.5930681812499999 0.724287784375 0.5930681812499999 0.724287784375 0.7727196968750001 0.84603573125 0.7727196968750001 0.84603573125 0.5930681812499999
2 0.830171759375 0.6222943734374999 0.8350003453125 0.6309523796875001 0.8398289296874999 0.6331168828125 0.8432779187499999 0.635281384375 0.8432779187499999 0.575757575 0.8253431750000001 0.575757575 0.826032971875 0.5952380953125 0.828102365625 0.6049783546875 0.830171759375 0.6222943734374999
1 0.8419000484374999 0.782469696875 0.7291187828125001 0.782469696875 0.7291187828125001 0.8430757578125 0.8419000484374999 0.8430757578125 0.8419000484374999 0.782469696875
2 0.82292888125 0.8008658015625001 0.8253431750000001 0.7922077921875 0.8263778703125 0.8062770562500001 0.8291370625000001 0.8149350656250001 0.8381044359375001 0.829004328125 0.8415534250000001 0.829004328125 0.842243221875 0.7716450218750001 0.815686003125 0.7727272734375 0.815686003125 0.8051948046874999 0.8194798921875 0.803030303125 0.82292888125 0.8008658015625001
2 0.79016348125 0.5389610390625 0.787404290625 0.529220778125 0.7843002 0.520562771875 0.781196109375 0.5151515156250001 0.7829206046875 0.50649350625 0.7843002 0.4924242421875 0.7825757046875 0.48809523749999995 0.77429813125 0.4891774890625 0.7749879281250001 0.5660173171875 0.7911981796875 0.5660173171875 0.7911981796875 0.5541125546875 0.79016348125 0.5389610390625
2 0.76981444375 0.3928571421875 0.7653307578125 0.3982683984375 0.7601572734375 0.4123376625 0.7567082843749999 0.4339826828125 0.7573980828125 0.44805194843749996 0.776022625 0.44480519531249996 0.7749879281250001 0.36796536875 0.7636062625 0.3690476203125 0.7663654546875 0.385281384375 0.76981444375 0.3928571421875
4 0.9163954609375 0.2121136359375 0.85086673125 0.2121136359375 0.85086673125 0.347401515625 0.9163954609375 0.347401515625 0.9163954609375 0.2121136359375
2 0.8598330687500001 0.271645021875 0.855004484375 0.265151515625 0.8505207968749999 0.258658009375 0.8470718078124999 0.258658009375 0.846726909375 0.30194805156250004 0.8615575640625 0.3041125546875 0.8615575640625 0.28896103906250004 0.8598330687500001 0.271645021875
2 0.9450231078125 0.33441558437499996 0.9422639171875 0.323593075 0.9377802296875 0.3127705625 0.93122715 0.3138528140625 0.93157205 0.3571428578125 0.94571290625 0.35930735937499997 0.9460578046875 0.35064934999999997 0.9450231078125 0.33441558437499996
2 0.88742395 0.1515151515625 0.8819048765625 0.1515151515625 0.8819048765625 0.20130302968749997 0.88742395 0.20130302968749997 0.88742395 0.1515151515625
2 0.6028833546875 0.6893939390625 0.5990894671875 0.674242425 0.5939159828125 0.6655844156249999 0.589087396875 0.6623376624999999 0.589432296875 0.7132034640625 0.6032282546875 0.7132034640625 0.6039180515625 0.702380953125 0.6028833546875 0.6893939390625
6 0.8167213906249999 0.7716439390625001 0.72842588125 0.7716439390625001 0.72842588125 0.7802954546875001 0.8167213906249999 0.7802954546875001 0.8167213906249999 0.7716439390625001
6 0.7763675250000001 0.44372294375 0.773263434375 0.44372294375 0.773263434375 0.4664502171875 0.7235979859375 0.4664502171875 0.7225632890625 0.476190475 0.775332828125 0.47727272656249997 0.7763675250000001 0.44372294375
6 0.61081603125 0.47727272656249997 0.6218527968750001 0.476190475 0.622197696875 0.46753246875 0.6142650203125 0.46753246875 0.613920121875 0.45129870156249996 0.5925363875 0.45021645 0.5921914875 0.46103896093749996 0.61081603125 0.46103896093749996 0.61081603125 0.47727272656249997
0 0.6508232734375 0.714280303125 0.6249565421875001 0.714280303125 0.6249565421875001 0.761901515625 0.6508232734375 0.761901515625 0.6508232734375 0.714280303125
0 0.6508256875 0.77381060625 0.62426846875 0.77381060625 0.62426846875 0.82143181875 0.6508256875 0.82143181875 0.6508256875 0.77381060625
0 0.69255915 0.7748863640625 0.6660019312500001 0.7748863640625 0.6660019312500001 0.822507575 0.69255915 0.822507575 0.69255915 0.7748863640625
0 0.69255915 0.7121136359375 0.6660019312500001 0.7121136359375 0.6660019312500001 0.7597348484374999 0.69255915 0.7597348484374999 0.69255915 0.7121136359375
6 0.8425905359374999 0.842 0.7284282953125001 0.842 0.7284282953125001 0.85281818125 0.8425905359374999 0.85281818125 0.8425905359374999 0.842
2 0.5283824234375001 0.46428787812500005 0.51527764375 0.46428787812500005 0.51527764375 0.4751060609375 0.5283824234375001 0.4751060609375 0.5283824234375001 0.46428787812500005
1 0.528387253125 0.43831060624999996 0.5163157890625001 0.43831060624999996 0.5163157890625001 0.4621136359375 0.528387253125 0.4621136359375 0.528387253125 0.43831060624999996
2 0.380768434375 0.453463203125 0.3821480296875 0.46536796562499994 0.3893909078125 0.46536796562499994 0.3893909078125 0.4383116875 0.383872525 0.4361471859375 0.380768434375 0.4458874453125 0.380768434375 0.453463203125
6 0.5835690140625001 0.8517316015624999 0.582879215625 0.920995671875 0.5804649234375 0.9199134203125 0.5804649234375 0.926406925 0.560460784375 0.926406925 0.558736290625 0.9199134203125 0.556666896875 0.9177489187500001 0.5559770984375 0.926406925 0.54114644375 0.925324675 0.5390770500000001 0.9134199140625 0.53700765625 0.926406925 0.5070014484375001 0.925324675 0.5049320546875 0.9155844156249999 0.5032075593750001 0.9242424249999999 0.4897565015625 0.926406925 0.4883769046875 0.9166666671874999 0.484927915625 0.925324675 0.4642339796875 0.9274891765625 0.46457887812500004 0.920995671875 0.4618196859375 0.9177489187500001 0.4618196859375 0.8517316015624999 0.46009519218749995 0.852813853125 0.45975029375 0.9329004328125 0.585293509375 0.93181818125 0.585293509375 0.852813853125 0.5835690140625001 0.8517316015624999
3 0.3325012078125 0.068780303125 0.3171559640625 0.068780303125 0.3171559640625 0.09273484843749999 0.3325012078125 0.09273484843749999 0.3325012078125 0.068780303125