3 0.7205012 0.0937431875 0.9750999734375 0.0937431875 0.974433484375 0.9973839109375 0.9997600640625001 0.998473946875 0.9997600640625001 0.051231740625 0.6951479609375 0.051231740625 0.6958144500000001 0.1515151515625 0.0113303125 0.1526051890625 0.010663821875 0.5831698265624999 0.0386563578125 0.582079790625 0.037296721875 0.19402659687499998 0.7211676890625001 0.1972967078125 0.7205012 0.0937431875
3 0.03798986875 0.6725528656249999 0.012663290625 0.6736429046875 0.0113303125 0.9734030953125 0.6431618234375 0.9734030953125 0.65849106875 0.9995639859375001 0.6958144500000001 0.9995639859375001 0.659157559375 0.928711575 0.035990403125 0.9308916500000001 0.03798986875 0.6725528656249999
5 0.9737403359375 0.8698495749999999 0.6604905359375 0.8709396109374999 0.6598240468750001 0.9265315015625 0.6964809390625 0.9995639859375001 0.9737403359375 1 0.9737403359375 0.8698495749999999
3 0.9770747796875 0.8480455640625 0.739142228125 0.8480455640625 0.739142228125 0.869844125 0.9770747796875 0.869844125 0.9770747796875 0.8480455640625
1 0.6572056984375 0.849606028125 0.8499162124999999 0.847893115625 0.847821534375 0.78708461875 0.781315459375 0.7836587859375 0.7807917890625 0.603802671875 0.729472140625 0.6029462140625 0.7284248 0.7845152453125 0.6572056984375 0.785371703125 0.6572056984375 0.849606028125
4 0.2707373265625 0.540424803125 0.19689987343749998 0.6928742703124999 0.19689987343749998 0.927543678125 0.268118978125 0.9284001359375 0.268118978125 0.907845153125 0.28435274375 0.9069886953124999 0.2848764140625 0.927543678125 0.3817553421875 0.92497430625 0.3817553421875 0.9155532703124999 0.3964180984375 0.9155532703124999 0.3979891078125 0.9266872203125001 0.43569333906249996 0.9266872203125001 0.43569333906249996 0.9138403578125001 0.4639715125 0.9121274406250001 0.4639715125 0.9069886953124999 0.48020527812499997 0.9061322374999999 0.48072894843749997 0.9292565953124999 0.6467323 0.927543678125 0.6467323 0.6115107906249999 0.7174277328125 0.609797875 0.7184750734375001 0.447927371875 0.5529953921875 0.4470709140625 0.48229995781249996 0.525865021875 0.48020527812499997 0.536998971875 0.2707373265625 0.540424803125
6 0.727779259375 0.7848266828125 0.7271127703125 0.5341181609375 0.7197813921875 0.5341181609375 0.7197813921875 0.7739263140625 0.70911756875 0.77501635 0.70911756875 0.783736646875 0.727779259375 0.7848266828125
1 0.7820136843750001 0.529176659375 0.78103616875 0.398081534375 0.9105571843750001 0.39888089375 0.9086021515624999 0.30935251875 0.6813294234375 0.3085531578125 0.7282502453124999 0.360511590625 0.7297165203125 0.529176659375 0.7820136843750001 0.529176659375
3 0.734464809375 0.51013189375 0.7184677421875 0.51013189375 0.7184677421875 0.535191846875 0.734464809375 0.535191846875 0.734464809375 0.51013189375
4 0.9734970671875001 0.5378537171875 0.8577639296875 0.5378537171875 0.8577639296875 0.847901678125 0.9734970671875001 0.847901678125 0.9734970671875001 0.5378537171875
3 0.97640029375 0.51013189375 0.9604032265625 0.51013189375 0.9604032265625 0.535191846875 0.97640029375 0.535191846875 0.97640029375 0.51013189375
3 0.47986070312500007 0.51013189375 0.4638636359375 0.51013189375 0.4638636359375 0.535191846875 0.47986070312500007 0.535191846875 0.47986070312500007 0.51013189375
1 0.2686426484375 0.5181569046875001 0.2675953078125 0.32202809062500004 0.1461038953125 0.3237410078125 0.14662756562499998 0.6834532375 0.1848554671875 0.6860226109374999 0.2686426484375 0.5181569046875001
6 0.267928553125 0.522127753125 0.23993601718750002 0.5798997171875 0.245267928125 0.5886200125000001 0.26992801875 0.5384783093750001 0.267928553125 0.522127753125
3 0.28524193593749997 0.5133932859375 0.26924486875000003 0.5133932859375 0.26924486875000003 0.5384532375 0.28524193593749997 0.5384532375 0.28524193593749997 0.5133932859375
3 0.121290321875 0.906894484375 0.035982404687500004 0.906894484375 0.035982404687500004 0.9319544359374999 0.121290321875 0.9319544359374999 0.121290321875 0.906894484375
3 0.2839222875 0.906918465625 0.2679252203125 0.906918465625 0.2679252203125 0.9319784171875 0.2839222875 0.9319784171875 0.2839222875 0.906918465625
3 0.465212609375 0.9156354921875 0.4372214078125 0.9156354921875 0.4372214078125 0.9308872906250001 0.465212609375 0.9308872906250001 0.465212609375 0.9156354921875
3 0.4798680359375 0.906918465625 0.465205278125 0.906918465625 0.465205278125 0.9319784171875 0.4798680359375 0.9319784171875 0.4798680359375 0.906918465625
3 0.3972214078125 0.9167266187499999 0.38189882656249996 0.9167266187499999 0.38189882656249996 0.93089928125 0.3972214078125 0.93089928125 0.3972214078125 0.9167266187499999
6 0.037963209375 0.5733594937500001 0.136603571875 0.5711794203125 0.1372700609375 0.6006104203125 0.145267928125 0.6017004578125 0.144601440625 0.4610856765625 0.1359370828125 0.459995640625 0.1359370828125 0.5570089375 0.037963209375 0.5580989765625 0.037963209375 0.5733594937500001
4 0.13615835781250002 0.3237410078125 0.04032258125 0.3237410078125 0.04032258125 0.5584172656249999 0.13615835781250002 0.5584172656249999 0.13615835781250002 0.3237410078125
6 0.011576246875 0.52378896875 0.00000733125 0.52378896875 0.00000733125 0.536402878125 0.011576246875 0.536402878125 0.011576246875 0.52378896875
3 0.049992668750000004 0.51013189375 0.0359897359375 0.51013189375 0.0359897359375 0.5362949640625 0.049992668750000004 0.5362949640625 0.049992668750000004 0.51013189375
4 0.122529325 0.1961270984375 0.03717741875 0.1961270984375 0.03717741875 0.3057434046875 0.122529325 0.3057434046875 0.122529325 0.1961270984375
3 0.0493328453125 0.1918345328125 0.0353299125 0.1918345328125 0.0353299125 0.21799760156249998 0.0493328453125 0.21799760156249998 0.0493328453125 0.1918345328125
6 0.2692348703125 0.32047089687499997 0.2692348703125 0.3913233046875 0.27656625 0.39023326875 0.27656625 0.21909744843749998 0.2679018921875 0.21909744843749998 0.2679018921875 0.306300415625 0.22191415625 0.3073904515625 0.22191415625 0.322650971875 0.2692348703125 0.32047089687499997
3 0.28393695 0.19293765000000002 0.2699340171875 0.19293765000000002 0.2699340171875 0.21910071874999998 0.28393695 0.21910071874999998 0.28393695 0.19293765000000002
1 0.540950984375 0.441075709375 0.540427315625 0.376841384375 0.4891076671875 0.376841384375 0.4891076671875 0.309181225 0.445643065625 0.309181225 0.445119396875 0.19784172656250001 0.2775450359375 0.19698526875 0.278592375 0.50873586875 0.47811060000000005 0.507879409375 0.540950984375 0.441075709375
3 0.4125586515625 0.1940287765625 0.3992302046875 0.1940287765625 0.3992302046875 0.21038369375000002 0.4125586515625 0.21038369375000002 0.4125586515625 0.1940287765625
6 0.6711277 0.285589709375 0.6711277 0.272509265625 0.6597973875 0.27141922812499997 0.6597973875 0.2866797484375 0.4591842171875 0.285589709375 0.4591842171875 0.19402659687499998 0.4458544390625 0.1972967078125 0.4471874171875 0.3073904515625 0.675793121875 0.3052103765625 0.6737936546875 0.2866797484375 0.6711277 0.285589709375
5 0.65930351875 0.1969904078125 0.46031525 0.1969904078125 0.46031525 0.2852158265625 0.65930351875 0.2852158265625 0.65930351875 0.1969904078125
3 0.47987536718749996 0.1940287765625 0.4645527859375 0.1940287765625 0.4645527859375 0.2180095921875 0.47987536718749996 0.2180095921875 0.47987536718749996 0.1940287765625
4 0.8331158359374999 0.0950959234375 0.7210483875 0.0950959234375 0.7210483875 0.1524820140625 0.8331158359374999 0.1524820140625 0.8331158359374999 0.0950959234375
3 0.7358137828125 0.0926618703125 0.720491203125 0.0926618703125 0.720491203125 0.1166426859375 0.7358137828125 0.1166426859375 0.7358137828125 0.0926618703125
4 0.97141495625 0.0950599515625 0.8446847500000001 0.0950599515625 0.8446847500000001 0.2937649875 0.97141495625 0.2937649875 0.97141495625 0.0950599515625
3 0.9770894421874999 0.0926618703125 0.9617668625 0.0926618703125 0.9617668625 0.1166426859375 0.9770894421874999 0.1166426859375 0.9770894421874999 0.0926618703125
7 0.038629032812500005 0.5798920859375001 0.0106378296875 0.5798920859375001 0.0106378296875 0.67363309375 0.038629032812500005 0.67363309375 0.038629032812500005 0.5798920859375001
6 0.8344174875 0.16241552343750001 0.835083978125 0.29649008125 0.811756865625 0.2943100078125 0.811756865625 0.3073904515625 0.8537456671875001 0.306300415625 0.8537456671875001 0.2943100078125 0.8444148218749999 0.29103989375 0.8444148218749999 0.0937431875 0.835083978125 0.094833225 0.8344174875 0.1493350765625 0.7717675296875 0.1493350765625 0.7717675296875 0.164595596875 0.8344174875 0.16241552343750001
6 0.774433484375 0.306300415625 0.774433484375 0.29321996875 0.7217808578125 0.2921299328125 0.7217808578125 0.19620667187500002 0.7124500125 0.1972967078125 0.7137829906250001 0.2866797484375 0.7084510796875 0.2866797484375 0.710450546875 0.306300415625 0.774433484375 0.306300415625
4 0.8347287390625 0.1652877703125 0.722661290625 0.1652877703125 0.722661290625 0.29461630625 0.8347287390625 0.29461630625 0.8347287390625 0.1652877703125
6 0.7424413484375 0.1514988015625 0.7211070375 0.1514988015625 0.7211070375 0.162410071875 0.7424413484375 0.162410071875 0.7424413484375 0.1514988015625
2 0.7997600640625 0.30848048906250003 0.8093841640624999 0.3069544359375 0.8137829906249999 0.294964028125 0.8004265531250001 0.2888598203125 0.795094640625 0.2834096359375 0.7870967734375001 0.2899498578125 0.7756598234375 0.290167865625 0.7741935484375 0.3069544359375 0.7897627296875 0.3117506 0.7944281531249999 0.317200784375 0.7997600640625 0.30848048906250003
2 0.6493506499999999 0.24580335781249998 0.6587767062500001 0.24580335781249998 0.6587767062500001 0.27149708906250003 0.6718684546875 0.272353546875 0.672392125 0.24922918749999998 0.6771051531250001 0.2500856453125 0.6776288218750001 0.2372387796875 0.6718684546875 0.23552586562500002 0.672392125 0.2132579640625 0.656682028125 0.21240150781249997 0.6598240468750001 0.2372387796875 0.651445328125 0.2372387796875 0.6493506499999999 0.24580335781249998
6 0.67178885625 0.1940287765625 0.659794721875 0.1940287765625 0.659794721875 0.21364508437500002 0.67178885625 0.21364508437500002 0.67178885625 0.1940287765625
6 0.7197813921875 0.5079572703124999 0.727779259375 0.51122738125 0.7271127703125 0.3618923046875 0.6771261 0.3052103765625 0.6657957875 0.306300415625 0.716448946875 0.36407237812500004 0.7064516125 0.36407237812500004 0.704452146875 0.377152821875 0.7184484140625 0.377152821875 0.719114903125 0.43492478593749995 0.6151426296875 0.43492478593749995 0.6131431609375 0.377152821875 0.6771261 0.3760627859375 0.6777925875 0.36407237812500004 0.6024793390625 0.36407237812500004 0.6024793390625 0.3749727484375 0.6071447609375 0.3749727484375 0.6078112499999999 0.43383475000000005 0.5498267125 0.43492478593749995 0.548493734375 0.3749727484375 0.57581978125 0.3760627859375 0.57581978125 0.36407237812500004 0.5424953343750001 0.365162415625 0.54049586875 0.4458251578125 0.7204478812499999 0.4458251578125 0.7197813921875 0.5079572703124999
6 0.8277526 0.519947678125 0.7870967734375001 0.5210377140625 0.7884297515625 0.5341181609375 0.84841375625 0.5341181609375 0.84841375625 0.7739263140625 0.789096240625 0.7717462390625001 0.7897627296875 0.7499454984375 0.7817648625 0.747765425 0.7817648625 0.783736646875 0.8477472671875 0.785916721875 0.847080778125 0.7902768703125 0.8570781125 0.7902768703125 0.855745134375 0.536298234375 0.960383896875 0.5330281218749999 0.960383896875 0.5210377140625 0.9183950953125001 0.519947678125 0.9190615828125 0.3760627859375 0.9123966937500001 0.3749727484375 0.9110637171875 0.40004360156249996 0.8697414015625 0.40004360156249996 0.8704078921875 0.4153041203125 0.9117302046875 0.41312404531249997 0.9110637171875 0.5210377140625 0.8364169562500001 0.519947678125 0.8364169562500001 0.41312404531249997 0.8404158890625 0.414214084375 0.8417488671875001 0.40004360156249996 0.8217542 0.40004360156249996 0.821087709375 0.412034009375 0.8277526 0.412034009375 0.8277526 0.519947678125
6 0.789096240625 0.412034009375 0.7937616640625 0.412034009375 0.795094640625 0.39895356406250004 0.7817648625 0.39895356406250004 0.7817648625 0.69762371875 0.7897627296875 0.6954436453125 0.789096240625 0.412034009375
6 0.6691282328125 0.783736646875 0.6691282328125 0.7706562015625 0.6577979203125001 0.7684761265625 0.6564649421875 0.6126008265625 0.6471340984375 0.613690865625 0.6464676078125 0.848048834375 0.655798453125 0.846958796875 0.6564649421875 0.7848266828125 0.6691282328125 0.783736646875
3 0.658464409375 0.8709396109374999 0.7011197015625 0.8709396109374999 0.7011197015625 0.8491388703125 0.6471340984375 0.848048834375 0.6464676078125 0.9276215390625 0.6577979203125001 0.9298016140625001 0.658464409375 0.8709396109374999
6 0.0506265 0.9090909093749999 0.057957878124999994 0.9090909093749999 0.057957878124999994 0.7008938296875 0.1865902421875 0.69980379375 0.185257265625 0.7488554609375 0.19525459843749998 0.7499454984375 0.19525459843749998 0.688903421875 0.037963209375 0.6856333125 0.035297253125 0.7008938296875 0.053292456249999995 0.7008938296875 0.0506265 0.9090909093749999
6 0.1952565984375 0.81208633125 0.186590909375 0.81208633125 0.186590909375 0.9319904078125001 0.1952565984375 0.9319904078125001 0.1952565984375 0.81208633125
6 0.145931084375 0.659472421875 0.13726539531249998 0.659472421875 0.13726539531249998 0.6867146281250001 0.145931084375 0.6867146281250001 0.145931084375 0.659472421875
6 0.27723607031249997 0.44365707499999996 0.26857038125 0.44365707499999996 0.26857038125 0.5090527578125 0.27723607031249997 0.5090527578125 0.27723607031249997 0.44365707499999996
2 0.27723607031249997 0.3902398078125 0.26857038125 0.3902398078125 0.26857038125 0.44357314218750005 0.27723607031249997 0.44357314218750005 0.27723607031249997 0.3902398078125
2 0.1230624203125 0.2543679359375 0.1220150828125 0.280918121875 0.1324884796875 0.2800616640625 0.1324884796875 0.25265501874999996 0.13772517812500001 0.250942103125 0.13772517812500001 0.24409044062500002 0.13301215 0.24409044062500002 0.1324884796875 0.220966084375 0.1230624203125 0.22182254218750003 0.1225387515625 0.246659815625 0.1162547125 0.246659815625 0.11573104218750001 0.255224390625 0.1230624203125 0.2543679359375
6 0.12996334375000002 0.19513189375 0.12396627499999999 0.19513189375 0.12396627499999999 0.2223741 0.12996334375000002 0.2223741 0.12996334375000002 0.19513189375
6 0.0386563578125 0.322650971875 0.13596374375 0.32156093281250003 0.13663023125 0.3967734890625 0.14462809999999998 0.3967734890625 0.14462809999999998 0.322650971875 0.18261796875 0.32156093281250003 0.18261796875 0.3052103765625 0.13129832187499998 0.3052103765625 0.13129832187499998 0.2812295609375 0.123300453125 0.280139525 0.1226339640625 0.3073904515625 0.0386563578125 0.306300415625 0.0386563578125 0.322650971875
6 0.465205278125 0.511223021875 0.28458944218750004 0.511223021875 0.28458944218750004 0.5352038375 0.465205278125 0.5352038375 0.465205278125 0.511223021875
2 0.5345241281249999 0.4676259 0.529858703125 0.45454545625 0.504532125 0.48397645625 0.510530525 0.49269675 0.5345241281249999 0.4676259
6 0.540522528125 0.44364508437500005 0.53052519375 0.4556354921875 0.5345241281249999 0.4676259 0.5518528390624999 0.44909526875 0.540522528125 0.44364508437500005
6 0.2172753921875 0.626771309375 0.1872833921875 0.6867233484375 0.1966142359375 0.688903421875 0.22327379375 0.632221496875 0.2172753921875 0.626771309375
6 0.50786456875 0.49160671406249995 0.5051986140625 0.48506649218750003 0.47853905625 0.5079572703124999 0.4818715015625 0.519947678125 0.50786456875 0.49160671406249995
2 0.245267928125 0.5908000859375 0.239269528125 0.582079790625 0.2172753921875 0.6256812734375 0.22327379375 0.6333115328125001 0.245267928125 0.5908000859375
2 0.19742354374999999 0.33144912656250003 0.2052785921875 0.33059266875 0.2052785921875 0.32202809062500004 0.22308336875 0.3228845484375 0.22413070781250002 0.30575539531249996 0.2063259328125 0.306611853125 0.2063259328125 0.2929085296875 0.1989945546875 0.2929085296875 0.1989945546875 0.3048989375 0.1832844578125 0.3048989375 0.1832844578125 0.3211716328125 0.1979472140625 0.32202809062500004 0.19742354374999999 0.33144912656250003
2 0.12777544999999998 0.4333675921875 0.13615416875 0.43422405 0.1366778390625 0.459061321875 0.1455802265625 0.4616306953125 0.1461038953125 0.432511134375 0.152387934375 0.432511134375 0.1513405953125 0.42394655625000005 0.14715123593749999 0.42394655625000005 0.14662756562499998 0.39739636875 0.13615416875 0.3982528265625 0.1366778390625 0.42394655625000005 0.12777544999999998 0.425659471875 0.12777544999999998 0.4333675921875
2 0.13615416875 0.6020897578125 0.1366778390625 0.6603288796875 0.158148303125 0.6603288796875 0.14767490625 0.6020897578125 0.13615416875 0.6020897578125
2 0.1853791359375 0.7887975328125 0.1848554671875 0.8119218921875 0.19689987343749998 0.8119218921875 0.19637620312499998 0.7887975328125 0.2063259328125 0.7879410765625 0.204754921875 0.776807125 0.19637620312499998 0.776807125 0.19689987343749998 0.7511133953125 0.18590280625 0.7494004796875 0.18590280625 0.776807125 0.178571428125 0.7793764984375 0.178571428125 0.7905104484375001 0.1853791359375 0.7887975328125
5 0.5414746546875 0.363138059375 0.71376204375 0.363138059375 0.6640134062499999 0.30575539531249996 0.4896313359375 0.3083247703125 0.4896313359375 0.37512846718750004 0.540950984375 0.37598492499999997 0.5414746546875 0.363138059375
0 0.6069281531249999 0.3751199046875 0.5498460406250001 0.3751199046875 0.5498460406250001 0.4333693046875 0.6069281531249999 0.4333693046875 0.6069281531249999 0.3751199046875
2 0.5927943015625 0.384549503125 0.593317971875 0.3776978421875 0.60379136875 0.37598492499999997 0.60274403125 0.3605686875 0.5938416421875 0.36228160468750004 0.59227063125 0.3520041109375 0.5875576046875 0.3537170265625 0.5875576046875 0.3605686875 0.575513196875 0.3605686875 0.5760368671875 0.3776978421875 0.5875576046875 0.3776978421875 0.5886049421874999 0.384549503125 0.5927943015625 0.384549503125
0 0.7190029328125 0.3776978421875 0.61322580625 0.3776978421875 0.61322580625 0.4325179859375 0.7190029328125 0.4325179859375 0.7190029328125 0.3776978421875
2 0.689149559375 0.3836930453125 0.694386259375 0.384549503125 0.694386259375 0.3776978421875 0.7053833265625 0.3776978421875 0.7053833265625 0.3605686875 0.6938625890625 0.361425146875 0.69281525 0.3537170265625 0.689149559375 0.3520041109375 0.689149559375 0.361425146875 0.6776288218750001 0.361425146875 0.6776288218750001 0.37512846718750004 0.689149559375 0.37598492499999997 0.689149559375 0.3836930453125
2 0.689149559375 0.3168893453125 0.6933389187500001 0.3186022609375 0.6938625890625 0.3083247703125 0.709049015625 0.3083247703125 0.709049015625 0.285200409375 0.6938625890625 0.285200409375 0.69281525 0.27577937656249996 0.689149559375 0.27577937656249996 0.689149559375 0.2826310390625 0.6750104734375 0.28348749687499997 0.6750104734375 0.306611853125 0.6896732296875 0.306611853125 0.689149559375 0.3168893453125
2 0.7556556343749999 0.1755738265625 0.7619396734375 0.177286740625 0.7619396734375 0.16786570781250001 0.7724130703125 0.16700925 0.7724130703125 0.15159301249999999 0.761416003125 0.1498800953125 0.761416003125 0.136176771875 0.7561793046874999 0.136176771875 0.7556556343749999 0.1490236375 0.7420402187499999 0.1490236375 0.7430875578125 0.166152790625 0.7556556343749999 0.16700925 0.7556556343749999 0.1755738265625
2 0.8692919984374999 0.3168893453125 0.8766233765625 0.31517642968750004 0.8750523671874999 0.3074683125 0.8907624640625 0.3083247703125 0.8907624640625 0.29205207187500004 0.87609970625 0.29205207187500004 0.8745286968749999 0.28348749687499997 0.8671973187500001 0.28348749687499997 0.8682446578125 0.2929085296875 0.85620025 0.29205207187500004 0.8551529125 0.3074683125 0.8687683281249999 0.3083247703125 0.8692919984374999 0.3168893453125
2 0.9101382499999999 0.35714285625 0.9096145796874999 0.3785543 0.9200879765625001 0.3776978421875 0.9190406359375001 0.3605686875 0.9263720140625 0.3579993140625 0.9258483453125 0.34343953437499997 0.9200879765625001 0.34515244843750004 0.9190406359375001 0.324597465625 0.9101382499999999 0.3237410078125 0.9096145796874999 0.34600890624999997 0.90175953125 0.347721821875 0.90175953125 0.358855771875 0.9101382499999999 0.35714285625
6 0.9096145796874999 0.3254539234375 0.9200879765625001 0.3254539234375 0.9190406359375001 0.3083247703125 0.9750733140625 0.3074683125 0.97454964375 0.2954779046875 0.891809803125 0.2937649875 0.8912861328125 0.309181225 0.9096145796874999 0.3083247703125 0.9096145796874999 0.3254539234375
0 0.9101466281249999 0.414520384375 0.8363049859375 0.414520384375 0.8363049859375 0.520731415625 0.9101466281249999 0.520731415625 0.9101466281249999 0.414520384375
2 0.8535819015625 0.42394655625000005 0.85829493125 0.425659471875 0.85829493125 0.41538198125000003 0.8708630078124999 0.41538198125000003 0.8698156687499999 0.39739636875 0.8567239203125 0.3991092828125 0.8567239203125 0.38968824999999996 0.8514872234374999 0.388831790625 0.8514872234374999 0.39739636875 0.8431085046875 0.39739636875 0.842584834375 0.4145255234375 0.8535819015625 0.41538198125000003 0.8535819015625 0.42394655625000005
0 0.8263489734375 0.4128177453125 0.7896920828125 0.4128177453125 0.7896920828125 0.5181654671875 0.8263489734375 0.5181654671875 0.8263489734375 0.4128177453125
2 0.8059279421875001 0.42394655625000005 0.8127356515624999 0.42651592968749996 0.8132593218749999 0.41709489375000003 0.82111436875 0.417951353125 0.8216380390625 0.39653991093749996 0.8122119812499999 0.39739636875 0.8132593218749999 0.387118875 0.8048806031250001 0.387118875 0.8033095937500001 0.39653991093749996 0.7944072046875 0.39568345312500003 0.794930875 0.4145255234375 0.8059279421875001 0.4145255234375 0.8059279421875001 0.42394655625000005
0 0.84782258125 0.5352757796875001 0.7902126093749999 0.5352757796875001 0.7902126093749999 0.7699520390625 0.84782258125 0.7699520390625 0.84782258125 0.5352757796875001
2 0.7734604109375 0.72884549375 0.7807917890625 0.72884549375 0.7807917890625 0.748544021875 0.789694178125 0.748544021875 0.789694178125 0.7271325796875 0.795978215625 0.726276121875 0.795978215625 0.72028091875 0.789694178125 0.718568003125 0.789694178125 0.69801301875 0.7807917890625 0.6971565609375 0.781315459375 0.72028091875 0.77398408125 0.72028091875 0.7734604109375 0.72884549375
2 0.8399664859374999 0.81363480625 0.8399664859374999 0.8204864671875001 0.8472978640625 0.8204864671875001 0.847821534375 0.8444672828125 0.8588186015625 0.8444672828125 0.8588186015625 0.8196300093750001 0.8661499796875001 0.8196300093750001 0.8661499796875001 0.81363480625 0.8588186015625 0.81363480625 0.85829493125 0.7930798218749999 0.847821534375 0.7913669062500001 0.8488688718749999 0.81363480625 0.8399664859374999 0.81363480625
2 0.715856725 0.8838643375 0.723188103125 0.88472079375 0.724235440625 0.8735868437500001 0.7399455374999999 0.8752997609375001 0.7399455374999999 0.847893115625 0.723188103125 0.847893115625 0.7226644328125 0.8350462500000001 0.7184750734375001 0.8350462500000001 0.7184750734375001 0.847893115625 0.7011939671875 0.8461801984375 0.700670296875 0.86930455625 0.715856725 0.8701610140625 0.715856725 0.8838643375
2 0.686007540625 0.7947927359375 0.6922915796875 0.7947927359375 0.691767909375 0.7862281609374999 0.7085253453125 0.7862281609374999 0.7085253453125 0.771668378125 0.6896732296875 0.771668378125 0.6896732296875 0.763103803125 0.6865312109375 0.763103803125 0.6865312109375 0.7682425484375 0.668202765625 0.7682425484375 0.668202765625 0.7845152453125 0.686007540625 0.7836587859375 0.686007540625 0.7947927359375
5 0.78288123125 0.530995203125 0.7263269796875 0.530995203125 0.7263269796875 0.6012350125 0.78288123125 0.6012350125 0.78288123125 0.530995203125
5 0.7189956015625001 0.6114988015625 0.6556378296875 0.6114988015625 0.6556378296875 0.7716666671875 0.7189956015625001 0.7716666671875 0.7189956015625001 0.6114988015625
4 0.1853739 0.7014268578125 0.0596994140625 0.7014268578125 0.0596994140625 0.9275419671874999 0.1853739 0.9275419671874999 0.1853739 0.7014268578125
4 0.1371994140625 0.5763908875 0.03822580625 0.5763908875 0.03822580625 0.68600719375 0.1371994140625 0.68600719375 0.1371994140625 0.5763908875
4 0.2681231671875 0.1961270984375 0.131964809375 0.1961270984375 0.131964809375 0.3057434046875 0.2681231671875 0.3057434046875 0.2681231671875 0.1961270984375
1 0.712719940625 0.1986930453125 0.6734384171875 0.1986930453125 0.6734384171875 0.286918465625 0.712719940625 0.286918465625 0.712719940625 0.1986930453125
4 0.9736070375000001 0.310143884375 0.9208211140625 0.310143884375 0.9208211140625 0.521175059375 0.9736070375000001 0.521175059375 0.9736070375000001 0.310143884375
6 0.177080984375 0.0931562453125 0.177080984375 0.15218594218749998 0.1855402671875 0.154030621875 0.1855402671875 0.0774764796875 0.1161741484375 0.07839882031249999 0.1167381015625 0.150341265625 0.12519738281249998 0.154030621875 0.1257613359375 0.0959232609375 0.177080984375 0.0931562453125
6 0.6959169875 0.0793211578125 0.6445973390625 0.07839882031249999 0.6440333859375 0.15218594218749998 0.6530566203125 0.15218594218749998 0.6536205734375 0.0931562453125 0.6964809390625 0.0922339046875 0.6959169875 0.0793211578125
6 0 0.7131175062499999 0.012346040625 0.7131175062499999 0.012346040625 0.700503596875 0 0.700503596875 0 0.7131175062499999