6 0.0740553734375 0.5163398671875 0.07237229687499999 0.5960784328125001 0.050492300000000004 0.5973856203125 0.050492300000000004 0.618300653125 0.0765799875 0.6156862734375 0.0732138375 0.8875816999999999 0.085836909375 0.8849673203125 0.085836909375 0.6169934671874999 0.18850458750000001 0.619607840625 0.1901876609375 0.8143790859375001 0.249936884375 0.8169934671875 0.24909534687499998 0.7986928140625 0.2019692015625 0.7973856203125 0.20112766093749998 0.6169934671874999 0.345872253125 0.618300653125 0.34671379375 0.65098039375 0.3559707125 0.65098039375 0.3559707125 0.618300653125 0.590759909375 0.618300653125 0.590759909375 0.5986928140625001 0.0934107546875 0.5973856203125 0.0925692140625 0.5098039203125 0.1018261375 0.5111111140625 0.1035092140625 0.481045753125 0.09088614218749999 0.481045753125 0.09088614218749999 0.09673202656249999 0.0765799875 0.0980392140625 0.07573845 0.479738559375 0.0538584546875 0.481045753125 0.0538584546875 0.517647059375 0.0740553734375 0.5163398671875
4 0.3702789703125 0.0980666671875 0.0925536484375 0.0980666671875 0.0925536484375 0.47713333281250003 0.3702789703125 0.47713333281250003 0.3702789703125 0.0980666671875
7 0.18446351875 0.053866667187499995 0.12420600781249999 0.053866667187499995 0.12420600781249999 0.0978666671875 0.18446351875 0.0978666671875 0.18446351875 0.053866667187499995
7 0.322360515625 0.05526666718749999 0.26210300468750003 0.05526666718749999 0.26210300468750003 0.0992666671875 0.322360515625 0.0992666671875 0.322360515625 0.05526666718749999
3 0.933133046875 0.43010000000000004 0.8999141625 0.43010000000000004 0.8999141625 0.5246999999999999 0.933133046875 0.5246999999999999 0.933133046875 0.43010000000000004
7 0.9305579406250001 0.339 0.8992274671875 0.339 0.8992274671875 0.42833333281249997 0.9305579406250001 0.42833333281249997 0.9305579406250001 0.339
3 0.930386265625 0.6279333328125001 0.8999141625 0.6279333328125001 0.8999141625 0.7440666671875 0.930386265625 0.7440666671875 0.930386265625 0.6279333328125001
7 0.932317596875 0.5276666671875 0.899442059375 0.5276666671875 0.899442059375 0.6255333328125 0.932317596875 0.6255333328125 0.932317596875 0.5276666671875
3 0.9345147421875 0.8408602140625 0.8999030859375001 0.8408602140625 0.898518621875 0.8838709671875 0.7379205328125 0.88602150625 0.7365360640625 0.9440860203125 0.9345147421875 0.9440860203125 0.9345147421875 0.8408602140625
7 0.930515021875 0.7460666671875 0.900386265625 0.7460666671875 0.900386265625 0.8368666671874999 0.930515021875 0.8368666671874999 0.930515021875 0.7460666671875
7 0.735107296875 0.8893666671875 0.6793991421875 0.8893666671875 0.6793991421875 0.9418333328124999 0.735107296875 0.9418333328124999 0.735107296875 0.8893666671875
7 0.611802575 0.8949999999999999 0.5560944203125 0.8949999999999999 0.5560944203125 0.9390000000000001 0.611802575 0.9390000000000001 0.611802575 0.8949999999999999
7 0.46206008593750003 0.8879333328125 0.40454935625 0.8879333328125 0.40454935625 0.9390000000000001 0.46206008593750003 0.9390000000000001 0.46206008593750003 0.8879333328125
3 0.1052145921875 0.8881666671874999 0.0484334765625 0.8881666671874999 0.0484334765625 0.9441 0.1052145921875 0.9441 0.1052145921875 0.8881666671874999
7 0.1625321890625 0.8879333328125 0.104077253125 0.8879333328125 0.104077253125 0.9390000000000001 0.1625321890625 0.9390000000000001 0.1625321890625 0.8879333328125
2 0.2894712828125 0.9758865265625 0.2986028671875 0.9773049671875 0.299516025 0.9432624140625 0.32051867343749996 0.9404255328125 0.319605515625 0.890780140625 0.30134234375 0.8822695062499999 0.3031686609375 0.8581560265625001 0.2903844375 0.8581560265625001 0.288558125 0.8851063796875 0.2675554765625 0.887943259375 0.27120810781250004 0.9418439734374999 0.2903844375 0.9418439734374999 0.2894712828125 0.9758865265625
4 0.34250610312499996 0.8888888859374999 0.5074476140625 0.8849673203125 0.5057645359375 0.6222222203125 0.3576537890625 0.6209150328125 0.3601784078125 0.756862746875 0.34250610312499996 0.756862746875 0.34250610312499996 0.8888888859374999
2 0.369829240625 0.6865248203125 0.35887133437499996 0.687943259375 0.35887133437499996 0.64964539375 0.3442607984375 0.64964539375 0.346087115625 0.687943259375 0.3296502625 0.6851063796875 0.3323897375 0.7078014203125 0.3442607984375 0.7063829796875 0.3433476390625 0.737588653125 0.35887133437499996 0.7361702140624999 0.35887133437499996 0.702127659375 0.3716555578125 0.7035461 0.369829240625 0.6865248203125
4 0.6387339062499999 0.6209 0.53774678125 0.6209 0.53774678125 0.8849666671875 0.6387339062499999 0.8849666671875 0.6387339062499999 0.6209
2 0.5999452109375001 0.6468085140625 0.6090767984375 0.648226953125 0.6118162703125 0.619858153125 0.625513653125 0.62127659375 0.62460049375 0.6 0.6118162703125 0.598581559375 0.610903115625 0.5744680859375 0.5999452109375001 0.5744680859375 0.597205734375 0.5957446796875 0.58807415 0.5957446796875 0.5862478328125 0.6226950328124999 0.5981188921875 0.6226950328124999 0.5999452109375001 0.6468085140625
3 0.5057645359375 0.479738559375 0.393839940625 0.481045753125 0.3946814765625 0.0980392140625 0.37280148125 0.0980392140625 0.37280148125 0.479738559375 0.30884456718750003 0.481045753125 0.30884456718750003 0.5163398671875 0.5082891546875 0.5111111140625 0.5074476140625 0.5281045734375 0.53016915 0.5267973859375 0.5385845328125 0.5045751671875001 0.5369014546875001 0.479738559375 0.5268029953125 0.4784313734375 0.5268029953125 0.2915032671875 0.5251909359375 0.29443219374999996 0.5257201890625 0.276222759375 0.5276445328125 0.2732026140625 0.5276445328125 0.2392156859375 0.504923 0.2392156859375 0.5057645359375 0.479738559375
1 0.6319952875 0.49803921406249996 0.5394260734375 0.49803921406249996 0.5326937640625 0.532026146875 0.5082891546875 0.532026146875 0.5074476140625 0.5150326796875 0.387949171875 0.5150326796875 0.38710763125000003 0.5960784328125001 0.6328368234374999 0.594771240625 0.6319952875 0.49803921406249996
2 0.5762030859375 0.5404255328125 0.5853346734375 0.5404255328125 0.5862478328125 0.497872340625 0.60085836875 0.4992907796875 0.601771528125 0.4780141859375 0.588987309375 0.4794326265625 0.5862478328125 0.448226953125 0.5771162453125 0.45106382656250005 0.5762030859375 0.47517730625 0.55976623125 0.4737588671875 0.5579399140625 0.4992907796875 0.5762030859375 0.4992907796875 0.5762030859375 0.5404255328125
2 0.6172952234375 0.5659574468749999 0.6337320765625 0.5687943265625 0.6346452359375 0.5971631203125 0.6529084125 0.598581559375 0.654734725 0.56453900625 0.6684321078125001 0.5673758859375 0.6684321078125001 0.551773046875 0.654734725 0.55035460625 0.654734725 0.5205673734375 0.6337320765625 0.51773049375 0.6346452359375 0.55035460625 0.61820838125 0.5489361734375 0.6172952234375 0.5659574468749999
1 0.1733476390625 0.5163333328124999 0.095064378125 0.5163333328124999 0.095064378125 0.5974 0.1733476390625 0.5974 0.1733476390625 0.5163333328124999
2 0.1114053515625 0.5347517734375 0.126929046875 0.5404255328125 0.12875536406250002 0.51773049375 0.13514747656249998 0.51773049375 0.137886953125 0.4737588671875 0.12784220625 0.4737588671875 0.126929046875 0.45531914687499997 0.114144828125 0.45248226718750006 0.11323166874999999 0.4780141859375 0.10410008125 0.47517730625 0.10410008125 0.51773049375 0.1114053515625 0.51773049375 0.1114053515625 0.5347517734375
1 0.3374678109375 0.5163333328124999 0.221330471875 0.5163333328124999 0.221330471875 0.5960666671875 0.3374678109375 0.5960666671875 0.3374678109375 0.5163333328124999
2 0.307360515625 0.48173333281249997 0.24783261875 0.48173333281249997 0.24783261875 0.5118666671875001 0.307360515625 0.5118666671875001 0.307360515625 0.48173333281249997
5 0.2201287546875 0.514 0.17583690937500002 0.514 0.17583690937500002 0.6 0.2201287546875 0.6 0.2201287546875 0.514
5 0.3752145921875 0.5075666671875 0.3392060078125 0.5075666671875 0.3392060078125 0.6021666671875 0.3752145921875 0.6021666671875 0.3752145921875 0.5075666671875
2 0.3876505625 0.6043010734375 0.39041949374999996 0.5655914 0.405648621875 0.5720430140625 0.4042641546875 0.5483871 0.39180396093750003 0.5483871 0.39180396093750003 0.5118279593749999 0.376574828125 0.5096774203125001 0.376574828125 0.6021505406250001 0.3876505625 0.6043010734375
3 0.6783690984375 0.8903333328124999 0.6133047203124999 0.8903333328124999 0.6133047203124999 0.9419333328124999 0.6783690984375 0.9419333328124999 0.6783690984375 0.8903333328124999
3 0.4056652359375 0.8903333328124999 0.31982832656250004 0.8903333328124999 0.31982832656250004 0.9440666671875 0.4056652359375 0.9440666671875 0.4056652359375 0.8903333328124999
3 0.26995708125 0.8859999999999999 0.1633476390625 0.8859999999999999 0.1633476390625 0.9376 0.26995708125 0.9376 0.26995708125 0.8859999999999999
3 0.12321888437499999 0.0516333328125 0.049828326562500004 0.0516333328125 0.049828326562500004 0.0967666671875 0.12321888437499999 0.0967666671875 0.12321888437499999 0.0516333328125
3 0.25888412031249997 0.0516333328125 0.1854935625 0.0516333328125 0.1854935625 0.0967666671875 0.25888412031249997 0.0967666671875 0.25888412031249997 0.0516333328125
3 0.395965665625 0.05376666718749999 0.3225751078125 0.05376666718749999 0.3225751078125 0.0989 0.395965665625 0.0989 0.395965665625 0.05376666718749999
3 0.66454935625 0.2451333328125 0.6230042921875001 0.2451333328125 0.6230042921875001 0.3096666671875 0.66454935625 0.3096666671875 0.66454935625 0.2451333328125
4 0.6749137421875 0.5228758203125 0.656399896875 0.5215686265625 0.6547168234375 0.8875816999999999 0.8962383218750001 0.881045753125 0.8987629406250001 0.2901960796875 0.6648152828125 0.2954248328125 0.6639737421875 0.4522875796875 0.67407220625 0.4522875796875 0.6749137421875 0.5228758203125
3 0.6728540765625 0.4559333328125 0.632725321875 0.4559333328125 0.632725321875 0.5204666671875 0.6728540765625 0.5204666671875 0.6728540765625 0.4559333328125
3 0.80716738125 0.45810000000000006 0.7656223171875001 0.45810000000000006 0.7656223171875001 0.5204333328125 0.80716738125 0.5204333328125 0.80716738125 0.45810000000000006
3 0.46379620624999995 0.9419354859375 0.556555446875 0.9397849468749999 0.5551709828125 0.8903225796875001 0.5357884546875 0.8903225796875001 0.5357884546875 0.6172043 0.5067146609375001 0.6172043 0.508099128125 0.8903225796875001 0.4624117375 0.888172040625 0.46379620624999995 0.9419354859375
4 0.25035765312499997 0.8858585859374999 0.3277409265625 0.8868686859375 0.3270906484375 0.737373740625 0.345948759375 0.7363636328125 0.345948759375 0.6191919203125 0.20288724062500002 0.6202020203124999 0.2015866828125 0.7969697 0.25100793125 0.7969697 0.25035765312499997 0.8858585859374999
2 0.249936884375 0.843137253125 0.25077842499999997 0.819607840625 0.2389968890625 0.8169934671875 0.2389968890625 0.8457516328124999 0.22300765625 0.843137253125 0.2221661203125 0.8588235265625 0.2373138109375 0.857516340625 0.2373138109375 0.88627450625 0.2516199609375 0.8849673203125 0.25077842499999997 0.857516340625 0.2625599609375 0.854901959375 0.2625599609375 0.844444446875 0.249936884375 0.843137253125
2 0.187663046875 0.8562091531249999 0.187663046875 0.8901960796875 0.20449381562500002 0.8901960796875 0.20449381562500002 0.8562091531249999 0.214592275 0.8562091531249999 0.214592275 0.843137253125 0.203652275 0.843137253125 0.20281073749999998 0.8130718937499999 0.1868215109375 0.8143790859375001 0.1868215109375 0.8392156859375 0.175039975 0.8405228734374999 0.1767230515625 0.8562091531249999 0.187663046875 0.8562091531249999
6 0.340823025 0.7529411734375 0.35849533125 0.7529411734375 0.35849533125 0.7385620937499999 0.345872253125 0.7385620937499999 0.3290414890625 0.7385620937499999 0.3307245671875 0.8901960796875 0.33998148437500003 0.8901960796875 0.340823025 0.7529411734375
6 0.6395691328125 0.8901960796875 0.653033746875 0.8901960796875 0.653033746875 0.6 0.6252629828125 0.5986928140625001 0.62610451875 0.618300653125 0.6395691328125 0.619607840625 0.6395691328125 0.8901960796875
3 0.9315829359375 0.33725489999999997 0.9315829359375 0.23660130625 0.902129090625 0.23660130625 0.9004460171875 0.243137253125 0.8895060171875 0.243137253125 0.8895060171875 0.267973853125 0.8962383218750001 0.27973855937500003 0.8970798625 0.33725489999999997 0.9315829359375 0.33725489999999997
6 0.8962231765625001 0.27186666718749997 0.6639484984374999 0.27186666718749997 0.6639484984374999 0.2928 0.8962231765625001 0.2928 0.8962231765625001 0.27186666718749997
6 0.661459228125 0.3124 0.6488412015625 0.3124 0.6488412015625 0.4588 0.661459228125 0.4588 0.661459228125 0.3124
6 0.63283261875 0.4797333328125 0.6033905578125001 0.4797333328125 0.6033905578125001 0.49413333281250005 0.63283261875 0.49413333281250005 0.63283261875 0.4797333328125
6 0.5571030046875001 0.47976666718749994 0.5368884125 0.47976666718749994 0.5368884125 0.4954333328125 0.5571030046875001 0.4954333328125 0.5571030046875001 0.47976666718749994
3 0.2465665234375 0.4810333328125 0.13463519375 0.4810333328125 0.13463519375 0.5097666671875001 0.2465665234375 0.5097666671875001 0.2465665234375 0.4810333328125
4 0.186824034375 0.6195999999999999 0.0875107296875 0.6195999999999999 0.0875107296875 0.8849333328125001 0.186824034375 0.8849333328125001 0.186824034375 0.6195999999999999
4 0.6471459234375 0.2941 0.5293347640625 0.2941 0.5293347640625 0.47709999999999997 0.6471459234375 0.47709999999999997 0.6471459234375 0.2941
1 0.2392918453125 0.8151666671875001 0.20354077187500003 0.8151666671875001 0.20354077187500003 0.8828333328125 0.2392918453125 0.8828333328125 0.2392918453125 0.8151666671875001
6 0.628175965625 0.26843333281250004 0.52495708125 0.26843333281250004 0.52495708125 0.2951666671875 0.628175965625 0.2951666671875 0.628175965625 0.26843333281250004