3 0.1670984453125 0.3997134671875 0.3445595859375 0.402578796875 0.3445595859375 0.3653295125 0.1670984453125 0.36246418281250004 0.17098445625 0.0759312328125 0.22279792812500002 0.077363896875 0.22409326406250002 0.0401146125 0.1347150265625 0.0386819484375 0.1321243515625 0.45415472812499996 0.165803109375 0.45415472812499996 0.1670984453125 0.3997134671875
4 0.845207253125 0.222958453125 0.6784326421875 0.219376790625 0.679242228125 0.0841690546875 0.172441709375 0.07611031562500001 0.16677461093749998 0.364434096875 0.845207253125 0.371597421875 0.845207253125 0.222958453125
7 0.3095854921875 0.0386819484375 0.2253886015625 0.0386819484375 0.2253886015625 0.07879656093750001 0.3095854921875 0.07879656093750001 0.3095854921875 0.0386819484375
7 0.44818652812500004 0.041547278124999996 0.3639896375 0.041547278124999996 0.3639896375 0.081661890625 0.44818652812500004 0.081661890625 0.44818652812500004 0.041547278124999996
3 0.8445595859375 0.371060171875 0.68134715 0.3696275078125 0.68134715 0.402578796875 0.8432642484375 0.4054441265625 0.8419689124999999 0.41690544375 0.879533678125 0.41833810937499993 0.8821243515624999 0.0472779375 0.8044041453125 0.045845271874999996 0.8056994812499999 0.0845272203125 0.8484455953125 0.0845272203125 0.8445595859375 0.371060171875
4 0.8452202078125 0.08239255 0.6946243515625 0.08239255 0.6946243515625 0.20505730625 0.8452202078125 0.20505730625 0.8452202078125 0.08239255
7 0.8044041453125 0.0444126078125 0.721502590625 0.0444126078125 0.721502590625 0.0845272203125 0.8044041453125 0.0845272203125 0.8044041453125 0.0444126078125
3 0.16321243593749998 0.9040114609375 0.16450777187500001 0.6131805156250001 0.6334196890625 0.6160458453125 0.6360103625 0.5830945562500001 0.16450777187500001 0.5759312328124999 0.16450777187500001 0.5014326640625 0.1321243515625 0.5014326640625 0.12823834218750002 0.944126075 0.5531088078125 0.94842406875 0.5531088078125 0.9083094562499999 0.16321243593749998 0.9040114609375
7 0.6347150265625 0.9097421203125 0.551813471875 0.9097421203125 0.551813471875 0.94842406875 0.6347150265625 0.94842406875 0.6347150265625 0.9097421203125
3 0.676165803125 0.618911175 0.8393782390625001 0.618911175 0.8419689124999999 0.91260745 0.8147668390625 0.9140401140625001 0.8147668390625 0.9498567328125 0.8782383421875 0.9512893984374999 0.879533678125 0.4670487109375 0.8458549218750001 0.4670487109375 0.8419689124999999 0.5845272203125 0.676165803125 0.5830945562500001 0.676165803125 0.618911175
7 0.8134715031249999 0.91260745 0.7344559578125 0.91260745 0.7344559578125 0.94842406875 0.8134715031249999 0.94842406875 0.8134715031249999 0.91260745
3 0.3665803109375 0.041547278124999996 0.30569948125 0.041547278124999996 0.30569948125 0.0802292265625 0.3665803109375 0.0802292265625 0.3665803109375 0.041547278124999996
3 0.721502590625 0.041547278124999996 0.44689119218749995 0.041547278124999996 0.44689119218749995 0.081661890625 0.721502590625 0.081661890625 0.721502590625 0.041547278124999996
1 0.5294689124999999 0.4826289390625 0.6233808296875 0.481733525 0.6241904140625001 0.406518625 0.1683937828125 0.40204154687500004 0.16434585468750001 0.5757521484375 0.527849740625 0.5802292265625 0.5294689124999999 0.4826289390625
3 0.6360103625 0.366762178125 0.392487046875 0.366762178125 0.392487046875 0.402578796875 0.6360103625 0.402578796875 0.6360103625 0.366762178125
3 0.7357512953125 0.9111747843750001 0.6347150265625 0.9111747843750001 0.6347150265625 0.9512893984374999 0.7357512953125 0.9512893984374999 0.7357512953125 0.9111747843750001
6 0.721502590625 0.75787965625 0.7163212437500001 0.75787965625 0.7163212437500001 0.77363896875 0.8393782390625001 0.7750716328125 0.8393782390625001 0.763610315625 0.7305699484375 0.763610315625 0.731865284375 0.6733524359375 0.64766839375 0.6747851 0.6463730562500001 0.6876790828125 0.721502590625 0.6876790828125 0.721502590625 0.75787965625
6 0.6904145078124999 0.206303725 0.69300518125 0.077363896875 0.68134715 0.081661890625 0.6787564765625 0.21776504375 0.7590673578125 0.21919770781249998 0.7590673578125 0.2077363890625 0.6904145078124999 0.206303725
4 0.48008419687500004 0.7270773640625 0.497895078125 0.7270773640625 0.497895078125 0.9061604578125 0.6444300515625 0.9088467046875 0.64281088125 0.7593123203125 0.722150259375 0.7584169046875 0.722150259375 0.6894699140625 0.6460492234374999 0.6903653296875001 0.6460492234374999 0.6724570203125 0.722150259375 0.6715616046874999 0.722150259375 0.622313753125 0.165155440625 0.6160458453125 0.16353626875 0.9025787968750001 0.48170336718750006 0.90526504375 0.48008419687500004 0.7270773640625
6 0.49740932656250003 0.7292263609375 0.481865284375 0.7292263609375 0.481865284375 0.9054441265625 0.49740932656250003 0.9054441265625 0.49740932656250003 0.7292263609375
6 0.949481865625 0.8896848140625 0.8756476687499999 0.8896848140625 0.8756476687499999 0.9197707734374999 0.949481865625 0.9197707734374999 0.949481865625 0.8896848140625
6 0.9520725390625 0.351002865625 0.879533678125 0.351002865625 0.879533678125 0.375358165625 0.9520725390625 0.375358165625 0.9520725390625 0.351002865625
6 0.6554404140625001 0.772206303125 0.674870465625 0.772206303125 0.6735751296875 0.76217765 0.6437823828125 0.763610315625 0.6463730562500001 0.9111747843750001 0.6554404140625001 0.9097421203125 0.6554404140625001 0.772206303125
6 0.5424222796875 0.4969555875 0.5796632125000001 0.49874641875 0.5804727984375 0.51038681875 0.5893782390625 0.5085959890625 0.5893782390625 0.49874641875 0.6274287562499999 0.49785100312499997 0.6258095859374999 0.4835243546875 0.5294689124999999 0.4835243546875 0.5302784968750001 0.5811246421875 0.5424222796875 0.5811246421875 0.5424222796875 0.4969555875
0 0.6241968906250001 0.5005300859374999 0.591813471875 0.5005300859374999 0.591813471875 0.5811318046875 0.6241968906250001 0.5811318046875 0.6241968906250001 0.5005300859374999
2 0.6144753890625 0.533667621875 0.6225712437500001 0.5318767906249999 0.6225712437500001 0.5453080234375001 0.6355246109375 0.5462034390625 0.6355246109375 0.53277220625 0.643620465625 0.53277220625 0.64281088125 0.5211318046875 0.6355246109375 0.5211318046875 0.6355246109375 0.5014326640625 0.6233808296875 0.5014326640625 0.6233808296875 0.5220272203125 0.6169041453124999 0.5220272203125 0.6144753890625 0.533667621875
6 0.6334196890625 0.468481375 0.6269430046875 0.468481375 0.6269430046875 0.5 0.6334196890625 0.5 0.6334196890625 0.468481375
0 0.57884715 0.49696274999999995 0.5432253890625 0.49696274999999995 0.5432253890625 0.5802292265625 0.57884715 0.5802292265625 0.57884715 0.49696274999999995
6 0.5877590671874999 0.5444126078125 0.5796632125000001 0.5435171921874999 0.5788536265625 0.5811246421875 0.5877590671874999 0.5811246421875 0.5877590671874999 0.5444126078125
6 0.6347150265625 0.5472779375 0.62564766875 0.5472779375 0.62564766875 0.5802292265625 0.6347150265625 0.5802292265625 0.6347150265625 0.5472779375
2 0.3659326421875 0.41636819531249997 0.376457253125 0.41815902656250004 0.37726683906249997 0.40472779374999995 0.3902202078125 0.40472779374999995 0.39183937812499997 0.3653295125 0.37564766875 0.3653295125 0.37564766875 0.3545845265625 0.3659326421875 0.35189828125 0.3659326421875 0.3617478515625 0.344073834375 0.36353868125 0.34326424843750003 0.4029369625 0.3659326421875 0.403832378125 0.3659326421875 0.41636819531249997
2 0.12143782343750001 0.47994269375 0.1279145078125 0.481733525 0.12872409375 0.50053725 0.16758419687499998 0.50053725 0.16758419687499998 0.481733525 0.1732512953125 0.481733525 0.1732512953125 0.4700931234375 0.165155440625 0.4700931234375 0.1659650265625 0.4548710609375 0.13034326406250002 0.455766475 0.129533678125 0.47188395468750005 0.12143782343750001 0.47188395468750005 0.12143782343750001 0.47994269375
4 0.8403626937500001 0.7736246421875 0.6565803109374999 0.7736246421875 0.6565803109374999 0.9088395421875 0.8403626937500001 0.9088395421875 0.8403626937500001 0.7736246421875
2 0.701910621875 0.787965615625 0.7011010359375 0.776325215625 0.7156735750000001 0.772743553125 0.7156735750000001 0.7584169046875 0.6986722796875 0.7584169046875 0.697053109375 0.7449856734375 0.688957253125 0.7449856734375 0.688957253125 0.756626075 0.67276554375 0.7593123203125 0.674384715625 0.772743553125 0.6849093265625 0.772743553125 0.6873380828125 0.787965615625 0.701910621875 0.787965615625
2 0.7124352328125 0.6527578796875 0.7229598453125 0.6545487109375 0.7229598453125 0.6715616046874999 0.7359132125000001 0.6724570203125 0.7359132125000001 0.6536532953124999 0.742389896875 0.6536532953124999 0.7440090671874999 0.6402220625 0.7342940421875 0.6393266468750001 0.7342940421875 0.627686246875 0.724579015625 0.62679083125 0.7237694296875 0.6384312328124999 0.7140544046875 0.6384312328124999 0.7124352328125 0.6527578796875
2 0.6104274609375 0.4486031515625 0.6217616578125 0.4486031515625 0.6217616578125 0.4674068765625 0.6371437828125 0.46830229218749997 0.636334196875 0.44681232031249996 0.6452396375 0.44681232031249996 0.6460492234374999 0.4342765046875 0.638762953125 0.4342765046875 0.6379533671875001 0.406518625 0.625 0.405623209375 0.6241904140625001 0.43517192031249996 0.611237046875 0.43517192031249996 0.6104274609375 0.4486031515625
2 0.8427784968750001 0.4486031515625 0.8419689124999999 0.46830229218749997 0.8808290156249999 0.46830229218749997 0.8808290156249999 0.45128939843750004 0.8921632125000001 0.4503939828125 0.8921632125000001 0.43517192031249996 0.8800194296875 0.43517192031249996 0.8808290156249999 0.41815902656250004 0.8427784968750001 0.41636819531249997 0.8419689124999999 0.4360673359375 0.8314443 0.43785816562499996 0.8314443 0.45128939843750004 0.8427784968750001 0.4486031515625
6 0.846023315625 0.2041690546875 0.7998834203125 0.2041690546875 0.7998834203125 0.2193839546875 0.846023315625 0.2193839546875 0.846023315625 0.2041690546875
5 0.7901683937499999 0.40563037187499995 0.637966321875 0.40563037187499995 0.637966321875 0.583825215625 0.7901683937499999 0.583825215625 0.7901683937499999 0.40563037187499995
2 0.6816839375 0.36800859531249996 0.6339119171875 0.36800859531249996 0.6339119171875 0.40563037187499995 0.6816839375 0.40563037187499995 0.6816839375 0.36800859531249996
2 0.6759974093750001 0.5820200578125 0.6338989640625 0.5820200578125 0.6338989640625 0.618724928125 0.6759974093750001 0.618724928125 0.6759974093750001 0.5820200578125
6 0.73348445625 0.61782235 0.7237694296875 0.61782235 0.7237694296875 0.6276790828125 0.73348445625 0.6276790828125 0.73348445625 0.61782235
1 0.8436010359375 0.4074068765625 0.7917875640625 0.4074068765625 0.7917875640625 0.582908309375 0.8436010359375 0.582908309375 0.8436010359375 0.4074068765625
2 0.568329015625 0.5345630375 0.57723445625 0.5345630375 0.5764248703125 0.5444126078125 0.5918069953125 0.5453080234375001 0.5918069953125 0.53277220625 0.5982836781249999 0.53277220625 0.5982836781249999 0.5238180515625 0.5918069953125 0.5211318046875 0.590997409375 0.5094914046875 0.57723445625 0.5094914046875 0.5780440421875 0.5211318046875 0.5691386015625 0.5220272203125 0.568329015625 0.5345630375
4 0.840349740625 0.6223065906249999 0.7350906734375 0.6223065906249999 0.7350906734375 0.7619914046875 0.840349740625 0.7619914046875 0.840349740625 0.6223065906249999
2 0.800673575 0.2077363890625 0.7593782390625 0.2077363890625 0.7593782390625 0.22028653281250002 0.800673575 0.22028653281250002 0.800673575 0.2077363890625
6 0.074481865625 0.4405444125 0.129533678125 0.4405444125 0.129533678125 0.41636819531249997 0.0582901546875 0.41726361093750003 0.0550518140625 0.6384312328124999 0.0736722796875 0.6384312328124999 0.074481865625 0.4405444125
5 0.1295466328125 0.44143266406250004 0.07449481875 0.44143266406250004 0.07449481875 0.6975358171875 0.1295466328125 0.6975358171875 0.1295466328125 0.44143266406250004
2 0.038860103125 0.6697707734375 0.05262305625 0.6706661890625 0.054242228125 0.6903653296875001 0.07286269375 0.6912607453125 0.07286269375 0.6715616046874999 0.0858160625 0.6697707734375 0.0850064765625 0.659921203125 0.07286269375 0.6590257875 0.07286269375 0.641117478125 0.054242228125 0.641117478125 0.051813471874999996 0.6572349562500001 0.0396696890625 0.6563395421875 0.038860103125 0.6697707734375
6 0.07286269375 0.7002149 0.07286269375 0.6912607453125 0.0558613984375 0.6912607453125 0.0550518140625 0.7288681953125 0.129533678125 0.7252865328125 0.129533678125 0.6993194843749999 0.07286269375 0.7002149