7 0.7273482953125 0.017887596875 0.591379884375 0.017887596875 0.591379884375 0.063036671875 0.7273482953125 0.063036671875 0.7273482953125 0.017887596875
7 0.4037531171875 0.12011329687500001 0.3402202828125 0.12011329687500001 0.3402202828125 0.16483601718750002 0.4037531171875 0.16483601718750002 0.4037531171875 0.12011329687500001
7 0.7427867828125 0.9161776984375001 0.5783187859375001 0.9161776984375001 0.5783187859375001 0.9617531312500001 0.7427867828125 0.9617531312500001 0.7427867828125 0.9161776984375001
3 0.9226932671875 0.914898628125 0.7427847046875 0.914898628125 0.7427847046875 0.9617501484375 0.9226932671875 0.9617501484375 0.9226932671875 0.914898628125
7 0.151012053125 0.6012731062500001 0.085895678125 0.6012731062500001 0.085895678125 0.719042934375 0.151012053125 0.719042934375 0.151012053125 0.6012731062500001
7 0.151012053125 0.2852310671875 0.087973815625 0.2852310671875 0.087973815625 0.40200804999999995 0.151012053125 0.40200804999999995 0.151012053125 0.2852310671875
6 0.9344693812499999 0.48847147656249995 0.885965640625 0.48648379999999997 0.8880437796875 0.1063406875 0.831241340625 0.10534684999999999 0.829855915625 0.1485788109375 0.8457883078125 0.1480818921875 0.8457883078125 0.155535678125 0.6393599328125 0.1560325984375 0.6372817953125 0.16497714218749998 0.6739955671875 0.163983303125 0.6733028546875001 0.22162591874999998 0.68507896875 0.22162591874999998 0.6857716828125 0.1644802234375 0.84371016875 0.163983303125 0.8423385984375 0.330451203125 0.7772236078125 0.330451203125 0.774438903125 0.339395746875 0.8430174562499999 0.338898828125 0.8430174562499999 0.4134366921875 0.773746190625 0.4134366921875 0.775824328125 0.42138739843749995 0.8409393187499999 0.42138739843749995 0.8423247437500001 0.48698071875000004 0.68438625625 0.48648379999999997 0.6857716828125 0.4228781546875 0.6982405093749999 0.4223812359375 0.6989332218750001 0.4139336109375 0.68507896875 0.4129397734375 0.68507896875 0.339395746875 0.6996259359375 0.338898828125 0.6996397890625 0.331445040625 0.68507896875 0.330948121875 0.68646439375 0.273802425 0.6739955671875 0.27330550625 0.6733028546875001 0.48747763906249997 0.5652535328125 0.48698071875000004 0.5673316703125 0.5165474062500001 0.8457883078125 0.516795865625 0.8457883078125 0.7483601671875 0.885965640625 0.7488570859375 0.8866583546875001 0.516298946875 0.9344555281250001 0.516298946875 0.9344693812499999 0.48847147656249995
4 0.36263507968750003 0.5187835421875 0.1506650046875 0.517292784375 0.1506650046875 0.8370602265624999 0.5101828765625 0.8355694687499999 0.5112219453125 0.9168157421875 0.8291770578125 0.913834228125 0.8312551953125 0.745378653125 0.8426849546874999 0.74612403125 0.8447630921875 0.5180381640625 0.5642144640625 0.5187835421875 0.5631753953125 0.48598688125 0.6712385703125 0.486732259375 0.6722776390625 0.1662194390625 0.1537822109375 0.1662194390625 0.1506650046875 0.48598688125 0.3636741484375 0.48598688125 0.36263507968750003 0.5187835421875
2 0.599196453125 0.190320015625 0.6054308671874999 0.190816934375 0.6047381546875 0.1654740609375 0.635910225 0.16497714218749998 0.6379883625 0.1565295171875 0.6054308671874999 0.1565295171875 0.6054308671874999 0.13068972343750002 0.5998891656249999 0.1301928046875 0.6005818781250001 0.15702643593750001 0.570102521875 0.1560325984375 0.5666389578125 0.1654740609375 0.599196453125 0.1654740609375 0.599196453125 0.190320015625
2 0.635910225 0.24796263125 0.6705458578125 0.24796263125 0.6705458578125 0.27280858750000003 0.6864782484374999 0.27280858750000003 0.6864782484374999 0.24696879374999997 0.7231920203125 0.2474657125 0.7231920203125 0.243987278125 0.6871709609375001 0.243987278125 0.6871709609375001 0.22162591874999998 0.6740094203125 0.22162591874999998 0.6719312828125 0.242993440625 0.635910225 0.24349035937500002 0.635910225 0.24796263125
2 0.7391244109375 0.3647386203125 0.7398171234375 0.340389584375 0.7751454703125 0.340389584375 0.7751454703125 0.3299542828125 0.742587975 0.3294573640625 0.7398171234375 0.3026237328125 0.7308118593749999 0.30361757031250003 0.732197284375 0.3289604453125 0.701025215625 0.330451203125 0.7003325015625 0.340389584375 0.733582709375 0.340389584375 0.732889996875 0.365732459375 0.7391244109375 0.3647386203125
2 0.732197284375 0.450705625 0.7398171234375 0.4487179484375 0.7391244109375 0.4223812359375 0.7730673312499999 0.42337507499999993 0.77445275625 0.4134366921875 0.7405098359375 0.4139336109375 0.7398171234375 0.3875969 0.732197284375 0.3866030609375 0.732197284375 0.4129397734375 0.7024106406249999 0.4139336109375 0.7003325015625 0.42387199375 0.732197284375 0.4228781546875 0.732197284375 0.450705625
2 0.308257134375 0.9088650359375 0.3151842609375 0.9088650359375 0.315876975 0.8835221625 0.358132446875 0.88302524375 0.358825159375 0.8368117671874999 0.315876975 0.8373086859375001 0.31656968750000003 0.8109719734375 0.3103352734375 0.8094812171875001 0.308257134375 0.8373086859375001 0.2660016625 0.8373086859375001 0.2660016625 0.8835221625 0.308949846875 0.8845160015625 0.308257134375 0.9088650359375
3 0.2660016625 0.8363148484374999 0.1503186484375 0.8368117671874999 0.1510113609375 0.721029615625 0.0852036578125 0.720035778125 0.0838182328125 0.8850129203125 0.26461623749999996 0.88401908125 0.2660016625 0.8363148484374999
3 0.4481712390625 0.96203538125 0.57701579375 0.96302921875 0.57701579375 0.9158219046875 0.510515378125 0.9163188234374999 0.5112080906250001 0.8368117671874999 0.3595040171875 0.8368117671874999 0.3581185921875 0.8845160015625 0.4488639515625 0.8835221625 0.4481712390625 0.96203538125
3 0.830548628125 0.1043530109375 0.9018980328125 0.10584376874999998 0.9025907453125 0.06211488750000001 1 0.061617968749999995 0.99957051875 0.01689525 0.7280271546875 0.01739216875 0.7280271546875 0.06211488750000001 0.8319340531250001 0.06261180625 0.830548628125 0.1043530109375
3 0.402452203125 0.16497714218749998 0.52159878125 0.1644802234375 0.52367691875 0.06261180625 0.5922554718749999 0.0631087265625 0.591562759375 0.01739216875 0.46133277968749997 0.0178890875 0.4606400671875 0.119260584375 0.40383762812499996 0.119757503125 0.402452203125 0.16497714218749998
6 0.568011221875 0.1565310078125 0.522986284375 0.1565310078125 0.522986284375 0.16497763906250001 0.568011221875 0.16497763906250001 0.568011221875 0.1565310078125
3 0.34010806250000003 0.119260584375 0.0893599328125 0.12025442187499999 0.0886533671875 0.2842377265625 0.15307564375 0.28473464531250003 0.15238293125 0.1654740609375 0.34010806250000003 0.1654740609375 0.34010806250000003 0.119260584375
3 0.8963715703125 0.747367321875 0.8319492937499999 0.747367321875 0.8319492937499999 0.9158228984375001 0.8963715703125 0.9158228984375001 0.8963715703125 0.747367321875
3 0.1503179546875 0.40250447187500005 0.08727971718750001 0.40250447187500005 0.08727971718750001 0.6022659515625 0.1503179546875 0.6022659515625 0.1503179546875 0.40250447187500005
6 0.3615980875 0.4884704828125 0.148933915625 0.4884704828125 0.148933915625 0.516794871875 0.3615980875 0.516794871875 0.3615980875 0.4884704828125
1 0.8426849546874999 0.14982110937499998 0.8302161265624999 0.14833035156250002 0.8312551953125 0.06261180625 0.5257689109375 0.0641025640625 0.5247298421875 0.155038759375 0.8426849546874999 0.15429338125 0.8426849546874999 0.14982110937499998