1 0.8835370250000001 0.33854928281249996 0.6161035234375001 0.23179292187499997 0.5988497484375 0.27493419218750004 0.8648454359375 0.381690553125 0.8835370250000001 0.33854928281249996
6 0.8892882828124999 0.331237203125 0.6211358734375 0.2230184265625 0.6168224296875 0.23106171406249998 0.8849748375000001 0.33781807656249996 0.8892882828124999 0.331237203125
4 0.70740474375 0.3458613625 0.575844715625 0.29248318281249996 0.4895758453125 0.47382275468749996 0.6182602453125 0.5228136875 0.70740474375 0.3458613625
7 0.6994589265625 0.3161897125 0.6374815546875 0.2901741046875 0.62862764375 0.31118671249999996 0.6906050171875 0.33920352343750004 0.6994589265625 0.3161897125
1 0.5492451484374999 0.2646972796875 0.31488137968749996 0.1776835328125 0.30841121562499996 0.1828019890625 0.3479511140625 0.24056741874999998 0.5248023015625 0.3107633796875 0.5492451484374999 0.2646972796875
4 0.1718188359375 0.34074290625 0.1595974109375 0.3517110265625 0.27462257343749996 0.5103831515625 0.40043134374999995 0.43141269375 0.46225736875 0.457004971875 0.5197699499999999 0.34074290625 0.317757009375 0.258847615625 0.30265995625 0.2654284890625 0.2897196265625 0.24422345625 0.296189790625 0.2383737921875 0.286843996875 0.2230184265625 0.14018691562500002 0.30856975625 0.1466570796875 0.3261187484375 0.1581595984375 0.320269084375 0.1718188359375 0.34074290625
7 0.43482538125000003 0.2731639 0.399409740625 0.26015609375 0.3895720609375 0.285171103125 0.42400393437500006 0.2991795078125 0.43482538125000003 0.2731639
3 0.07548526093749999 0.3034513015625 0.06542056093750001 0.309300965625 0.0769230765625 0.3326996203125 0.0970524796875 0.32100029218750004 0.29403306875 0.59447206875 0.3235082671875 0.5783854921875 0.1581595984375 0.35097981875 0.1718188359375 0.33854928281249996 0.1574406890625 0.320269084375 0.1473759890625 0.325387540625 0.1373112859375 0.309300965625 0.1919482390625 0.27859023125000004 0.1768511875 0.25446036875 0.1200575125 0.2888271421875 0.0783608921875 0.22594325781250002 0.04529115625 0.245685871875 0.04529115625 0.2610412390625 0.07548526093749999 0.3034513015625
7 0.2351205125 0.2201320796875 0.176094440625 0.25415249218749997 0.19085095937500002 0.2761657 0.25086079687499996 0.2411446859375 0.2351205125 0.2201320796875
4 0.240115025 0.5228136875 0.09417685 0.322462709375 0.04529115625 0.352442234375 0.046010065625 0.5140391921874999 0.109273903125 0.60251535625 0.240115025 0.5228136875
7 0.07575012343750001 0.33219931874999997 0.0629611421875 0.3091855109375 0.043285784375000004 0.3181909140625 0.043285784375000004 0.353211928125 0.07575012343750001 0.33219931874999997
3 0.41193385937500004 0.8949985375 0.42703091249999997 0.9183971921875 0.43637670625 0.9147411515625 0.45722501875 0.9461830953125 0.5010783609375 0.9461830953125 0.4615384609375 0.88988008125 0.5470884265625 0.717315003125 0.513299784375 0.7041532609375001 0.47232207031250006 0.7911670078124999 0.3702372390625 0.6441942093749999 0.3465132984375 0.657355953125 0.455787203125 0.8174904937499999 0.42127965468750006 0.8913424984375 0.41193385937500004 0.8949985375
4 0.4565061109375 0.816028078125 0.3587347234375 0.677829775 0.21423436406250002 0.76118748125 0.3429187625 0.933752559375 0.4205607484375 0.88988008125 0.4565061109375 0.816028078125
7 0.410231184375 0.8955373234374999 0.35317265 0.927556534375 0.363994096875 0.946567940625 0.38268568593749996 0.9445667390624999 0.4269552390625 0.9175505296875001 0.410231184375 0.8955373234374999
4 0.9820273171875 0.6997660140625 0.9863407625 0.7004972203125 0.9856218546875001 0.457004971875 0.882818115625 0.41459491093749995 0.8166786484375 0.55791166875 0.9453630484375 0.6076338125 0.9820273171875 0.6997660140625
7 0.9788489921875 0.4292575546875 0.9149040828125001 0.40424254531250003 0.906050171875 0.42525515468749997 0.972946384375 0.4512707625 0.9788489921875 0.4292575546875
3 0.7217828890625 0.6770985671875 0.7519769937499999 0.685141853125 0.8835370250000001 0.41459491093749995 0.9072609625 0.42336940624999997 0.91660675625 0.4050892078125 0.9043853343749999 0.40070195937499997 0.9360172546875001 0.3465925703125 0.8878504671874999 0.3261187484375 0.8626887140624999 0.381690553125 0.8346513312500001 0.368528809375 0.8274622578124999 0.39412108749999997 0.8547807328125 0.4050892078125 0.7217828890625 0.6770985671875
4 0.75557153125 0.51184556875 0.7943925234375 0.5286633515625 0.8569374546875 0.40435800000000005 0.718188353125 0.3480549859375 0.6498921640625 0.494296578125 0.7455068296875 0.5308569750000001 0.75557153125 0.51184556875
7 0.7978357109374999 0.357214328125 0.7673389078125 0.34420652500000004 0.7565174609375 0.3642185296875 0.7909493359375 0.37622573593749997 0.7978357109374999 0.357214328125
2 0.3565780015625 0.29248318281249996 0.365923796875 0.2954080140625 0.37311286875 0.28443989531249997 0.3874910125 0.28955834999999996 0.40115025156249995 0.2610412390625 0.3860532 0.253729159375 0.39108555 0.23910500156249997 0.3860532 0.23764258593749998 0.379583034375 0.2515355359375 0.3652048875 0.245685871875 0.35226455625 0.27200935937500004 0.365923796875 0.2793214390625 0.3565780015625 0.29248318281249996
2 0.7951114296874999 0.39704592031249997 0.8030194109375 0.40289558437500006 0.810927390625 0.389733840625 0.824586628125 0.3963147109375 0.8353702375 0.368528809375 0.8253055359375001 0.36341035312500003 0.83105679375 0.3502486109375 0.8209920921875 0.34513015625 0.81380301875 0.358291896875 0.8001437812500001 0.352442234375 0.7900790796875 0.37657209687500004 0.8030194109375 0.384615384375 0.7951114296874999 0.39704592031249997
6 0.584471603125 0.51184556875 0.5808770671875 0.5198888562499999 0.624011503125 0.5381690546875 0.6427030921875 0.502339865625 0.659956865625 0.5096519453125 0.6642703078125 0.5008774484375 0.6462976281249999 0.494296578125 0.7167505390625 0.3480549859375 0.7081236515625 0.3458613625 0.6168224296875 0.5242761046875 0.584471603125 0.51184556875
1 0.44572250156250004 0.5630301249999999 0.6405463703125001 0.6420005859375 0.7002156734375 0.5250073125 0.64414090625 0.5045334890625 0.626168225 0.5389002625 0.48526240156249995 0.4840596671875 0.44572250156250004 0.5630301249999999
2 0.6764917328125 0.529394559375 0.682242990625 0.5169640249999999 0.69374550625 0.5228136875 0.6994967640625 0.5103831515625 0.6879942484375 0.5059959046875 0.695183321875 0.4928341609375 0.6851186203124999 0.48990933124999997 0.6786484546875 0.5016086578125 0.6649892171875 0.499415034375 0.6613946796875 0.5111143609375 0.6721782890625 0.5147704015625 0.669302659375 0.5257385203125 0.6764917328125 0.529394559375
1 0.9856218546875001 0.8006727109374999 0.4615384609375 0.5930096515625001 0.43350107812500005 0.6515062890625 0.9863407625 0.8723310906249999 0.9856218546875001 0.8006727109374999
0 0.7584471609375 0.6010529390625 0.6872753421875 0.5754606609375 0.6542056078125 0.64858145625 0.7225017984375001 0.67563615 0.7584471609375 0.6010529390625
6 0.7584471609375 0.5995905234375 0.762041696875 0.5922784453125 0.690869878125 0.5652237484375 0.691588784375 0.5608365015625 0.682961896875 0.5608365015625 0.668583753125 0.590816028125 0.6764917328125 0.5973969 0.686556434375 0.5732670375 0.7584471609375 0.5995905234375
2 0.6772106390625 0.5403626781249999 0.6879942484375 0.545481134375 0.682242990625 0.5564492546875 0.6923076921875 0.56229891875 0.7009345796875001 0.550599590625 0.715312725 0.5557180453125 0.71603163125 0.550599590625 0.7030913015625 0.5425563015625 0.70740474375 0.531588184375 0.6973400437499999 0.5272009359375 0.6894320640625 0.5389002625 0.681524084375 0.535244225 0.6772106390625 0.5403626781249999
3 0.895758446875 0.743638490625 0.56362329375 0.6149458890624999 0.5564342203125 0.625914009375 0.8878504671874999 0.7619186906250001 0.895758446875 0.743638490625
6 0.6613946796875 0.6273764265625 0.6534867015625 0.6237203859375 0.6419841828124999 0.644925415625 0.6520488859375 0.647119040625 0.6613946796875 0.6273764265625
2 0.6419841828124999 0.6047089796875 0.6570812375 0.6112898515625 0.6520488859375 0.6222579703125 0.6635514015624999 0.6273764265625 0.67145938125 0.61640830625 0.682961896875 0.622989178125 0.6872753421875 0.613483475 0.6728971968749999 0.6061713953125001 0.6764917328125 0.595203275 0.6671459390625001 0.5915472359375 0.6613946796875 0.6017841484375 0.64917325625 0.5966656921875 0.6419841828124999 0.6047089796875
2 0.5593098484375 0.52793214375 0.5650611062500001 0.51769523125 0.576563621875 0.5235448953125 0.584471603125 0.5103831515625 0.575125809375 0.5045334890625 0.5815959734375 0.49210295468750004 0.5708123640625 0.4877157078125 0.5650611062500001 0.499415034375 0.5528396843750001 0.4964902015625 0.5478073328125 0.507458321875 0.5571531265624999 0.513307984375 0.552120775 0.5235448953125 0.5593098484375 0.52793214375
2 0.5262401156250001 0.6222579703125 0.5319913734374999 0.625914009375 0.5334291875 0.6222579703125 0.5542774984375 0.6281076328124999 0.562185478125 0.612752265625 0.5456506109375 0.6010529390625 0.553558590625 0.5820415328124999 0.5470884265625 0.579847909375 0.5355859109375001 0.598859315625 0.5212077640625 0.5930096515625001 0.5097052484375 0.6105586421875 0.5262401156250001 0.6186019296875 0.5262401156250001 0.6222579703125
1 0.81380301875 0.7092717171875 0.9856218546875001 0.7787364734375 0.9856218546875001 0.711465340625 0.9719626171875 0.7078093 0.9367361609374999 0.6207955546874999 0.8519051046874999 0.585697571875 0.84831056875 0.59447206875 0.8641265265625 0.6032465625000001 0.81380301875 0.7092717171875
2 0.9439252343750001 0.6807546062500001 0.9590222859375 0.6785609828125 0.9640546375 0.6880666859375 0.975557153125 0.6836794390625001 0.97340043125 0.6719801109375 0.9834651328125 0.666130446875 0.9784327812500001 0.6580871593750001 0.9690869875000001 0.663205615625 0.9633357296874999 0.652968703125 0.95470884375 0.65662474375 0.95470884375 0.6697864859375 0.9439252343750001 0.6734425265625 0.9439252343750001 0.6807546062500001
6 0.8411214953125 0.625914009375 0.849029475 0.6303012578125 0.8626887140624999 0.6032465625000001 0.847591659375 0.5959344828125 0.8511861968750001 0.5827727421875 0.938173975 0.6186019296875 0.9539899343749999 0.65662474375 0.9611790078125001 0.652968703125 0.9432063265625 0.6098274359375 0.8152408343750001 0.55791166875 0.8023005031249999 0.58423515625 0.8504672890625 0.6076338125 0.8411214953125 0.625914009375
0 0.849029475 0.606902603125 0.8030194109375 0.585697571875 0.775700934375 0.6398069625 0.824586628125 0.65881836875 0.849029475 0.606902603125
2 0.8181164640624999 0.639075753125 0.8317757015625 0.644925415625 0.8274622578124999 0.6544311203125 0.837526959375 0.6595495765625 0.8439971249999999 0.649312665625 0.855499640625 0.652237496875 0.8576563625 0.6463878328125 0.8454349390625 0.6398069625 0.8497483828125001 0.6303012578125 0.8404025890625 0.62664521875 0.833213515625 0.6376133359375 0.82242990625 0.6324948828125 0.8181164640624999 0.639075753125
2 0.7951114296874999 0.6836794390625001 0.809489575 0.6902603093749999 0.8044572249999999 0.6997660140625 0.8152408343750001 0.7041532609375001 0.8209920921875 0.6946475578125 0.833213515625 0.6997660140625 0.8368080515624999 0.6939163500000001 0.823867721875 0.685141853125 0.8281811640625 0.6749049421875 0.8188353703125 0.6697864859375 0.81236520625 0.6822170234375 0.8023005031249999 0.676367359375 0.7951114296874999 0.6836794390625001
2 0.9000718921875001 0.7918982171875 0.9115744078124999 0.775811640625 0.9288281812499999 0.7816613046875001 0.9388928828124999 0.75826265 0.9216391078124999 0.751681778125 0.930265996875 0.735595203125 0.9237958296875 0.7326703703125 0.91516894375 0.7480257375 0.8971962609374999 0.7429072828125001 0.8878504671874999 0.7648435203124999 0.9043853343749999 0.770693184375 0.8943206312499999 0.7882421765625 0.9000718921875001 0.7918982171875
2 0.8871315609374999 0.9220532312499999 0.8986340765625 0.928634103125 0.8936017250000001 0.94033343125 0.9158878500000001 0.943989471875 0.9187634796875 0.9352149750000001 0.9309849031249999 0.938871015625 0.9352983453125001 0.9352149750000001 0.9187634796875 0.9279028953124999 0.9237958296875 0.9132787359375 0.908698778125 0.9059666578125001 0.9022286125000001 0.917665984375 0.890726096875 0.9118163218750001 0.8871315609374999 0.9220532312499999
3 0.754133715625 0.9461830953125 0.78648454375 0.9454518859375 0.8432782171875 0.8343082781250001 0.8785046734374999 0.8496636437499999 0.8871315609374999 0.8328458609375 0.6901509703125 0.7560690265625001 0.6858375265625 0.77142439375 0.8195542765624999 0.8233401578124999 0.754133715625 0.9461830953125
4 0.7570093453125 0.9366773921875 0.7167505390625 0.9183971921875 0.7268152406249999 0.8971921609375 0.6513299781249999 0.8686750515625 0.6117900781250001 0.9461830953125 0.752695903125 0.9476455093749999 0.7570093453125 0.9366773921875
6 0.72825305625 0.8964609546875 0.718188353125 0.9191284 0.7613227890625 0.9366773921875 0.7749820281249999 0.907429071875 0.7023723937499999 0.8767183390625 0.7081236515625 0.8635565953125001 0.7016534859375 0.8591693484375 0.6923076921875 0.8759871312499999 0.6894320640625 0.8752559218749999 0.6894320640625 0.8811055859374999 0.72825305625 0.8964609546875
1 0.6563623296875 0.8584381406249999 0.69374550625 0.8737935078125 0.7340043140625 0.7918982171875 0.6362329250000001 0.7546066109375 0.6060388203125 0.8174904937499999 0.6635514015624999 0.8423515640625 0.6563623296875 0.8584381406249999
0 0.8145219265625 0.8240713656249999 0.74191229375 0.797016671875 0.7016534859375 0.8759871312499999 0.7742631203125 0.9045042421874999 0.8145219265625 0.8240713656249999
2 0.6894320640625 0.8423515640625 0.70596693125 0.8503948515624999 0.6994967640625 0.8591693484375 0.7102803734375 0.8628253875 0.7210639828125001 0.8511260609375 0.7318475921875 0.8555133078124999 0.7340043140625 0.8496636437499999 0.71962616875 0.843082771875 0.7260963328125001 0.8321146546874999 0.7189072609375 0.8277274046875001 0.70740474375 0.840157940625 0.6966211359375001 0.8321146546874999 0.6894320640625 0.8423515640625
4 0.602444284375 0.9461830953125 0.6506110703125 0.8445451875 0.5902228609375 0.8189529109375 0.6254493171875 0.7494881546875 0.5463695171875 0.719508628125 0.46225736875 0.8906112890625 0.502516175 0.9469143015625001 0.602444284375 0.9461830953125
6 0.602444284375 0.9454518859375 0.6117900781250001 0.9454518859375 0.6513299781249999 0.8664814281250001 0.655643421875 0.8686750515625 0.659956865625 0.862094178125 0.655643421875 0.8577069312500001 0.6613946796875 0.843082771875 0.6520488859375 0.8372331078125 0.64773544375 0.8423515640625 0.6520488859375 0.8474700203125 0.602444284375 0.9454518859375
2 0.620416965625 0.8503948515624999 0.6283249453125 0.8547821000000001 0.6362329250000001 0.8408891484375 0.647016534375 0.84381398125 0.6506110703125 0.83577069375 0.6412652765625 0.8306522375000001 0.647016534375 0.8196841171875 0.6398274609375 0.816028078125 0.631200575 0.8291898218749999 0.619698059375 0.82260895 0.6161035234375001 0.8321146546874999 0.6283249453125 0.839426734375 0.620416965625 0.8503948515624999
2 0.6657081234375 0.8906112890625 0.6728971968749999 0.8767183390625 0.6894320640625 0.8818367953124999 0.6923076921875 0.870868675 0.6786484546875 0.8664814281250001 0.6872753421875 0.8547821000000001 0.6779295484375 0.8503948515624999 0.67145938125 0.861362971875 0.6578001437500001 0.861362971875 0.6542056078125 0.8694062578124999 0.6657081234375 0.8737935078125 0.6621135875 0.8832992109375001 0.6657081234375 0.8906112890625
2 0.64773544375 0.7750804328124999 0.6542056078125 0.7816613046875001 0.6657081234375 0.76703714375 0.682961896875 0.7721555999999999 0.690869878125 0.7531441937500001 0.6757728265625 0.7458321140625 0.682242990625 0.7319391640624999 0.6764917328125 0.7253582921875 0.6657081234375 0.7414448671875 0.647016534375 0.7334015796875 0.6391085546874999 0.7553378171875 0.6563623296875 0.76338110625 0.64773544375 0.7750804328124999
3 0.1847447890625 0.6785609828125 0.1768368078125 0.66247440625 0.0438389640625 0.7414448671875 0.0459956859375 0.8006727109374999 0.153831775 0.9469143015625001 0.18905823125000001 0.9476455093749999 0.049590221875 0.7560690265625001 0.1847447890625 0.6785609828125
1 0.35082674375 0.6705176953125 0.304816678125 0.6076338125 0.11071171718749999 0.7253582921875 0.153846153125 0.7831237203125 0.35082674375 0.6705176953125
4 0.33357296875000003 0.94033343125 0.20416966093750002 0.7677683531249999 0.10496045937500001 0.8262649906249999 0.19122933125 0.9461830953125 0.330697340625 0.9461830953125 0.33357296875000003 0.94033343125
2 0.19410496093750002 0.789704590625 0.1854780734375 0.7787364734375 0.19410496093750002 0.77142439375 0.1897915171875 0.76338110625 0.1804457234375 0.770693184375 0.1675053921875 0.75826265 0.16391085625 0.7619186906250001 0.1710999296875 0.7721555999999999 0.1603163203125 0.7801988875 0.16678648437500002 0.7882421765625 0.1790079078125 0.7809300968749999 0.188353703125 0.7940918406249999 0.19410496093750002 0.789704590625
6 0.3350107828125 0.94033343125 0.340762040625 0.9352149750000001 0.212077640625 0.76118748125 0.24299065468749997 0.7421760734375 0.240115025 0.735595203125 0.19122933125 0.76338110625 0.1948238671875 0.770693184375 0.2048885703125 0.7648435203124999 0.3350107828125 0.94033343125
2 0.27462257343749996 0.74510090625 0.2659956859375 0.7326703703125 0.2789360171875 0.7231646671874999 0.27174694375 0.71219655 0.260244428125 0.72097104375 0.2501797265625 0.7100029234375 0.2437095609375 0.7158525890625 0.2501797265625 0.7268207078125 0.2393961171875 0.7326703703125 0.245147375 0.7429072828125001 0.2566498921875 0.7341327875 0.268871315625 0.7494881546875 0.27462257343749996 0.74510090625
3 0.38677210624999997 0.5630301249999999 0.5104241546875 0.6120210593750001 0.5212077640625 0.5959344828125 0.3853342921875 0.5418250953125 0.3242271734375 0.57619186875 0.2307692296875 0.6288388421875 0.2415528390625 0.644925415625 0.38677210624999997 0.5630301249999999
3 0.6383896484375 0.753875403125 0.6462976281249999 0.7363264109375 0.43134435625 0.6515062890625 0.43493889374999994 0.644925415625 0.42127965468750006 0.6383445453125 0.41624730468750004 0.6515062890625 0.38820992187500003 0.6675928625 0.3961179015625 0.6785609828125 0.41768511718749995 0.6668616562499999 0.6383896484375 0.753875403125
2 0.4140905828125 0.613483475 0.41049604687499996 0.6186019296875 0.42487419062500004 0.62664521875 0.41768511718749995 0.6376133359375 0.43637670625 0.6441942093749999 0.4435657796875 0.6332260890625 0.4543493890625 0.6398069625 0.4565061109375 0.6332260890625 0.44644140937500004 0.625914009375 0.45075485156250006 0.613483475 0.434219984375 0.6076338125 0.4284687265625 0.6186019296875 0.4140905828125 0.613483475
6 0.1322789359375 0.76118748125 0.1250898640625 0.7655747296875 0.1437814515625 0.7918982171875 0.0977713875 0.8189529109375 0.10064701718749999 0.8255337812500001 0.1646297625 0.7867797609375 0.1603163203125 0.7801988875 0.1502516171875 0.7867797609375 0.1322789359375 0.76118748125
1 0.10064701718749999 0.730476746875 0.053918045312499996 0.757531440625 0.0984902953125 0.8189529109375 0.1437814515625 0.7911670078124999 0.10064701718749999 0.730476746875
2 0.1035226453125 0.76118748125 0.11574406875000001 0.7546066109375 0.1229331421875 0.7648435203124999 0.13084112187500002 0.7597250671875 0.12437095625000001 0.7465633234375 0.1344356578125 0.7414448671875 0.1344356578125 0.7370576203125 0.1207764203125 0.743638490625 0.1143062546875 0.7326703703125 0.10496045937500001 0.7363264109375 0.11071171718749999 0.7480257375 0.0992092015625 0.756800234375 0.1035226453125 0.76118748125
0 0.10639827500000001 0.703422053125 0.0582314875 0.6332260890625 0.046010065625 0.6427317921875 0.046010065625 0.73925124375 0.10639827500000001 0.703422053125
1 0.116462975 0.695378765625 0.233644859375 0.62664521875 0.200575125 0.5776542859375 0.1143062546875 0.6281076328124999 0.07117181875 0.5688797890624999 0.04457225 0.5849663656249999 0.04457225 0.59447206875 0.116462975 0.695378765625
2 0.072609634375 0.67563615 0.08483105625000001 0.6705176953125 0.0905823140625 0.6800234 0.10064701718749999 0.67563615 0.094895759375 0.663205615625 0.10496045937500001 0.65662474375 0.10424155312500001 0.649312665625 0.0891445015625 0.657355953125 0.08411215 0.6463878328125 0.07548526093749999 0.652237496875 0.0812365203125 0.66247440625 0.07045291249999999 0.6697864859375 0.072609634375 0.67563615
4 0.2537742640625 0.5418250953125 0.210639828125 0.567417371875 0.245147375 0.6215267625 0.2904385328125 0.5922784453125 0.2537742640625 0.5418250953125
2 0.20632638281250001 0.6120210593750001 0.2171099921875 0.6047089796875 0.22573687968749998 0.6142146828125 0.235082675 0.60836501875 0.2293314171875 0.598859315625 0.2415528390625 0.5915472359375 0.23652048906249998 0.5849663656249999 0.22286125 0.5915472359375 0.21495327031250003 0.579847909375 0.20848310625000002 0.5849663656249999 0.21423436406250002 0.5973969 0.20201294062500003 0.6054401859375 0.20632638281250001 0.6120210593750001
2 0.1854780734375 0.5995905234375 0.1897915171875 0.593740859375 0.1811646296875 0.5827727421875 0.19410496093750002 0.5754606609375 0.1811646296875 0.5564492546875 0.1696621140625 0.56229891875 0.162473040625 0.5513307984375 0.1545650609375 0.55791166875 0.1610352265625 0.56814858125 0.148813803125 0.574729453125 0.16534866875 0.595203275 0.1768511875 0.5886224046875 0.1854780734375 0.5995905234375
6 0.046010065625 0.5308569750000001 0.10424155312500001 0.60836501875 0.109273903125 0.6032465625000001 0.04457225 0.5162328171875 0.046010065625 0.5308569750000001
6 0.047447878124999995 0.6317636734375001 0.04529115625 0.64053816875 0.058950396875 0.6317636734375001 0.07476635468750001 0.652237496875 0.081955428125 0.647119040625 0.058950396875 0.617139515625 0.053199135937499996 0.6207955546874999 0.056793673437500004 0.625914009375 0.047447878124999995 0.6317636734375001
1 0.0447263015625 0.6314502984375 0.054739651562500005 0.626697446875 0.044058745312499994 0.6117599125 0.0447263015625 0.6314502984375
2 0.060388209375 0.5930096515625001 0.04888569375 0.60032173125 0.0431344359375 0.5981281078125 0.0431344359375 0.60836501875 0.0503235078125 0.6207955546874999 0.059669303124999996 0.617139515625 0.0546369515625 0.6061713953125001 0.0639827453125 0.5981281078125 0.060388209375 0.5930096515625001
2 0.042415529687499995 0.5630301249999999 0.0481667875 0.5710734125 0.0431344359375 0.5732670375 0.0438533421875 0.5849663656249999 0.052480229687500005 0.581310325 0.060388209375 0.5900848187500001 0.0647016546875 0.5886224046875 0.0582314875 0.5769230765625 0.07045291249999999 0.5688797890624999 0.06542056093750001 0.5608365015625 0.051042415625000004 0.56814858125 0.04529115625 0.55791166875 0.042415529687499995 0.5630301249999999
2 0.3429187625 0.6090962265625001 0.3206326390625 0.622989178125 0.3457943921875 0.6580871593750001 0.366642703125 0.643463 0.3429187625 0.6090962265625001
1 0.4054636953125 0.4482304765625 0.34723220781249997 0.484790875 0.38677210624999997 0.5389002625 0.41337167499999994 0.5527932140625 0.45722501875 0.4694355078125 0.4054636953125 0.4482304765625
2 0.380301940625 0.47162913125 0.37383177500000003 0.46358584374999995 0.3860532 0.45481134843750004 0.3824586640625 0.44530564375 0.368799425 0.45188651718750006 0.3572969078125 0.440918396875 0.3493889296875 0.446036853125 0.3608914453125 0.45773618125000004 0.3493889296875 0.4643170515625 0.3572969078125 0.4745539640625 0.366642703125 0.467241884375 0.375269590625 0.47601637812500003 0.380301940625 0.47162913125
1 0.33285406093750003 0.48844691406249996 0.2832494609375 0.5198888562499999 0.3227893609375 0.57619186875 0.37598849687499997 0.5440187187500001 0.33285406093750003 0.48844691406249996
2 0.34723220781249997 0.529394559375 0.3572969078125 0.52208248125 0.3652048875 0.5337818078125001 0.37670740625 0.52793214375 0.3680805171875 0.5140391921874999 0.3810208484375 0.507458321875 0.3774263125 0.5008774484375 0.362329259375 0.5067271140625 0.35442127968750003 0.4964902015625 0.3457943921875 0.5030710734375 0.35082674375 0.5147704015625 0.34148095 0.5206200640625 0.34723220781249997 0.529394559375
2 0.48023005 0.49064053750000003 0.4529115734375 0.48040362812500004 0.4277498203125 0.5330505984375 0.4529115734375 0.544749928125 0.48023005 0.49064053750000003
2 0.176132278125 0.663205615625 0.18763479375 0.6800234 0.24083393281249998 0.645656625 0.23148813906250001 0.6281076328124999 0.176132278125 0.663205615625
3 0.3005032359375 0.2383737921875 0.29331416250000003 0.2434922484375 0.3076923078125 0.2646972796875 0.3156002875 0.258116409375 0.3501078359375 0.2712781515625 0.36448598125 0.245685871875 0.34867002187499996 0.241298625 0.30194105000000004 0.180608365625 0.23652048906249998 0.21936238593750002 0.2537742640625 0.24202983281249998 0.286843996875 0.2230184265625 0.3005032359375 0.2383737921875
3 0.4529115734375 0.47967241875 0.47951114375000004 0.49210295468750004 0.5744069015625 0.291020765625 0.6290438546875 0.31295700625 0.63551401875 0.291020765625 0.5959741203125 0.27639660625 0.620416965625 0.2200935953125 0.5830337890624999 0.2054694359375 0.5255212078125 0.312225796875 0.43493889374999994 0.2727405671875 0.42487419062500004 0.2976016390625 0.5197699499999999 0.3400117 0.4529115734375 0.47967241875
6 0.5478073328125 0.2646972796875 0.553558590625 0.2559227859375 0.31991373125 0.16525299843750002 0.30194105000000004 0.1762211171875 0.30625449374999997 0.1828019890625 0.3156002875 0.175489909375 0.5478073328125 0.2646972796875
3 0.767074046875 0.3429365296875 0.7016534859375 0.3158818359375 0.691588784375 0.33708686718749997 0.7577282515625 0.36341035312500003 0.767074046875 0.3429365296875
3 0.4529115734375 0.5469435515625001 0.4277498203125 0.534513015625 0.4148094890625 0.553524421875 0.4442846875 0.5652237484375 0.4529115734375 0.5469435515625001
3 0.9870596687500001 0.4321439015625 0.9798705968749999 0.4284878609375 0.9741193390625 0.4511553078125 0.989216390625 0.45919859687500003 0.9870596687500001 0.4321439015625
1 0.9202012937499999 0.888417665625 0.9144500359375 0.8840304187499999 0.9202012937499999 0.8686750515625 0.8447160312499999 0.8343082781250001 0.787922359375 0.9454518859375 0.890726096875 0.943989471875 0.9202012937499999 0.888417665625
2 0.8878504671874999 0.83357706875 0.8792235796875 0.8474700203125 0.9180445718750001 0.86575021875 0.928109275 0.8496636437499999 0.8878504671874999 0.83357706875
3 0.9137311296874999 0.8832992109375001 0.9870596687500001 0.9147411515625 0.9863407625 0.893536121875 0.9453630484375 0.8759871312499999 0.9539899343749999 0.8591693484375 0.928109275 0.848201228125 0.91660675625 0.8650190109375 0.9216391078124999 0.86794384375 0.9137311296874999 0.8832992109375001
6 0.9352983453125001 0.893536121875 0.922358015625 0.8869552515624999 0.9101365921875001 0.9066978656250001 0.9230769234375 0.91620356875 0.9352983453125001 0.893536121875
3 0.9856218546875001 0.7816613046875001 0.939611790625 0.76118748125 0.931703809375 0.7772740578125 0.9856218546875001 0.8014039203125 0.9856218546875001 0.7816613046875001
6 0.9805895046875 0.7004972203125 0.974838246875 0.685141853125 0.966211359375 0.68879789375 0.97340043125 0.7070780937500001 0.9863407625 0.71219655 0.9870596687500001 0.703422053125 0.9805895046875 0.7004972203125
1 0.8181164640624999 0.6697864859375 0.7713874921875 0.650043871875 0.754133715625 0.6866042703125 0.8008626874999999 0.7048844703125 0.8181164640624999 0.6697864859375
6 0.820273184375 0.67271131875 0.8274622578124999 0.6741737359375 0.8346513312500001 0.6610119921875001 0.8274622578124999 0.6558935359375 0.824586628125 0.6610119921875001 0.776419840625 0.6398069625 0.7721063984375001 0.64858145625 0.821711 0.6690552796875 0.820273184375 0.67271131875
0 0.77713875 0.558642878125 0.7117181890625 0.53012576875 0.6944644156249999 0.5644925421875 0.7634795109375 0.5915472359375 0.77713875 0.558642878125
6 0.6994967640625 0.5286633515625 0.70740474375 0.531588184375 0.7102803734375 0.52793214375 0.7807332859375 0.55791166875 0.7936736171875001 0.53012576875 0.75557153125 0.51184556875 0.7455068296875 0.5330505984375 0.6994967640625 0.5147704015625 0.695902228125 0.521351271875 0.7016534859375 0.5228136875 0.6994967640625 0.5286633515625
6 0.5506829625 0.49868382499999997 0.48885693906250005 0.47528517187499997 0.486700215625 0.4840596671875 0.5470884265625 0.5089207375 0.5506829625 0.49868382499999997
6 0.7340043140625 0.7918982171875 0.7167505390625 0.8277274046875001 0.7253774265625 0.8328458609375 0.74191229375 0.7955542546875 0.7340043140625 0.7918982171875
6 0.6031631921875 0.8174904937499999 0.63551401875 0.7546066109375 0.6276060390625 0.7494881546875 0.5916606765625 0.821146534375 0.6161035234375001 0.8321146546874999 0.620416965625 0.8233401578124999 0.6031631921875 0.8174904937499999
6 0.35154565 0.6705176953125 0.27462257343749996 0.7143901734375 0.2789360171875 0.7217022531249999 0.3565780015625 0.6785609828125 0.35154565 0.6705176953125
3 0.33141624687500004 0.943989471875 0.3652048875 0.9476455093749999 0.35442127968750003 0.9293653125000001 0.33141624687500004 0.943989471875
6 0.4586484546875 0.467241884375 0.4593673609375 0.45919859687500003 0.40185478124999996 0.434337525 0.3831631921875 0.4467680609375 0.38963335625 0.45334893125000003 0.40544931718750005 0.4467680609375 0.4586484546875 0.467241884375
6 0.347217828125 0.5030710734375 0.35368799375000004 0.4972214109375 0.34362329375 0.4825972515625 0.355125809375 0.4745539640625 0.3493745515625 0.467241884375 0.2724514734375 0.512576778125 0.27820273281249996 0.5206200640625 0.333558590625 0.486253290625 0.347217828125 0.5030710734375
6 0.3759741203125 0.529394559375 0.3702228609375 0.5323193921875 0.3802875625 0.5462123421875 0.38747663593750004 0.5418250953125 0.3759741203125 0.529394559375
6 0.2048885703125 0.5688797890624999 0.1991373125 0.5718046218749999 0.2077641984375 0.5864287796875 0.21351545624999999 0.5827727421875 0.2048885703125 0.5688797890624999
6 0.233644859375 0.60836501875 0.2293314171875 0.613483475 0.235082675 0.625914009375 0.24299065468749997 0.622989178125 0.233644859375 0.60836501875
3 0.34363767031250003 0.6105586421875 0.3350107828125 0.593740859375 0.3069734 0.6090962265625001 0.31919482499999996 0.62445159375 0.34363767031250003 0.6105586421875
6 0.094895759375 0.6800234 0.109273903125 0.703422053125 0.116462975 0.6968411828125001 0.0999281078125 0.676367359375 0.094895759375 0.6800234
3 0.2437095609375 0.5242761046875 0.1840402578125 0.5571804625000001 0.19410496093750002 0.5769230765625 0.2537742640625 0.5403626781249999 0.2437095609375 0.5242761046875
3 0.161754134375 0.593740859375 0.15097052500000002 0.5754606609375 0.10424155312500001 0.60836501875 0.11502516250000001 0.622989178125 0.161754134375 0.593740859375
1 0.046010065625 0.5323193921875 0.04529115625 0.5688797890624999 0.0639827453125 0.5571804625000001 0.046010065625 0.5323193921875
3 0.442127965625 0.5864287796875 0.43350107812500005 0.6076338125 0.44859813125 0.613483475 0.45938174062500003 0.593740859375 0.442127965625 0.5864287796875
1 0.43997124374999996 0.5849663656249999 0.38677210624999997 0.5644925421875 0.33644859843749997 0.593740859375 0.38820992187500003 0.666130446875 0.41624730468750004 0.647119040625 0.43997124374999996 0.5849663656249999
3 0.988497484375 0.8737935078125 0.9532710281250001 0.8606317640625001 0.9424874187500001 0.8737935078125 0.9863407625 0.8928049140625 0.988497484375 0.8737935078125
1 0.3853342921875 0.943989471875 0.45866283125 0.9461830953125 0.43493889374999994 0.91620356875 0.3853342921875 0.943989471875
1 0.41768511718749995 0.668324071875 0.3968368078125 0.679292190625 0.47232207031250006 0.7860485515625 0.5111430609375 0.7041532609375001 0.41768511718749995 0.668324071875
6 0.1008010671875 0.7271863125 0.10547396406250001 0.736692015625 0.114152203125 0.7305812046875 0.1101468609375 0.722433459375 0.1008010671875 0.7271863125