7 0.30868098125 0.086451246875 0.1572085890625 0.086451246875 0.1572085890625 0.140306121875 0.30868098125 0.140306121875 0.30868098125 0.086451246875
7 0.5809049078124999 0.08504535156250001 0.46394171718750005 0.08504535156250001 0.46394171718750005 0.1389002265625 0.5809049078124999 0.1389002265625 0.5809049078124999 0.08504535156250001
7 0.81865030625 0.086451246875 0.6825153375 0.086451246875 0.6825153375 0.140306121875 0.81865030625 0.140306121875 0.81865030625 0.086451246875
7 0.30292944843749997 0.9141156468749999 0.1571932515625 0.9141156468749999 0.1571932515625 0.9637074828125 0.30292944843749997 0.9637074828125 0.30292944843749997 0.9141156468749999
3 0.1591257671875 0.911269840625 0.0728374234375 0.911269840625 0.0728374234375 0.9665532875 0.1591257671875 0.9665532875 0.1591257671875 0.911269840625
3 0.4198619625 0.9126984125 0.3028987734375 0.9126984125 0.3028987734375 0.9679818593749999 0.4198619625 0.9679818593749999 0.4198619625 0.9126984125
3 0.1591257671875 0.0836167796875 0.07860429375 0.0836167796875 0.07860429375 0.1374716546875 0.1591257671875 0.1374716546875 0.1591257671875 0.0836167796875
3 0.400690184375 0.08504535156250001 0.3048312890625 0.08504535156250001 0.3048312890625 0.1389002265625 0.400690184375 0.1389002265625 0.400690184375 0.08504535156250001
3 0.68634969375 0.0836167796875 0.5789877296875 0.0836167796875 0.5789877296875 0.1374716546875 0.68634969375 0.1374716546875 0.68634969375 0.0836167796875
3 0.935598159375 0.08362811718749999 0.816733128125 0.08362811718749999 0.816733128125 0.1403174609375 0.935598159375 0.1403174609375 0.935598159375 0.08362811718749999
1 0.6403527609374999 0.034024943749999995 0.34510736249999996 0.034024943749999995 0.34510736249999996 0.082210884375 0.6403527609374999 0.082210884375 0.6403527609374999 0.034024943749999995
4 0.350567484375 0.5984920640625 0.145690184375 0.5984920640625 0.145690184375 0.9118934234375 0.350567484375 0.9118934234375 0.350567484375 0.5984920640625
2 0.3056529359375 0.6146744421875 0.31770377031249997 0.6146744421875 0.3166082390625 0.601716878125 0.34947414375 0.5992873328125 0.3461875546875 0.5814706828125 0.31770377031249997 0.5798509890625 0.31770377031249997 0.5685131203125 0.3056529359375 0.5677032718749999 0.3056529359375 0.5798509890625 0.27716915000000003 0.5798509890625 0.2749780890625 0.6025267249999999 0.307843996875 0.6025267249999999 0.3056529359375 0.6146744421875
2 0.22677475781249998 0.48995788906250004 0.2399211234375 0.48995788906250004 0.2399211234375 0.5077745375 0.259640665625 0.5085843859375 0.260736196875 0.48914804062500006 0.2793602109375 0.486718496875 0.2793602109375 0.477810171875 0.2618317265625 0.477000325 0.2618317265625 0.46080337031249996 0.24320771093750002 0.4575639765625 0.2388255921875 0.477810171875 0.2256792296875 0.4761904765625 0.22677475781249998 0.48995788906250004
1 0.258545134375 0.5798509890625 0.35056967499999997 0.58228053125 0.35056967499999997 0.5442176875 0.3319456625 0.545027534375 0.3319456625 0.5166828640625 0.6825153375 0.5166828640625 0.6825153375 0.5247813406249999 0.74386503125 0.5247813406249999 0.74386503125 0.4324586984375 0.7241454875 0.4308390015625 0.725241015625 0.2518626515625 0.6419807171875 0.2518626515625 0.645267309375 0.45189504375 0.258545134375 0.4535147390625 0.258545134375 0.5798509890625
2 0.4108238375 0.4632329109375 0.428352321875 0.4632329109375 0.428352321875 0.45432458750000004 0.45902716874999994 0.4551344359375 0.45902716874999994 0.43164885000000003 0.42506573281250004 0.4324586984375 0.42616126093749995 0.42112082968750003 0.40863277968749995 0.41950113437500003 0.40863277968749995 0.43164885000000003 0.3790534625 0.43164885000000003 0.3790534625 0.452704890625 0.41301489843750006 0.45432458750000004 0.4108238375 0.4632329109375
2 0.2925065734375 0.42112082968750003 0.29141104218749997 0.43164885000000003 0.258545134375 0.43164885000000003 0.260736196875 0.45189504375 0.2957931625 0.452704890625 0.2957931625 0.4624230640625 0.3056529359375 0.4624230640625 0.307843996875 0.4551344359375 0.3407099046875 0.45432458750000004 0.3407099046875 0.43164885000000003 0.307843996875 0.43164885000000003 0.308939528125 0.42112082968750003 0.2925065734375 0.42112082968750003
2 0.7318142 0.4802397140625 0.74167396875 0.48590864843750003 0.7394829109375001 0.5085843859375 0.7800175281249999 0.5077745375 0.7811130578125 0.4842889546875 0.7931638921874999 0.48347910625 0.7920683625 0.4721412375 0.7811130578125 0.4721412375 0.7800175281249999 0.4494655015625 0.7449605609375001 0.4494655015625 0.7449605609375001 0.4721412375 0.7340052578125 0.47376093125 0.7318142 0.4802397140625
2 0.6978527609375 0.33932620625 0.7208588953125 0.33932620625 0.7208588953125 0.35552316093749997 0.74934268125 0.35552316093749997 0.74934268125 0.33932620625 0.7701577578125 0.34175575 0.7701577578125 0.3287981859375 0.7504382109375001 0.32960803437499997 0.7504382109375001 0.315840621875 0.719763365625 0.314220928125 0.719763365625 0.3287981859375 0.7022348796875 0.3279883375 0.6978527609375 0.33932620625
2 0.6967572296875 0.40087463437500004 0.725241015625 0.40087463437500004 0.7219544265625 0.41626174374999997 0.7471516234375 0.41626174374999997 0.74934268125 0.399254940625 0.765775634375 0.399254940625 0.7679666968750001 0.3919663109375 0.74934268125 0.38953676718749997 0.74934268125 0.37576935625 0.7230499578125 0.374149659375 0.725241015625 0.38872691875 0.6967572296875 0.38872691875 0.6967572296875 0.40087463437500004
2 0.428352321875 0.15954000625 0.4425942140625 0.16034985468750002 0.44149868437500006 0.1392938125 0.4666958796875 0.1392938125 0.4666958796875 0.0834143171875 0.4382120953125 0.0834143171875 0.439307625 0.0623582765625 0.43054338281250004 0.0623582765625 0.428352321875 0.08260446875 0.40315512499999995 0.0817946234375 0.397677475 0.140103659375 0.429447853125 0.140103659375 0.428352321875 0.15954000625
6 0.380148990625 0.452704890625 0.3768624015625 0.4324586984375 0.369193690625 0.4324586984375 0.3702892203125 0.136054421875 0.34947414375 0.136054421875 0.35056967499999997 0.43569808906249996 0.34180543281250003 0.43569808906249996 0.3429009625 0.4510851953125 0.380148990625 0.452704890625
1 0.2421319015625 0.4519047625 0.1446165640625 0.4519047625 0.1446165640625 0.58229025 0.2421319015625 0.58229025 0.2421319015625 0.4519047625
6 0.2443032421875 0.45837382499999996 0.2563540765625 0.46080337031249996 0.2552585453125 0.4510851953125 0.2618317265625 0.45189504375 0.259640665625 0.43326854687500005 0.14351445937500001 0.43407839218750005 0.14022787187500002 0.4502753484375 0.24320771093750002 0.4502753484375 0.2443032421875 0.45837382499999996
6 0.27826468125 0.60009718125 0.27826468125 0.5806608375 0.2563540765625 0.5806608375 0.258545134375 0.5085843859375 0.2443032421875 0.51020408125 0.24320771093750002 0.58228053125 0.1413234015625 0.58228053125 0.1413234015625 0.5984774859375 0.27826468125 0.60009718125
4 0.6178987734375 0.140102040625 0.3746779140625 0.140102040625 0.3746779140625 0.43327664375 0.6178987734375 0.43327664375 0.6178987734375 0.140102040625
6 0.62116564375 0.138483965625 0.616783525 0.43326854687500005 0.4612182296875 0.4324586984375 0.45902716874999994 0.45432458750000004 0.6419807171875 0.45189504375 0.6408851875 0.138483965625 0.62116564375 0.138483965625
0 0.8808128828124999 0.2688662125 0.7471625765625001 0.2688662125 0.7471625765625001 0.3530839 0.8808128828124999 0.3530839 0.8808128828124999 0.2688662125
6 0.7449605609375001 0.26724975781250004 0.868755478125 0.2680596046875 0.8676599484375 0.251052803125 0.7241454875 0.252672496875 0.725241015625 0.31665046874999997 0.7449605609375001 0.314220928125 0.7449605609375001 0.26724975781250004
0 0.8786042937499999 0.373344671875 0.7460582828125 0.373344671875 0.7460582828125 0.41708616718749997 0.8786042937499999 0.41708616718749997 0.8786042937499999 0.373344671875
6 0.74386503125 0.37172011562499996 0.880806309375 0.3725299640625 0.8786152484375 0.3571428578125 0.7263365453125 0.35552316093749997 0.7241454875 0.3733398125 0.74386503125 0.3749595078125 0.74386503125 0.37172011562499996
6 0.7449605609375001 0.44784580468749996 0.7756354078125 0.4494655015625 0.7756354078125 0.4324586984375 0.8840929015625001 0.43164885000000003 0.8840929015625001 0.4154518953125 0.7241454875 0.4154518953125 0.7208588953125 0.4300291546875 0.74386503125 0.4300291546875 0.7449605609375001 0.44784580468749996
6 0.35385626718749996 0.5992873328125 0.35166520625 0.9118885640625001 0.373575809375 0.9118885640625001 0.375766871875 0.540978296875 0.35385626718749996 0.5393586015625 0.3527607359375 0.58228053125 0.3461875546875 0.5806608375 0.34399649375 0.5992873328125 0.35385626718749996 0.5992873328125
6 0.6846932515625 0.54097505625 0.6616871171875001 0.54097505625 0.6616871171875001 0.5798412703125 0.6846932515625 0.5798412703125 0.6846932515625 0.54097505625
3 0.07449605468750001 0.523161646875 0.062445223437499996 0.53692905625 0.071209465625 0.545027534375 0.0985977203125 0.545027534375 0.0985977203125 0.9126984125 0.1413234015625 0.9118885640625001 0.1424189296875 0.542597990625 0.156660825 0.5417881421875 0.1533742328125 0.5069646921875 0.1424189296875 0.5069646921875 0.14351445937500001 0.1392938125 0.10297984375 0.138483965625 0.1007887828125 0.5069646921875 0.08545135937500001 0.5069646921875 0.07997370781249999 0.5150631671875 0.07449605468750001 0.523161646875
6 0.102975459375 0.444603175 0.07119631875 0.444603175 0.07119631875 0.462426303125 0.102975459375 0.462426303125 0.102975459375 0.444603175
3 0.813978965625 0.518302559375 0.7789219968750001 0.5199222546875 0.7789219968750001 0.5093942328125001 0.7471516234375 0.5085843859375 0.7449605609375001 0.5255911875 0.68361086875 0.5264010359375 0.6825153375 0.5174927125 0.33304119375 0.5166828640625 0.33085013124999996 0.5417881421875 0.813978965625 0.5434078390625 0.813978965625 0.518302559375
3 0.9158632796875 0.4324586984375 0.9147677484375001 0.138483965625 0.86437335625 0.1392938125 0.868755478125 0.26724975781250004 0.8819018406250001 0.26724975781250004 0.882997371875 0.4324586984375 0.9158632796875 0.4324586984375
4 0.3483895703125 0.140102040625 0.14572085937499998 0.140102040625 0.14572085937499998 0.43327664375 0.3483895703125 0.43327664375 0.3483895703125 0.140102040625
4 0.864386503125 0.1392970515625 0.641993865625 0.1392970515625 0.641993865625 0.2526757375 0.864386503125 0.2526757375 0.864386503125 0.1392970515625