7 0.40171118593750005 0.1671235953125 0.3255342234375 0.1671235953125 0.3255342234375 0.216292134375 0.40171118593750005 0.216292134375 0.40171118593750005 0.1671235953125
4 0.6907429046875 0.16853932656249998 0.61456594375 0.16853932656249998 0.61456594375 0.21348314531249998 0.6907429046875 0.21348314531249998 0.6907429046875 0.16853932656249998
7 0.6907429046875 0.16853932656249998 0.61456594375 0.16853932656249998 0.61456594375 0.21348314531249998 0.6907429046875 0.21348314531249998 0.6907429046875 0.16853932656249998
7 0.9839399 0.522471909375 0.9474123546875 0.522471909375 0.9474123546875 0.6249887640625 0.9839399 0.6249887640625 0.9839399 0.522471909375
6 0.06573455781250001 0.619382021875 0.020868114062500002 0.6179775281250001 0.022954925 0.47471910156249997 0.0667779625 0.47612359531250004 0.06469115156250001 0.4634831453125 0.0135642734375 0.46488764062500004 0.0146076796875 0.6320224718749999 0.06573455781250001 0.6320224718749999 0.06573455781250001 0.619382021875
1 0.0646994984375 0.478932584375 0.025050082812500003 0.478932584375 0.025050082812500003 0.616573034375 0.0646994984375 0.616573034375 0.0646994984375 0.478932584375
7 0.10329716250000001 0.49297752812500006 0.063647746875 0.49297752812500006 0.063647746875 0.5955168546875 0.10329716250000001 0.5955168546875 0.10329716250000001 0.49297752812500006
7 0.104348915625 0.7261235953125 0.06573455781250001 0.7261235953125 0.06573455781250001 0.82304494375 0.104348915625 0.82304494375 0.104348915625 0.7261235953125
6 0.4069282140625 0.12172284687499998 0.4069282140625 0.16853932656249998 0.418753478125 0.16947565625 0.418753478125 0.10580524218750001 0.316499721875 0.103932584375 0.3178909296875 0.16947565625 0.326933778125 0.1676029953125 0.32832498593750004 0.12172284687499998 0.4069282140625 0.12172284687499998
1 0.4058764609375 0.1221910109375 0.32971619375 0.1221910109375 0.32971619375 0.1643258421875 0.4058764609375 0.1643258421875 0.4058764609375 0.1221910109375
6 0.6935169734375 0.1722846453125 0.7032554249999999 0.1722846453125 0.7032554249999999 0.10674157343749999 0.607262103125 0.107677903125 0.6079577078125 0.170411984375 0.6183917640625001 0.1657303375 0.61700055625 0.1254681640625 0.6935169734375 0.12453183593749999 0.6935169734375 0.1722846453125
1 0.694916528125 0.12640449375 0.618739565625 0.12640449375 0.618739565625 0.1671235953125 0.694916528125 0.1671235953125 0.694916528125 0.12640449375
6 0.0667779625 0.853932584375 0.0260851421875 0.855337078125 0.0260851421875 0.7092696625 0.06782136875 0.7078651687499999 0.06469115156250001 0.6980337078125001 0.015651084375 0.700842696875 0.017737896875 0.8651685390624999 0.06573455781250001 0.8679775281250001 0.0667779625 0.853932584375
1 0.06678631093750001 0.7134943812500001 0.0271368953125 0.7134943812500001 0.0271368953125 0.8511348312499999 0.06678631093750001 0.8511348312499999 0.06678631093750001 0.7134943812500001
4 0.23998330625 0.642322096875 0.2831107390625 0.6432584265625 0.2831107390625 0.6638576781250001 0.3505843078125 0.6629213484375 0.3512799109375 0.537453184375 0.43475236562499997 0.5355805234375 0.436143571875 0.2153558046875 0.105036171875 0.21816479375000003 0.1064273796875 0.66479400625 0.23928770156249998 0.6638576781250001 0.23998330625 0.642322096875
3 0.10747078437499999 0.216292134375 0.3255425703125 0.21769662968749998 0.3255425703125 0.16713483125 0.06469115156250001 0.16713483125 0.06469115156250001 0.494382021875 0.10538397343749999 0.494382021875 0.10747078437499999 0.216292134375
3 0.28068447343749997 0.4157191015625 0.238948246875 0.4157191015625 0.238948246875 0.47331460625000005 0.28068447343749997 0.47331460625000005 0.28068447343749997 0.4157191015625
3 0.4674457421875 0.41431460624999994 0.42570951562500003 0.41431460624999994 0.42570951562500003 0.467707865625 0.4674457421875 0.467707865625 0.4674457421875 0.41431460624999994
4 0.7811519203125 0.2172359546875 0.44796327187499996 0.2172359546875 0.44796327187499996 0.5374606734375 0.7811519203125 0.5374606734375 0.7811519203125 0.2172359546875
3 0.6323038390625 0.4157303375 0.5905676125 0.4157303375 0.5905676125 0.46912359531250003 0.6323038390625 0.46912359531250003 0.6323038390625 0.4157303375
3 0.948455759375 0.519662921875 0.9828881468749999 0.5210674156249999 0.9818447406249999 0.1713483140625 0.69282136875 0.1713483140625 0.6917779625 0.214887640625 0.9463689484375 0.2191011234375 0.948455759375 0.519662921875
3 0.8044741234374999 0.41150561874999997 0.762737896875 0.41150561874999997 0.762737896875 0.4648988765625 0.8044741234374999 0.4648988765625 0.8044741234374999 0.41150561874999997
4 0.35128547656250003 0.6816516859374999 0.10504173593749999 0.6816516859374999 0.10504173593749999 0.8876516859375 0.35128547656250003 0.8876516859375 0.35128547656250003 0.6816516859374999
3 0.28173622656249997 0.6460674156249999 0.24 0.6460674156249999 0.24 0.6994606734375 0.28173622656249997 0.6994606734375 0.28173622656249997 0.6460674156249999
2 0.4288397328125 0.8904382015625 0.3714607671875 0.8904382015625 0.3714607671875 0.936797753125 0.4288397328125 0.936797753125 0.4288397328125 0.8904382015625
3 0.612470784375 0.16995505625000001 0.402754590625 0.16995505625000001 0.402754590625 0.2148988765625 0.612470784375 0.2148988765625 0.612470784375 0.16995505625000001
3 0.08660267187500001 1 0.108514190625 0.9873595500000001 0.10538397343749999 0.9410112359375 0.3714524203125 0.938202246875 0.3714524203125 0.8890449437499999 0.1043405671875 0.8904494375 0.1064273796875 0.8216292140625001 0.06782136875 0.8244382015625 0.06573455781250001 1 0.08660267187500001 1
3 0.9849749578125 0.6222022468749999 0.9484474125 0.6222022468749999 0.9484474125 0.8693932578125001 0.9849749578125 0.8693932578125001 0.9849749578125 0.6222022468749999
1 0.3626414390625 0.890137328125 0.4377666484375 0.890137328125 0.4386941203125 0.730337078125 0.42014468593750004 0.7290886375000001 0.4192172140625 0.65168539375 0.45817102500000007 0.65168539375 0.46002597031250003 0.671660425 0.5861621218749999 0.671660425 0.5861621218749999 0.65168539375 0.6278983484375 0.65168539375 0.628825821875 0.6754057437500001 0.7577443890625 0.674157303125 0.7577443890625 0.652933834375 0.8875904296874999 0.65168539375 0.926544240625 0.6092384515625 0.8050454453125001 0.494382021875 0.792060840625 0.49687890156250003 0.7929883140625 0.5543071171875 0.3635689109375 0.5555555546875001 0.3626414390625 0.890137328125
3 0.48518363906250006 0.9199438203125 0.48622704531250005 0.8932584265625 0.4622287140625 0.8918539328125 0.459098496875 0.7064606734375001 0.60100166875 0.7050561796875 0.60100166875 0.755617978125 0.6343906515625 0.7429775281250001 0.631260434375 0.7078651687499999 0.8555926546875 0.7092696625 0.858722871875 0.896067415625 0.8900250421875 0.8792134828125 0.8837646078124999 0.6783707859375 0.7919449078125 0.6783707859375 0.789858096875 0.6530898875 0.7575125203125 0.6530898875 0.7595993328125 0.6755617984375 0.631260434375 0.672752809375 0.631260434375 0.6530898875 0.586393990625 0.6530898875 0.5874373953124999 0.672752809375 0.46118530937499996 0.674157303125 0.46118530937499996 0.6530898875 0.41944908124999997 0.65168539375 0.41944908124999997 0.7289325843750001 0.437186978125 0.730337078125 0.4392737890625 0.8904494375 0.4288397328125 0.894662921875 0.4288397328125 0.936797753125 0.47683639375000003 0.9396067421875 0.48518363906250006 0.9199438203125
3 0.10330550937500001 0.5969101125 0.0667779625 0.5969101125 0.0667779625 0.7289325843750001 0.10330550937500001 0.7289325843750001 0.10330550937500001 0.5969101125
6 0.238948246875 0.6643146062499999 0.10539232031250001 0.6643146062499999 0.10539232031250001 0.67977528125 0.238948246875 0.67977528125 0.238948246875 0.6643146062499999
6 0.3599749578125 0.810382021875 0.3537145234375 0.810382021875 0.3537145234375 0.8932584265625 0.3599749578125 0.8932584265625 0.3599749578125 0.810382021875
6 0.8921118531250001 0.6573033703125 0.789858096875 0.6573033703125 0.789858096875 0.6755505625 0.8921118531250001 0.6755505625 0.8921118531250001 0.6573033703125
4 0.8041179749999999 0.46535580468750004 0.7895102953124999 0.466292134375 0.79159710625 0.4794007484375 0.8124652203125 0.4794007484375 0.9453255421875 0.6104868921875 0.9446299375 0.49625468125000005 0.8910684468750001 0.49531835312499994 0.8917640515624999 0.4794007484375 0.9460211468749999 0.4794007484375 0.9453255421875 0.217228465625 0.7922927093750001 0.2191011234375 0.7895102953124999 0.41011235937499996 0.8041179749999999 0.41198501875 0.8041179749999999 0.46535580468750004
6 0.9175013906249999 0.62640449375 0.9258486359375 0.6348314609375 0.9411519203125 0.6198501859375 0.9481079578125 0.62640449375 0.9474123546875 0.6114232203125 0.850723428125 0.5205992515625 0.843767390625 0.5308988765625 0.930022259375 0.6114232203125 0.9175013906249999 0.62640449375
6 0.9463772953125 0.481752809375 0.8921201999999999 0.481752809375 0.8921201999999999 0.49298876406250003 0.9463772953125 0.49298876406250003 0.9463772953125 0.481752809375
6 0.4465859765625 0.2163033703125 0.4361519203125 0.2163033703125 0.4361519203125 0.4157415734375 0.4465859765625 0.4157415734375 0.4465859765625 0.2163033703125
6 0.789858096875 0.214887640625 0.7804590984375 0.214887640625 0.7804590984375 0.412932584375 0.789858096875 0.412932584375 0.789858096875 0.214887640625
6 0.41944908124999997 0.55243445625 0.485531440625 0.551498128125 0.485531440625 0.5393258421875 0.447273234375 0.5365168546875 0.44796883593750003 0.4691011234375 0.43753477968750004 0.467228465625 0.43475236562499997 0.537453184375 0.42153589374999995 0.5365168546875 0.41944908124999997 0.55243445625
6 0.2817195328125 0.67883895 0.3505843078125 0.67977528125 0.3512799109375 0.75 0.36171396875 0.7481273421875 0.3624095703125 0.5543071171875 0.3749304390625 0.5533707859375 0.3735392328125 0.5393258421875 0.3519755140625 0.5421348312500001 0.3512799109375 0.6657303375 0.281023928125 0.6638576781250001 0.2817195328125 0.67883895
6 0.7895102953124999 0.49531835312499994 0.8062047859374999 0.4934456921875 0.810378409375 0.49531835312499994 0.8152476343749999 0.490636703125 0.811769615625 0.4822097375 0.7902058984375 0.48595505625 0.7895102953124999 0.4634831453125 0.781858653125 0.4634831453125 0.7804674453125 0.5402621734374999 0.5411797453125 0.5383895125 0.5397885359375 0.5496254671874999 0.7895102953124999 0.551498128125 0.7895102953124999 0.49531835312499994
6 0.94880634375 0.8192921343749999 0.8882888140625 0.8192921343749999 0.8882888140625 0.833337078125 0.94880634375 0.833337078125 0.94880634375 0.8192921343749999
0 0.9501947703125 0.8202247187499999 0.9481079578125 0.628277153125 0.9425431265625 0.622659175 0.8861992203125 0.67977528125 0.886894825 0.8202247187499999 0.9501947703125 0.8202247187499999
2 0.8848080140624999 0.62359550625 0.8952420703125 0.642322096875 0.8848080140624999 0.656367040625 0.894546465625 0.6713483140625 0.9063717312499999 0.66198501875 0.9175013906249999 0.6769662921874999 0.92028380625 0.66947565625 0.9105453546875 0.6535580515625 0.9251530328124999 0.63670411875 0.914023371875 0.622659175 0.9028937109375 0.6376404499999999 0.8889816359375 0.6170411984374999 0.8848080140624999 0.62359550625
2 0.813856428125 0.5402621734374999 0.820812465625 0.546816478125 0.8326377296875 0.523408240625 0.843767390625 0.532771534375 0.8528102390625 0.519662921875 0.84237618125 0.5065543078125 0.8542014468750001 0.47471910156249997 0.848636615625 0.47284644218749994 0.831942125 0.49906367031250004 0.8187256546875 0.4850187265625 0.8069003890625 0.49906367031250004 0.8235948796875 0.5205992515625 0.813856428125 0.5402621734374999
2 0.5105731765625 0.5739700375 0.5168336109375 0.574906365625 0.517529215625 0.551498128125 0.5411797453125 0.551498128125 0.5411797453125 0.5355805234375 0.5168336109375 0.5355805234375 0.5161380078125 0.49531835312499994 0.509877575 0.49625468125000005 0.5091819703125 0.532771534375 0.48622704531250005 0.5346441953125 0.485531440625 0.5543071171875 0.5105731765625 0.5543071171875 0.5105731765625 0.5739700375
2 0.3930161390625 0.574906365625 0.401363384375 0.5777153546875 0.401363384375 0.5552434453124999 0.4208402890625 0.5552434453124999 0.422231496875 0.537453184375 0.4020589859375 0.5383895125 0.40066777968749995 0.5065543078125 0.3930161390625 0.5065543078125 0.39510295 0.5365168546875 0.3735392328125 0.5365168546875 0.3763216484375 0.558052434375 0.3930161390625 0.558052434375 0.3930161390625 0.574906365625
2 0.32832498593750004 0.7921348312500001 0.3505843078125 0.7921348312500001 0.3512799109375 0.811797753125 0.363105175 0.811797753125 0.3624095703125 0.7911985015624999 0.37771285468750004 0.7930711625 0.37701725 0.782771534375 0.363105175 0.7808988765625 0.36171396875 0.7481273421875 0.3512799109375 0.7481273421875 0.3512799109375 0.78183520625 0.3304117984375 0.7808988765625 0.32832498593750004 0.7921348312500001