4 0.5491032046875 0.44038668124999997 0.5491032046875 0.102040815625 0.46897971250000003 0.09989258749999999 0.3403410765625 0.31256713281250004 0.3396059984375 0.43609022656249996 0.5491032046875 0.44038668124999997
7 0.4668794890625 0.102040815625 0.451915403125 0.081632653125 0.3162410203125 0.31049562656249996 0.3421787703125 0.3090379 0.4668794890625 0.102040815625
3 0.9567039109375 0.0947521859375 0.9577015171875001 0.4387755109375 0.8020750203125001 0.4387755109375 0.8020750203125001 0.4795918375 0.8858739015625 0.4825072875 0.8858739015625 0.4781341109375 0.9816440546875 0.4795918375 0.9816440546875 0.0597667625 0.5496807671874999 0.0583090390625 0.550678371875 0.1763848390625 0.575618515625 0.18075801875 0.574620909375 0.09183673437499999 0.9567039109375 0.0947521859375
7 0.5746229046875 0.247806121875 0.5496787703125 0.247806121875 0.5496787703125 0.377540815625 0.5746229046875 0.377540815625 0.5746229046875 0.247806121875
3 0.7960893859375 0.89358600625 0.7960893859375 0.8658892125 0.29529130000000003 0.8644314874999999 0.2942936953125 0.4941690953125 0.3421787703125 0.4912536453125 0.3421787703125 0.4387755109375 0.2683559453125 0.4387755109375 0.26935355156249996 0.8950437328125 0.7960893859375 0.89358600625
4 0.6520141125000001 0.48012889375 0.5483681265625 0.47690655312499997 0.5483681265625 0.501611171875 0.295501321875 0.49409237343749995 0.295501321875 0.863587540625 0.655689503125 0.8646616546875 0.6520141125000001 0.48012889375
7 0.5028002796875 0.4416836734375 0.343177375 0.4416836734375 0.343177375 0.49562244843750003 0.5028002796875 0.49562244843750003 0.5028002796875 0.4416836734375
6 0.34017458125 0.311959184375 0.3142388265625 0.311959184375 0.3142388265625 0.4387755109375 0.34017458125 0.4387755109375 0.34017458125 0.311959184375
6 0.5486831609375 0.0845481046875 0.4579010375 0.0845481046875 0.4688747015625 0.10058308906249999 0.5496807671874999 0.102040815625 0.5486831609375 0.0845481046875
3 0.577613728125 0.4446064140625 0.577613728125 0.3775510203125 0.5496807671874999 0.380466471875 0.550678371875 0.4781341109375 0.712290503125 0.4795918375 0.7083000796875 0.4431486875 0.577613728125 0.4446064140625
6 0.6713896640625 0.4810510203125 0.6524371515625 0.4810510203125 0.6524371515625 0.565602040625 0.6713896640625 0.565602040625 0.6713896640625 0.4810510203125
6 0.8699162015624999 0.4810510203125 0.8559497203124999 0.4810510203125 0.8559497203124999 0.6151530609375 0.8699162015624999 0.6151530609375 0.8699162015624999 0.4810510203125
6 0.866920390625 0.702632653125 0.8549511171875 0.702632653125 0.8549511171875 0.8965102046875 0.866920390625 0.8965102046875 0.866920390625 0.702632653125
6 0.6703910609375 0.648693878125 0.65642458125 0.648693878125 0.65642458125 0.8629795921875001 0.6703910609375 0.8629795921875001 0.6703910609375 0.648693878125
1 0.8548952515625 0.48121428593750004 0.6718645249999999 0.48121428593750004 0.6718645249999999 0.8646632656250001 0.8548952515625 0.8646632656250001 0.8548952515625 0.48121428593750004
2 0.753454865625 0.4854994625 0.7556601 0.4736842109375 0.7644810343749999 0.49624060156249994 0.77918259375 0.51020408125 0.80123493125 0.51987110625 0.80123493125 0.43716433906249996 0.7108203468750001 0.43609022656249996 0.7100852703125 0.525241675 0.7277271390625 0.51987110625 0.743163775 0.506981740625 0.753454865625 0.4854994625
2 0.512349309375 0.513426421875 0.532931490625 0.52953813125 0.5461628937499999 0.52953813125 0.5498382828125 0.44253490781249993 0.5027932953125 0.44146079374999997 0.5035283749999999 0.483351234375 0.504263453125 0.502685284375 0.512349309375 0.513426421875
2 0.521905321875 0.21697099843749998 0.5321964140625 0.2373791609375 0.5468979703125 0.2459720734375 0.5763010875 0.2470461875 0.57483093125 0.180451128125 0.518965009375 0.180451128125 0.518965009375 0.1890440390625 0.521905321875 0.21697099843749998
2 0.9129667749999999 0.6906552109375 0.9078212296875 0.6595059078125 0.8997353718750001 0.640171859375 0.8879741250000001 0.6197636953125001 0.876212878125 0.6122448984375 0.8519553078125 0.6122448984375 0.85489561875 0.70784103125 0.9137018515625 0.706766915625 0.9129667749999999 0.6906552109375
2 0.687297853125 0.6423200859375 0.698324021875 0.6305048328125 0.7049397234375 0.6176154671874999 0.711555425 0.59828141875 0.7130255812499999 0.58002148125 0.711555425 0.5606874328125 0.6534842703125 0.5628356609375 0.65642458125 0.64876476875 0.6718612171875 0.64876476875 0.687297853125 0.6423200859375
2 0.8056453984375 0.9151450062500001 0.8262275796875 0.943071965625 0.84386945 0.951664875 0.857100853125 0.9505907625000001 0.8563657750000001 0.86680988125 0.7953543078124999 0.8646616546875 0.7968244640625 0.8893662734375001 0.8004998531249999 0.9076262078124999 0.8056453984375 0.9151450062500001
4 0.9585474859374999 0.093438775 0.57703910625 0.093438775 0.57703910625 0.43823469375 0.9585474859374999 0.43823469375 0.9585474859374999 0.093438775