1 0.5658379890624999 0.0966666671875 0.360977653125 0.0966666671875 0.360977653125 0.28442622968750003 0.5658379890624999 0.28442622968750003 0.5658379890624999 0.0966666671875
2 0.44979229531250003 0.1275045515625 0.4641168875 0.1261034046875 0.466981809375 0.0980804265625 0.5070906765625 0.095278125 0.5085231343750001 0.064452853125 0.4641168875 0.0616505515625 0.4626844296875 0.05184250781250001 0.44979229531250003 0.0490402125 0.446927375 0.0616505515625 0.40681850781250006 0.060249404687499994 0.409683425 0.096679278125 0.445494915625 0.093876978125 0.44979229531250003 0.1275045515625
2 0.30941125625 0.208771190625 0.3366279890625 0.21017233906250002 0.3394929109375 0.23679416875 0.3581148828125 0.23959647031250003 0.35668242499999997 0.21297463906249997 0.38819653125000003 0.21017233906250002 0.39249391093749997 0.1919574046875 0.3624122625 0.189155109375 0.3624122625 0.169539021875 0.338060453125 0.1667367265625 0.3366279890625 0.189155109375 0.31227617812499997 0.19055625625 0.30941125625 0.208771190625
4 0.4483519546875 0.312459015625 0.173324021875 0.312459015625 0.173324021875 0.7426229515625 0.4483519546875 0.7426229515625 0.4483519546875 0.312459015625
2 0.393926375 0.340479190625 0.40538605 0.340479190625 0.40681850781250006 0.3068516171875 0.445494915625 0.304049321875 0.44406245312500003 0.284433234375 0.4082509671875 0.2802297875 0.4039535859375 0.2494045140625 0.393926375 0.2494045140625 0.393926375 0.281630940625 0.36384472031250004 0.2802297875 0.3609798046875 0.308252765625 0.39249391093749997 0.308252765625 0.393926375 0.340479190625
4 0.47414410625 0.7412077921875 0.886692453125 0.73700434375 0.886692453125 0.13871374375 0.8537458828125001 0.1373125953125 0.8537458828125001 0.093876978125 0.5873084078125 0.09247583125 0.5901733296875 0.3124562125 0.47414410625 0.3138573609375 0.47414410625 0.7412077921875
6 0.4713128484375 0.2858469953125 0.44980446875 0.2858469953125 0.44980446875 0.7454098359375 0.4713128484375 0.7454098359375 0.4713128484375 0.2858469953125
2 0.5099555921875 0.347484940625 0.52714510625 0.3460837875 0.5285775703125 0.311055065625 0.5629565984375 0.311055065625 0.5615241390625 0.284433234375 0.52284773125 0.281630940625 0.5257126484375 0.2480033609375 0.5070906765625 0.2494045140625 0.5099555921875 0.284433234375 0.47414410625 0.281630940625 0.4727116484375 0.3124562125 0.5056582171875 0.3138573609375 0.5099555921875 0.347484940625
2 0.5844434921875 0.8476951093749999 0.6002005421875001 0.84909625625 0.6002005421875001 0.8070617921875 0.6431743296875 0.8070617921875 0.641741871875 0.7384054921875001 0.598768084375 0.735603196875 0.5930382453124999 0.6935687265625 0.5830110281249999 0.6921675796875 0.5844434921875 0.7384054921875001 0.5443346203125 0.7384054921875001 0.545767084375 0.8098640874999999 0.5815785703125 0.8098640874999999 0.5844434921875 0.8476951093749999
1 0.8422625703125 0.8042349734375 0.15181564218750002 0.8042349734375 0.15181564218750002 0.9261475406249999 0.8422625703125 0.9261475406249999 0.8422625703125 0.8042349734375
7 0.78357541875 0.742595628125 0.6403351953125 0.742595628125 0.6403351953125 0.8014480875000001 0.78357541875 0.8014480875000001 0.78357541875 0.742595628125
7 0.4182960890625 0.7426229515625 0.2234916203125 0.7426229515625 0.2234916203125 0.8042622953125 0.4182960890625 0.8042622953125 0.4182960890625 0.7426229515625
3 0.5457541906250001 0.7440163937500001 0.41681564218749995 0.7440163937500001 0.41681564218749995 0.8014480875000001 0.5457541906250001 0.8014480875000001 0.5457541906250001 0.7440163937500001
3 0.2277653625 0.7426229515625 0.0931284921875 0.7426229515625 0.0931284921875 0.8042622953125 0.2277653625 0.8042622953125 0.2277653625 0.7426229515625
3 0.9612011171875 0.7412021859375 0.7806983234375 0.7412021859375 0.7806983234375 0.8028415296875 0.9612011171875 0.8028415296875 0.9612011171875 0.7412021859375
6 0.8852793296874999 0.8042622953125 0.840865921875 0.8042622953125 0.840865921875 0.9289617484375 0.8852793296874999 0.9289617484375 0.8852793296874999 0.8042622953125
6 0.1518715078125 0.8014480875000001 0.1074581 0.8014480875000001 0.1074581 0.930355190625 0.1518715078125 0.930355190625 0.1518715078125 0.8014480875000001
3 0.1733519546875 0.054644809375000006 0.1174860328125 0.054644809375000006 0.1174860328125 0.7426229515625 0.1733519546875 0.7426229515625 0.1733519546875 0.054644809375000006
6 0.34092536875 0.16393442656249999 0.3581148828125 0.1653355734375 0.35668242499999997 0.093876978125 0.40681850781250006 0.09247583125 0.40681850781250006 0.057447109375000006 0.173327603125 0.058848256249999994 0.176192525 0.093876978125 0.34092536875 0.09247583125 0.34092536875 0.16393442656249999
6 0.173327603125 0.3068516171875 0.3624122625 0.304049321875 0.36384472031250004 0.29003783125 0.3581148828125 0.2886366828125 0.35668242499999997 0.24099761718749999 0.34092536875 0.238195321875 0.3452227484375 0.281630940625 0.1718951453125 0.284433234375 0.173327603125 0.3068516171875
6 0.5686864359375 0.284433234375 0.5615241390625 0.284433234375 0.5629565984375 0.311055065625 0.5873084078125 0.311055065625 0.5844434921875 0.0910746828125 0.8695029390625001 0.0910746828125 0.8666380171875 0.0630517046875 0.5099555921875 0.0616505515625 0.5099555921875 0.09247583125 0.56438905625 0.09247583125 0.5686864359375 0.284433234375
3 0.9038819671875 0.064452853125 0.868070475 0.0616505515625 0.8695029390625001 0.0896735296875 0.855178340625 0.08827238281250001 0.8537458828125001 0.1359114484375 0.8938547484375 0.1359114484375 0.8938547484375 0.7412077921875 0.9439908328125 0.7412077921875 0.9454232906250001 0.064452853125 0.9038819671875 0.064452853125
0 0.338072625 0.0966939890625 0.17622905 0.0966939890625 0.17622905 0.2816666671875 0.338072625 0.2816666671875 0.338072625 0.0966939890625