7 0.92798148125 0.1679457359375 0.8847592593750001 0.1679457359375 0.8847592593750001 0.229677003125 0.92798148125 0.229677003125 0.92798148125 0.1679457359375
7 0.9238703703125 0.2784754515625 0.8806481484375001 0.2784754515625 0.8806481484375001 0.3373385015625 0.9238703703125 0.3373385015625 0.9238703703125 0.2784754515625
7 0.9238703703125 0.41772609843749997 0.8806481484375001 0.41772609843749997 0.8806481484375001 0.476589146875 0.9238703703125 0.476589146875 0.9238703703125 0.41772609843749997
7 0.921796296875 0.555529715625 0.8785740734375 0.555529715625 0.8785740734375 0.61583979375 0.921796296875 0.61583979375 0.921796296875 0.555529715625
7 0.919722221875 0.6789922484375001 0.8785740734375 0.6789922484375001 0.8785740734375 0.7393023249999999 0.919722221875 0.7393023249999999 0.919722221875 0.6789922484375001
7 0.1748333328125 0.674677003125 0.1336851859375 0.674677003125 0.1336851859375 0.7349870796875 0.1748333328125 0.7349870796875 0.1748333328125 0.674677003125
7 0.9176481484375 0.8010077515624999 0.8765000000000001 0.8010077515624999 0.8765000000000001 0.8613178296875 0.9176481484375 0.8613178296875 0.9176481484375 0.8010077515624999
7 0.1748333328125 0.548346253125 0.1336851859375 0.548346253125 0.1336851859375 0.60865633125 0.1748333328125 0.60865633125 0.1748333328125 0.548346253125
7 0.17894444375000002 0.41914728749999997 0.137796296875 0.41914728749999997 0.137796296875 0.4794573640625 0.17894444375000002 0.4794573640625 0.17894444375000002 0.41914728749999997
3 0.8846153859375001 0.16597097968750002 0.9273504265625 0.16597097968750002 0.9259259265625 0.075531703125 0.8874643890625 0.074537865625 0.8874643890625 0.10037765937500001 0.5071225078125 0.101371496875 0.5056980078125 0.1272112890625 0.8846153859375001 0.13019280312499998 0.8846153859375001 0.16597097968750002
6 0.534203703125 0.0814987078125 0.5185370375 0.0814987078125 0.5185370375 0.10237726093749999 0.534203703125 0.10237726093749999 0.534203703125 0.0814987078125
3 0.9259259265625 0.22660206718749998 0.8817777781249999 0.22660206718749998 0.8817777781249999 0.2802713171875 0.9259259265625 0.2802713171875 0.9259259265625 0.22660206718749998
3 0.9216481484375001 0.3369121453125 0.881759259375 0.3369121453125 0.881759259375 0.41642118906250003 0.9216481484375001 0.41642118906250003 0.9216481484375001 0.3369121453125
3 0.9188148140625 0.47604651093749994 0.8817777781249999 0.47604651093749994 0.8817777781249999 0.554547803125 0.9188148140625 0.554547803125 0.9188148140625 0.47604651093749994
3 0.9173703703125 0.614186046875 0.8789259265625 0.614186046875 0.8789259265625 0.6797674421875 0.9173703703125 0.6797674421875 0.9173703703125 0.614186046875
3 0.9173888890624999 0.738423771875 0.8760925921875 0.738423771875 0.8760925921875 0.7990439281249999 0.9173888890624999 0.7990439281249999 0.9173888890624999 0.738423771875
3 0.85470085625 0.9590538656250001 0.876068378125 0.958060028125 0.876068378125 0.9809183078125001 0.9188034187499999 0.9799244671875 0.9188034187499999 0.8626515609375 0.876068378125 0.8616577203125001 0.8774928781250001 0.9242695296875001 0.85470085625 0.9242695296875001 0.85470085625 0.9590538656250001
2 0.8240740734375 0.9697997421875 0.8356481484374999 0.9697997421875 0.8368055562500001 0.96010981875 0.8541666671874999 0.96010981875 0.8541666671874999 0.923772609375 0.834490740625 0.9213501296875 0.8333333328125001 0.91489018125 0.8240740734375 0.915697675 0.8229166671874999 0.923772609375 0.8020833328125001 0.924580103125 0.803240740625 0.9609173125 0.8240740734375 0.959302325 0.8240740734375 0.9697997421875
4 0.6643518515625 0.924580103125 0.875 0.924580103125 0.8761574078125 0.7638888890625 0.54976851875 0.7630813953125 0.54976851875 0.851098190625 0.6631944437499999 0.851905684375 0.6643518515625 0.924580103125
3 0.6620370375 0.853520671875 0.54398148125 0.853520671875 0.547453703125 0.732396640625 0.51273148125 0.734011628125 0.5115740734374999 0.927002584375 0.6620370375 0.9286175703125 0.6620370375 0.853520671875
6 0.5636666671875 0.7517829453125 0.5416666671875 0.7517829453125 0.5416666671875 0.7622739015625 0.5636666671875 0.7622739015625 0.5636666671875 0.7517829453125
2 0.5821759265625001 0.7703488375 0.5949074078125001 0.7703488375 0.597222221875 0.7614664078125 0.6111111109375 0.7614664078125 0.6111111109375 0.7501614984375 0.5925925921874999 0.7509689921875 0.5925925921874999 0.7388565890625001 0.58101851875 0.7388565890625001 0.58101851875 0.7485465109375 0.5625 0.7501614984375 0.5613425921874999 0.7622739015625 0.5821759265625001 0.7630813953125 0.5821759265625001 0.7703488375
2 0.4953703703125 0.7178617578125001 0.509259259375 0.7178617578125001 0.509259259375 0.733204134375 0.5509259265625001 0.733204134375 0.5520833328125 0.7178617578125001 0.5625 0.71947674375 0.5648148140625 0.7097868218750001 0.5520833328125 0.7081718343750001 0.5509259265625001 0.6944444437499999 0.5104166671875 0.6952519374999999 0.5115740734374999 0.7097868218750001 0.49652777812500004 0.7097868218750001 0.4953703703125 0.7178617578125001
3 0.5138888890625 0.5321382421874999 0.51273148125 0.6960594312499999 0.5486111109375 0.6960594312499999 0.5486111109375 0.5329457359374999 0.5578703703125 0.5353682171874999 0.5567129625 0.5111434109374999 0.553240740625 0.4408914734375 0.516203703125 0.4400839796875 0.5138888890625 0.5111434109374999 0.1759259265625 0.5119509046874999 0.1759259265625 0.5321382421874999 0.5138888890625 0.5321382421874999
4 0.1770833328125 0.784076228125 0.509259259375 0.784076228125 0.5138888890625 0.5337532296874999 0.29398148125 0.5337532296874999 0.290509259375 0.6177325578125 0.1793981484375 0.6161175703125 0.1770833328125 0.784076228125
6 0.1979074078125 0.6048062015625 0.178240740625 0.6048062015625 0.178240740625 0.6152971578125 0.1979074078125 0.6152971578125 0.1979074078125 0.6048062015625
2 0.21064814843750002 0.6233850125 0.2199074078125 0.62580749375 0.2199074078125 0.615310078125 0.23379629687499998 0.615310078125 0.23495370312500002 0.60239018125 0.222222221875 0.60239018125 0.21875 0.591892765625 0.21180555625 0.591892765625 0.21180555625 0.60239018125 0.1979166671875 0.603197675 0.1979166671875 0.615310078125 0.209490740625 0.614502584375 0.21064814843750002 0.6233850125
3 0.140046296875 0.2228682171875 0.141203703125 0.26889534843749996 0.1817129625 0.26808785468749996 0.1828703703125 0.2600129203125 0.5173611109375 0.2600129203125 0.51273148125 0.40051679531250006 0.5509259265625001 0.40132428906250006 0.5555555562500001 0.2600129203125 0.678240740625 0.2624354 0.6793981484375 0.16634366875 0.5555555562500001 0.16634366875 0.553240740625 0.1283914734375 0.5196759265625001 0.12919896718749999 0.5173611109375 0.2317506453125 0.18402777812499999 0.2325581390625 0.1828703703125 0.2212532296875 0.140046296875 0.2228682171875
4 0.6793981484375 0.26324289375 0.5567129625 0.2608204140625 0.5543981484375 0.3875969 0.6539351859375 0.3884043921875 0.6516203703125 0.5119509046874999 0.8831018515625001 0.5119509046874999 0.8854166671874999 0.132428940625 0.5555555562500001 0.12919896718749999 0.5567129625 0.1639211890625 0.6817129625 0.1639211890625 0.6793981484375 0.26324289375
5 0.634259259375 0.40537467656250004 0.553222221875 0.40537467656250004 0.553222221875 0.5127648578125 0.634259259375 0.5127648578125 0.634259259375 0.40537467656250004
6 0.5671481484374999 0.3900129203125 0.5486296296875001 0.3900129203125 0.5486296296875001 0.40373384999999995 0.5671481484374999 0.40373384999999995 0.5671481484374999 0.3900129203125
2 0.5995370375 0.41101421250000003 0.603009259375 0.40213178281250006 0.6180555562500001 0.40293927656250006 0.6168981484375 0.3900193796875 0.603009259375 0.3892118859375 0.5983796296875 0.3811369515625 0.5879629625 0.3811369515625 0.5879629625 0.3892118859375 0.5648148140625 0.3892118859375 0.5682870375 0.40536175781250006 0.5833333328125 0.40374677031250006 0.584490740625 0.41101421250000003 0.5995370375 0.41101421250000003
4 0.33914814843749996 0.326227390625 0.1840370375 0.326227390625 0.1840370375 0.509534884375 0.33914814843749996 0.509534884375 0.33914814843749996 0.326227390625
6 0.34722222187499996 0.327034884375 0.3634259265625 0.325419896875 0.3645833328125 0.31330749375 0.2488425921875 0.31330749375 0.2476851859375 0.302810078125 0.23495370312500002 0.3052325578125 0.23611111093749998 0.3125 0.18055555625 0.31169250625 0.1828703703125 0.323804909375 0.34722222187499996 0.322997415625 0.34722222187499996 0.327034884375
1 0.23262962968749998 0.262428940625 0.1863333328125 0.262428940625 0.1863333328125 0.31007751875 0.23262962968749998 0.31007751875 0.23262962968749998 0.262428940625
2 0.2175925921875 0.2874677 0.23263888906250002 0.290697675 0.23263888906250002 0.302810078125 0.25 0.30361757031250003 0.2511574078125 0.28827519375 0.2604166671875 0.28989018125 0.2615740734375 0.2826227390625 0.2511574078125 0.27858527187500004 0.2476851859375 0.27051033593749996 0.2303240734375 0.27051033593749996 0.23148148124999998 0.2818152453125 0.2210648140625 0.2818152453125 0.2175925921875 0.2874677
3 0.365759259375 0.36337209375 0.31483333281250003 0.36337209375 0.31483333281250003 0.388410853125 0.365759259375 0.388410853125 0.365759259375 0.36337209375
1 0.3553240734375 0.444121446875 0.51273148125 0.444121446875 0.516203703125 0.26162790625 0.3692129625 0.26162790625 0.3668981484375 0.3884043921875 0.35648148125 0.3900193796875 0.3553240734375 0.444121446875
2 0.3425925921875 0.34722222187499996 0.3425925921875 0.36175710625 0.3645833328125 0.36175710625 0.3645833328125 0.34964470312499996 0.3773148140625 0.34964470312499996 0.3761574078125 0.33833979375 0.365740740625 0.33833979375 0.365740740625 0.325419896875 0.34375 0.325419896875 0.34375 0.3375323 0.33101851875 0.3375323 0.33101851875 0.34802971562499996 0.3425925921875 0.34722222187499996
2 0.13773148125 0.2931201546875 0.140046296875 0.302810078125 0.1863425921875 0.30442506406250003 0.1875 0.2923126609375 0.1990740734375 0.290697675 0.1990740734375 0.27939276562500004 0.18402777812499999 0.27939276562500004 0.18402777812499999 0.26647286875 0.141203703125 0.2672803625 0.13773148125 0.2802002578125 0.1261574078125 0.2802002578125 0.1261574078125 0.2874677 0.13773148125 0.2931201546875
3 0.08680555625 0.2624354 0.14236111093749998 0.2624354 0.13773148125 0.23982558125 0.0509259265625 0.240633075 0.046296296875 0.40455426406250006 0.0821759265625 0.40455426406250006 0.08680555625 0.2624354
5 0.14003703750000002 0.26324289375 0.0821851859375 0.26324289375 0.0821851859375 0.4174806203125 0.14003703750000002 0.4174806203125 0.14003703750000002 0.26324289375
6 0.36226851875 0.45542635625 0.3634259265625 0.444928940625 0.353009259375 0.445736434375 0.353009259375 0.3892118859375 0.33680555624999997 0.3892118859375 0.33680555624999997 0.5111434109374999 0.3495370375 0.5103359171874999 0.3518518515625 0.45542635625 0.36226851875 0.45542635625
0 0.40279629687499996 0.45542635625 0.3541666671875 0.45542635625 0.3541666671875 0.5111369515625 0.40279629687499996 0.5111369515625 0.40279629687499996 0.45542635625
2 0.38773148125 0.4626937984375 0.38773148125 0.45704134375 0.40277777812500004 0.4546188625 0.40277777812500004 0.445736434375 0.3888888890625 0.445736434375 0.3888888890625 0.43362403125000004 0.3761574078125 0.43362403125000004 0.3773148140625 0.443313953125 0.359953703125 0.444121446875 0.359953703125 0.4546188625 0.3738425921875 0.4546188625 0.3738425921875 0.4626937984375 0.38773148125 0.4626937984375
2 0.51273148125 0.4239341078125 0.51273148125 0.4400839796875 0.5543981484375 0.4400839796875 0.5543981484375 0.4271640828125 0.5682870375 0.4255490953125 0.5682870375 0.4150516796875 0.5509259265625001 0.4150516796875 0.5509259265625001 0.40213178281250006 0.5138888890625 0.40213178281250006 0.5138888890625 0.4150516796875 0.49768518593750005 0.4150516796875 0.503472221875 0.42312661562500004 0.51273148125 0.4239341078125
0 0.5138703703124999 0.45542635625 0.4236111109375 0.45542635625 0.4236111109375 0.5111369515625 0.5138703703124999 0.5111369515625 0.5138703703124999 0.45542635625
2 0.47106481406249995 0.468346253125 0.4826388890625 0.469961240625 0.48379629687500003 0.45704134375 0.49768518593750005 0.45865633125 0.4988425921875 0.444121446875 0.4791666671875 0.444121446875 0.4791666671875 0.43443152500000004 0.47106481406249995 0.43443152500000004 0.47106481406249995 0.442506459375 0.45717592656250006 0.442506459375 0.4548611109375 0.45623385 0.47222222187499996 0.45623385 0.47106481406249995 0.468346253125
3 0.1828703703125 0.3036046515625 0.141203703125 0.3036046515625 0.141203703125 0.4190826875 0.1828703703125 0.4190826875 0.1828703703125 0.3036046515625
3 0.17594444375 0.47722222187499996 0.1365740734375 0.47722222187499996 0.1365740734375 0.5474806203125 0.17594444375 0.5474806203125 0.17594444375 0.47722222187499996
3 0.1794074078125 0.6088501296875 0.1365925921875 0.6088501296875 0.1365925921875 0.67507751875 0.1794074078125 0.67507751875 0.1794074078125 0.6088501296875
3 0.5138888890625 0.8155684750000001 0.5138888890625 0.7848837203125 0.178240740625 0.7848837203125 0.1793981484375 0.734011628125 0.134259259375 0.735626615625 0.134259259375 0.7848837203125 0.11689814843749999 0.784076228125 0.141203703125 0.8155684750000001 0.5138888890625 0.8155684750000001
3 0.803222221875 0.925387596875 0.49188888906250006 0.925387596875 0.49188888906250006 0.9584883718749999 0.803222221875 0.9584883718749999 0.803222221875 0.925387596875
3 0.7395740734375 0.3682170546875 0.7013888890625 0.3682170546875 0.7013888890625 0.39648578749999996 0.7395740734375 0.39648578749999996 0.7395740734375 0.3682170546875
4 0.8785000000000001 0.5361757109374999 0.5520925921875001 0.5361757109374999 0.5520925921875001 0.7517829453125 0.8785000000000001 0.7517829453125 0.8785000000000001 0.5361757109374999
3 0.7384259265625001 0.6355038765625001 0.69905555625 0.6355038765625001 0.69905555625 0.6637726093749999 0.7384259265625001 0.6637726093749999 0.7384259265625001 0.6355038765625001
3 0.7361111109375 0.7751937984375 0.6955925921875 0.7751937984375 0.6955925921875 0.8034625328124999 0.7361111109375 0.8034625328124999 0.7361111109375 0.7751937984375
3 0.3668888890625 0.6355038765625001 0.3263703703125 0.6355038765625001 0.3263703703125 0.6637726093749999 0.3668888890625 0.6637726093749999 0.3668888890625 0.6355038765625001
3 0.8830925921875 0.5127519375 0.6064629625 0.5127519375 0.6064629625 0.533759690625 0.8830925921875 0.533759690625 0.8830925921875 0.5127519375
2 0.6076481484375 0.5119509046874999 0.556722221875 0.5119509046874999 0.556722221875 0.53295865625 0.6076481484375 0.53295865625 0.6076481484375 0.5119509046874999
6 0.8819444437499999 0.750956071875 0.6110925921875 0.750956071875 0.6110925921875 0.7622739015625 0.8819444437499999 0.7622739015625 0.8819444437499999 0.750956071875
0 0.2754629625 0.5329328171875 0.1805370375 0.5329328171875 0.1805370375 0.6031912140625 0.2754629625 0.6031912140625 0.2754629625 0.5329328171875
6 0.23611111093749998 0.6169250640625 0.290509259375 0.6169250640625 0.290509259375 0.5345607234374999 0.2789351859375 0.5345607234374999 0.2754629625 0.6048126609375 0.23726851875000002 0.6048126609375 0.23611111093749998 0.6169250640625
6 0.634259259375 0.5127583984374999 0.6516203703125 0.5127583984374999 0.652777778125 0.3892118859375 0.6168981484375 0.3892118859375 0.6180555562500001 0.40293927656250006 0.6365740734374999 0.40293927656250006 0.634259259375 0.5127583984374999
6 0.4050925921875 0.5135658921874999 0.4201388890625 0.5127583984374999 0.42129629687500003 0.4546188625 0.4548611109375 0.4546188625 0.45370370312499997 0.445736434375 0.4016203703125 0.445736434375 0.39930555624999997 0.4546188625 0.40625 0.45542635625 0.4050925921875 0.5135658921874999
6 0.5185 0.4457493546875 0.4988333328125 0.4457493546875 0.4988333328125 0.4554392765625 0.5185 0.4554392765625 0.5185 0.4457493546875
6 0.25 0.2591989671875 0.23496296249999998 0.2591989671875 0.23496296249999998 0.2721188625 0.25 0.2721188625 0.25 0.2591989671875
5 0.365759259375 0.260813953125 0.25001851875000003 0.260813953125 0.25001851875000003 0.31169250625 0.365759259375 0.31169250625 0.365759259375 0.260813953125