7 0.31486648906250003 0.6762998625 0.19915220312499998 0.6762998625 0.19915220312499998 0.7175653375 0.31486648906250003 0.7175653375 0.31486648906250003 0.6762998625
7 0.47618825156250005 0.6728541953125 0.39051401874999997 0.6728541953125 0.39051401874999997 0.7152613484375 0.47618825156250005 0.7152613484375 0.47618825156250005 0.6728541953125
7 0.8689385843749999 0.667125171875 0.783264353125 0.667125171875 0.783264353125 0.7083906468750001 0.8689385843749999 0.7083906468750001 0.8689385843749999 0.667125171875
7 0.9412550062499999 0.447042640625 0.8989764125 0.447042640625 0.9012016015625001 0.615543328125 0.9423676015625 0.615543328125 0.9412550062499999 0.447042640625
3 0.783264353125 0.6717125171875 0.5518491328125 0.6717125171875 0.5518491328125 0.7106808796874999 0.783264353125 0.7106808796874999 0.783264353125 0.6717125171875
3 0.39052069375 0.67515130625 0.31375166875 0.67515130625 0.31375166875 0.715275103125 0.39052069375 0.715275103125 0.39052069375 0.67515130625
3 0.2013818421875 0.67744841875 0.046735646874999995 0.67744841875 0.046735646874999995 0.7198555703125 0.2013818421875 0.7198555703125 0.2013818421875 0.67744841875
3 0.895638628125 0.14786795 0.9000890078125 0.447042640625 0.9423676015625 0.447042640625 0.9368046281250001 0.14786795 0.895638628125 0.14786795
5 0.571875834375 0.7141196703125 0.4594993328125 0.7141196703125 0.4594993328125 0.9502544703125 0.571875834375 0.9502544703125 0.571875834375 0.7141196703125
2 0.5121113875 0.7196895265625 0.5164028218750001 0.7206720375 0.5159259953124999 0.7137944578125001 0.5512111390625 0.713303203125 0.551687965625 0.6710552171875 0.5168796484375 0.6705639609375 0.5173564749999999 0.6641776375 0.511157734375 0.6641776375 0.5116345609375 0.6715464734375 0.477779896875 0.6715464734375 0.47682624375 0.7147769703125 0.5116345609375 0.7147769703125 0.5121113875 0.7196895265625
4 0.5759311265625 0.3367642171875 0.33468993125 0.34055874375 0.3402145390625 0.6744770671875 0.5823765015625 0.670682540625 0.5759311265625 0.3367642171875
2 0.49828342656249996 0.3468264890625 0.501621209375 0.3468264890625 0.5020980359375 0.33847514375 0.52927713125 0.33847514375 0.5297539578125 0.32766751875 0.5030516875 0.328158775 0.5020980359375 0.31980742812499996 0.49828342656249996 0.31980742812499996 0.49828342656249996 0.328158775 0.47110432968750005 0.328158775 0.47110432968750005 0.33896639687499996 0.4978066 0.33847514375 0.49828342656249996 0.3468264890625
2 0.5654205609375 0.281292984375 0.5740987984375 0.2826685 0.5740987984375 0.3101788171875 0.585113484375 0.3098349375 0.5867823765625 0.2826685 0.59345794375 0.283356259375 0.59345794375 0.277510315625 0.5857810406249999 0.2778541953125 0.5861148203125001 0.25 0.5740987984375 0.2496561203125 0.5747663546874999 0.2778541953125 0.5657543390625001 0.2778541953125 0.5654205609375 0.281292984375
4 0.1003544953125 0.6773229609375 0.3296257078125 0.6749513828125 0.32318033281249997 0.34055874375 0.18322360937499999 0.3434046375 0.1836839921875 0.38134990156250004 0.096211040625 0.38134990156250004 0.1003544953125 0.6773229609375
2 0.276368490625 0.34834938125 0.27703604843749996 0.34215955937500003 0.30407209687500003 0.34181568125 0.304405875 0.330467675 0.276368490625 0.33115543281250004 0.276368490625 0.323590096875 0.2723631515625 0.323933975 0.2723631515625 0.3314993125 0.2436582109375 0.3321870703125 0.2436582109375 0.34181568125 0.27169559374999996 0.34181568125 0.27169559374999996 0.348693259375 0.276368490625 0.34834938125
6 0.1758574640625 0.15652421249999998 0.1956539765625 0.15652421249999998 0.1970351265625 0.22008253125000002 0.2881911515625 0.21960821406250003 0.2881911515625 0.2082246359375 0.21683163749999998 0.2101219 0.21499010156249998 0.07826210781250001 0.3811887109375 0.075890528125 0.38349063125 0.20775032031250001 0.34850145 0.20727600468750002 0.3475806828125 0.21723663593749998 0.563500759375 0.214390740625 0.5639611437500001 0.20775032031250001 0.89727913125 0.20395579375 0.8963583625 0.1830858984375 0.6100087484375 0.18782905625 0.60724644375 0.14798652968749998 0.59757838125 0.14703789843749998 0.5984991484375 0.161267371875 0.5888310859375 0.16079305625 0.5869895484375001 0.1498837921875 0.57547995 0.1498837921875 0.57640071875 0.1617416875 0.5621288156250001 0.161267371875 0.5625891984375 0.152255371875 0.55200036875 0.153204003125 0.5524607515625 0.159844425 0.5529211359375 0.2011099 0.41848902031249996 0.2030071625 0.416647484375 0.0720960015625 0.4350628421875 0.0716216859375 0.435983609375 0.059763790625 0.2154596921875 0.0640326328125 0.2154596921875 0.023241475 0.194742415625 0.0227671578125 0.19473320624999998 0.13992316093749999 0.17539708125 0.13992316093749999 0.1758574640625 0.15652421249999998
1 0.09989411249999999 0.1588957921875 0.1021960328125 0.33439263750000003 0.5759311265625 0.3277522171875 0.574089590625 0.21818526875000002 0.5639611437500001 0.21865958281250003 0.5621196078125 0.21486505781249998 0.196114359375 0.22150547812500002 0.196114359375 0.15652421249999998 0.09989411249999999 0.1588957921875
2 0.3164218953125 0.20116918906249998 0.31608811718749996 0.208390646875 0.2883845125 0.208390646875 0.288718290625 0.2197386515625 0.31608811718749996 0.220426409375 0.316755675 0.22799174687499998 0.3207610140625 0.2273039890625 0.32142857187499996 0.21905089375000003 0.34779706250000003 0.2193947734375 0.348130840625 0.20701513125 0.3204272359375 0.20735900937500001 0.3204272359375 0.2015130671875 0.3164218953125 0.20116918906249998
6 0.0695087703125 0.1944694765625 0.073652225 0.5554238 0.0432668859375 0.55447516875 0.0428065 0.57581938125 0.07503337812500001 0.57581938125 0.0759541453125 0.678745909375 0.099433728125 0.6782715921875 0.09436950468750001 0.3808755875 0.182302840625 0.37992695625 0.18184245625 0.34245600625 0.24399429062500003 0.341507375 0.24399429062500003 0.33249537500000004 0.1012752625 0.3358155859375 0.099433728125 0.1588957921875 0.1169283171875 0.159370109375 0.116467934375 0.14087179218749998 0.0823995203125 0.1418204234375 0.08193913750000001 0.19399516249999998 0.0695087703125 0.1944694765625
2 0.14916440312499998 0.16553621406250002 0.1500851703125 0.1569985296875 0.1763270578125 0.1574728453125 0.1758666734375 0.1389745296875 0.1473228671875 0.13944884531249999 0.1477832515625 0.1313854765625 0.1445605640625 0.132334109375 0.144100178125 0.13992316093749999 0.11739790937500001 0.14087179218749998 0.11739790937500001 0.1579471609375 0.14548133125 0.1574728453125 0.1450209484375 0.16553621406250002 0.14916440312499998 0.16553621406250002
6 0.4705032 0.33012379687500004 0.3029234375 0.33154674375000004 0.303383821875 0.34055874375 0.324561484375 0.3396101125 0.330546475 0.6744770671875 0.3397541546875 0.6744770671875 0.3333087796875 0.3396101125 0.46958243125 0.338187165625 0.4705032 0.33012379687500004
6 0.5754707421874999 0.3102025328125 0.5763915093749999 0.3277522171875 0.5298927296875 0.328226534375 0.5303531140625 0.3362899015625 0.5763915093749999 0.3362899015625 0.5819161171875 0.6702082234375 0.591123796875 0.67115685625 0.5837576546875 0.3106768484375 0.5754707421874999 0.3102025328125
6 0.58330440625 0.2077441546875 0.5750133515625 0.2077441546875 0.5750133515625 0.249009628125 0.58330440625 0.249009628125 0.58330440625 0.2077441546875
4 0.3807283265625 0.07636484375 0.21591086874999998 0.07873642187499999 0.2182127890625 0.2086989515625 0.3816490953125 0.20680168906250002 0.3807283265625 0.07636484375
4 0.6131251921875001 0.6687123046875 0.8801478890625001 0.667654215625 0.8811749000000001 0.629563009375 0.900688096875 0.62744683125 0.894526034375 0.2211406203125 0.8739858281249999 0.2211406203125 0.8739858281249999 0.2073854625 0.611071171875 0.2084435515625 0.61209818125 0.22008253125000002 0.586422921875 0.2190244421875 0.5925849859375 0.6316791875 0.6131251921875001 0.6316791875 0.6131251921875001 0.6687123046875
3 0.868850775 0.7089196906249999 0.9438225328125001 0.707861603125 0.9438225328125001 0.6168659390625 0.9027421171875 0.6168659390625 0.903769128125 0.6687123046875 0.868850775 0.6687123046875 0.868850775 0.7089196906249999