6 0.6804607515625001 0.636415525 0.6793941984375 0.4823059359375 0.6623293515625 0.4823059359375 0.6623293515625 0.5251141546875 0.26130546093749996 0.5208333328125 0.164249146875 0.302511415625 0.162116040625 0.1997716890625 0.1695819109375 0.1997716890625 0.1695819109375 0.1783675796875 0.162116040625 0.1783675796875 0.162116040625 0.0913242015625 0.1450511953125 0.0913242015625 0.1450511953125 0.31535388124999997 0.2431740609375 0.54794520625 0.6623293515625 0.552226028125 0.6633959046875 0.634988584375 0.6143344703125 0.637842465625 0.61326791875 0.659246575 0.6943259390625001 0.659246575 0.6943259390625001 0.8847031968750001 0.713523890625 0.8861301375 0.7145904437499999 0.634988584375 0.6804607515625001 0.636415525
4 0.16318259375 0.301084475 0.26130546093749996 0.5208333328125 0.6612627984375 0.5251141546875 0.6612627984375 0.33818493125 0.5556740609374999 0.33961187187499997 0.4692832765625 0.1826484015625 0.4714163828125 0.0970319640625 0.3039675765625 0.0941780828125 0.30290102343749997 0.1997716890625 0.16318259375 0.1997716890625 0.16318259375 0.301084475
0 0.6623293515625 0.30393835625 0.6612627984375 0.2183219171875 0.6921928328125 0.2183219171875 0.6932593859375 0.0956050234375 0.4916808875 0.0956050234375 0.49381399375 0.1726598171875 0.568472696875 0.308219178125 0.6623293515625 0.30393835625
7 0.6986006828125 0.037123287500000005 0.573822525 0.037123287500000005 0.573822525 0.0942009125 0.6986006828125 0.0942009125 0.6986006828125 0.037123287500000005
7 0.0693344703125 0.4337899546875 0.024522184375 0.4337899546875 0.024522184375 0.60219178125 0.0693344703125 0.60219178125 0.0693344703125 0.4337899546875
7 0.9567064843749999 0.271141553125 0.9151023890625 0.271141553125 0.9151023890625 0.43525114218749994 0.9567064843749999 0.43525114218749994 0.9567064843749999 0.271141553125
7 0.9567064843749999 0.59789954375 0.9151023890625 0.59789954375 0.9151023890625 0.7691324203125001 0.9567064843749999 0.7691324203125001 0.9567064843749999 0.59789954375
7 0.42448805468749995 0.884726028125 0.30076791875 0.884726028125 0.30076791875 0.9432191781249999 0.42448805468749995 0.9432191781249999 0.42448805468749995 0.884726028125
7 0.6388737203125 0.883287671875 0.510887371875 0.883287671875 0.510887371875 0.943196346875 0.6388737203125 0.943196346875 0.6388737203125 0.883287671875
3 0.5130034125 0.8875799093750001 0.42447098906249997 0.8875799093750001 0.42447098906249997 0.944657534375 0.5130034125 0.944657534375 0.5130034125 0.8875799093750001
3 0.9577815703124999 0.43376712343749996 0.9151194546875001 0.43376712343749996 0.9151194546875001 0.5964611875 0.9577815703124999 0.5964611875 0.9577815703124999 0.43376712343749996
3 0.637798634375 0.94606164375 0.9566979515625 0.947488584375 0.9556314 0.7676940640625001 0.9129692828125 0.7676940640625001 0.9129692828125 0.88327625625 0.6356655296875 0.8861301375 0.637798634375 0.94606164375
3 0.699658703125 0.0970319640625 0.9161689421875 0.0941780828125 0.9151023890625 0.271118721875 0.9577645046875001 0.26969178125000004 0.9577645046875001 0.037100456250000004 0.697525596875 0.035673515625 0.699658703125 0.0970319640625
3 0.5759385671875 0.0356621 0.24105802031249998 0.0356621 0.24105802031249998 0.0927397265625 0.5759385671875 0.0927397265625 0.5759385671875 0.0356621
3 0.0661262796875 0.08847032031249999 0.178114334375 0.0898972609375 0.17704778125 0.037100456250000004 0.0223976109375 0.035673515625 0.024530717187500002 0.4337899546875 0.0639931734375 0.43093607343749996 0.0661262796875 0.08847032031249999
3 0.0671928328125 0.8861301375 0.0693259390625 0.600742009375 0.024530717187500002 0.600742009375 0.024530717187500002 0.94606164375 0.30076791875 0.9432077624999999 0.30076791875 0.8861301375 0.0671928328125 0.8861301375
2 0.21970989687500003 0.2154680359375 0.2335750859375 0.2154680359375 0.2335750859375 0.2011986296875 0.27943685937499996 0.1997716890625 0.2783703078125 0.1683789953125 0.2335750859375 0.1712328765625 0.23144197968750002 0.14697488593750002 0.2186433453125 0.14697488593750002 0.2165102390625 0.1683789953125 0.1695819109375 0.16695205468750002 0.1706484640625 0.2026255703125 0.21970989687500003 0.1997716890625 0.21970989687500003 0.2154680359375
1 0.6623293515625 0.55365296875 0.24210750781249998 0.5507990875 0.1973122859375 0.4437785390625 0.0703924921875 0.4452054796875 0.0693259390625 0.632134703125 0.6623293515625 0.636415525 0.6623293515625 0.55365296875
2 0.17704778125 0.48515981718749995 0.175981228125 0.45234018281250005 0.1994453921875 0.4480593609375 0.19304607499999998 0.42094748906249996 0.178114334375 0.42094748906249996 0.174914675 0.38955479375 0.16318259375 0.388127853125 0.16318259375 0.41523972656249997 0.1386518765625 0.41952054843750003 0.1386518765625 0.4437785390625 0.159982934375 0.4452054796875 0.1589163828125 0.4837328765625 0.17704778125 0.48515981718749995
2 0.6015358359375 0.362442921875 0.621800340625 0.362442921875 0.6196672359375001 0.336757990625 0.6452645046875001 0.336757990625 0.6441979515625 0.30964611875000003 0.6175341296875 0.308219178125 0.6164675765625 0.28110730625 0.6047354953124999 0.28110730625 0.6036689421875 0.30536529687499997 0.57700511875 0.3067922375 0.57700511875 0.3410388125 0.6015358359375 0.3410388125 0.6015358359375 0.362442921875
4 0.7145904437499999 0.8847031968750001 0.9140358359375 0.8847031968750001 0.9140358359375 0.25256849375 0.6783276453125 0.25256849375 0.68259385625 0.63356164375 0.7145904437499999 0.632134703125 0.7145904437499999 0.8847031968750001
6 0.6633959046875 0.3966894984375 0.6783276453125 0.3981164390625 0.6772610921875 0.25114155312499997 0.9151023890625 0.2497146125 0.9172354953124999 0.2240296796875 0.799914675 0.22117579843750002 0.799914675 0.1840753421875 0.7817832765625 0.1855022828125 0.7817832765625 0.2254566203125 0.7071245734375 0.22117579843750002 0.7071245734375 0.2011986296875 0.6921928328125 0.2011986296875 0.6921928328125 0.22117579843750002 0.6644624578125 0.2226027390625 0.6623293515625 0.308219178125 0.6473976109375 0.308219178125 0.6463310578125 0.33533105 0.6633959046875 0.33247716875 0.6633959046875 0.3966894984375
2 0.687926621875 0.16695205468750002 0.6900597265624999 0.2011986296875 0.7092576796875 0.2011986296875 0.711390784375 0.16980593593749999 0.7369880546875 0.16980593593749999 0.7369880546875 0.14697488593750002 0.7103242328125 0.14697488593750002 0.711390784375 0.1184360734375 0.6911262796875 0.1184360734375 0.6900597265624999 0.1441210046875 0.6612627984375 0.14697488593750002 0.6665955625 0.1726598171875 0.687926621875 0.16695205468750002
2 0.7583191125 0.1298515984375 0.757252559375 0.1541095890625 0.7796501703125001 0.1541095890625 0.7796501703125001 0.1826484015625 0.8009812281249999 0.1840753421875 0.80204778125 0.1569634703125 0.8265784984375 0.1541095890625 0.8255119453124999 0.1298515984375 0.8009812281249999 0.1312785390625 0.8009812281249999 0.10987442968750001 0.7817832765625 0.1070205484375 0.7796501703125001 0.1355593609375 0.7583191125 0.1298515984375
2 0.6484641640625 0.43093607343749996 0.6452645046875001 0.45234018281250005 0.6601962453125 0.4537671234375 0.6591296921875001 0.4837328765625 0.681527303125 0.4837328765625 0.683660409375 0.45234018281250005 0.7028583625 0.44948630156249997 0.701791809375 0.4295091328125 0.68259385625 0.4295091328125 0.681527303125 0.39383561718750004 0.6601962453125 0.3924086765625 0.6601962453125 0.43093607343749996 0.6484641640625 0.43093607343749996
4 0.69540955625 0.6621232874999999 0.49168942031249996 0.6621232874999999 0.49168942031249996 0.884726028125 0.69540955625 0.884726028125 0.69540955625 0.6621232874999999
2 0.5727389078125 0.69063926875 0.5866040953125 0.686358446875 0.5908703078124999 0.6649543375 0.6143344703125 0.6649543375 0.6143344703125 0.632134703125 0.5855375421875 0.632134703125 0.5844709890625001 0.606449771875 0.5759385671875 0.60502283125 0.5748720140625 0.6307077624999999 0.5471416375 0.626426940625 0.5450085328125 0.6649543375 0.5727389078125 0.6649543375 0.5727389078125 0.69063926875
4 0.47568259375000005 0.6621232874999999 0.269846415625 0.6621232874999999 0.269846415625 0.884726028125 0.47568259375000005 0.884726028125 0.47568259375000005 0.6621232874999999
2 0.37542662187500003 0.68493150625 0.3903583625 0.686358446875 0.389291809375 0.6649543375 0.41488907812500003 0.6649543375 0.41488907812500003 0.634988584375 0.387158703125 0.6307077624999999 0.387158703125 0.60502283125 0.37755972656250003 0.6035958906250001 0.37542662187500003 0.632134703125 0.3444965875 0.629280821875 0.3444965875 0.6621004562499999 0.37436006875 0.660673515625 0.37542662187500003 0.68493150625
4 0.24745733749999999 0.6592237437499999 0.0693344703125 0.6592237437499999 0.0693344703125 0.8847031968750001 0.24745733749999999 0.8847031968750001 0.24745733749999999 0.6592237437499999
2 0.11732081875 0.6949200906249999 0.1290529015625 0.6992009125 0.1279863484375 0.663527396875 0.152517065625 0.663527396875 0.152517065625 0.632134703125 0.1279863484375 0.629280821875 0.1290529015625 0.595034246875 0.116254265625 0.595034246875 0.1141211609375 0.626426940625 0.0949232078125 0.626426940625 0.092790103125 0.657819634375 0.11732081875 0.659246575 0.11732081875 0.6949200906249999
6 0.7988566546875 0.08705479375 0.7796416374999999 0.08705479375 0.7796416374999999 0.1084703203125 0.7988566546875 0.1084703203125 0.7988566546875 0.08705479375
6 0.7060750859375 0.0941780828125 0.6943344703125 0.0941780828125 0.6943344703125 0.11988584531249999 0.7060750859375 0.11988584531249999 0.7060750859375 0.0941780828125
6 0.301843003125 0.0942009125 0.28156996562500003 0.0942009125 0.28156996562500003 0.19694063906249998 0.301843003125 0.19694063906249998 0.301843003125 0.0942009125
2 0.205844709375 0 0.20477815625 0.027111871875 0.175981228125 0.027111871875 0.178114334375 0.0941780828125 0.2037116046875 0.0941780828125 0.2037116046875 0.1327054796875 0.21757679218749998 0.1327054796875 0.21757679218749998 0.0956050234375 0.239974403125 0.0956050234375 0.24104095625 0.03139269375 0.21970989687500003 0.029965753125 0.21970989687500003 0 0.205844709375 0
6 0.1386689421875 0.4209360734375 0.067201365625 0.4209360734375 0.067201365625 0.44235159843750005 0.1386689421875 0.44235159843750005 0.1386689421875 0.4209360734375
6 0.47461604062499996 0.887557078125 0.492747440625 0.8889840187500001 0.490614334375 0.660673515625 0.5460750859375 0.660673515625 0.5450085328125 0.63356164375 0.41382252499999994 0.634988584375 0.41595563125 0.6649543375 0.4735494875 0.663527396875 0.47461604062499996 0.887557078125
6 0.2474402734375 0.89469178125 0.269837884375 0.8861301375 0.269837884375 0.659246575 0.34236348125 0.659246575 0.34343003437499997 0.63356164375 0.1535836171875 0.63356164375 0.1535836171875 0.6621004562499999 0.2474402734375 0.659246575 0.2474402734375 0.89469178125
6 0.0938566546875 0.635 0.062935153125 0.635 0.062935153125 0.659246575 0.0938566546875 0.659246575 0.0938566546875 0.635
6 0.57700511875 0.308219178125 0.5652730375 0.308219178125 0.4916808875 0.1740867578125 0.4916808875 0.0956050234375 0.4703498296875 0.0941780828125 0.4703498296875 0.1826484015625 0.5546075078125 0.33961187187499997 0.57700511875 0.33818493125 0.57700511875 0.308219178125
1 0.91404436875 0.0984474890625 0.800972696875 0.0984474890625 0.800972696875 0.2240182640625 0.91404436875 0.2240182640625 0.91404436875 0.0984474890625
1 0.781791809375 0.0970319640625 0.7060580203125 0.0970319640625 0.7060580203125 0.2226027390625 0.781791809375 0.2226027390625 0.781791809375 0.0970319640625
1 0.284795221875 0.0956164390625 0.1631911265625 0.0956164390625 0.1631911265625 0.1712328765625 0.284795221875 0.1712328765625 0.284795221875 0.0956164390625
0 0.14078498281250001 0.311073059375 0.1429180890625 0.0913242015625 0.0703924921875 0.0927511421875 0.0693259390625 0.41952054843750003 0.1866467578125 0.42094748906249996 0.14078498281250001 0.311073059375