7 0.58714455 0.8103108812500001 0.45944312812500004 0.8103108812500001 0.45944312812500004 0.8822797921875001 0.58714455 0.8822797921875001 0.58714455 0.8103108812500001
7 0.8175355453125001 0.8117357515625001 0.69772511875 0.8117357515625001 0.69772511875 0.8837046624999999 0.8175355453125001 0.8837046624999999 0.8175355453125001 0.8117357515625001
7 0.3067298578125 0.8074352328125001 0.1882464453125 0.8074352328125001 0.1882464453125 0.8794041453125001 0.3067298578125 0.8794041453125001 0.3067298578125 0.8074352328125001
7 0.1224407578125 0.41739637343749997 0.0579383890625 0.41739637343749997 0.0579383890625 0.5685103625 0.1224407578125 0.5685103625 0.1224407578125 0.41739637343749997
3 0.39889810468750003 0.808860103125 0.3080687203125 0.808860103125 0.3080687203125 0.8808290156249999 0.39889810468750003 0.8808290156249999 0.39889810468750003 0.808860103125
3 0.69906398125 0.8117357515625001 0.5884715640625 0.8117357515625001 0.5884715640625 0.8837046624999999 0.69906398125 0.8837046624999999 0.69906398125 0.8117357515625001
3 0.9781398109375001 0.8131735750000001 0.8148933656249999 0.8131735750000001 0.8148933656249999 0.888018134375 0.9781398109375001 0.888018134375 0.9781398109375001 0.8131735750000001
3 0.1237440765625 0.156865284375 0.057914692187500005 0.156865284375 0.057914692187500005 0.4173834203125 0.1237440765625 0.4173834203125 0.1237440765625 0.156865284375
3 0.12243286093750001 0.8074265984375 0.12374934062500001 0.568508921875 0.05792522343749999 0.57138745 0.0552922578125 0.8808290156249999 0.189573459375 0.8779504890625001 0.1882569765625 0.8074265984375 0.12243286093750001 0.8074265984375
2 0.43246445468749994 0.8845299765625001 0.4595463765625 0.8845299765625001 0.4595463765625 0.8086602515625 0.43246445468749994 0.804959290625 0.4316181453125 0.7707253890625 0.42315504531250003 0.7716506296875 0.42315504531250003 0.804959290625 0.3977657421875 0.80680976875 0.3986120515625 0.88175425625 0.42230873437499994 0.882679496875 0.42315504531250003 0.903034790625 0.43077183437500005 0.9011843078125 0.43246445468749994 0.8845299765625001
2 0.385071090625 0.6495188749999999 0.3596817875 0.648593634375 0.3596817875 0.61713545625 0.3461408265625 0.6152849734375 0.3436018953125 0.648593634375 0.3224441453125 0.6458179125 0.319058903125 0.6587712796875 0.34444820625 0.6652479640625 0.34529451718750004 0.6994818656249999 0.36222071875 0.6985566249999999 0.3639133390625 0.66247224375 0.3867637109375 0.661547003125 0.385071090625 0.6495188749999999
4 0.634732565625 0.5542190953125 0.7320582250000001 0.5551443375 0.7329045359374999 0.37749815 0.6305010171875 0.37842339062499997 0.632193634375 0.23686158281249997 0.363067028125 0.23778682343750002 0.36137440781249996 0.80588453125 0.6355788765625 0.8095854921875001 0.634732565625 0.5542190953125
2 0.6846648609375 0.59492968125 0.6948205828125 0.594004440625 0.6965132015625 0.5736491484374999 0.718517265625 0.57179866875 0.7176709546875 0.5551443375 0.6922816515625 0.5551443375 0.6922816515625 0.5236861578124999 0.6838185515624999 0.5236861578124999 0.6812796203125 0.5542190953125 0.6601218703125 0.5532938578125 0.660968178125 0.5745743890624999 0.6838185515624999 0.5745743890624999 0.6846648609375 0.59492968125
6 0.7329045359374999 0.55699481875 0.7176709546875 0.556069578125 0.715978334375 0.57179866875 0.8928571421875 0.5736491484374999 0.8928571421875 0.5634715031249999 0.7472918078124999 0.5625462609375 0.750677046875 0.36269429999999997 0.72105619375 0.361769059375 0.72105619375 0.37564766875 0.73459715625 0.376572909375 0.7329045359374999 0.55699481875
0 0.8903199046875001 0.3765673578125 0.749822275 0.3765673578125 0.749822275 0.5597538859375 0.8903199046875001 0.5597538859375 0.8903199046875001 0.3765673578125
2 0.7743737296875 0.4024796453125 0.78283683125 0.4034048859375 0.781990521875 0.37749815 0.808226134375 0.376572909375 0.805687203125 0.3580680984375 0.7836831421875 0.3580680984375 0.78283683125 0.3349370828125 0.775220040625 0.333086603125 0.77606635 0.359918578125 0.75236966875 0.359918578125 0.750677046875 0.376572909375 0.77352741875 0.37564766875 0.7743737296875 0.4024796453125
2 0.6846648609375 0.3349370828125 0.6846648609375 0.359918578125 0.660968178125 0.359918578125 0.6618144874999999 0.38119911093750003 0.6846648609375 0.38119911093750003 0.6846648609375 0.4024796453125 0.6948205828125 0.40710584687500007 0.6965132015625 0.37842339062499997 0.720209884375 0.37842339062499997 0.7193635765625 0.3589933390625 0.6948205828125 0.359918578125 0.6939742718749999 0.3367875640625 0.6846648609375 0.3349370828125
2 0.7540622890625001 0.26739452343750003 0.7625253890625 0.26646928281250004 0.7642180093750001 0.235011103125 0.79637779375 0.23316062187500003 0.7972241015625 0.18689859375 0.7633716984375 0.1831976328125 0.761679078125 0.14618800781250002 0.753215978125 0.1480384890625 0.75236966875 0.1859733515625 0.7193635765625 0.1859733515625 0.7193635765625 0.2359363453125 0.7540622890625001 0.23778682343750002 0.7540622890625001 0.26739452343750003
4 0.34529620781250003 0.3599222796875 0.12271327031249998 0.3599222796875 0.12271327031249998 0.8068134718750001 0.34529620781250003 0.8068134718750001 0.34529620781250003 0.3599222796875
2 0.29620853125 0.3737971859375 0.30636425156249997 0.3737971859375 0.3072105609375 0.3645447828125 0.34021665625 0.3645447828125 0.34021665625 0.346039971875 0.30805687187499997 0.34326424843750003 0.30805687187499997 0.3321613625 0.29620853125 0.3321613625 0.297054840625 0.346039971875 0.26743398749999997 0.34233900781250004 0.266587678125 0.361769059375 0.29620853125 0.361769059375 0.29620853125 0.3737971859375
6 0.9300829390625 0.3589896375 0.8920023703125001 0.3589896375 0.8920023703125001 0.8132901546875001 0.9300829390625 0.8132901546875001 0.9300829390625 0.3589896375
6 0.6364251875 0.55699481875 0.6364251875 0.813286453125 0.6491198359375 0.8114359734375001 0.649966146875 0.572723909375 0.6618144874999999 0.572723909375 0.6592755593749999 0.55699481875 0.6364251875 0.55699481875
6 0.360533175 0.6994689125 0.34529620781250003 0.6994689125 0.34529620781250003 0.8077331609374999 0.360533175 0.8077331609374999 0.360533175 0.6994689125
6 0.269126609375 0.346039971875 0.26320243906249996 0.34511473125 0.2615098171875 0.2359363453125 0.24966147656249998 0.235011103125 0.24966147656249998 0.3441894890625 0.12356127187499999 0.34326424843750003 0.1218686515625 0.36084381875 0.2682802984375 0.36084381875 0.269126609375 0.346039971875
6 0.3478334453125 0.36084381875 0.346987134375 0.61713545625 0.3596817875 0.618060696875 0.3596817875 0.23408586250000002 0.3478334453125 0.2359363453125 0.34867975625000003 0.346039971875 0.3410629640625 0.34789045 0.3410629640625 0.361769059375 0.3478334453125 0.36084381875
6 0.6618144874999999 0.3645447828125 0.6465809078125 0.36361954218750003 0.6448882874999999 0.235011103125 0.634732565625 0.235011103125 0.6330399453125 0.376572909375 0.6618144874999999 0.376572909375 0.6618144874999999 0.3645447828125
6 0.819228165625 0.359918578125 0.8183818546875001 0.2303848984375 0.8073798249999999 0.231310140625 0.805687203125 0.37564766875 0.896242384375 0.376572909375 0.8945497625 0.3580680984375 0.819228165625 0.359918578125
6 0.87254739375 0.18598445624999999 0.7972156390625 0.18598445624999999 0.7972156390625 0.23132124375 0.87254739375 0.23132124375 0.87254739375 0.18598445624999999
6 0.7193635765625 0.187823834375 0.220886934375 0.1933752765625 0.2191943125 0.2359363453125 0.72105619375 0.23223538124999998 0.7193635765625 0.187823834375
1 0.8039928906249999 0.23501295312499998 0.6474289093750001 0.23501295312499998 0.6474289093750001 0.3599093265625 0.8039928906249999 0.3599093265625 0.8039928906249999 0.23501295312499998
4 0.8869312796875001 0.5745725390625 0.6525000000000001 0.5745725390625 0.6525000000000001 0.8105051812499999 0.8869312796875001 0.8105051812499999 0.8869312796875001 0.5745725390625
1 0.346137440625 0.2387176171875 0.2631990515625 0.2387176171875 0.2631990515625 0.3441839375 0.346137440625 0.3441839375 0.346137440625 0.2387176171875
1 0.644312796875 0.884520725 0.3486729859375 0.884520725 0.3486729859375 0.95853626875 0.644312796875 0.95853626875 0.644312796875 0.884520725