4 0.744212140625 0.8356781609375 0.744212140625 0.5828045984375 0.7867280296875 0.5828045984375 0.7854131046874999 0.832229884375 0.9090159984374999 0.8333793109375 0.9098926140625 0.58970115 0.902879684375 0.58970115 0.901564759375 0.5667126437500001 0.9550383515625 0.5713103453125 0.9559149687499999 0.18855172343749999 0.9300547890624999 0.18855172343749999 0.9300547890624999 0.4356781609375 0.9077010734375 0.4333793109375 0.9068244578125 0.3494712640625 0.8231076046875 0.3494712640625 0.8239842203125001 0.1908505734375 0.7990006578125 0.18855172343749999 0.800753890625 0.06441379375 0.7503484546875 0.06441379375 0.749910146875 0.18970115 0.709147490625 0.192 0.7095857984375 0.457517240625 0.7095857984375 0.5667126437500001 0.708270875 0.8333793109375 0.744212140625 0.8356781609375
3 0.7999123390625 0.0651341 0.7999123390625 0.189655171875 0.8108700421874999 0.189655171875 0.8101395281249999 0.034482759375 0.7385492 0.0363984671875 0.7385492 0.15900383125 0.5420410546875 0.1609195390625 0.541310540625 0.1858237546875 0.7509679296875 0.1877394640625 0.7509679296875 0.0651341 0.7999123390625 0.0651341
3 0.9675104093750001 0.162356321875 0.9494301984375 0.162356321875 0.9505259703125001 0.188218390625 0.9571005921875001 0.188218390625 0.9554569359375 0.8333333328125001 0.2985974140625 0.8333333328125001 0.2985974140625 0.8261494265625 0.0734166125 0.8218390812499999 0.073964496875 0.639367815625 0.060815253125 0.636494253125 0.060212579687500004 0.8563218390625 0.9658667546874999 0.8606321843750001 0.9675104093750001 0.162356321875
4 0.21783695 0.18964655156250002 0.074510190625 0.18964655156250002 0.074510190625 0.8218362062500001 0.21783695 0.8218362062500001 0.21783695 0.18964655156250002
3 0.07451238125000001 0.188218390625 0.19833442968749998 0.189655171875 0.1988823140625 0.1566091953125 0.061911023437500004 0.1566091953125 0.060815253125 0.5948275859375001 0.073964496875 0.5962643671875 0.07451238125000001 0.188218390625
3 0.5248750828125 0.15516379375 0.2186094671875 0.15516379375 0.2186094671875 0.18821551718750001 0.5248750828125 0.18821551718750001 0.5248750828125 0.15516379375
2 0.19285557656250002 0.19885057343749998 0.19811527499999998 0.19770115 0.2064431296875 0.19770115 0.2064431296875 0.21264367812499999 0.2108262109375 0.21609195312499999 0.2108262109375 0.19770115 0.2182774484375 0.1965517234375 0.2187157578125 0.1540229875 0.1998685078125 0.1540229875 0.1989918921875 0.186206896875 0.19285557656250002 0.186206896875 0.19285557656250002 0.19885057343749998
2 0.26298487812500004 0.37816091875 0.26298487812500004 0.391954021875 0.271751040625 0.391954021875 0.271751040625 0.41839080468749995 0.2796405875 0.4172413796875 0.2796405875 0.39425287343750004 0.28709182499999997 0.3965517234375 0.2875301328125 0.37816091875 0.2778873546875 0.3804597703125 0.2778873546875 0.359770115625 0.27394258125 0.3609195390625 0.27306596562499996 0.37816091875 0.26298487812500004 0.37816091875
1 0.24632917031249998 0.7839080468749999 0.24632917031249998 0.6482758625 0.241069471875 0.6482758625 0.24063116406249999 0.62988505625 0.22792022812499999 0.632183909375 0.22748192031249997 0.8218390812499999 0.27306596562499996 0.8241379312499999 0.27306596562499996 0.7816091953125001 0.24632917031249998 0.7839080468749999
6 0.2735042734375 0.5425287359375 0.2502739421875 0.540229884375 0.2502739421875 0.52183908125 0.2419460875 0.5195402296875 0.2419460875 0.5471264359375 0.22748192031249997 0.5471264359375 0.22748192031249997 0.5390804609375001 0.21783914062499998 0.537931034375 0.219154065625 0.563218390625 0.2735042734375 0.562068965625 0.2735042734375 0.5425287359375
1 0.2419460875 0.46666379375 0.22748192031249997 0.46666379375 0.22748192031249997 0.544818965625 0.2419460875 0.544818965625 0.2419460875 0.46666379375
2 0.24983563437499998 0.510344828125 0.254218715625 0.511494253125 0.25465702343749996 0.49770115 0.25115055937499997 0.49770115 0.25115055937499997 0.48850574687500004 0.242384396875 0.48850574687500004 0.2428227046875 0.5206896546875 0.24939732656250002 0.5241379312500001 0.24983563437499998 0.510344828125
2 0.2108262109375 0.5850574703125 0.20951128593749999 0.59770115 0.21696252500000002 0.59770115 0.21783914062499998 0.6172413796875 0.22792022812499999 0.616091953125 0.22792022812499999 0.5965517234375 0.2340565421875 0.59770115 0.2340565421875 0.5827586203124999 0.229235153125 0.5827586203124999 0.229235153125 0.565517240625 0.2187157578125 0.563218390625 0.2182774484375 0.5850574703125 0.2108262109375 0.5850574703125
2 0.22748192031249997 0.3586293109375 0.2195923734375 0.3586293109375 0.2195923734375 0.4264396546875 0.22748192031249997 0.4264396546875 0.22748192031249997 0.3586293109375
2 0.22704142031250002 0.46666379375 0.21915187343750003 0.46666379375 0.21915187343750003 0.5379224140625001 0.22704142031250002 0.5379224140625001 0.22704142031250002 0.46666379375
6 0.2266074953125 0.6160948281249999 0.2187179484375 0.6160948281249999 0.2187179484375 0.8241465515625 0.2266074953125 0.8241465515625 0.2266074953125 0.6160948281249999
2 0.2410683765625 0.6160948281249999 0.22747863281249997 0.6160948281249999 0.22747863281249997 0.6459741375 0.2410683765625 0.6459741375 0.2410683765625 0.6160948281249999
3 0.28402366875 0.413793103125 0.2735042734375 0.4172413796875 0.2735042734375 0.8241379312499999 0.28402366875 0.82643678125 0.2844619765625 0.4436781609375 0.28402366875 0.413793103125
4 0.285802684375 0.3640973640625 0.27768109218750003 0.36308316406249996 0.2769076078125 0.41683570000000003 0.285802684375 0.4178498984375 0.28490028437500003 0.4287356328125 0.303747534375 0.42758620625 0.303747534375 0.4540229875 0.29936445312500004 0.4540229875 0.29980276093749997 0.562068965625 0.303747534375 0.562068965625 0.303747534375 0.587356321875 0.29936445312500004 0.5896551718749999 0.298049528125 0.8287356328125 0.49704142031250004 0.8310344828125 0.49835634375 0.187356321875 0.2993386703125 0.1886409734375 0.29980276093749997 0.3563218390625 0.285802684375 0.3580121703125 0.285802684375 0.3640973640625
1 0.2919165015625 0.445982759375 0.28490138125 0.445982759375 0.28490138125 0.8218448281249999 0.2919165015625 0.8218448281249999 0.2919165015625 0.445982759375
6 0.2932281390625 0.8287356328125 0.2984878375 0.82988505625 0.2989261453125 0.586206896875 0.294981371875 0.586206896875 0.2954196796875 0.562068965625 0.2989261453125 0.5666666671875 0.29936445312500004 0.4540229875 0.296296296875 0.4563218390625 0.296296296875 0.42758620625 0.28533859375000004 0.4287356328125 0.28402366875 0.44712643593749996 0.2932281390625 0.44597701250000005 0.2932281390625 0.8287356328125
3 0.303310321875 0.42988793125 0.2949802765625 0.42988793125 0.2949802765625 0.451732759375 0.303310321875 0.451732759375 0.303310321875 0.42988793125
3 0.302869821875 0.5620775859375 0.2945397765625 0.5620775859375 0.2945397765625 0.5839224140625 0.302869821875 0.5839224140625 0.302869821875 0.5620775859375
3 0.40455949999999996 0.5643706890625 0.3962294546875 0.5643706890625 0.3962294546875 0.5862155171875 0.40455949999999996 0.5862155171875 0.40455949999999996 0.5643706890625
3 0.40455949999999996 0.43104310312500005 0.3962294546875 0.43104310312500005 0.3962294546875 0.45288793125 0.40455949999999996 0.45288793125 0.40455949999999996 0.43104310312500005
1 0.506686390625 0.4528706890625 0.49748192031249994 0.4528706890625 0.49748192031249994 0.5655086203125 0.506686390625 0.5655086203125 0.506686390625 0.4528706890625
3 0.506249178125 0.4321982765625 0.4979191328125 0.4321982765625 0.4979191328125 0.45404310312499996 0.506249178125 0.45404310312499996 0.506249178125 0.4321982765625
3 0.505808678125 0.5655258625 0.4974786328125 0.5655258625 0.4974786328125 0.5873706890625 0.505808678125 0.5873706890625 0.505808678125 0.5655258625
4 0.7008579875 0.1873534484375 0.505808678125 0.1873534484375 0.505808678125 0.82988793125 0.7008579875 0.82988793125 0.7008579875 0.1873534484375
3 0.60705785625 0.5655258625 0.5987278109374999 0.5655258625 0.5987278109374999 0.5873706890625 0.60705785625 0.5873706890625 0.60705785625 0.5655258625
3 0.60705785625 0.4321982765625 0.5987278109374999 0.4321982765625 0.5987278109374999 0.45404310312499996 0.60705785625 0.45404310312499996 0.60705785625 0.4321982765625
1 0.7078665359375 0.4528706890625 0.7008514140625001 0.4528706890625 0.7008514140625001 0.5643706890625 0.7078665359375 0.5643706890625 0.7078665359375 0.4528706890625
3 0.708307034375 0.4333534484375 0.6999769890625 0.4333534484375 0.6999769890625 0.45519827656249995 0.708307034375 0.45519827656249995 0.708307034375 0.4333534484375
3 0.708747534375 0.565543103125 0.7004174890625 0.565543103125 0.7004174890625 0.58738793125 0.708747534375 0.58738793125 0.708747534375 0.565543103125
3 0.8099967124999999 0.565543103125 0.8016666671875001 0.565543103125 0.8016666671875001 0.58738793125 0.8099967124999999 0.58738793125 0.8099967124999999 0.565543103125
3 0.9112458906249999 0.56438793125 0.9029158453124999 0.56438793125 0.9029158453124999 0.586232759375 0.9112458906249999 0.586232759375 0.9112458906249999 0.56438793125
3 0.911686390625 0.4333534484375 0.90335634375 0.4333534484375 0.90335634375 0.45519827656249995 0.911686390625 0.45519827656249995 0.911686390625 0.4333534484375
3 0.8099967124999999 0.4345086203125 0.8016666671875001 0.4345086203125 0.8016666671875001 0.45635344843750003 0.8099967124999999 0.45635344843750003 0.8099967124999999 0.4345086203125
5 0.82445759375 0.27241379375 0.82445759375 0.34827586250000003 0.8595222437500001 0.3494252875 0.86083716875 0.39540229843749997 0.8665351749999999 0.39425287343750004 0.8691650234375 0.3494252875 0.9086127546875 0.34827586250000003 0.9099276796875 0.42758620625 0.930089853125 0.4287356328125 0.93096646875 0.186206896875 0.82445759375 0.188505746875 0.8240192859375 0.2528735640625 0.807801884375 0.2551724140625 0.8064869609375 0.27011494375 0.82445759375 0.27241379375
3 0.9349079546875 0.159767240625 0.839358975 0.159767240625 0.839358975 0.18964655156250002 0.9349079546875 0.18964655156250002 0.9349079546875 0.159767240625
6 0.8262097296875 0.17011206875 0.8099901375 0.17011206875 0.8099901375 0.18850862031249999 0.8262097296875 0.18850862031249999 0.8262097296875 0.17011206875
2 0.8402333984375 0.171267240625 0.8262097296875 0.171267240625 0.8262097296875 0.1862155171875 0.8402333984375 0.1862155171875 0.8402333984375 0.171267240625
2 0.940170940625 0.20229884999999997 0.9454306375 0.2011494265625 0.9458689453125 0.1908045984375 0.948937103125 0.1908045984375 0.9484987953124999 0.15977011562500001 0.9441157140625 0.15977011562500001 0.9436774046874999 0.1494252875 0.9414858640625001 0.1494252875 0.940170940625 0.1563218390625 0.93359631875 0.1563218390625 0.9349112421875001 0.188505746875 0.940170940625 0.188505746875 0.940170940625 0.20229884999999997
6 0.75038351875 0.5988505734375 0.756958140625 0.5988505734375 0.756958140625 0.5827586203124999 0.743808896875 0.5827586203124999 0.7446855140624999 0.8356321843750001 0.75038351875 0.8356321843750001 0.75038351875 0.5988505734375
1 0.7793129515625 0.6 0.751259040625 0.6 0.751259040625 0.834482759375 0.7793129515625 0.834482759375 0.7793129515625 0.6
2 0.7644093796875 0.6206896546875 0.7701073859374999 0.6206896546875 0.76923076875 0.6011494265625 0.774928775 0.60229885 0.774928775 0.5793103453125 0.768354153125 0.5816091953125 0.768354153125 0.5609195390624999 0.7648476875 0.5574712640625 0.7635327640625 0.5804597703125001 0.7565198343749999 0.5793103453125 0.75739645 0.5988505734375 0.7644093796875 0.5988505734375 0.7644093796875 0.6206896546875
1 0.9479057890625 0.7778904671875 0.9165796500000001 0.7778904671875 0.9165796500000001 0.8245436109375 0.955253896875 0.8235294124999999 0.9556406390625 0.5912778890625 0.9428781374999999 0.5912778890625 0.9421046515624999 0.76572008125 0.9479057890625 0.76572008125 0.9479057890625 0.7778904671875
6 0.934472934375 0.77011494375 0.9160639921874999 0.7666666671875 0.9165023015625 0.588505746875 0.918255534375 0.587356321875 0.9186938421875 0.5712643671875 0.9108042953125001 0.57241379375 0.9103659875 0.8333333328125001 0.9559500328125001 0.8367816093749999 0.9559500328125001 0.8241379312499999 0.9165023015625 0.8241379312499999 0.916940609375 0.7770114953125 0.947622178125 0.77586206875 0.947622178125 0.764367815625 0.9414858640625001 0.765517240625 0.9419241734374999 0.5896551718749999 0.943239096875 0.5896551718749999 0.9419241734374999 0.57586206875 0.9340346265624999 0.57356321875 0.93359631875 0.5896551718749999 0.935787859375 0.5896551718749999 0.934472934375 0.77011494375
5 0.9355292578125001 0.592293103125 0.916962525 0.592293103125 0.916962525 0.7667413796875 0.9355292578125001 0.7667413796875 0.9355292578125001 0.592293103125
2 0.9278983125 0.5954022984375 0.9340346265624999 0.5896551718749999 0.933158009375 0.57356321875 0.9283366203125001 0.57241379375 0.927021696875 0.564367815625 0.92351523125 0.564367815625 0.9239535390625001 0.57241379375 0.9208853828124999 0.57241379375 0.917817225 0.57241379375 0.917817225 0.5954022984375 0.9222003078125001 0.5954022984375 0.92483015625 0.60229885 0.9278983125 0.5954022984375
2 0.9480604859374999 0.60229885 0.9506903359375001 0.60229885 0.9515669515624999 0.5908045984375 0.956388340625 0.591954021875 0.956388340625 0.57241379375 0.9506903359375001 0.57241379375 0.9506903359375001 0.559770115625 0.9467455625 0.559770115625 0.9471838703125 0.5689655171875 0.9419241734374999 0.5701149437499999 0.9419241734374999 0.5896551718749999 0.9480604859374999 0.5908045984375 0.9480604859374999 0.60229885
6 0.505368178125 0.18506034531249999 0.49835305781250006 0.18506034531249999 0.49835305781250006 0.432181034375 0.505368178125 0.432181034375 0.505368178125 0.18506034531249999
6 0.708307034375 0.1873534484375 0.7012919125 0.1873534484375 0.7012919125 0.43447413749999997 0.708307034375 0.43447413749999997 0.708307034375 0.1873534484375
6 0.7078665359375 0.5885086203125 0.7008514140625001 0.5885086203125 0.7008514140625001 0.8356293109375 0.7078665359375 0.8356293109375 0.7078665359375 0.5885086203125
6 0.5049276796875 0.5885086203125 0.4979125578125 0.5885086203125 0.4979125578125 0.8356293109375 0.5049276796875 0.8356293109375 0.5049276796875 0.5885086203125
5 0.8393600703124999 0.1586206890625 0.9528818749999999 0.15977011562500001 0.9528818749999999 0.1149425296875 0.8415516109375 0.1149425296875 0.839798378125 0.1091954015625 0.8104317343749999 0.10804597812500001 0.81130835 0.17011494375 0.8393600703124999 0.17011494375 0.8393600703124999 0.1586206890625
6 0.8389217625000001 0.1149425296875 0.9537584921875 0.1149425296875 0.953320184375 0.1609195390625 0.95989480625 0.16321839062500001 0.95989480625 0.0954022984375 0.809993425 0.0931034484375 0.809993425 0.1068965515625 0.8389217625000001 0.1091954015625 0.8389217625000001 0.1149425296875
6 0.7797501640625 0.8333333328125001 0.7854481703125 0.8356321843750001 0.785886478125 0.583908046875 0.7753670828125 0.5827586203124999 0.7753670828125 0.5988505734375 0.7806267796874999 0.6 0.7797501640625 0.8333333328125001
5 0.5417521375 0.1057413796875 0.5229026953125 0.1057413796875 0.5229026953125 0.1953965515625 0.5417521375 0.1953965515625 0.5417521375 0.1057413796875
5 0.2182774484375 0.1540229875 0.21783914062499998 0.056321839062500004 0.12930089843749998 0.057471264062500006 0.12973920625 0.10459770156249999 0.1989918921875 0.1011494265625 0.1998685078125 0.1563218390625 0.2182774484375 0.1540229875
1 0.19943129531249998 0.1183965515625 0.129299803125 0.1183965515625 0.129299803125 0.1563275859375 0.19943129531249998 0.1563275859375 0.19943129531249998 0.1183965515625
6 0.128422090625 0.0574655171875 0.12184746875000001 0.0574655171875 0.12184746875000001 0.1574655171875 0.128422090625 0.1574655171875 0.128422090625 0.0574655171875
6 0.1314957265625 0.10230172343749999 0.128425378125 0.10230172343749999 0.128425378125 0.11725000000000001 0.1314957265625 0.11725000000000001 0.1314957265625 0.10230172343749999
2 0.1455193953125 0.10575000000000001 0.1314957265625 0.10575000000000001 0.1314957265625 0.11725000000000001 0.1455193953125 0.11725000000000001 0.1455193953125 0.10575000000000001
6 0.1989907953125 0.1057413796875 0.1459533203125 0.1057413796875 0.1459533203125 0.11608620624999999 0.1989907953125 0.11608620624999999 0.1989907953125 0.1057413796875
3 0.2257264953125 0.027594828124999998 0.12184746875000001 0.027594828124999998 0.12184746875000001 0.0574741375 0.2257264953125 0.0574741375 0.2257264953125 0.027594828124999998
6 0.224411571875 0.0574655171875 0.21783695 0.0574655171875 0.21783695 0.1574655171875 0.224411571875 0.1574655171875 0.224411571875 0.0574655171875
6 0.22660420781249999 0.18619827656250001 0.21958908593749998 0.18619827656250001 0.21958908593749998 0.359767240625 0.22660420781249999 0.359767240625 0.22660420781249999 0.18619827656250001
3 0.28490028437500003 0.188505746875 0.2743808890625 0.188505746875 0.2735042734375 0.359770115625 0.28533859375000004 0.3586206890625 0.28490028437500003 0.335632184375 0.28490028437500003 0.188505746875
1 0.2927909265625 0.1908017234375 0.28577580468749997 0.1908017234375 0.28577580468749997 0.34023275937499997 0.2927909265625 0.34023275937499997 0.2927909265625 0.1908017234375
6 0.29980276093749997 0.359770115625 0.2984878375 0.1850574703125 0.2936664484375 0.186206896875 0.2923515234375 0.340229884375 0.2844619765625 0.34137931093749996 0.2844619765625 0.3574712640625 0.29980276093749997 0.359770115625
6 0.226605303125 0.464367815625 0.242384396875 0.463218390625 0.242384396875 0.48850574687500004 0.24939732656250002 0.48965517187499996 0.2480824015625 0.46896551718749996 0.2743808890625 0.46896551718749996 0.2743808890625 0.44827586249999996 0.22748192031249997 0.44827586249999996 0.22792022812499999 0.42643678124999995 0.2195923734375 0.42643678124999995 0.219154065625 0.46781609062499996 0.226605303125 0.46781609062499996 0.226605303125 0.464367815625
6 0.27394258125 0.77011494375 0.25071224999999997 0.7689655171875 0.25071224999999997 0.616091953125 0.2467674765625 0.6149425296875 0.2467674765625 0.7804597703125 0.2743808890625 0.7804597703125 0.27394258125 0.77011494375
5 0.2735075609375 0.5620775859375 0.25202827031249997 0.5620775859375 0.25202827031249997 0.767818965625 0.2735075609375 0.767818965625 0.2735075609375 0.5620775859375
3 0.24676528593749997 0.6149396546875 0.2401906640625 0.6149396546875 0.2401906640625 0.6471293109375 0.24676528593749997 0.6471293109375 0.24676528593749997 0.6149396546875
1 0.25114727187499997 0.5655258625 0.2279191328125 0.5655258625 0.2279191328125 0.6160948281249999 0.25114727187499997 0.6160948281249999 0.25114727187499997 0.5655258625
5 0.060486521875 0.6390804609375 0.078018846875 0.6390804609375 0.07714223125 0.5942528734375 0.0609248296875 0.5954022984375 0.0609248296875 0.5827586203124999 0.0425158890625 0.583908046875 0.0412009640625 0.6494252875 0.060486521875 0.6517241375 0.060486521875 0.6390804609375
6 0.061801446875 0.5816091953125 0.0613631375 0.565517240625 0.03506465 0.5666666671875 0.034188034374999995 0.6666666671875 0.06004821406250001 0.6678160906249999 0.0609248296875 0.6528735640625001 0.04076265625 0.6517241375 0.040324348437500004 0.583908046875 0.061801446875 0.5816091953125
6 0.5224632921875 0.1609195390625 0.5224632921875 0.1034482765625 0.5430637734375 0.10229885000000001 0.5435020828125 0.1574712640625 0.5483234718750001 0.1574712640625 0.5483234718750001 0.0908045984375 0.5172035937499999 0.0908045984375 0.5172035937499999 0.1609195390625 0.5224632921875 0.1609195390625
1 0.2735009859375 0.468956896875 0.250272846875 0.468956896875 0.250272846875 0.5390775859375 0.2735009859375 0.5390775859375 0.2735009859375 0.468956896875
1 0.2735009859375 0.18966379375 0.2279191328125 0.18966379375 0.2279191328125 0.44712931093749997 0.2735009859375 0.44712931093749997 0.2735009859375 0.18966379375