6 0.350985221875 0.9297752812500001 0.350985221875 0.8075842703125 0.3337438421875 0.8075842703125 0.336206896875 0.9325842703125 0.08620689687500001 0.9339887640625 0.08866995 0.8103932578125 0.0665024625 0.8075842703125 0.0652709359375 0.9452247187499999 0.6182266015625 0.9452247187499999 0.615763546875 0.8103932578125 0.5960591140625 0.8075842703125 0.597290640625 0.9297752812500001 0.350985221875 0.9297752812500001
1 0.335 0.8118258421875 0.0874630546875 0.8118258421875 0.0874630546875 0.931207865625 0.335 0.931207865625 0.335 0.8118258421875
7 0.2931034484375 0.758426965625 0.18226600937499998 0.758426965625 0.18226600937499998 0.806179775 0.2931034484375 0.806179775 0.2931034484375 0.758426965625
1 0.5948275859375001 0.811797753125 0.3534482765625 0.811797753125 0.3534482765625 0.9269662921874999 0.5948275859375001 0.9269662921874999 0.5948275859375001 0.811797753125
7 0.52586206875 0.7598314609375 0.461822659375 0.7598314609375 0.461822659375 0.8075842703125 0.52586206875 0.8075842703125 0.52586206875 0.7598314609375
7 0.791871921875 0.7570224718749999 0.6982758625 0.7570224718749999 0.6982758625 0.8047752812500001 0.791871921875 0.8047752812500001 0.791871921875 0.7570224718749999
3 0.13300492656250001 0.7570505625 0.0221674875 0.7570505625 0.0221674875 0.8090168546875001 0.13300492656250001 0.8090168546875001 0.13300492656250001 0.7570505625
3 0.402709359375 0.75845505625 0.291871921875 0.75845505625 0.291871921875 0.8104213484375 0.402709359375 0.8104213484375 0.402709359375 0.75845505625
3 0.697068965625 0.7570505625 0.528349753125 0.7570505625 0.528349753125 0.8090168546875001 0.697068965625 0.8090168546875001 0.697068965625 0.7570505625
3 0.969236453125 0.758426965625 0.793128078125 0.758426965625 0.793128078125 0.806179775 0.969236453125 0.806179775 0.969236453125 0.758426965625
2 0.1625615765625 0.8314606734375 0.16502463125 0.8075842703125 0.18226600937499998 0.8075842703125 0.1834975375 0.755617978125 0.16502463125 0.755617978125 0.1625615765625 0.730337078125 0.1465517234375 0.7331460671875 0.1465517234375 0.7570224718749999 0.130541871875 0.758426965625 0.12931034531250002 0.813202246875 0.1477832515625 0.813202246875 0.1477832515625 0.8314606734375 0.1625615765625 0.8314606734375
2 0.4273399015625 0.8384831453125001 0.44088669999999996 0.841292134375 0.4421182265625 0.813202246875 0.46305418749999994 0.813202246875 0.46305418749999994 0.7528089890625 0.44088669999999996 0.7528089890625 0.4384236453125 0.730337078125 0.4236453203125 0.7317415734375 0.4236453203125 0.7570224718749999 0.40394088593750005 0.7570224718749999 0.402709359375 0.811797753125 0.4273399015625 0.811797753125 0.4273399015625 0.8384831453125001
1 0.71674876875 0.48735955000000003 0.71674876875 0.25 0.6219211828125 0.24859550625 0.6206896546875 0.3103932578125 0.6034482765625 0.30617977500000004 0.600985221875 0.2471910109375 0.3596059109375 0.24859550625 0.3571428578125 0.3721910109375 0.6219211828125 0.3721910109375 0.6219211828125 0.48735955000000003 0.71674876875 0.48735955000000003
2 0.514778325 0.26404494375 0.5270935953125 0.26404494375 0.5270935953125 0.2528089890625 0.5615763546875 0.25 0.5640394093750001 0.22612359531249998 0.5270935953125 0.2247191015625 0.5270935953125 0.20505617968749998 0.5123152703125 0.202247190625 0.5098522171875 0.22050561875 0.4876847296875 0.22612359531249998 0.48645320156249994 0.25 0.514778325 0.25140449375 0.514778325 0.26404494375
4 0.60347290625 0.40168539374999995 0.3583990140625 0.40168539374999995 0.3583990140625 0.755617978125 0.60347290625 0.755617978125 0.60347290625 0.40168539374999995
2 0.52955665 0.4185393265625 0.549261084375 0.42134831406249995 0.549261084375 0.40028089843750003 0.57019704375 0.40168539374999995 0.57019704375 0.37359550625 0.544334975 0.37359550625 0.544334975 0.3595505625 0.5270935953125 0.3595505625 0.52586206875 0.375 0.5098522171875 0.375 0.5073891625 0.40028089843750003 0.52955665 0.4030898875 0.52955665 0.4185393265625
6 0.6059113296875 0.30617977500000004 0.6182266015625 0.30617977500000004 0.619458128125 0.2457865171875 0.7192118234375 0.244382021875 0.7192118234375 0.30617977500000004 0.7339901484375 0.3103932578125 0.73152709375 0.2471910109375 0.873152709375 0.2471910109375 0.873152709375 0.3707865171875 0.7364532015624999 0.366573034375 0.735221675 0.3595505625 0.72413793125 0.36235955 0.7192118234375 0.40168539374999995 0.7364532015624999 0.40449438125 0.7364532015624999 0.38904494375 0.8706896546875 0.38764045 0.8706896546875 0.4887640453125 0.7339901484375 0.49297752812500006 0.7339901484375 0.45365168593750005 0.7192118234375 0.450842696875 0.7192118234375 0.4901685390625 0.6773399015625 0.4901685390625 0.6773399015625 0.505617978125 0.8719211828125 0.505617978125 0.869458128125 0.7570224718749999 0.887931034375 0.758426965625 0.887931034375 0.5070224718749999 0.9384236453125 0.5042134828125 0.93719211875 0.477528090625 0.9113300499999999 0.477528090625 0.9125615765624999 0.34550561874999997 0.9334975375000001 0.3426966296875 0.932266009375 0.3146067421875 0.8866995078125001 0.3174157296875 0.887931034375 0.19522471875 0.865763546875 0.19522471875 0.865763546875 0.22191011249999998 0.56280788125 0.22191011249999998 0.5615763546875 0.244382021875 0.6071428578125 0.244382021875 0.6059113296875 0.30617977500000004
2 0.705665025 0.3244382015625 0.700738915625 0.339887640625 0.7142857140625 0.341292134375 0.715517240625 0.3595505625 0.735221675 0.3595505625 0.735221675 0.3384831453125 0.7487684734375 0.3384831453125 0.7475369453125 0.3244382015625 0.7364532015624999 0.3244382015625 0.735221675 0.3075842703125 0.7192118234375 0.30477528125000003 0.7192118234375 0.32303370781249996 0.705665025 0.3244382015625
2 0.708128078125 0.42134831406249995 0.705665025 0.436797753125 0.7179802953125 0.44101123593749997 0.7192118234375 0.45224719062499996 0.7376847296875 0.4550561796875 0.73891625625 0.436797753125 0.7524630546875 0.436797753125 0.7512315265625 0.42134831406249995 0.735221675 0.4199438203125 0.7339901484375 0.4030898875 0.7179802953125 0.4030898875 0.7179802953125 0.4199438203125 0.708128078125 0.42134831406249995
6 0.0689655171875 0.7570224718749999 0.09113300468749999 0.758426965625 0.09113300468749999 0.24859550625 0.20935960625 0.24859550625 0.2068965515625 0.22191011249999998 0.089901478125 0.22191011249999998 0.09113300468749999 0.10674157343749999 0.332512315625 0.10674157343749999 0.33497536875 0.22331460625 0.2672413796875 0.2247191015625 0.2697044328125 0.2471910109375 0.336206896875 0.2471910109375 0.3337438421875 0.299157303125 0.3559113296875 0.3033707859375 0.3559113296875 0.2471910109375 0.48891625625 0.25 0.48891625625 0.22331460625 0.358374384375 0.22331460625 0.3559113296875 0.0997191015625 0.3633004921875 0.1011235953125 0.3608374390625 0.07724719062499999 0.06280788125 0.08005617968749999 0.0591133 0.10674157343749999 0.0665024625 0.10674157343749999 0.0689655171875 0.7570224718749999
6 0.33497536875 0.7570224718749999 0.3571428578125 0.7598314609375 0.3559113296875 0.3988764046875 0.5049261078125 0.40028089843750003 0.5049261078125 0.3792134828125 0.358374384375 0.3792134828125 0.3559113296875 0.369382021875 0.3337438421875 0.3707865171875 0.33497536875 0.7570224718749999
6 0.604679803125 0.7598314609375 0.6206896546875 0.7598314609375 0.6206896546875 0.375 0.5726600984375 0.37640449375 0.5726600984375 0.3988764046875 0.6022167484375001 0.397471909375 0.604679803125 0.7598314609375
0 0.8719458124999999 0.2486235953125 0.7352463046875 0.2486235953125 0.7352463046875 0.3651966296875 0.8719458124999999 0.3651966296875 0.8719458124999999 0.2486235953125
0 0.8682266015625 0.391882021875 0.7401477828125 0.391882021875 0.7401477828125 0.488792134375 0.8682266015625 0.488792134375 0.8682266015625 0.391882021875
4 0.332512315625 0.25 0.09113300468749999 0.25 0.09113300468749999 0.755617978125 0.332512315625 0.755617978125 0.332512315625 0.25
2 0.2697044328125 0.223342696875 0.20812807812499998 0.223342696875 0.20812807812499998 0.2472191015625 0.2697044328125 0.2472191015625 0.2697044328125 0.223342696875
1 0.335 0.10955056249999999 0.0899261078125 0.10955056249999999 0.0899261078125 0.22191011249999998 0.335 0.22191011249999998 0.335 0.10955056249999999
2 0.3547044328125 0.29918539375000003 0.3337684734375 0.29918539375000003 0.3337684734375 0.37081460625 0.3547044328125 0.37081460625 0.3547044328125 0.29918539375000003
4 0.8682266015625 0.5070505625 0.6243842359375 0.5070505625 0.6243842359375 0.7556460671874999 0.8682266015625 0.7556460671874999 0.8682266015625 0.5070505625
2 0.678596059375 0.49160112343750006 0.6231773406250001 0.49160112343750006 0.6231773406250001 0.5070505625 0.678596059375 0.5070505625 0.678596059375 0.49160112343750006