4 0.493526825 0.6984016671875 0.51199648125 0.699791521875 0.5128759890625 0.7095205 0.62809146875 0.7102154281249999 0.6333685140624999 0.518415565625 0.616657871875 0.5170257125 0.616657871875 0.5038220984375 0.634248021875 0.505211953125 0.6324890062499999 0.4913134125 0.6518381703125 0.4940931203125 0.6535971859374999 0.505211953125 0.9183289359375 0.5066018062500001 0.9183289359375 0.193189715625 0.518153034375 0.191104934375 0.5190325421875001 0.20639332812500003 0.5005628843750001 0.20430854687500002 0.5040809140625 0.189020153125 0.0995074765625 0.1876302984375 0.096868953125 0.498957609375 0.114459103125 0.5003474640625 0.1153386109375 0.509381515625 0.3624802109375 0.509381515625 0.36072119687500004 0.6963168875 0.37655233125 0.6963168875 0.37655233125 0.7095205 0.495285840625 0.708130646875 0.493526825 0.6984016671875
7 0.3350923484375 0.1723419046875 0.1759014953125 0.1723419046875 0.1759014953125 0.1876302984375 0.3350923484375 0.1876302984375 0.3350923484375 0.1723419046875
7 0.84344766875 0.176511465625 0.684256815625 0.176511465625 0.684256815625 0.1917998609375 0.84344766875 0.1917998609375 0.84344766875 0.176511465625
7 0.9340369390625 0.58999305 0.9155672828125001 0.58999305 0.9155672828125001 0.6407227234375 0.9340369390625 0.6407227234375 0.9340369390625 0.58999305
7 0.932277925 0.7748436421875 0.914687775 0.7748436421875 0.914687775 0.8769979156250001 0.932277925 0.8769979156250001 0.932277925 0.7748436421875
7 0.405452946875 0.914523975 0.34036939374999997 0.914523975 0.34036939374999997 0.9298123703125001 0.405452946875 0.9298123703125001 0.405452946875 0.914523975
3 0.3984168859375 0.4913134125 0.3553210203125 0.4913134125 0.3553210203125 0.5274496171874999 0.3984168859375 0.5274496171874999 0.3984168859375 0.4913134125
7 0.09498680781249999 0.5753995828125 0.07563764218749999 0.5753995828125 0.07563764218749999 0.6511466296874999 0.09498680781249999 0.6511466296874999 0.09498680781249999 0.5753995828125
2 0.5892700093750001 0.6011118828125 0.5883905015625001 0.6115357890625 0.632365875 0.6115357890625 0.632365875 0.642112578125 0.6517150390625 0.642112578125 0.649956025 0.6129256421875 0.6939313984375 0.6115357890625 0.6948109062500001 0.6066713 0.652594546875 0.6066713 0.6508355328125 0.57470465625 0.632365875 0.5733148015625 0.6332453828125 0.6025017375 0.5892700093750001 0.6011118828125
2 0.5664028140624999 0.7560806109375 0.57431838125 0.757470465625 0.5751978890625 0.7248088953125 0.616534740625 0.72411396875 0.6156552328125 0.7109103546875 0.5778364109374999 0.7109103546875 0.580474934375 0.675469075 0.571679859375 0.6768589296874999 0.5690413375000001 0.7102154281249999 0.531222515625 0.7095205 0.531222515625 0.72411396875 0.5690413375000001 0.723419040625 0.5664028140624999 0.7560806109375
2 0.43271767812500006 0.757470465625 0.4406332453125 0.7581653921875 0.43975373749999996 0.7220291875 0.4784520671875 0.72411396875 0.4784520671875 0.7088255734375 0.444151275 0.7053509375 0.444151275 0.6733842953125 0.4353562 0.669909659375 0.4353562 0.7067407921875 0.39489885625 0.7067407921875 0.39489885625 0.7213342593750001 0.4335971859375 0.7248088953125 0.43271767812500006 0.757470465625
2 0.2383465265625 0.7817929125 0.235708003125 0.813064628125 0.262093228125 0.813064628125 0.2638522421875 0.785267546875 0.3043095859375 0.7824878390625 0.29991205 0.77762335 0.262093228125 0.776928421875 0.262093228125 0.747046559375 0.24010554062499997 0.747046559375 0.2383465265625 0.7762334953125001 0.195250659375 0.776928421875 0.1961301671875 0.783182765625 0.2383465265625 0.7817929125
2 0.6332453828125 0.2279360671875 0.6420404578125 0.2279360671875 0.64116095 0.193189715625 0.6851363234375001 0.1924947875 0.68601583125 0.1758165390625 0.64116095 0.1744266859375 0.64116095 0.13898540625 0.634124890625 0.1382904796875 0.634124890625 0.1744266859375 0.58751099375 0.1744266859375 0.5901495156250001 0.1917998609375 0.635004396875 0.1924947875 0.6332453828125 0.2279360671875
2 0.374670184375 0.22237665 0.3825857515625 0.22237665 0.383465259375 0.191104934375 0.4309586625 0.19041000624999999 0.42919964843749997 0.1723419046875 0.385224275 0.17303683125 0.3869832890625 0.1396803328125 0.3799472296875 0.1396803328125 0.379067721875 0.1737317578125 0.3333333328125 0.1716469765625 0.3324538265625 0.1897150796875 0.3764292 0.191104934375 0.374670184375 0.22237665
4 0.10993843437499999 0.17095205 0.5014072125 0.1751216125 0.49964819687500006 0.16052814531249998 0.51987686875 0.16052814531249998 0.5181178546874999 0.17303683125 0.817941953125 0.1751216125 0.8372911171874999 0.17720639375 0.9155672828125001 0.1758165390625 0.9182058046874999 0.16469770625 0.9226033421875 0.161223071875 0.9296394015624999 0.16191799843750002 0.9340369390625 0.15427380156249998 0.9313984171874999 0.127171646875 0.9340369390625 0.123002084375 0.9331574312500001 0.07505211875 0.9313984171874999 0.0708825578125 0.926121371875 0.071577484375 0.9182058046874999 0.0681028484375 0.9155672828125001 0.0548992359375 0.912049253125 0.05767894375 0.8707124015625001 0.0555941625 0.8126649078125 0.0569840171875 0.8065083546875 0.0548992359375 0.7097625328125 0.052119528125 0.5699208437500001 0.052119528125 0.52427440625 0.05350938125 0.46350043906250005 0.0514246 0.1310466140625 0.0514246 0.1020228671875 0.0486448921875 0.092348284375 0.0687977765625 0.0861917328125 0.0708825578125 0.08531222499999999 0.08686587968750001 0.08443271718749999 0.154968728125 0.0932277921875 0.15635858281249998 0.1020228671875 0.16886726875 0.10993843437499999 0.17095205
3 0.9384520671875001 0.0542043078125 0.9208619171875 0.0542043078125 0.9208619171875 0.069492703125 0.9384520671875001 0.069492703125 0.9384520671875001 0.0542043078125
3 0.5189270015624999 0.050034746875 0.5013368515625001 0.050034746875 0.5013368515625001 0.065323140625 0.5189270015624999 0.065323140625 0.5189270015624999 0.050034746875
3 0.0976253296875 0.0472550375 0.0800351796875 0.0472550375 0.0800351796875 0.0625434328125 0.0976253296875 0.0625434328125 0.0976253296875 0.0472550375
3 0.8434300796875001 0.193189715625 0.9181882140625 0.19457956875 0.914670184375 0.590687978125 0.9340193484375 0.58999305 0.9375373796875 0.19388464218749998 0.955127528125 0.19388464218749998 0.9533685140625 0.1779013203125 0.93929639375 0.17720639375 0.9384168859375001 0.16469770625 0.9199472296875 0.16400277968750002 0.9190677218750001 0.176511465625 0.8434300796875001 0.17720639375 0.8434300796875001 0.193189715625
3 0.58925241875 0.1744266859375 0.42830255 0.1737317578125 0.42742304375 0.1897150796875 0.58925241875 0.191104934375 0.58925241875 0.1744266859375
3 0.0791380828125 0.1702571234375 0.0633069484375 0.1702571234375 0.0633069484375 0.1883252265625 0.08089709687499999 0.1883252265625 0.075620053125 0.5753995828125 0.095848725 0.5753995828125 0.10024626249999999 0.1876302984375 0.17588390468749998 0.1876302984375 0.175004396875 0.1723419046875 0.0993667546875 0.1723419046875 0.10024626249999999 0.157053509375 0.0791380828125 0.157053509375 0.0791380828125 0.1702571234375
3 0.092260334375 0.650451703125 0.0737906765625 0.650451703125 0.0737906765625 0.7310632390625 0.092260334375 0.7310632390625 0.092260334375 0.650451703125
6 0.0755321015625 0.7060458656249999 0.0614599828125 0.7060458656249999 0.0614599828125 0.7185545515625 0.0755321015625 0.7185545515625 0.0755321015625 0.7060458656249999
6 0.0790325421875 0.501042390625 0.06144239218749999 0.501042390625 0.06144239218749999 0.5121612234375 0.0790325421875 0.5121612234375 0.0790325421875 0.501042390625
5 0.35984168906249997 0.5114662953125 0.0933509234375 0.5114662953125 0.0933509234375 0.7088255734375 0.35984168906249997 0.7088255734375 0.35984168906249997 0.5114662953125
6 0.11157431874999998 0.5017373171874999 0.0948636765625 0.5017373171874999 0.0948636765625 0.5121612234375 0.11157431874999998 0.5121612234375 0.11157431874999998 0.5017373171874999
6 0.9515039578125 0.507296734375 0.9347933156250001 0.507296734375 0.9347933156250001 0.51911049375 0.9515039578125 0.51911049375 0.9515039578125 0.507296734375
3 0.9332277921875001 0.6407227234375 0.9156376421875001 0.6407227234375 0.9156376421875001 0.776928421875 0.9332277921875001 0.776928421875 0.9332277921875001 0.6407227234375
3 0.09150395781250001 0.940236275 0.0932629734375 0.9284225156250001 0.1073350921875 0.9277275890625001 0.1090589265625 0.91243919375 0.09238346562500001 0.91243919375 0.0941424796875 0.8999305078125 0.070395778125 0.898540653125 0.0712752859375 0.9131341203125001 0.0571679859375 0.9138290484375 0.05804749375 0.9263377343749999 0.070395778125 0.9277275890625001 0.0739138078125 0.940236275 0.09150395781250001 0.940236275
3 0.261178540625 0.692147325 0.24094986875000002 0.692147325 0.24094986875000002 0.7463516328125 0.261178540625 0.7463516328125 0.261178540625 0.692147325
3 0.23917326249999998 0.9291174421875 0.2374142484375 0.9409312015625 0.2620404578125 0.9416261296874999 0.259401934375 0.9291174421875 0.339437115625 0.9298123703125001 0.339437115625 0.914523975 0.258522428125 0.9138290484375 0.259401934375 0.8123697015625 0.240932278125 0.8123697015625 0.23917326249999998 0.9138290484375 0.22246262031250003 0.91243919375 0.22246262031250003 0.9284225156250001 0.23917326249999998 0.9291174421875
3 0.40540017656250005 0.9298123703125001 0.9137554968750001 0.9346768593749999 0.9119964812499999 0.9464906187500001 0.9331046609375001 0.9457956921875 0.9322251546875 0.9353717859374999 0.9471767812499999 0.93398193125 0.9480562890625001 0.9173036828125 0.9348636765625 0.9186935374999999 0.9331046609375001 0.8769979156250001 0.9137554968750001 0.8769979156250001 0.9146350046875 0.9200833906250001 0.40627968281250004 0.914523975 0.40540017656250005 0.9298123703125001
6 0.5083553203125 0.930507296875 0.4942832015625 0.930507296875 0.4942832015625 0.9430159828125 0.5083553203125 0.9430159828125 0.5083553203125 0.930507296875
1 0.24021108125 0.719249478125 0.0924538265625 0.719249478125 0.0924538265625 0.9138290484375 0.24021108125 0.9138290484375 0.24021108125 0.719249478125
6 0.24184696562500002 0.708130646875 0.0914511875 0.708130646875 0.0914511875 0.7185545515625 0.24184696562500002 0.7185545515625 0.24184696562500002 0.708130646875
6 0.5163412484375 0.1897150796875 0.5031486375 0.1897150796875 0.5031486375 0.20430854687500002 0.5163412484375 0.20430854687500002 0.5163412484375 0.1897150796875
6 0.51630606875 0.16191799843750002 0.50311345625 0.16191799843750002 0.50311345625 0.1751216125 0.51630606875 0.1751216125 0.51630606875 0.16191799843750002
4 0.915708003125 0.5198054203125 0.65273526875 0.51911049375 0.6474582234375 0.71160528125 0.9139489890625001 0.7123002078125 0.915708003125 0.5198054203125
6 0.63331574375 0.505211953125 0.6210026390625 0.5038220984375 0.62012313125 0.5170257125 0.63331574375 0.5170257125 0.63419525 0.57470465625 0.6500263859375 0.57470465625 0.6500263859375 0.5170257125 0.9182761656249999 0.51911049375 0.9173966578125 0.5066018062500001 0.649146878125 0.504517025 0.6509058921875 0.49339819374999994 0.63331574375 0.49339819374999994 0.63331574375 0.505211953125
6 0.631556728125 0.723419040625 0.6324362359375 0.7338429468750001 0.6473878625 0.7345378734375 0.6473878625 0.7220291875 0.9173966578125 0.7255038218750001 0.9173966578125 0.71160528125 0.6473878625 0.71160528125 0.6482673703125 0.6414176515625 0.63331574375 0.6407227234375 0.6324362359375 0.7102154281249999 0.61572559375 0.7102154281249999 0.61572559375 0.72411396875 0.631556728125 0.723419040625
6 0.9490589265624999 0.7129951359375 0.9332277921875001 0.7129951359375 0.9332277921875001 0.7261987484375 0.9490589265624999 0.7261987484375 0.9490589265624999 0.7129951359375
6 0.4934564640625 0.9166087562499999 0.5092875984375 0.9159138296875 0.5110466140625001 0.723419040625 0.5312752859375001 0.7220291875 0.5312752859375001 0.7095205 0.5136851359375 0.7095205 0.512805628125 0.6977067406249999 0.49697449374999997 0.6990965953125 0.49697449374999997 0.7095205 0.47850483749999995 0.7102154281249999 0.47938434531249996 0.7206393328125 0.4952154796875 0.7206393328125 0.4934564640625 0.9166087562499999
4 0.3747405453125 0.735927728125 0.353632365625 0.7352328 0.353632365625 0.7206393328125 0.26128408125 0.7213342593750001 0.2586455578125 0.91243919375 0.4917150390625 0.914523975 0.49523306875 0.7206393328125 0.3747405453125 0.7227241140625 0.3747405453125 0.735927728125
6 0.3589270015625 0.7338429468750001 0.3730167109375 0.73314801875 0.374775725 0.7206393328125 0.394124890625 0.71994440625 0.394124890625 0.7095205 0.374775725 0.7067407921875 0.37653474062500003 0.6977067406249999 0.35982409843749996 0.6977067406249999 0.35982409843749996 0.7088255734375 0.2613192609375 0.70743571875 0.259560246875 0.71994440625 0.3571855765625 0.7206393328125 0.3589270015625 0.7338429468750001
6 0.0906772203125 0.7303683109375 0.073966578125 0.7303683109375 0.073966578125 0.8992355796875 0.0906772203125 0.8992355796875 0.0906772203125 0.7303683109375
6 0.2226209328125 0.9131341203125001 0.10740545312500001 0.9131341203125001 0.10740545312500001 0.9284225156250001 0.2226209328125 0.9284225156250001 0.2226209328125 0.9131341203125001
4 0.9147581359375 0.7261987484375 0.6500263859375 0.723419040625 0.6500263859375 0.73731758125 0.6289182062500001 0.7352328 0.6297977125 0.7248088953125 0.5154617421875 0.723419040625 0.510184696875 0.914523975 0.9121196125000001 0.9186935374999999 0.9147581359375 0.7261987484375