3 0.9668085390625001 0.1605399984375 0.9491608703125 0.1605399984375 0.9495069031250001 0.18790477187500002 0.9564275578125001 0.1888169296875 0.9564275578125001 0.8373620359375 0.298612409375 0.832801240625 0.298612409375 0.824591809375 0.284425065625 0.8255039671875 0.284425065625 0.417768859375 0.2736980515625 0.417768859375 0.2730059859375 0.8255039671875 0.0733450984375 0.8236796500000001 0.0743970375 0.64215999375 0.061593826562499995 0.641247834375 0.060555728125 0.8583416953125 0.966116475 0.862902490625 0.9668085390625001 0.1605399984375
2 0.26298487812500004 0.3912811625 0.2726534390625 0.39147721562500004 0.272266696875 0.4169640125 0.2842557140625 0.4169640125 0.28348222968750003 0.393516159375 0.2870075359375 0.39394747343750003 0.286754665625 0.3839488078125 0.28473170468750003 0.3826156515625 0.2850291984375 0.35783464062500003 0.27304018281250003 0.35783464062500003 0.27304018281250003 0.38128249531249997 0.2633716203125 0.38128249531249997 0.26298487812500004 0.3912811625
6 0.2268244578125 0.5612584984375 0.2741111625 0.5612584984375 0.27436403125000003 0.448606853125 0.22758306718750002 0.44927342968749995 0.22758306718750002 0.4252766296875 0.2192383546875 0.4246100515625 0.21873261562500002 0.46927076406249996 0.22707732812499998 0.46927076406249996 0.2265715875 0.4632715625 0.242502403125 0.46460471875 0.2419966625 0.490601253125 0.24983563437499998 0.4912678296875 0.24983563437499998 0.46793760781250004 0.2741111625 0.4686041859375 0.2741111625 0.5452606328125 0.24983563437499998 0.5452606328125 0.24983563437499998 0.5245967203124999 0.242502403125 0.5245967203124999 0.24224953125 0.548593521875 0.22707732812499998 0.548593521875 0.22707732812499998 0.5385948546875 0.2189854859375 0.5385948546875 0.2189854859375 0.563924809375 0.2268244578125 0.563924809375 0.2268244578125 0.5612584984375
2 0.250341375 0.5245967203124999 0.250341375 0.5125983203125 0.2536286859375 0.5125983203125 0.25388155625 0.503932809375 0.2500885046875 0.502599653125 0.2500885046875 0.490601253125 0.2419966625 0.490601253125 0.2417437921875 0.5245967203124999 0.250341375 0.5245967203124999
1 0.2731456578125 0.78462265625 0.2468471703125 0.7854104296875 0.2471460171875 0.6499133453125 0.22772099687499997 0.649125571875 0.227123303125 0.826374665625 0.2728468109375 0.8271624390625 0.2731456578125 0.78462265625
2 0.23264046875000002 0.619250765625 0.2268244578125 0.6172510328125 0.2268244578125 0.6479136125 0.24123805156250003 0.6479136125 0.24123805156250003 0.6172510328125 0.235422040625 0.619250765625 0.235422040625 0.6132515671875 0.23238759843749998 0.6132515671875 0.23264046875000002 0.619250765625
2 0.20962929218749998 0.5852553 0.20962929218749998 0.5945873875000001 0.21847974531249997 0.5945873875000001 0.21847974531249997 0.6179176125 0.228341678125 0.6172510328125 0.2280888078125 0.5959205437499999 0.23390482031249998 0.5945873875000001 0.23365195 0.5852553 0.2278359375 0.5845887203125 0.22733019843750002 0.5632582328125 0.21847974531249997 0.5619250765625 0.21873261562500002 0.5859218765625 0.20962929218749998 0.5852553
2 0.22732741562499997 0.3579549390625 0.2189842203125 0.3579549390625 0.2189842203125 0.4272790296875 0.22732741562499997 0.4272790296875 0.22732741562499997 0.3579549390625
4 0.0768054265625 0.6403356734375001 0.074383196875 0.641247834375 0.072999065625 0.824591809375 0.2183328140625 0.824591809375 0.2193709125 0.18699261250000002 0.07403716406250001 0.1888169296875 0.07369113125 0.5919912421875 0.0771514578125 0.5929034015625 0.0768054265625 0.6403356734375001
2 0.1929398671875 0.197973603125 0.2071005921875 0.19664044687499999 0.20785920156249998 0.211305159375 0.20962929218749998 0.211305159375 0.20988216249999997 0.1959738703125 0.21873261562500002 0.19664044687499999 0.21873261562500002 0.155312625 0.1982501390625 0.1539794703125 0.198503009375 0.185975203125 0.19369847812500002 0.185308625 0.1929398671875 0.197973603125
5 0.1987558796875 0.1539794703125 0.218226875 0.155312625 0.21873261562500002 0.055992534375 0.12871086874999998 0.054659379687499995 0.12921660937499999 0.10131982343749998 0.19900875 0.10198640156250001 0.1987558796875 0.1539794703125
3 0.0740510046875 0.18790477187500002 0.1986227890625 0.1851682921875 0.19827675625000002 0.155979203125 0.061593826562499995 0.154154884375 0.06090176093750001 0.5965520375 0.0740510046875 0.5947277203125 0.0740510046875 0.18790477187500002
1 0.198754109375 0.11731369218750001 0.1292143328125 0.11731369218750001 0.1292143328125 0.1553032921875 0.198754109375 0.1553032921875 0.198754109375 0.11731369218750001
2 0.1461571328125 0.10265164687499999 0.13148915156250002 0.10265164687499999 0.13148915156250002 0.11731369218750001 0.1461571328125 0.11731369218750001 0.1461571328125 0.10265164687499999
4 0.7446624453124999 0.5846939703125 0.7861863734375001 0.5846939703125 0.785840340625 0.8355377171875 0.9097200593749999 0.8355377171875 0.9107581578125 0.5755723796875001 0.9557424140625 0.5737480625 0.9560884453125 0.18790477187500002 0.930135990625 0.1860804515625 0.9304820234375001 0.43053908593749995 0.9083359281250001 0.43053908593749995 0.9083359281250001 0.347532609375 0.8228658421875 0.347532609375 0.823557909375 0.25175590625 0.823557909375 0.18790477187500002 0.800373715625 0.18699261250000002 0.800373715625 0.0638511359375 0.749506903125 0.062938975 0.7498529359375 0.18790477187500002 0.708675040625 0.18699261250000002 0.707982975 0.8346255578124999 0.7443164125 0.8346255578124999 0.7446624453124999 0.5846939703125
5 0.8211356796875 0.259053178125 0.8093705671875 0.25814101875 0.8093705671875 0.26817476875 0.820789646875 0.26635045156250003 0.820789646875 0.272735565625 0.8228658421875 0.272735565625 0.8228658421875 0.34844476874999997 0.8595453125000001 0.34844476874999997 0.8595453125000001 0.359390678125 0.8619675421874999 0.36121499687499997 0.861621509375 0.391316246875 0.86542786875 0.3931405625 0.8657739015624999 0.3621271546875 0.8681961312500001 0.36121499687499997 0.866812 0.347532609375 0.9086819609375001 0.34662044999999997 0.9093740265625 0.4296269265625 0.929443925 0.43053908593749995 0.930135990625 0.1860804515625 0.8239039421875001 0.1860804515625 0.823557909375 0.2490194296875 0.8211356796875 0.2490194296875 0.8211356796875 0.259053178125
2 0.8407889546874999 0.1699653375 0.8263773828125001 0.1699653375 0.8263773828125001 0.18663778125 0.8407889546874999 0.18663778125 0.8407889546874999 0.1699653375
2 0.9404238093749999 0.2013064921875 0.9439639921874999 0.200639915625 0.9437111203124999 0.19064124843750002 0.949780003125 0.1893080921875 0.9495271328125 0.1586455140625 0.9437111203124999 0.1593120921875 0.9437111203124999 0.15064658125 0.94067668125 0.149313425 0.940170940625 0.1593120921875 0.93359631875 0.1593120921875 0.93359631875 0.19130782500000001 0.9404238093749999 0.19130782500000001 0.9404238093749999 0.2013064921875
6 0.9566074953125 0.8312225046874999 0.91564254375 0.82922276875 0.9161482828124999 0.780562590625 0.9472513031249999 0.780562590625 0.9472513031249999 0.768564190625 0.9411824203125001 0.76923076875 0.9414352906250001 0.5925876546875 0.9416881609375001 0.5752566328125 0.93359631875 0.5752566328125 0.9338491875000001 0.5912544984375 0.935619278125 0.5912544984375 0.9358721484375 0.770563925 0.9161482828124999 0.770563925 0.9161482828124999 0.58992134375 0.9179183734375 0.590587921875 0.9176655031250001 0.575923209375 0.9108380109375 0.575923209375 0.90982653125 0.83788828125 0.9566074953125 0.8385548593750001 0.9566074953125 0.8312225046874999
1 0.9480099125000001 0.781895746875 0.916401153125 0.780562590625 0.9161482828124999 0.8285561921875001 0.9555960140625 0.8298893484375001 0.9555960140625 0.5925876546875 0.9419410312500001 0.5925876546875 0.9414352906250001 0.76923076875 0.9475041718749999 0.768564190625 0.9480099125000001 0.781895746875
2 0.9472513031249999 0.6005865890625001 0.949780003125 0.601253165625 0.9500328734375 0.5932542328125 0.9561017546875 0.5939208109375 0.9555960140625 0.57192374375 0.949780003125 0.57192374375 0.949780003125 0.5625916546874999 0.9469984312499999 0.563924809375 0.9469984312499999 0.5745900546875 0.9414352906250001 0.5739234765625 0.9414352906250001 0.5925876546875 0.9472513031249999 0.591921078125 0.9472513031249999 0.6005865890625001
5 0.93511176875 0.591915078125 0.9169066406249999 0.591915078125 0.9169066406249999 0.7698873484375001 0.93511176875 0.7698873484375001 0.93511176875 0.591915078125
2 0.924745865625 0.601253165625 0.927021696875 0.601253165625 0.927021696875 0.5939208109375 0.93359631875 0.5939208109375 0.93359631875 0.5732569 0.9280331765625001 0.5752566328125 0.9275274359375001 0.56592454375 0.924745865625 0.56592454375 0.924745865625 0.5732569 0.9176655031250001 0.5739234765625 0.9176655031250001 0.5925876546875 0.924745865625 0.591921078125 0.924745865625 0.601253165625
2 0.7641733671875001 0.621917078125 0.767207809375 0.621917078125 0.7677135484375001 0.6039194765625 0.7740353 0.6045860546874999 0.7747939109375 0.5845887203125 0.7677135484375001 0.5825889875 0.76796641875 0.563924809375 0.7641733671875001 0.5625916546874999 0.7644262375 0.5825889875 0.7568401359375 0.5825889875 0.7573458750000001 0.60191974375 0.7646791078125 0.601253165625 0.7641733671875001 0.621917078125
1 0.78010519375 0.601247834375 0.75076923125 0.601247834375 0.75076923125 0.834558059375 0.78010519375 0.834558059375 0.78010519375 0.601247834375
6 0.7801041828125 0.83788828125 0.78592019375 0.83788828125 0.78592019375 0.58392214375 0.7747939109375 0.5845887203125 0.7745410406250001 0.601253165625 0.780357053125 0.601253165625 0.7801041828125 0.83788828125
6 0.7505183843750001 0.5999200109375 0.7573458750000001 0.5985868546875001 0.757851615625 0.58392214375 0.744702371875 0.5845887203125 0.744702371875 0.8372217031250001 0.75001264375 0.8365551265625 0.7505183843750001 0.5999200109375
3 0.9118474687499999 0.4332668984375 0.902998028125 0.4332668984375 0.902998028125 0.4572703640625 0.9118474687499999 0.4572703640625 0.9118474687499999 0.4332668984375
3 0.9115976328125001 0.56591854375 0.9027481921874999 0.56591854375 0.9027481921874999 0.5899220109375001 0.9115976328125001 0.5899220109375001 0.9115976328125001 0.56591854375
3 0.8107034843750001 0.56591854375 0.80185404375 0.56591854375 0.80185404375 0.5899220109375001 0.8107034843750001 0.5899220109375001 0.8107034843750001 0.56591854375
3 0.8104536484375 0.43260831875 0.8016042078125001 0.43260831875 0.8016042078125001 0.456611784375 0.8104536484375 0.456611784375 0.8104536484375 0.43260831875
3 0.7090532546875 0.56591854375 0.7002038125000001 0.56591854375 0.7002038125000001 0.5899220109375001 0.7090532546875 0.5899220109375001 0.7090532546875 0.56591854375
2 0.7086752140625 0.45516464531249995 0.700371465625 0.45516464531249995 0.700371465625 0.565528596875 0.7086752140625 0.565528596875 0.7086752140625 0.45516464531249995
3 0.7090532546875 0.431932409375 0.7002038125000001 0.431932409375 0.7002038125000001 0.45593587500000005 0.7090532546875 0.45593587500000005 0.7090532546875 0.431932409375
4 0.70210041875 0.1860804515625 0.5411951968750001 0.1842561328125 0.5411951968750001 0.1970263625 0.5238935609375 0.1979385203125 0.5235475265625 0.1851682921875 0.505553825 0.18790477187500002 0.5045157265625 0.832801240625 0.7014083531249999 0.8355377171875 0.70210041875 0.1860804515625
3 0.607652859375 0.43127382968749994 0.59880341875 0.43127382968749994 0.59880341875 0.455277296875 0.607652859375 0.455277296875 0.607652859375 0.43127382968749994
3 0.607403025 0.5645840546875001 0.5985535828125 0.5645840546875001 0.5985535828125 0.588587521875 0.607403025 0.588587521875 0.607403025 0.5645840546875001
3 0.5060026296875 0.5645840546875001 0.4971531890625 0.5645840546875001 0.4971531890625 0.588587521875 0.5060026296875 0.588587521875 0.5060026296875 0.5645840546875001
2 0.5058974359375 0.45426343124999996 0.4982840234375 0.45426343124999996 0.4982840234375 0.5646273828124999 0.5058974359375 0.5646273828124999 0.5058974359375 0.45426343124999996
3 0.506252465625 0.43127382968749994 0.497403025 0.43127382968749994 0.497403025 0.455277296875 0.506252465625 0.455277296875 0.506252465625 0.43127382968749994
3 0.40510190625 0.4299393421875 0.396252465625 0.4299393421875 0.396252465625 0.45394280781249996 0.40510190625 0.45394280781249996 0.40510190625 0.4299393421875
3 0.4045956609375 0.5645840546875001 0.3957462203125 0.5645840546875001 0.3957462203125 0.588587521875 0.4045956609375 0.588587521875 0.4045956609375 0.5645840546875001
1 0.29204799531250003 0.44695840625 0.2847830375 0.44695840625 0.2847830375 0.8273223562500001 0.29204799531250003 0.8273223562500001 0.29204799531250003 0.44695840625
6 0.2925706765625 0.83455539375 0.29863955937500003 0.8352219703125 0.29939816874999997 0.5865884546875 0.2953522484375 0.5872550328125 0.2945936375 0.5619250765625 0.29939816874999997 0.5632582328125 0.29939816874999997 0.4546060515625 0.2948465078125 0.45327289843749996 0.295099378125 0.42994267343750003 0.28397309531250003 0.42927609687499996 0.28397309531250003 0.4466071203125 0.2925706765625 0.4452739640625 0.2925706765625 0.83455539375
3 0.303195265625 0.5632495671875 0.294345825 0.5632495671875 0.294345825 0.5872530328125001 0.303195265625 0.5872530328125001 0.303195265625 0.5632495671875
3 0.30344510156250004 0.4299393421875 0.2945956609375 0.4299393421875 0.2945956609375 0.45394280781249996 0.30344510156250004 0.45394280781249996 0.30344510156250004 0.4299393421875
2 0.22733070312499998 0.46926343125000003 0.2187310984375 0.46926343125000003 0.2187310984375 0.5399220109375 0.22733070312499998 0.5399220109375 0.22733070312499998 0.46926343125000003
1 0.2419953984375 0.46460138593750006 0.22707758125000002 0.46460138593750006 0.22707758125000002 0.5472530328125 0.2419953984375 0.5472530328125 0.2419953984375 0.46460138593750006
1 0.27335305781249997 0.46993934218750005 0.2503418796875 0.46993934218750005 0.2503418796875 0.5432668984375 0.27335305781249997 0.5432668984375 0.27335305781249997 0.46993934218750005
6 0.24680119375 0.784562059375 0.27360542187500003 0.784562059375 0.27360542187500003 0.7725636578125 0.2513528546875 0.7718970796875 0.250847115625 0.61658445625 0.2407323109375 0.6159178765625 0.2407323109375 0.650579921875 0.2470540640625 0.650579921875 0.24680119375 0.784562059375
5 0.27310322187499997 0.6165857890625001 0.251354371875 0.6165857890625001 0.251354371875 0.7732235703125 0.27310322187499997 0.7732235703125 0.27310322187499997 0.6165857890625001
3 0.2730059859375 0.35847851875000003 0.2847711 0.359390678125 0.285463165625 0.1888169296875 0.2999965390625 0.19064124843750002 0.2999965390625 0.183343975 0.5242257515625 0.1860804515625 0.5242257515625 0.1587156796875 0.29965050625 0.1605399984375 0.29965050625 0.15506704375 0.2193709125 0.15506704375 0.218678846875 0.18699261250000002 0.2736980515625 0.18790477187500002 0.2730059859375 0.35847851875000003
1 0.293435240625 0.1869930671875 0.2851314921875 0.1869930671875 0.2851314921875 0.339315425 0.293435240625 0.339315425 0.293435240625 0.1869930671875
6 0.28397309531250003 0.3559525390625 0.28473170468750003 0.3559525390625 0.29939816874999997 0.3572856953125 0.29939816874999997 0.1826423140625 0.2933292875 0.1826423140625 0.2933292875 0.34128782812499997 0.28397309531250003 0.3406212515625 0.28397309531250003 0.3559525390625
6 0.2275838265625 0.1853032921875 0.21949046718749998 0.1853032921875 0.21949046718749998 0.35861351875 0.2275838265625 0.35861351875 0.2275838265625 0.1853032921875
6 0.2268244578125 0.615927209375 0.2189875078125 0.615927209375 0.2189875078125 0.8272270359375 0.2268244578125 0.8272270359375 0.2268244578125 0.615927209375
3 0.2263214984375 0.0246707109375 0.1218836296875 0.0246707109375 0.1218836296875 0.055329289062499995 0.2263214984375 0.055329289062499995 0.2263214984375 0.0246707109375
6 0.12871086874999998 0.1159845359375 0.13123956875 0.1159845359375 0.131745309375 0.1026529796875 0.12871086874999998 0.1026529796875 0.1284579984375 0.055325956249999995 0.121124765625 0.055325956249999995 0.12137763593749999 0.1566457796875 0.1289637390625 0.1566457796875 0.12871086874999998 0.1159845359375
6 0.1997698875 0.10265164687499999 0.1461604203125 0.10265164687499999 0.1461604203125 0.11731369218750001 0.1997698875 0.11731369218750001 0.1997698875 0.10265164687499999
5 0.040964951562500004 0.651913078125 0.0617002984375 0.6512465015625 0.0617002984375 0.6405812562500001 0.076872503125 0.641247834375 0.076872503125 0.5959205437499999 0.062206039062499996 0.5965871218750001 0.0617002984375 0.5845887203125 0.0417235625 0.5845887203125 0.040964951562500004 0.651913078125
6 0.061447428125 0.6512465015625 0.040964951562500004 0.651913078125 0.041470692187500005 0.58392214375 0.062458909375 0.5825889875 0.0617002984375 0.5665911218749999 0.0348960703125 0.5665911218749999 0.0346432 0.6679109453125001 0.0617002984375 0.666577790625 0.061447428125 0.6512465015625
5 0.2259598953125 0.05472270312500001 0.21903681718749998 0.05472270312500001 0.21903681718749998 0.15688908125 0.2259598953125 0.15688908125 0.2259598953125 0.05472270312500001
1 0.27334977031249996 0.188821490625 0.227675871875 0.188821490625 0.227675871875 0.448786828125 0.27334977031249996 0.448786828125 0.27334977031249996 0.188821490625
6 0.5048619328124999 0.1833448875 0.49897764687499996 0.1833448875 0.49897764687499996 0.43235701875 0.5048619328124999 0.43235701875 0.5048619328124999 0.1833448875
6 0.504513478125 0.587435009375 0.498629190625 0.587435009375 0.498629190625 0.836447140625 0.504513478125 0.836447140625 0.504513478125 0.587435009375
4 0.2844389078125 0.4287147671875 0.299318315625 0.4287147671875 0.29862625 0.8318890812499999 0.497595071875 0.8337134 0.4986331703125 0.1851682921875 0.299318315625 0.183343975 0.30001038125 0.357566359375 0.2851309734375 0.357566359375 0.2844389078125 0.4287147671875
5 0.5235475265625 0.1979385203125 0.54050313125 0.196114203125 0.5401570984374999 0.1605399984375 0.542579328125 0.1605399984375 0.542579328125 0.10581045468750001 0.5228554625 0.10581045468750001 0.5225094296874999 0.1568913625 0.5245856265625 0.1568913625 0.5235475265625 0.1979385203125
6 0.542579328125 0.10581045468750001 0.5422332953125 0.1605399984375 0.54776981875 0.1605399984375 0.5481158515625 0.08847943124999999 0.5176649703125 0.0893915890625 0.5173189375 0.155979203125 0.5228554625 0.1596278390625 0.5228554625 0.10581045468750001 0.542579328125 0.10581045468750001
3 0.7498529359375 0.062938975 0.800373715625 0.062938975 0.79968165 0.18699261250000002 0.810754696875 0.18699261250000002 0.8111007296875 0.0346620453125 0.739125921875 0.0328377265625 0.7387798890624999 0.1596278390625 0.5401570984374999 0.1596278390625 0.54050313125 0.1851682921875 0.7498529359375 0.18790477187500002 0.7498529359375 0.062938975
6 0.7076364234375 0.18426343125 0.7017521375 0.18426343125 0.7017521375 0.4332755625 0.7076364234375 0.4332755625 0.7076364234375 0.18426343125
6 0.70728796875 0.5883535531249999 0.70140368125 0.5883535531249999 0.70140368125 0.837365684375 0.70728796875 0.837365684375 0.70728796875 0.5883535531249999
6 0.839821446875 0.10854693124999999 0.839821446875 0.11310772656250001 0.9540122500000001 0.11219556718749998 0.9536662171874999 0.1605399984375 0.95989480625 0.1596278390625 0.95989480625 0.0903037484375 0.8104086640625001 0.0921280671875 0.810754696875 0.10854693124999999 0.839821446875 0.10854693124999999
5 0.839821446875 0.1587156796875 0.9540122500000001 0.1596278390625 0.953320184375 0.11310772656250001 0.8401674796874999 0.11310772656250001 0.839821446875 0.10854693124999999 0.8117927953124999 0.10854693124999999 0.8111007296875 0.17148590625 0.8394754140625 0.1687494296875 0.839821446875 0.1587156796875
6 0.826673240625 0.1705719234375 0.8100657468750001 0.1705719234375 0.8100657468750001 0.18516464531250001 0.826673240625 0.18516464531250001 0.826673240625 0.1705719234375
3 0.9346318218749999 0.1596273828125 0.8398191984375 0.1596273828125 0.8398191984375 0.1869930671875 0.9346318218749999 0.1869930671875 0.9346318218749999 0.1596273828125
1 0.273740959375 0.564038128125 0.22771860625 0.564038128125 0.22771860625 0.6160311953125001 0.273740959375 0.6160311953125001 0.273740959375 0.564038128125