3 0.9683124859375001 0.1421751765625 0.9513056828125 0.1432129515625 0.9513056828125 0.1629306765625 0.9573403562499999 0.1629306765625 0.9573403562499999 0.62889165625 0.2852754 0.62474055625 0.2852754 0.327936903125 0.2743032703125 0.327936903125 0.27375466249999997 0.62266500625 0.0735132765625 0.6205894562500001 0.07406188281250001 0.48775425468750006 0.061443932812500004 0.4867164796875 0.060379635937499995 0.6454960562500001 0.9666666671874999 0.64964715625 0.9683124859375001 0.1421751765625
3 0.199725696875 0.138003321875 0.06202545625 0.1390618515625 0.0609282421875 0.45765877968749996 0.0740947984375 0.4555832296875 0.0740947984375 0.162909921875 0.199725696875 0.1618721453125 0.199725696875 0.138003321875
5 0.20007441875 0.10179219218749999 0.20007441875 0.1402349890625 0.21867933750000002 0.1402349890625 0.21839310781250001 0.06713953125 0.1293757328125 0.067680978125 0.1296619625 0.10233364062500001 0.20007441875 0.10179219218749999
3 0.2266063203125 0.0466811953125 0.12182027656250001 0.0466811953125 0.12182027656250001 0.067440846875 0.2266063203125 0.067440846875 0.2266063203125 0.0466811953125
3 0.27433618593750003 0.2874429234375 0.2858569234375 0.288480696875 0.2853083171875 0.162909921875 0.293671465625 0.162975796875 0.299682284375 0.162975796875 0.30121790625 0.160834371875 0.525049375 0.162909921875 0.525049375 0.1431921953125 0.22660741718750002 0.141116646875 0.2260588109375 0.163947696875 0.27433618593750003 0.163947696875 0.27433618593750003 0.2874429234375
3 0.751590959375 0.0736820265625 0.800416940625 0.0736820265625 0.8009655484374999 0.1629306765625 0.810840465625 0.1629306765625 0.8119376781250001 0.0518887515625 0.740618828125 0.0539643 0.740618828125 0.1421751765625 0.5409260484375 0.1421751765625 0.5414746546875 0.1629306765625 0.7510423515625 0.1629306765625 0.751590959375 0.0736820265625
4 0.90975844375 0.27924130625 0.8244290265625001 0.27924130625 0.8244290265625001 0.16380879375 0.8011343500000001 0.1633298203125 0.8013875515625 0.07376185468749999 0.7512533546875 0.0728039078125 0.7507469484375 0.162371875 0.7089684515625 0.1628508484375 0.7082088421875 0.6279337093749999 0.7449232796875 0.6279337093749999 0.7459360921875 0.4483188046875 0.7879677921875 0.4483188046875 0.7867017781250001 0.628412684375 0.91077125625 0.62889165625 0.9115308656250001 0.44161318125 0.9568542046875 0.4420921546875 0.957613815625 0.16380879375 0.9325467156249999 0.1633298203125 0.932040309375 0.33863396875 0.9095052421875 0.3391129421875 0.90975844375 0.27924130625
5 0.8097432515625 0.21074815624999998 0.8097432515625 0.2236804296875 0.8246822296874999 0.2236804296875 0.8246822296874999 0.278283359375 0.8601306531249999 0.27780438749999997 0.8611434640625 0.311811475 0.8684863515625001 0.31085353125 0.8684863515625001 0.278283359375 0.9102648500000001 0.278283359375 0.9095052421875 0.338154996875 0.9307742953125 0.337676021875 0.932040309375 0.1633298203125 0.8246822296874999 0.1628508484375 0.8246822296874999 0.21074815624999998 0.8097432515625 0.21074815624999998
3 0.9357044109375 0.1428019921875 0.8413462796875001 0.1428019921875 0.8413462796875001 0.1627272734375 0.9357044109375 0.1627272734375 0.9357044109375 0.1428019921875
3 0.9128801843750001 0.3395579078125 0.9041046734375 0.3395579078125 0.9041046734375 0.35782689843750004 0.9128801843750001 0.35782689843750004 0.9128801843750001 0.3395579078125
3 0.9126300203125 0.43528642656249994 0.9038545093750001 0.43528642656249994 0.9038545093750001 0.4535554171875 0.9126300203125 0.4535554171875 0.9126300203125 0.43528642656249994
3 0.8114976953124999 0.43585927812499997 0.8027221859375 0.43585927812499997 0.8027221859375 0.45412826875 0.8114976953124999 0.45412826875 0.8114976953124999 0.43585927812499997
3 0.8114976953124999 0.3387235375 0.8027221859375 0.3387235375 0.8027221859375 0.35699252812500004 0.8114976953124999 0.35699252812500004 0.8114976953124999 0.3387235375
2 0.7096082953125 0.3559028640625 0.7016359453125001 0.3559028640625 0.7016359453125001 0.4345579078125 0.7096082953125 0.4345579078125 0.7096082953125 0.3559028640625
3 0.7101152078124999 0.3387235375 0.7013396968750001 0.3387235375 0.7013396968750001 0.35699252812500004 0.7101152078124999 0.35699252812500004 0.7101152078124999 0.3387235375
6 0.7085681375 0.4515877953125 0.7026761031250001 0.4515877953125 0.7026761031250001 0.62856164375 0.7085681375 0.62856164375 0.7085681375 0.4515877953125
3 0.709674128125 0.4342029890625 0.7008986171875 0.4342029890625 0.7008986171875 0.45247197968749997 0.709674128125 0.45247197968749997 0.709674128125 0.4342029890625
4 0.70269341875 0.162975796875 0.541832440625 0.1618929015625 0.5415462125 0.1705560671875 0.5243724421875 0.17001461874999999 0.5243724421875 0.1635172453125 0.5063399828125 0.162975796875 0.5054812953125001 0.6275380359375 0.7021209609375 0.6280794843749999 0.70269341875 0.162975796875
3 0.6082916390625 0.4342029890625 0.5995161296875 0.4342029890625 0.5995161296875 0.45247197968749997 0.6082916390625 0.45247197968749997 0.6082916390625 0.4342029890625
3 0.6082916390625 0.3395579078125 0.5995161296875 0.3395579078125 0.5995161296875 0.35782689843750004 0.6082916390625 0.35782689843750004 0.6082916390625 0.3395579078125
2 0.5062211984375 0.3545952671875 0.4985977609375 0.3545952671875 0.4985977609375 0.4352179328125 0.5062211984375 0.4352179328125 0.5062211984375 0.3545952671875
3 0.50690915 0.33790161875 0.498133640625 0.33790161875 0.498133640625 0.3561706109375 0.50690915 0.3561706109375 0.50690915 0.33790161875
6 0.5044865046875 0.4522478203125 0.49929229687500004 0.4522478203125 0.49929229687500004 0.62790161875 0.5044865046875 0.62790161875 0.5044865046875 0.4522478203125
3 0.506468071875 0.43338107031249995 0.4976925609375 0.43338107031249995 0.4976925609375 0.4516500625 0.506468071875 0.4516500625 0.506468071875 0.43338107031249995
4 0.2856570390625 0.2853430078125 0.28508458124999997 0.327034490625 0.2853708109375 0.33678055156250003 0.3002547453125 0.336239103125 0.29939605625 0.6253722453125 0.49918424687499996 0.6269965890625 0.4997567046875 0.162975796875 0.3002547453125 0.1618929015625 0.299682284375 0.2853430078125 0.2856570390625 0.2853430078125
3 0.405434496875 0.3375529265625 0.3966589859375 0.3375529265625 0.3966589859375 0.3558219171875 0.405434496875 0.3558219171875 0.405434496875 0.3375529265625
3 0.4050855828125 0.43254669999999995 0.396310071875 0.43254669999999995 0.396310071875 0.450815690625 0.4050855828125 0.450815690625 0.4050855828125 0.43254669999999995
6 0.29882359687500004 0.62591369375 0.29939605625 0.4499431484375 0.2953888421875 0.448860253125 0.2951026140625 0.43369971406249996 0.29939605625 0.43369971406249996 0.29910982656249996 0.3535654328125 0.295675071875 0.3535654328125 0.295675071875 0.33678055156250003 0.28508458124999997 0.33678055156250003 0.284512121875 0.3497752984375 0.29252654843750003 0.34923385156250003 0.292812778125 0.6280794843749999 0.29882359687500004 0.62591369375
3 0.303913759375 0.3368929015625 0.2951382484375 0.3368929015625 0.2951382484375 0.3551618921875 0.303913759375 0.3551618921875 0.303913759375 0.3368929015625
3 0.3035648453125 0.43324408437499995 0.294789334375 0.43324408437499995 0.294789334375 0.4515130765625 0.3035648453125 0.4515130765625 0.3035648453125 0.43324408437499995
5 0.061674925000000005 0.4869895796875 0.0765739234375 0.4889558890625 0.07692041093749999 0.45683948281250003 0.0609819484375 0.4581503578125 0.060635459375 0.4483188046875 0.0412321125 0.4483188046875 0.0412321125 0.49682113125000005 0.0609819484375 0.49682113125000005 0.061674925000000005 0.4869895796875
6 0.060635459375 0.49682113125000005 0.0405391359375 0.4981320046875 0.0405391359375 0.4470079296875 0.061674925000000005 0.4470079296875 0.0609819484375 0.4365209421875 0.0353418109375 0.4365209421875 0.0353418109375 0.5079635578125 0.0613284359375 0.5079635578125 0.060635459375 0.49682113125000005
6 0.22729756406249998 0.47125155625000004 0.2189828828125 0.47125155625000004 0.2189828828125 0.6233188046875 0.22729756406249998 0.6233188046875 0.22729756406249998 0.47125155625000004
2 0.22694865000000003 0.2864321296875 0.219674128125 0.2864321296875 0.219674128125 0.33558530468750003 0.22694865000000003 0.33558530468750003 0.22694865000000003 0.2864321296875
2 0.22729756406249998 0.366382315625 0.2193252140625 0.366382315625 0.2193252140625 0.41488792031250005 0.22729756406249998 0.41488792031250005 0.22729756406249998 0.366382315625
6 0.505872284375 0.161899128125 0.49928900625 0.161899128125 0.49928900625 0.3395205484375 0.505872284375 0.3395205484375 0.505872284375 0.161899128125
6 0.708913759375 0.16123287656250002 0.70233048125 0.16123287656250002 0.70233048125 0.33951432187499997 0.708913759375 0.33951432187499997 0.708913759375 0.16123287656250002
2 0.8412738640624999 0.15141345 0.8274160625 0.15141345 0.8274160625 0.163206725 0.8412738640624999 0.163206725 0.8412738640624999 0.15141345
2 0.941755309375 0.17041357968749998 0.9455666812500001 0.17041357968749998 0.94522019375 0.16451464843750002 0.9514569828124999 0.1632037765625 0.9511104953125 0.1441961078125 0.94522019375 0.14157435937500001 0.944180728125 0.135019990625 0.9407158453125 0.135019990625 0.9407158453125 0.1422297953125 0.9355185203125 0.1422297953125 0.9355185203125 0.1632037765625 0.941755309375 0.1638592109375 0.941755309375 0.17041357968749998
5 0.9540689718750001 0.14369192343749998 0.9540689718750001 0.1111217546875 0.8411404265625 0.1120797015625 0.8408872234375 0.1058530515625 0.8120220796875 0.10633202343749999 0.8115156734375001 0.1532713859375 0.8408872234375 0.1523134390625 0.8406340203125 0.1432129515625 0.9540689718750001 0.14369192343749998
6 0.8411404265625 0.1111217546875 0.9545753781249999 0.11064278281249999 0.9545753781249999 0.1456078171875 0.9606522515625 0.1456078171875 0.96115865625 0.094357696875 0.8115156734375001 0.09483667031250001 0.8112624703125 0.1058530515625 0.8411404265625 0.10633202343749999 0.8411404265625 0.1111217546875
6 0.8274687296875 0.1518368625 0.8115174453125 0.1518368625 0.8115174453125 0.1633312578125 0.8274687296875 0.1633312578125 0.8274687296875 0.1518368625
2 0.7659391296875 0.43251269218750005 0.7654327234375 0.4487977765625 0.7583430390625 0.4483188046875 0.7578366328125 0.46077210468749996 0.7656859265625 0.46029313125 0.7654327234375 0.4770571890625 0.7679647546874999 0.4760992421875 0.7682179578125 0.46125107656250003 0.7753076421875 0.46077210468749996 0.7753076421875 0.4492767515625 0.7687243640625 0.4473608578125 0.7687243640625 0.4344285859375 0.7659391296875 0.43251269218750005
1 0.94849850625 0.5900948374999999 0.9181141437499999 0.5886579171874999 0.917860940625 0.624101925 0.9568542046875 0.623622953125 0.9571074093749999 0.45358750781249996 0.9431812421875 0.45454545468749996 0.9429280390624999 0.580515375 0.94849850625 0.5809943484375 0.94849850625 0.5900948374999999
6 0.9371043703125 0.58195229375 0.9176077375 0.58195229375 0.917860940625 0.45358750781249996 0.9196333624999999 0.45358750781249996 0.9196333624999999 0.4420921546875 0.9115308656250001 0.4420921546875 0.9112776625000001 0.628412684375 0.957613815625 0.630328575 0.957613815625 0.6245808984375001 0.917354534375 0.6245808984375001 0.917860940625 0.5886579171874999 0.94849850625 0.5891368906250001 0.947738896875 0.581473321875 0.9426748375 0.581473321875 0.9426748375 0.45358750781249996 0.9444472578124999 0.45358750781249996 0.9439408515625001 0.4425711265625 0.93482554375 0.4420921546875 0.9350787453124999 0.4531085359375 0.9373575734375 0.45262956093750006 0.9371043703125 0.58195229375
5 0.9365964453125001 0.453100871875 0.9181105984375 0.453100871875 0.9181105984375 0.5814694890625 0.9365964453125001 0.5814694890625 0.9365964453125001 0.453100871875
2 0.926216640625 0.46077210468749996 0.9290018734375 0.4593351859375 0.9290018734375 0.45454545468749996 0.9353319499999999 0.4555034015625 0.9353319499999999 0.4411342078125 0.9282422640625001 0.4420921546875 0.9282422640625001 0.4349075578125 0.926216640625 0.43586550468749996 0.92545703125 0.44161318125 0.9196333624999999 0.44065523593749995 0.9196333624999999 0.45406648125000004 0.926216640625 0.45358750781249996 0.926216640625 0.46077210468749996
2 0.948751709375 0.46077210468749996 0.9517901453125001 0.46125107656250003 0.9522965515624999 0.4559823734375 0.957613815625 0.4559823734375 0.9573606109374999 0.4425711265625 0.9512837390625 0.4420921546875 0.9512837390625 0.4344285859375 0.9490049125000001 0.4339496109375 0.9490049125000001 0.4411342078125 0.9429280390624999 0.44065523593749995 0.9429280390624999 0.4555034015625 0.9490049125000001 0.45502442656250003 0.948751709375 0.46077210468749996
6 0.7522661671875001 0.46029313125 0.7580898375 0.46029313125 0.7583430390625 0.4483188046875 0.7459360921875 0.4483188046875 0.7451764828125 0.629370628125 0.7517597609375 0.629370628125 0.7522661671875001 0.46029313125
6 0.7806249046875 0.629849603125 0.7867017781250001 0.629370628125 0.787714590625 0.4487977765625 0.7750544390624999 0.4483188046875 0.7750544390624999 0.46029313125 0.7816377171875 0.46029313125 0.7806249046875 0.629849603125
1 0.780628703125 0.46077210468749996 0.7517610265625 0.46077210468749996 0.7517610265625 0.62889165625 0.780628703125 0.62889165625 0.780628703125 0.46077210468749996
6 0.5484157203125 0.143483675 0.54870195 0.093129028125 0.51807539375 0.093670475 0.51807539375 0.1424007796875 0.5232275234375 0.1424007796875 0.5237999828125 0.10449943125000001 0.5426911296875 0.10449943125000001 0.5432635890624999 0.142942228125 0.5484157203125 0.143483675
5 0.5246586718749999 0.17001461874999999 0.5412599828125 0.17001461874999999 0.5409737531250001 0.142942228125 0.542977359375 0.142942228125 0.542977359375 0.10558232812499999 0.5232275234375 0.1050408796875 0.5232275234375 0.14185933125 0.5252311296875 0.1424007796875 0.5246586718749999 0.17001461874999999
2 0.26304490937499997 0.3102496078125 0.27334917187499996 0.3107910546875 0.27334917187499996 0.3281173859375 0.28508458124999997 0.3286588328125 0.2847983515625 0.311332503125 0.2873744171875 0.311332503125 0.2873744171875 0.305918025 0.28594326875 0.30429368125 0.28594326875 0.28696735156250003 0.2727767125 0.2875087984375 0.2736354015625 0.30429368125 0.2633311390625 0.3032107859375 0.26304490937499997 0.3102496078125
2 0.20894753437500002 0.456440521875 0.21896556718750002 0.45589907500000004 0.21839310781250001 0.4710596140625 0.22697999218749998 0.4710596140625 0.2281249109375 0.4569819703125 0.23413572968750002 0.4569819703125 0.23470818906250002 0.4499431484375 0.22755245156249998 0.448860253125 0.2281249109375 0.43369971406249996 0.21896556718750002 0.43315826562500004 0.21896556718750002 0.44723590937499996 0.21037868125 0.44723590937499996 0.20894753437500002 0.456440521875
1 0.27334917187499996 0.592343928125 0.24672982812500002 0.5918024796875 0.24615736875 0.4965076609375 0.24014655000000001 0.4965076609375 0.24014655000000001 0.486220153125 0.22755245156249998 0.48567870468749996 0.22726622187499998 0.620499215625 0.27334917187499996 0.6215821109374999 0.27334917187499996 0.592343928125
2 0.23356327187499998 0.468352375 0.23327704218749998 0.47647409218750003 0.22726622187499998 0.47647409218750003 0.22755245156249998 0.484595809375 0.23327704218749998 0.484595809375 0.23327704218749998 0.49163463125 0.235566878125 0.49163463125 0.235566878125 0.48567870468749996 0.24100523906250002 0.48513725625 0.2412914671875 0.47647409218750003 0.235566878125 0.47539119531249996 0.235566878125 0.46889382187499995 0.23356327187499998 0.468352375
6 0.24215015625 0.40446153125000006 0.2424363859375 0.42287075625000003 0.22755245156249998 0.42232930937499996 0.22783868125 0.415831934375 0.219538025 0.41474903906250005 0.21896556718750002 0.43369971406249996 0.22726622187499998 0.43532405625 0.22726622187499998 0.43369971406249996 0.2744940890625 0.434782609375 0.27392163125 0.41962207031250004 0.2498783515625 0.41908062187499995 0.2504508109375 0.405002978125 0.24215015625 0.40446153125000006
2 0.24215015625 0.4071687703125 0.24701605781249997 0.40608587500000004 0.2510232703125 0.40608587500000004 0.2510232703125 0.3963398125 0.253885565625 0.3968812609375 0.2541717953125 0.38821809531249996 0.2504508109375 0.3887595421875 0.2504508109375 0.3800963765625 0.2473022875 0.3795549296875 0.2418639265625 0.380637825 0.24215015625 0.4071687703125
2 0.193491140625 0.1716389625 0.2075163859375 0.17001461874999999 0.207802615625 0.181926471875 0.21037868125 0.181926471875 0.2100924515625 0.17001461874999999 0.21896556718750002 0.1705560671875 0.21896556718750002 0.1407764359375 0.1995019609375 0.1391520921875 0.1995019609375 0.1618929015625 0.1932049125 0.16243435 0.193491140625 0.1716389625
1 0.293387096875 0.1640535484375 0.28537524687500004 0.1640535484375 0.28537524687500004 0.273430884375 0.293387096875 0.273430884375 0.293387096875 0.1640535484375
6 0.29939605625 0.284801559375 0.29939605625 0.16135145312500002 0.293671465625 0.1635172453125 0.293671465625 0.272348259375 0.2847983515625 0.272348259375 0.28508458124999997 0.2842601125 0.29939605625 0.284801559375
6 0.24701605781249997 0.590719584375 0.27392163125 0.5912610328125 0.27392163125 0.5842222109375 0.2515957296875 0.5836807625 0.251881959375 0.4716010609375 0.24100523906250002 0.47214250937499996 0.24071900781250002 0.495424765625 0.24701605781249997 0.4948833171875 0.24701605781249997 0.590719584375
6 0.2198242546875 0.3671016296875 0.22726622187499998 0.36656018125 0.22726622187499998 0.361145703125 0.24215015625 0.36277004687500003 0.2418639265625 0.38226216874999996 0.25016458125 0.3811792734375 0.2498783515625 0.3660187328125 0.27420785937500003 0.3654772859375 0.27392163125 0.35139964218749997 0.22755245156249998 0.351941090625 0.22783868125 0.3340733125 0.2192517953125 0.3340733125 0.2198242546875 0.3671016296875
6 0.220110484375 0.16839027499999998 0.219538025 0.28696735156250003 0.22783868125 0.28696735156250003 0.22755245156249998 0.1635172453125 0.2261213046875 0.142942228125 0.2261213046875 0.067680978125 0.21867933750000002 0.067680978125 0.21867933750000002 0.14185933125 0.2192517953125 0.1618929015625 0.22125540312499997 0.1618929015625 0.220110484375 0.16839027499999998
1 0.293104015625 0.3497633875 0.285092165625 0.3497633875 0.285092165625 0.62049813125 0.293104015625 0.62049813125 0.293104015625 0.3497633875
5 0.27363397031250003 0.4705168125 0.2518828171875 0.4705168125 0.2518828171875 0.5831320046874999 0.27363397031250003 0.5831320046874999 0.27363397031250003 0.4705168125
1 0.27363397031250003 0.3660211703125 0.25073732656250003 0.3660211703125 0.25073732656250003 0.4207036109375 0.27363397031250003 0.4207036109375 0.27363397031250003 0.3660211703125
1 0.2421527328125 0.362229140625 0.227840684375 0.362229140625 0.227840684375 0.4223287671875 0.2421527328125 0.4223287671875 0.2421527328125 0.362229140625
1 0.24071900781250002 0.4710596140625 0.27334917187499996 0.47214250937499996 0.2736354015625 0.434782609375 0.22783868125 0.434782609375 0.22783868125 0.47539119531249996 0.24071900781250002 0.47647409218750003 0.24071900781250002 0.4710596140625
1 0.2736372609375 0.16405977656249998 0.22783739375 0.16405977656249998 0.22783739375 0.3530261515625 0.2736372609375 0.3530261515625 0.2736372609375 0.16405977656249998
1 0.19978604375 0.11425280156249999 0.1299440421875 0.11425280156249999 0.1299440421875 0.13969489375 0.19978604375 0.13969489375 0.19978604375 0.11425280156249999
2 0.1465470703125 0.10232876718749999 0.1319519421875 0.10232876718749999 0.1319519421875 0.1131631375 0.1465470703125 0.1131631375 0.1465470703125 0.10232876718749999
6 0.2003620796875 0.1017870484375 0.1465503625 0.1017870484375 0.1465503625 0.1131569109375 0.2003620796875 0.1131569109375 0.2003620796875 0.1017870484375
6 0.1325242578125 0.11316259687500001 0.13223802812500002 0.10179219218749999 0.1293757328125 0.10233364062500001 0.1293757328125 0.067680978125 0.121933765625 0.067680978125 0.121933765625 0.139693540625 0.1293757328125 0.1402349890625 0.1293757328125 0.11316259687500001 0.1325242578125 0.11316259687500001
4 0.0772819640625 0.4900102875 0.074133440625 0.48946883906250005 0.07356098125 0.6221235578125001 0.21810687812500001 0.6215821109374999 0.2198242546875 0.16893172343750001 0.0747059 0.1640586921875 0.07384721093749999 0.456440521875 0.0772819640625 0.45589907500000004 0.0772819640625 0.4900102875