6 0.22854513437500001 0.41334811875 0.22777820312500002 0.4072991234375 0.22240969375000003 0.4072991234375 0.22240969375000003 0.35789898125 0.21857504374999998 0.3589071484375 0.21857504374999998 0.4083072890625 0.1572206453125 0.40629095625 0.1572206453125 0.32160500000000003 0.2193419734375 0.320596834375 0.2193419734375 0.332694828125 0.22240969375000003 0.332694828125 0.22317662343750003 0.2822865203125 0.209371884375 0.2822865203125 0.209371884375 0.29136001562499997 0.21857504374999998 0.29136001562499997 0.21857504374999998 0.31454783750000004 0.1572206453125 0.3135396703125 0.157987575 0.29136001562499997 0.16642380625 0.29035185 0.16642380625 0.2853110203125 0.15568678593750002 0.2853110203125 0.156453715625 0.0554491375 0.15108520625 0.054440971875 0.15108520625 0.6694223218750001 0.1572206453125 0.6704304875 0.157987575 0.41334811875 0.22854513437500001 0.41334811875
4 0.258115653125 0.0553407609375 0.15785643124999998 0.0553407609375 0.15785643124999998 0.2825098296875 0.258115653125 0.2825098296875 0.258115653125 0.0553407609375
7 0.2392871390625 0.032038007812500005 0.1805732796875 0.032038007812500005 0.1805732796875 0.05388597656250001 0.2392871390625 0.05388597656250001 0.2392871390625 0.032038007812500005
4 0.39326021875 0.0553407609375 0.2686340984375 0.0553407609375 0.2686340984375 0.3524180859375 0.39326021875 0.3524180859375 0.39326021875 0.0553407609375
7 0.373330009375 0.032038007812500005 0.2913559328125 0.032038007812500005 0.2913559328125 0.05388597656250001 0.373330009375 0.05388597656250001 0.373330009375 0.032038007812500005
1 0.4264982828125 0.162137596875 0.40046527187500003 0.16309887812499999 0.40268084687499994 0.3524100765625 0.49905838124999996 0.3509538375 0.49850448593749996 0.2861511578125 0.4264982828125 0.2846949171875 0.4264982828125 0.162137596875
6 0.42705217656250005 0.283238678125 0.44089952343750005 0.283238678125 0.44089952343750005 0.276685596875 0.43203722187500004 0.276685596875 0.43203722187500004 0.1798456375 0.49628891093750005 0.180573759375 0.49684280468750003 0.27741371875 0.4641630671875 0.276685596875 0.460839703125 0.2817824375 0.49905838124999996 0.283238678125 0.49905838124999996 0.2941604765625 0.5062590015625 0.2978010765625 0.5062590015625 0.047327799999999996 0.4996122734375 0.047327799999999996 0.5001661687500001 0.16091451875 0.42760607031250003 0.16091451875 0.42705217656250005 0.283238678125
0 0.50016450625 0.0553342078125 0.4015702890625 0.0553342078125 0.4015702890625 0.1601834859375 0.50016450625 0.1601834859375 0.50016450625 0.0553342078125
7 0.4763559328125 0.033492792187499995 0.42097208437500006 0.033492792187499995 0.42097208437500006 0.0553407609375 0.4763559328125 0.0553407609375 0.4763559328125 0.033492792187499995
5 0.6120089734375 0.0544429875 0.5084695906250001 0.0544429875 0.5084695906250001 0.29237221562500004 0.6120089734375 0.29237221562500004 0.6120089734375 0.0544429875
7 0.58602691875 0.032038007812500005 0.5306430703125 0.032038007812500005 0.5306430703125 0.05388597656250001 0.58602691875 0.05388597656250001 0.58602691875 0.032038007812500005
1 0.6203611390625 0.28542303750000003 0.6214689265625 0.353138196875 0.72283150625 0.3524100765625 0.72393929375 0.162370759375 0.6901517671875 0.162370759375 0.6912595546875 0.2846949171875 0.6203611390625 0.28542303750000003
0 0.721724825 0.05679554375 0.61981056875 0.05679554375 0.61981056875 0.15945609375 0.721724825 0.15945609375 0.721724825 0.05679554375
7 0.7012412765625 0.034947574999999995 0.645857428125 0.034947574999999995 0.645857428125 0.05679554375 0.7012412765625 0.05679554375 0.7012412765625 0.034947574999999995
4 0.8601944171874999 0.056061598437500006 0.7322482546875 0.056061598437500006 0.7322482546875 0.3524049796875 0.8601944171874999 0.3524049796875 0.8601944171874999 0.056061598437500006
7 0.8352891328125001 0.032038007812500005 0.7544217343749999 0.032038007812500005 0.7544217343749999 0.05388597656250001 0.8352891328125001 0.05388597656250001 0.8352891328125001 0.032038007812500005
6 0.9676525984375 0.2825105578125 0.9593441890625 0.2825105578125 0.959898084375 0.290519878125 0.9687603859375 0.2919761171875 0.9676525984375 0.3138197171875 0.9100476343749999 0.3138197171875 0.9106015281250001 0.290519878125 0.9155865734375 0.290519878125 0.9155865734375 0.283238678125 0.8978619703125 0.283238678125 0.897308075 0.290519878125 0.9050625906249999 0.291247996875 0.9045086953125001 0.3305664765625 0.908939846875 0.33129459687499996 0.908939846875 0.320372796875 0.9693142796875 0.320372796875 0.9682064921875 0.4070190765625 0.908939846875 0.4070190765625 0.9100476343749999 0.35532255625000003 0.9045086953125001 0.353138196875 0.9034009078125 0.40920343593749997 0.8967541812500001 0.4070190765625 0.897308075 0.4128440359375 0.9682064921875 0.4128440359375 0.9687603859375 0.665501675 0.9731915359375 0.667686034375 0.9748532187500001 0.047327799999999996 0.9693142796875 0.045871559374999996 0.9676525984375 0.2825105578125
4 0.9682053843749999 0.0560681515625 0.8690628109375 0.0560681515625 0.8690628109375 0.2825163828125 0.9682053843749999 0.2825163828125 0.9682053843749999 0.0560681515625
7 0.9504835500000001 0.033492792187499995 0.8873429703125 0.033492792187499995 0.8873429703125 0.0553407609375 0.9504835500000001 0.0553407609375 0.9504835500000001 0.033492792187499995
7 0.9504835500000001 0.6655045875 0.8840129609374999 0.6655045875 0.8840129609374999 0.685897771875 0.9504835500000001 0.685897771875 0.9504835500000001 0.6655045875
7 0.834167496875 0.66404325 0.7544067796875 0.66404325 0.7544067796875 0.6858912187499999 0.834167496875 0.6858912187499999 0.834167496875 0.66404325
7 0.7001246265625001 0.6655045875 0.643624128125 0.6655045875 0.643624128125 0.685897771875 0.7001246265625001 0.685897771875 0.7001246265625001 0.6655045875
7 0.5871236296875 0.664049803125 0.5261964109374999 0.664049803125 0.5261964109374999 0.68735255625 0.5871236296875 0.68735255625 0.5871236296875 0.664049803125
7 0.479675971875 0.6669528171875 0.41874875312500004 0.6669528171875 0.41874875312500004 0.6888007859374999 0.479675971875 0.6888007859374999 0.479675971875 0.6669528171875
7 0.373320040625 0.6655045875 0.2891326015625 0.6655045875 0.2891326015625 0.6888073390625 0.373320040625 0.6888073390625 0.373320040625 0.6655045875
7 0.23927716875 0.6669593703125 0.17834995 0.6669593703125 0.17834995 0.68735255625 0.23927716875 0.68735255625 0.23927716875 0.6669593703125
3 0.1794566296875 0.032038007812500005 0.138469590625 0.032038007812500005 0.138469590625 0.05388597656250001 0.1794566296875 0.05388597656250001 0.1794566296875 0.032038007812500005
3 0.291350946875 0.0305832234375 0.24039381875000002 0.0305832234375 0.24039381875000002 0.0553407609375 0.291350946875 0.0553407609375 0.291350946875 0.0305832234375
3 0.42095712812499997 0.0305766703125 0.3711066796875 0.0305766703125 0.3711066796875 0.0538794234375 0.42095712812499997 0.0538794234375 0.42095712812499997 0.0305766703125
3 0.52995015 0.033276540625 0.47549351875 0.033276540625 0.47549351875 0.053433814062499994 0.52995015 0.053433814062499994 0.52995015 0.033276540625
3 0.6442173484375 0.0322608125 0.587467596875 0.0322608125 0.587467596875 0.055445609375 0.6442173484375 0.055445609375 0.6442173484375 0.0322608125
3 0.7538933203125 0.0342857140625 0.7002043875 0.0342857140625 0.7002043875 0.0544429875 0.7538933203125 0.0544429875 0.7538933203125 0.0342857140625
3 0.8873379859374999 0.032267365625 0.8344167499999999 0.032267365625 0.8344167499999999 0.0544429875 0.8873379859374999 0.0544429875 0.8873379859374999 0.032267365625
3 0.9870388828125 0.0342791609375 0.95176470625 0.0342791609375 0.95176470625 0.055445609375 0.9870388828125 0.055445609375 0.9870388828125 0.0342791609375
3 0.9878065796875 0.662372215625 0.9509970093750001 0.662372215625 0.9509970093750001 0.6865661859375 0.9878065796875 0.6865661859375 0.9878065796875 0.662372215625
3 0.8858025921875001 0.6643840109375 0.8344167499999999 0.6643840109375 0.8344167499999999 0.685550459375 0.8858025921875001 0.685550459375 0.8858025921875001 0.6643840109375
3 0.7538933203125 0.6633748359375 0.7002043875 0.6633748359375 0.7002043875 0.6865596328125 0.7538933203125 0.6865596328125 0.7538933203125 0.6633748359375
3 0.6449900296875 0.6643774578125 0.5859371890625 0.6643774578125 0.5859371890625 0.6865530796875 0.6449900296875 0.6865530796875 0.6449900296875 0.6643774578125
3 0.5268793625 0.66538663125 0.47856430781250003 0.66538663125 0.47856430781250003 0.6875622546875 0.5268793625 0.6875622546875 0.5268793625 0.66538663125
3 0.420274178125 0.665393184375 0.3727268203125 0.665393184375 0.3727268203125 0.68857798125 0.420274178125 0.68857798125 0.420274178125 0.665393184375
3 0.2914356921875 0.6643840109375 0.23851445624999998 0.6643840109375 0.23851445624999998 0.6875688078125 0.2914356921875 0.6875688078125 0.2914356921875 0.6643840109375
3 0.178698903125 0.665393184375 0.138050846875 0.665393184375 0.138050846875 0.68857798125 0.178698903125 0.68857798125 0.178698903125 0.665393184375
6 0.2661266203125 0.0544429875 0.259995015625 0.0544429875 0.259995015625 0.12904325 0.2661266203125 0.12904325 0.2661266203125 0.0544429875
6 0.40033399843749995 0.051415465625000004 0.39420239218750003 0.051415465625000004 0.39420239218750003 0.162319790625 0.40033399843749995 0.162319790625 0.40033399843749995 0.051415465625000004
6 0.730119640625 0.047385321875000004 0.7247557328124999 0.047385321875000004 0.7247557328124999 0.16231323749999998 0.730119640625 0.16231323749999998 0.730119640625 0.047385321875000004
6 0.867392821875 0.0483944953125 0.861261215625 0.0483944953125 0.861261215625 0.130058978125 0.867392821875 0.130058978125 0.867392821875 0.0483944953125
6 0.254620753125 0.2923681828125 0.2668916328125 0.29035185 0.2668916328125 0.1723964109375 0.25922233281249996 0.1723964109375 0.25922233281249996 0.28329468750000003 0.2523199625 0.28329468750000003 0.254620753125 0.2923681828125
6 0.39548022656250004 0.3669724765625 0.39381854375 0.378622396875 0.39991137656250003 0.379350515625 0.40046527187500003 0.3669724765625 0.5123518328125 0.367700596875 0.5123518328125 0.353138196875 0.5084745765625 0.35168195625 0.5084745765625 0.34294451718749996 0.5001661687500001 0.34148827812500004 0.5001661687500001 0.353138196875 0.4010191640625 0.3524100765625 0.4010191640625 0.2803261984375 0.39548022656250004 0.2795980765625 0.39548022656250004 0.353138196875 0.2603301203125 0.35168195625 0.2575606515625 0.40774719687500005 0.25146781875 0.40774719687500005 0.250913925 0.41357215781249995 0.25922233281249996 0.41575651562499993 0.25922233281249996 0.6727828734375 0.265869059375 0.6720547546875 0.267530740625 0.3669724765625 0.39548022656250004 0.3669724765625
4 0.46693253593749995 0.47109363593750003 0.4021269515625 0.470365515625 0.4021269515625 0.6625891953124999 0.50238174375 0.6633173140624999 0.50348953125 0.43614387656250003 0.4680403234375 0.43541575625 0.46693253593749995 0.47109363593750003
6 0.41375872343750003 0.470365515625 0.41320482968750005 0.46235619687499996 0.39991137656250003 0.46235619687499996 0.39991137656250003 0.4434250765625 0.460839703125 0.44269695625 0.460285809375 0.4601718359375 0.4508696125 0.46089995625 0.4514235078125 0.46890927656250003 0.4652708546875 0.46890927656250003 0.46637864218749997 0.4346876375 0.40046527187500003 0.43541575625 0.39991137656250003 0.4288626765625 0.39492633125 0.4288626765625 0.39548022656250004 0.670598515625 0.4010191640625 0.670598515625 0.39991137656250003 0.46890927656250003 0.41375872343750003 0.470365515625
6 0.514567409375 0.5584680359374999 0.5123518328125 0.550458715625 0.5090284703125 0.550458715625 0.5090284703125 0.43614387656250003 0.504043425 0.4346876375 0.504043425 0.6684141546875 0.5095823640625 0.6684141546875 0.5090284703125 0.5584680359374999 0.514567409375 0.5584680359374999
6 0.5572172375 0.43541575625 0.5389387390625 0.43614387656250003 0.5378309515625 0.45798747500000003 0.543369890625 0.45798747500000003 0.543369890625 0.444153196875 0.6092832609375 0.4434250765625 0.6092832609375 0.5395369156250001 0.543369890625 0.5431775156249999 0.543369890625 0.48128731562500005 0.5389387390625 0.47910295625000004 0.5378309515625 0.5511868359375 0.5333998 0.5511868359375 0.5333998 0.5570117953125 0.6109449437500001 0.5570117953125 0.6126066234375 0.665501675 0.61759166875 0.667686034375 0.617037775 0.5584680359374999 0.6951368109375 0.5570117953125 0.6962445984375 0.550458715625 0.6907056609375 0.5482743546875 0.6907056609375 0.4368719953125 0.6812894640625 0.43614387656250003 0.681843359375 0.444153196875 0.685166721875 0.444153196875 0.685720615625 0.5402650359375001 0.6231306078125 0.5402650359375001 0.6220228203125 0.444881315625 0.6630109671875 0.444881315625 0.6630109671875 0.43832823593750003 0.5616483875 0.43614387656250003 0.562756175 0.3669724765625 0.5782652046875 0.36624435625 0.5782652046875 0.3480413578125 0.570510690625 0.3480413578125 0.570510690625 0.35677879687499997 0.5483549359375 0.356050678125 0.547801040625 0.3509538375 0.540046528125 0.3524100765625 0.5406004203125 0.3647881171875 0.55777113125 0.3669724765625 0.5572172375 0.43541575625
6 0.86629001875 0.40556283593750003 0.86518223125 0.353138196875 0.7294782328125 0.3509538375 0.7294782328125 0.2781418375 0.72393929375 0.2788699578125 0.7222776109375 0.3538663171875 0.6186994578125 0.3538663171875 0.6192533515624999 0.3407601578125 0.60983715625 0.3407601578125 0.6103910484374999 0.35168195625 0.6076215796875 0.3633318765625 0.6087293671875 0.3669724765625 0.7222776109375 0.3669724765625 0.7217237171875001 0.4412407171875 0.7289243375 0.43978447656249997 0.72781655 0.36624435625 0.855766034375 0.36624435625 0.8585355046875 0.6669579140625 0.8640744437500001 0.66622979375 0.8646283374999999 0.41357215781249995 0.8718289578125 0.41357215781249995 0.8718289578125 0.4070190765625 0.86629001875 0.40556283593750003
6 0.7222776109375 0.5584680359374999 0.72283150625 0.66622979375 0.72781655 0.66622979375 0.72726265625 0.549002475 0.717292565625 0.550458715625 0.717292565625 0.5584680359374999 0.7222776109375 0.5584680359374999
6 0.8723828515625 0.2817824375 0.8685055937499999 0.2825105578125 0.86739780625 0.1762050375 0.8607510796875 0.1762050375 0.8607510796875 0.291247996875 0.8723828515625 0.291247996875 0.8723828515625 0.2817824375
1 0.9687587234375 0.321828309375 0.910603190625 0.321828309375 0.910603190625 0.40556356562499996 0.9687587234375 0.40556356562499996 0.9687587234375 0.321828309375
1 0.9665503484375 0.2934338140625 0.9111565296874999 0.2934338140625 0.9111565296874999 0.313093053125 0.9665503484375 0.313093053125 0.9665503484375 0.2934338140625
2 0.9599002984375 0.2839646140625 0.9155932203124999 0.2839646140625 0.9155932203124999 0.29197247656249997 0.9599002984375 0.29197247656249997 0.9599002984375 0.2839646140625
2 0.8690578265625 0.129606815625 0.8607527421875 0.129606815625 0.8607527421875 0.1762123203125 0.8690578265625 0.1762123203125 0.8690578265625 0.129606815625
4 0.96432701875 0.4157601578125 0.865184446875 0.4157601578125 0.865184446875 0.6625884671875 0.96432701875 0.6625884671875 0.96432701875 0.4157601578125
2 0.89897308125 0.40774574062499996 0.8712761718750001 0.40774574062499996 0.8712761718750001 0.415032765625 0.89897308125 0.415032765625 0.89897308125 0.40774574062499996
2 0.910044865625 0.3283879421875 0.9039531406249999 0.3283879421875 0.9039531406249999 0.3538663171875 0.910044865625 0.3538663171875 0.910044865625 0.3283879421875
0 0.7211665 0.5599213625 0.61869391875 0.5599213625 0.61869391875 0.661861075 0.7211665 0.661861075 0.7211665 0.5599213625
2 0.7178464609375 0.54900393125 0.695134596875 0.54900393125 0.695134596875 0.5584665796875 0.7178464609375 0.5584665796875 0.7178464609375 0.54900393125
1 0.69347513125 0.5482743546875 0.7206159296875 0.545361875 0.7206159296875 0.3684287171875 0.562756175 0.367700596875 0.5633100703125 0.4346876375 0.6912595546875 0.43614387656250003 0.69347513125 0.5482743546875
0 0.6846161515625 0.44634338125 0.6242372875 0.44634338125 0.6242372875 0.53735255625 0.6846161515625 0.53735255625 0.6846161515625 0.44634338125
2 0.6829461609374999 0.43541284375 0.6618993015625 0.43541284375 0.6618993015625 0.44487549218750005 0.6829461609374999 0.44487549218750005 0.6829461609374999 0.43541284375
1 0.5555555546875001 0.367700596875 0.40268084687499994 0.36988495625 0.4021269515625 0.433231396875 0.5090284703125 0.4346876375 0.5106901515625 0.549002475 0.5361692703125 0.5497305953125 0.5378309515625 0.43395951562499996 0.5555555546875001 0.43395951562499996 0.5555555546875001 0.367700596875
2 0.543369890625 0.45725425937499997 0.5378265203125 0.45725425937499997 0.5378265203125 0.47910222812500003 0.543369890625 0.47910222812500003 0.543369890625 0.45725425937499997
2 0.6751994015625 0.275950196875 0.649167496875 0.275950196875 0.649167496875 0.283237221875 0.6751994015625 0.283237221875 0.6751994015625 0.275950196875
2 0.4625024921875 0.275950196875 0.439790628125 0.275950196875 0.439790628125 0.283237221875 0.4625024921875 0.283237221875 0.4625024921875 0.275950196875
2 0.6103888328125 0.353132371875 0.5777068796875 0.353132371875 0.5777068796875 0.3669724765625 0.6103888328125 0.3669724765625 0.6103888328125 0.353132371875
2 0.540603190625 0.35385976406249997 0.509586240625 0.35385976406249997 0.509586240625 0.365511140625 0.540603190625 0.365511140625 0.540603190625 0.35385976406249997
2 0.5084795609375 0.294154653125 0.49961615156250005 0.294154653125 0.49961615156250005 0.343669725 0.5084795609375 0.343669725 0.5084795609375 0.294154653125
2 0.61869391875 0.29271297500000004 0.6114955140625 0.29271297500000004 0.6114955140625 0.3444036703125 0.61869391875 0.3444036703125 0.61869391875 0.29271297500000004
2 0.7294765703125 0.16237221562499998 0.7233848453125 0.16237221562499998 0.7233848453125 0.2774180859375 0.7294765703125 0.2774180859375 0.7294765703125 0.16237221562499998
2 0.40046360937500003 0.16237221562499998 0.39437188437500004 0.16237221562499998 0.39437188437500004 0.2810615984375 0.40046360937500003 0.2810615984375 0.40046360937500003 0.16237221562499998
2 0.4514257234375 0.46235255625000005 0.41375872343750003 0.46235255625000005 0.41375872343750003 0.47109436406249994 0.4514257234375 0.47109436406249994 0.4514257234375 0.46235255625000005
0 0.6115054828125001 0.5599213625 0.5112462609375 0.5599213625 0.5112462609375 0.661861075 0.6115054828125001 0.661861075 0.6115054828125001 0.5599213625
2 0.5345014953125 0.5511861078125 0.5112412765625 0.5511861078125 0.5112412765625 0.559193971875 0.5345014953125 0.559193971875 0.5345014953125 0.5511861078125
2 0.40046360937500003 0.3793512453125 0.39437188437500004 0.3793512453125 0.39437188437500004 0.43032110156250003 0.40046360937500003 0.43032110156250003 0.40046360937500003 0.3793512453125
2 0.7267098703125 0.4412319796875 0.72228315 0.4412319796875 0.72228315 0.546815203125 0.7267098703125 0.546815203125 0.7267098703125 0.4412319796875
4 0.257557328125 0.41429226718749995 0.15841475625 0.41429226718749995 0.15841475625 0.665498034375 0.257557328125 0.665498034375 0.257557328125 0.41429226718749995
1 0.2586684390625 0.3487694765625 0.266976846875 0.3502257171875 0.266976846875 0.2927042375 0.22432701875 0.294888596875 0.22211144374999997 0.4070190765625 0.2575606515625 0.40847531718749996 0.2586684390625 0.3487694765625
2 0.251465603125 0.40701834843749995 0.225982053125 0.40701834843749995 0.225982053125 0.41502621250000005 0.251465603125 0.41502621250000005 0.251465603125 0.40701834843749995
2 0.222113659375 0.33275229375 0.21768693906249997 0.33275229375 0.21768693906249997 0.3596985578125 0.222113659375 0.3596985578125 0.222113659375 0.33275229375
1 0.2171236296875 0.324010484375 0.1589680953125 0.324010484375 0.1589680953125 0.40629095625 0.2171236296875 0.40629095625 0.2171236296875 0.324010484375
1 0.21823529375 0.2912516375 0.15897308125 0.2912516375 0.15897308125 0.31309960625 0.21823529375 0.31309960625 0.21823529375 0.2912516375
2 0.2088235296875 0.283237221875 0.1661714859375 0.283237221875 0.1661714859375 0.290524246875 0.2088235296875 0.290524246875 0.2088235296875 0.283237221875
2 0.25589730781250003 0.2825032765625 0.22266699843749999 0.2825032765625 0.22266699843749999 0.29269986875 0.25589730781250003 0.29269986875 0.25589730781250003 0.2825032765625
2 0.2664257234375 0.1288728703125 0.25812063749999997 0.1288728703125 0.25812063749999997 0.1711009171875 0.2664257234375 0.1711009171875 0.2664257234375 0.1288728703125
6 0.6192533515624999 0.2825105578125 0.6519330890624999 0.283238678125 0.6497175140625 0.276685596875 0.6220228203125 0.276685596875 0.6231306078125 0.17911751874999998 0.684612828125 0.180573759375 0.683505040625 0.275957478125 0.67408884375 0.275957478125 0.67408884375 0.2839667984375 0.6901517671875 0.2810543171875 0.6884900859374999 0.16091451875 0.6186994578125 0.16091451875 0.6181455640625 0.047327799999999996 0.6109449437500001 0.0480559203125 0.6114988359375 0.2927042375 0.6198072453125001 0.2927042375 0.6192533515624999 0.2825105578125
0 0.4962911265625 0.1805701171875 0.433698903125 0.1805701171875 0.433698903125 0.2766775890625 0.4962911265625 0.2766775890625 0.4962911265625 0.1805701171875
0 0.6835044859375 0.1798492796875 0.62257726875 0.1798492796875 0.62257726875 0.27595675000000003 0.6835044859375 0.27595675000000003 0.6835044859375 0.1798492796875
1 0.8668439125 0.40629095625 0.903954803125 0.40556283593750003 0.9034009078125 0.290519878125 0.8607510796875 0.2919761171875 0.8596432921874999 0.3509538375 0.865736125 0.35168195625 0.8668439125 0.40629095625
2 0.8978664015625 0.2817824375 0.8729411765625 0.2817824375 0.8729411765625 0.2919790296875 0.8978664015625 0.2919790296875 0.8978664015625 0.2817824375
1 0.4597308078125 0.44487549218750005 0.40046859375 0.44487549218750005 0.40046859375 0.458715596875 0.4597308078125 0.458715596875 0.4597308078125 0.44487549218750005
0 0.608180459375 0.44706422031250004 0.546694915625 0.44706422031250004 0.546694915625 0.539541284375 0.608180459375 0.539541284375 0.608180459375 0.44706422031250004
4 0.39326021875 0.367706421875 0.2686340984375 0.367706421875 0.2686340984375 0.6655045875 0.39326021875 0.6655045875 0.39326021875 0.367706421875
1 0.6090777671875001 0.2942922671875 0.5084695906250001 0.2942922671875 0.5084695906250001 0.352680209375 0.6090777671875001 0.352680209375 0.6090777671875001 0.2942922671875
4 0.8556081750000001 0.36935124531249997 0.7305334 0.36935124531249997 0.7305334 0.66126474375 0.8556081750000001 0.66126474375 0.8556081750000001 0.36935124531249997