6 0.6768507640625 0.85062240625 0.67763415625 0.9156293218749999 0.3909126515625 0.9308437078124999 0.390129259375 0.9681881062500001 0.9643556609375 0.9363762093749999 0.917352134375 0.23928077343749998 0.9040344687499999 0.244813278125 0.9447708578125 0.9059474421875 0.6948687812500001 0.914246196875 0.6925186046875 0.85062240625 0.6768507640625 0.85062240625
4 0.943987465625 0.904564315625 0.9040344687499999 0.244813278125 0.6682334515624999 0.244813278125 0.6972189578125 0.9128630703124999 0.943987465625 0.904564315625
7 0.7990599296875 0.1784232359375 0.7191539359375 0.1784232359375 0.7191539359375 0.23928077343749998 0.7990599296875 0.23928077343749998 0.7990599296875 0.1784232359375
6 0.19741480625000002 0.7247579515625 0.213866040625 0.7261410781250001 0.213866040625 0.6500691562500001 0.195848021875 0.6500691562500001 0.19428123749999998 0.6721991703125 0.044653348437500004 0.677731675 0.046220132812499995 0.55048409375 0.1966314140625 0.54910096875 0.19741480625000002 0.57123098125 0.21229925624999998 0.5739972343749999 0.213866040625 0.53112033125 0.234234234375 0.5297372046875 0.23345084218749998 0.4993084375 0.2099490796875 0.5006915625 0.21151586406249998 0.5228215765625001 0.044653348437500004 0.525587828125 0.0540540546875 0.10926694374999998 0.0383862125 0.10926694374999998 0.02036819375 0.9515905953124999 0.013317665624999999 0.9557399734375001 0.010967489062499999 0.986168740625 0.30082256093750004 0.9737206078125 0.30003916875000003 0.9875518671875 0.3172737953125 0.995850621875 0.3180571875 0.9723374828125 0.3290246765625 0.9695712296875 0.32980806875 0.9405255875 0.0376028203125 0.9529737203125 0.043869956249999995 0.7067773171875 0.19741480625000002 0.7012448124999999 0.19741480625000002 0.7247579515625
7 0.2585135140625 0.042873443750000004 0.083037603125 0.042873443750000004 0.083037603125 0.10787344375 0.2585135140625 0.10787344375 0.2585135140625 0.042873443750000004
4 0.643948296875 0.105117565625 0.31335683593749997 0.106500690625 0.3157070125 0.69156293125 0.6682334515624999 0.68879668125 0.643948296875 0.105117565625
7 0.60791421875 0.0387344390625 0.3337309046875 0.0387344390625 0.3337309046875 0.100975103125 0.60791421875 0.100975103125 0.60791421875 0.0387344390625
3 0.3337309046875 0.041504150000000004 0.2577379546875 0.041504150000000004 0.2577379546875 0.10650414999999999 0.3337309046875 0.10650414999999999 0.3337309046875 0.041504150000000004
3 0.083037603125 0.042873443750000004 0.037596945312500005 0.042873443750000004 0.037596945312500005 0.10787344375 0.083037603125 0.10787344375 0.083037603125 0.042873443750000004
3 0.9275381906250001 0.172894190625 0.8625205640625 0.172894190625 0.8625205640625 0.24067427343749997 0.9275381906250001 0.24067427343749997 0.9275381906250001 0.172894190625
2 0.828828828125 0.2752420484375 0.8405797093749999 0.2752420484375 0.8405797093749999 0.24619640468749998 0.8640814718750001 0.244813278125 0.8640814718750001 0.1687413546875 0.8327457890625001 0.17012448125 0.8311790046875001 0.1147994453125 0.8217783000000001 0.1147994453125 0.8241284765625 0.17012448125 0.80141010625 0.17150760781250002 0.799843321875 0.23789765 0.8303956140625001 0.24204702656250002 0.828828828125 0.2752420484375
2 0.26165295781250003 0.575380359375 0.2734038390625 0.5739972343749999 0.2734038390625 0.5366528359375 0.2882882875 0.5366528359375 0.28750489687499997 0.49515906093749995 0.2702702703125 0.493775934375 0.2710536625 0.44951590625 0.25930278125 0.443983403125 0.25773599687500004 0.4979253109375 0.2350176265625 0.4979253109375 0.2350176265625 0.5366528359375 0.260869565625 0.5366528359375 0.26165295781250003 0.575380359375
1 0.31962397187499997 0.93222683125 0.67763415625 0.914246196875 0.6752839796875 0.7219917015624999 0.299255778125 0.7413554625 0.2969056015625 0.53112033125 0.21543282343749998 0.535269709375 0.21151586406249998 0.8603042890625 0.31962397187499997 0.865836790625 0.31962397187499997 0.93222683125
2 0.49197023125 0.8229598906250001 0.5037211125 0.8229598906250001 0.5029377203125 0.7289073296875 0.528789659375 0.7247579515625 0.5264394828125 0.69156293125 0.5037211125 0.6874135546875 0.50058754375 0.6182572609375 0.4896200546875 0.6168741343749999 0.48883666249999996 0.6860304296875 0.46533490000000005 0.6874135546875 0.46690168437499996 0.7289073296875 0.4911868390625 0.7289073296875 0.49197023125 0.8229598906250001
2 0.6392479437499999 0.7980636249999999 0.6737171953125001 0.7980636249999999 0.6737171953125001 0.8533886578125 0.6956521734375001 0.85062240625 0.6956521734375001 0.8035961265625 0.7340383859374999 0.7994467484375 0.7340383859374999 0.775933609375 0.694085390625 0.775933609375 0.6948687812500001 0.745504840625 0.6721504109375 0.745504840625 0.6737171953125001 0.7828492390624999 0.640814728125 0.7828492390624999 0.6392479437499999 0.7980636249999999
2 0.170779475 0.6196403875 0.1903642765625 0.6210235125 0.1934978453125 0.6473029046875001 0.21229925624999998 0.6514522828125 0.213082646875 0.6182572609375 0.2452017234375 0.6196403875 0.2452017234375 0.6016597515625 0.21543282343749998 0.5988935 0.216999609375 0.5739972343749999 0.19428123749999998 0.5726141078125 0.19428123749999998 0.5988935 0.1715628671875 0.5988935 0.170779475 0.6196403875
2 0.16529573125000002 0.7786998609375 0.192714453125 0.7814661140625 0.1903642765625 0.8229598906250001 0.21621621562499999 0.8243430140625 0.21621621562499999 0.7814661140625 0.25695260468750003 0.7828492390624999 0.25695260468750003 0.7538035953125 0.21543282343749998 0.7538035953125 0.21543282343749998 0.7247579515625 0.19428123749999998 0.723374828125 0.1950646296875 0.7593361 0.1668625140625 0.7593361 0.16529573125000002 0.7786998609375
1 0.31257931875 0.883817428125 0.2107344296875 0.883817428125 0.2107344296875 0.9377593359375 0.31257931875 0.9377593359375 0.31257931875 0.883817428125
2 0.264003134375 0.89073305625 0.264003134375 0.9183955750000001 0.2718370546875 0.9183955750000001 0.2734038390625 0.8865836781249999 0.27888758281250003 0.8865836781249999 0.27888758281250003 0.8990318109375 0.2898550734375 0.8990318109375 0.29142185625 0.8561549109375 0.284371328125 0.8561549109375 0.2734038390625 0.865836790625 0.2734038390625 0.834024896875 0.2663533109375 0.836791146875 0.2632197421875 0.854771784375 0.2561692125 0.8561549109375 0.2452017234375 0.8492392796875 0.2452017234375 0.89073305625 0.264003134375 0.89073305625
3 0.664316490625 0.24204702656250002 0.7191539359375 0.23928077343749998 0.7191539359375 0.1728907328125 0.694085390625 0.174273859375 0.6854680765625 0.04011065 0.6086956515625 0.038727525 0.6094790453125001 0.0995850625 0.658049353125 0.0995850625 0.664316490625 0.24204702656250002
1 0.89541715625 0.048409404687500004 0.687818253125 0.045643153125 0.6956521734375001 0.17012448125 0.903251078125 0.17150760781250002 0.89541715625 0.048409404687500004
2 0.35957696875 1 0.35957696875 0.9737206078125 0.3877790828125 0.9723374828125 0.38934586718749997 0.93222683125 0.358010184375 0.9308437078124999 0.3572267921875 0.8381742734375001 0.3501762625 0.8395574 0.3493928703125 0.9308437078124999 0.33059146093749997 0.9294605812500001 0.32980806875 0.9778699859375 0.351743046875 0.9764868609375 0.351743046875 1 0.35957696875 1
6 0.311006659375 0.9377593359375 0.3180571875 0.9391424625000001 0.3180571875 0.86860304375 0.292988640625 0.8672199171875 0.29142185625 0.8824343015625 0.311006659375 0.883817428125 0.311006659375 0.9377593359375
6 0.2091715625 0.8271161828125001 0.194283196875 0.8271161828125001 0.194283196875 0.939149378125 0.2091715625 0.939149378125 0.2091715625 0.8271161828125001
6 0.24441245625 0.8658402484375 0.2075969453125 0.8658402484375 0.2075969453125 0.8810477171875 0.24441245625 0.8810477171875 0.24441245625 0.8658402484375
4 0.1441441453125 0.52143845 0.1441441453125 0.475795296875 0.2146494328125 0.4702627953125 0.213866040625 0.4993084375 0.292988640625 0.5020746890625001 0.29377203281250003 0.11065006875000001 0.054837446874999994 0.1120331953125 0.047003525000000004 0.52143845 0.1441441453125 0.52143845
3 0.212297296875 0.4730290453125 0.1449294953125 0.4730290453125 0.1449294953125 0.5269709546875 0.212297296875 0.5269709546875 0.212297296875 0.4730290453125
6 0.2976889921875 0.5297372046875 0.2953388171875 0.7358229609375 0.46690168437499996 0.73029045625 0.46533490000000005 0.694329184375 0.31492361875 0.6929460578125 0.309439875 0.10926694374999998 0.294555425 0.11065006875000001 0.2953388171875 0.5020746890625001 0.2867215046875 0.5020746890625001 0.2859381109375 0.5297372046875 0.2976889921875 0.5297372046875
6 0.6737171953125001 0.7178423234375 0.6737171953125001 0.7468879671875001 0.6893850375 0.744121715625 0.658049353125 0.0982019359375 0.6455150796875 0.106500690625 0.6705836281249999 0.68879668125 0.5280062671875 0.6901798078125 0.528789659375 0.723374828125 0.6737171953125001 0.7178423234375
0 0.1935017625 0.5532572609375 0.047790834375 0.5532572609375 0.047790834375 0.669439834375 0.1935017625 0.669439834375 0.1935017625 0.5532572609375
0 0.19193302031249998 0.7109232359375001 0.044659225000000004 0.7109232359375001 0.044659225000000004 0.9460477171875 0.19193302031249998 0.9460477171875 0.19193302031249998 0.7109232359375001