7 0.3140625 0.9017681734374999 0.1671875 0.9017681734374999 0.1671875 0.929273084375 0.3140625 0.929273084375 0.3140625 0.9017681734374999
7 0.646875 0.9017681734374999 0.4375 0.9017681734374999 0.4375 0.929273084375 0.646875 0.929273084375 0.646875 0.9017681734374999
7 0.8875 0.8113948921875 0.7515625 0.8113948921875 0.7515625 0.8359528484375 0.8875 0.8359528484375 0.8875 0.8113948921875
3 0.1640625 0.9007858546874999 0.040625 0.9007858546874999 0.040625 0.929273084375 0.1640625 0.929273084375 0.1640625 0.9007858546874999
3 0.4390625 0.9017681734374999 0.3140625 0.9017681734374999 0.3140625 0.929273084375 0.4390625 0.929273084375 0.4390625 0.9017681734374999
3 0.9625 0.8123772109375 0.8859375 0.8123772109375 0.8859375 0.8369351671875 0.9625 0.8369351671875 0.9625 0.8123772109375
6 0.2353515625 0.5709724953124999 0.2353515625 0.577111984375 0.2470703125 0.5764980359375 0.24609375 0.5230844796875 0.2353515625 0.52185658125 0.2333984375 0.5636051078125 0.0830078125 0.5623772109375 0.0849609375 0.453094303125 0.2373046875 0.4573919453125 0.2373046875 0.48931728906250005 0.25 0.4874754421875 0.2490234375 0.4573919453125 0.263671875 0.4573919453125 0.2626953125 0.448796659375 0.087890625 0.4444990171875 0.0947265625 0.1995333984375 0.0810546875 0.1983055015625 0.0732421875 0.44081532343749996 0.064453125 0.4475687625 0.0712890625 0.45370825156250005 0.0576171875 0.903732809375 0.0732421875 0.9031188609375 0.08203125 0.569744596875 0.2353515625 0.5709724953124999
3 0.065625 0.198428290625 0.1515625 0.2013752453125 0.1546875 0.172888015625 0.0609375 0.1689587421875 0.053125 0.210216109375 0.0640625 0.21218074687500002 0.065625 0.198428290625
6 0.392578125 0.4616895875 0.392578125 0.4758104125 0.40625 0.47519646406250005 0.40625 0.46291748593750004 0.7978515625 0.46967092343749994 0.7958984375 0.495456778125 0.8115234375 0.49361493125000006 0.8134765625 0.473968565625 0.8251953125 0.4592337921875 0.8134765625 0.45555009843749994 0.71484375 0.4586198421875 0.716796875 0.45125245625000004 0.7021484375 0.45063850624999996 0.703125 0.45800589374999995 0.40625 0.4518664046875 0.419921875 0.1148084484375 0.408203125 0.115422396875 0.39453125 0.4518664046875 0.3291015625 0.45125245625000004 0.328125 0.46107563906250004 0.392578125 0.4616895875
3 0.4203125 0.11394891874999999 0.43125 0.127701375 0.44375 0.0893909625 0.428125 0.09037328125 0.36875 0.08840864375 0.3609375 0.178781925 0.35625 0.178781925 0.35625 0.2082514734375 0.40625 0.20726915468749998 0.409375 0.1149312375 0.4203125 0.11394891874999999
4 0.4013671875 0.20935658125 0.09765625 0.20076129687500002 0.087890625 0.4432711203125 0.3916015625 0.45125245625000004 0.4013671875 0.20935658125
7 0.2703125 0.1758349703125 0.153125 0.173870334375 0.1515625 0.20039292656250002 0.26875 0.2033398828125 0.2703125 0.1758349703125
2 0.30625 0.1660117875 0.30625 0.1758349703125 0.2703125 0.173870334375 0.2671875 0.2033398828125 0.303125 0.2043222 0.303125 0.2161100203125 0.3171875 0.2170923375 0.315625 0.20726915468749998 0.3546875 0.2092337921875 0.3546875 0.178781925 0.31875 0.1758349703125 0.31875 0.16502947031249998 0.30625 0.1660117875
1 0.36875 0.0491159140625 0.1015625 0.06581532343749999 0.0984375 0.1689587421875 0.359375 0.1758349703125 0.36875 0.0491159140625
6 0.096875 0.0638506875 0.0859375 0.0638506875 0.0859375 0.1709233796875 0.096875 0.1709233796875 0.096875 0.0638506875
3 0.7359375 0.929273084375 0.7390625 0.8359528484375 0.753125 0.8359528484375 0.7515625 0.8113948921875 0.7015625 0.8094302546875 0.703125 0.9017681734374999 0.65 0.9017681734374999 0.6453125 0.929273084375 0.7359375 0.929273084375
2 0.2171875 0.5098231828124999 0.23125 0.5098231828124999 0.234375 0.5235756390625 0.246875 0.5235756390625 0.2515625 0.506876228125 0.2640625 0.5029469546875001 0.253125 0.49901768124999996 0.2515625 0.48919449843749996 0.2328125 0.48624754374999996 0.2375 0.5 0.221875 0.5 0.2171875 0.5098231828124999
1 0.337890625 0.559307465625 0.38671875 0.5580795671875001 0.3876953125 0.5279960703125 0.40234375 0.5279960703125 0.40234375 0.5445726921875 0.7119140625 0.55009823125 0.7119140625 0.609037328125 0.794921875 0.6114931234375 0.7958984375 0.470898821875 0.408203125 0.4641453828125 0.4091796875 0.47642436093749996 0.3896484375 0.47703831093750004 0.3896484375 0.46291748593750004 0.2529296875 0.4586198421875 0.244140625 0.6274557953125 0.3330078125 0.6274557953125 0.337890625 0.559307465625
2 0.28125 0.46967092343749994 0.298828125 0.470898821875 0.298828125 0.46046168906249996 0.330078125 0.46046168906249996 0.330078125 0.448796659375 0.2958984375 0.445726915625 0.2958984375 0.43713163125000004 0.2880859375 0.43713163125000004 0.2890625 0.448796659375 0.2646484375 0.448796659375 0.2626953125 0.4586198421875 0.283203125 0.4586198421875 0.28125 0.46967092343749994
6 0.38671875 0.5611493125 0.33984375 0.5611493125 0.33984375 0.5709724953124999 0.345703125 0.5709724953124999 0.345703125 0.56483300625 0.390625 0.56483300625 0.3876953125 0.630525540625 0.3447265625 0.629911590625 0.3447265625 0.6188605109374999 0.333984375 0.6188605109374999 0.3359375 0.6280697453124999 0.3203125 0.6274557953125 0.3212890625 0.6385068765625 0.390625 0.639120825 0.37890625 0.9025049109375001 0.39453125 0.9025049109375001 0.4052734375 0.554395875 0.552734375 0.555623771875 0.552734375 0.548256384375 0.4033203125 0.5464145390625 0.4013671875 0.52922396875 0.388671875 0.52922396875 0.38671875 0.5611493125
2 0.3203125 0.59307465625 0.3349609375 0.59307465625 0.3330078125 0.619474459375 0.345703125 0.619474459375 0.3466796875 0.5943025546875 0.3544921875 0.5955304515625001 0.35546875 0.5887770140625 0.3466796875 0.5869351671875 0.3466796875 0.570358546875 0.333984375 0.569744596875 0.337890625 0.587549115625 0.3203125 0.5869351671875 0.3203125 0.59307465625
2 0.2099609375 0.58632121875 0.2109375 0.5936886046875001 0.2294921875 0.5943025546875 0.2294921875 0.6059675828125 0.2490234375 0.60719548125 0.25 0.5918467578125 0.2626953125 0.59307465625 0.2626953125 0.587549115625 0.251953125 0.58570726875 0.251953125 0.5758840859375 0.23046875 0.5764980359375 0.23046875 0.587549115625 0.2099609375 0.58632121875
4 0.3876953125 0.640962671875 0.0810546875 0.6366650296875 0.0732421875 0.9006630640625 0.3779296875 0.9025049109375001 0.3876953125 0.640962671875
2 0.2958984375 0.6434184671875001 0.294921875 0.63605108125 0.322265625 0.63543713125 0.3212890625 0.626841846875 0.294921875 0.626841846875 0.294921875 0.6170186640625 0.2822265625 0.6176326125 0.283203125 0.6274557953125 0.24609375 0.6274557953125 0.244140625 0.637278978125 0.2802734375 0.6366650296875 0.283203125 0.6471021609375 0.2958984375 0.6434184671875001
4 0.9462890625 0.6292976421875001 0.794921875 0.629911590625 0.7939453125 0.6188605109374999 0.7109375 0.6182465625 0.70703125 0.8110265218749999 0.9404296875 0.8116404718749999 0.9462890625 0.6292976421875001
2 0.748046875 0.623158153125 0.7587890625 0.6243860515625 0.7578125 0.6182465625 0.779296875 0.6182465625 0.779296875 0.609037328125 0.7607421875 0.609037328125 0.7568359375 0.6028978390625 0.7431640625 0.601669940625 0.7421875 0.6078094296875001 0.724609375 0.6065815328124999 0.7255859375 0.6170186640625 0.7470703125 0.6170186640625 0.748046875 0.623158153125
2 0.7763671875 0.584479371875 0.791015625 0.584479371875 0.7900390625 0.5955304515625001 0.806640625 0.5961444015625 0.8056640625 0.5869351671875 0.8203125 0.5869351671875 0.8203125 0.580795678125 0.8095703125 0.580181728125 0.80859375 0.5685167 0.7919921875 0.5685167 0.7939453125 0.57895383125 0.7802734375 0.5777259328125 0.7763671875 0.584479371875
2 0.7822265625 0.51141945 0.7939453125 0.51141945 0.794921875 0.523698428125 0.8125 0.525540275 0.8125 0.5126473484375 0.8203125 0.5126473484375 0.818359375 0.5065078578125 0.810546875 0.5046660125 0.8095703125 0.4942288796875 0.7998046875 0.4942288796875 0.796875 0.5071218078124999 0.7822265625 0.5071218078124999 0.7822265625 0.51141945
6 0.9482421875 0.56790275 0.94140625 0.8116404718749999 0.9560546875 0.8116404718749999 0.95703125 0.7287573671875001 0.96875 0.7287573671875001 0.96875 0.722617878125 0.9580078125 0.7220039296875 0.9580078125 0.6219302546875001 0.974609375 0.6225442046875 0.9716796875 0.6114931234375 0.9599609375 0.6102652265625 0.958984375 0.53597740625 0.94921875 0.53597740625 0.94921875 0.559307465625 0.8076171875 0.5562377203125 0.8095703125 0.5261542234375 0.796875 0.5243123765625 0.7939453125 0.5672888015625001 0.8056640625 0.56790275 0.8056640625 0.5654469546875001 0.9482421875 0.56790275
3 0.9511875 0.6114833 0.7949375 0.6114833 0.7949375 0.6274557953125 0.9511875 0.6274557953125 0.9511875 0.6114833
3 0.24317187499999998 0.6206974453125 0.07714062499999999 0.6206974453125 0.07714062499999999 0.636669940625 0.24317187499999998 0.636669940625 0.24317187499999998 0.6206974453125
6 0.7949375 0.6108742625 0.78125 0.6108742625 0.78125 0.6182416500000001 0.7949375 0.6182416500000001 0.7949375 0.6108742625
6 0.803703125 0.59675835 0.794921875 0.59675835 0.794921875 0.609646365625 0.803703125 0.609646365625 0.803703125 0.59675835
4 0.6982421875 0.5586935171875 0.40625 0.555623771875 0.3974609375 0.9012770140624999 0.6884765625 0.900049115625 0.6982421875 0.5586935171875
2 0.615234375 0.5672888015625001 0.615234375 0.5605353640625 0.662109375 0.5580795671875001 0.662109375 0.5494842828125 0.6171875 0.5494842828125 0.6171875 0.541502946875 0.607421875 0.5421168953125 0.607421875 0.5476424359375 0.5537109375 0.5476424359375 0.552734375 0.5586935171875 0.603515625 0.559307465625 0.6064453125 0.56790275 0.615234375 0.5672888015625001
6 0.6904296875 0.9006630640625 0.701171875 0.9018909624999999 0.7099609375 0.6170186640625 0.7265625 0.6170186640625 0.7265625 0.6078094296875001 0.7109375 0.609037328125 0.708984375 0.55009823125 0.6630859375 0.5494842828125 0.662109375 0.55746561875 0.6982421875 0.5586935171875 0.6904296875 0.9006630640625
1 0.947265625 0.5672888015625001 0.807609375 0.5672888015625001 0.807609375 0.6102750484375 0.947265625 0.6102750484375 0.947265625 0.5672888015625001
1 0.387703125 0.5648428296875 0.346671875 0.5648428296875 0.346671875 0.6293025546875 0.387703125 0.6293025546875 0.387703125 0.5648428296875
0 0.23339062500000002 0.45493123750000003 0.083984375 0.45493123750000003 0.083984375 0.562986246875 0.23339062500000002 0.562986246875 0.23339062500000002 0.45493123750000003
0 0.234375 0.570962671875 0.08299999999999999 0.570962671875 0.08299999999999999 0.62192534375 0.234375 0.62192534375 0.234375 0.570962671875