7 0.283119159375 0.11317102187500001 0.25426401875 0.11317102187500001 0.25426401875 0.20678147343750003 0.283119159375 0.20678147343750003 0.283119159375 0.11317102187500001
7 0.2817523359375 0.27945368125000003 0.2515186921875 0.27945368125000003 0.2515186921875 0.37864608125 0.2817523359375 0.37864608125 0.2817523359375 0.27945368125000003
7 0.1924065421875 0.5574940625 0.16904205625 0.5574940625 0.16904205625 0.6161876484375 0.1924065421875 0.6161876484375 0.1924065421875 0.5574940625
7 0.189672896875 0.6972327796875 0.16630841093749998 0.6972327796875 0.16630841093749998 0.8048099765625001 0.189672896875 0.8048099765625001 0.189672896875 0.6972327796875
7 0.977185265625 0.10898421093749999 0.9524464 0.107586978125 0.957943925 0.2025988546875 0.984057175 0.2025988546875 0.977185265625 0.10898421093749999
3 0.2817406546875 0.20678147343750003 0.25288551406250004 0.20678147343750003 0.25288551406250004 0.2794418046875 0.2817406546875 0.2794418046875 0.2817406546875 0.20678147343750003
1 0.475377425 0.4503928390625 0.428648453125 0.45130641406249994 0.432242990625 0.8423168296875 0.5310927390625 0.8395761 0.5248023015625 0.422071990625 0.6110711734375001 0.41841768593750006 0.6083752687499999 0.2329618125 0.688353703125 0.23022108593750001 0.6838605328125 0.1690115109375 0.533788640625 0.167184359375 0.5328900062499999 0.252146903125 0.473580159375 0.2530604796875 0.475377425 0.4503928390625
3 0.6377130281250001 0.461087046875 0.6445849375 0.46807321562500004 0.6445849375 0.43733407812499997 0.6665750421875 0.4303479125 0.6445849375 0.42336174375 0.64321055625 0.4010060078125 0.6349642656250001 0.3982115421875 0.6335898859375 0.42056727812499994 0.5263881265625 0.42336174375 0.5263881265625 0.444320246875 0.6349642656250001 0.4457174796875 0.6377130281250001 0.461087046875
3 0.9400769656250001 0.2682688265625 0.971687740625 0.2682688265625 0.9799340296875 0.2892273296875 0.9895547015625 0.26966606249999997 1 0.25429649374999996 0.9881803171874999 0.25429649374999996 0.9826827921874999 0.2025988546875 0.957943925 0.20539332031250002 0.9593183062499999 0.2556937265625 0.9414513453125 0.2556937265625 0.9400769656250001 0.2682688265625
3 0.255634965625 0.1131759125 0.2858713578125 0.1145731453125 0.2858713578125 0.0656699734375 0.9524464 0.061478273437499995 0.9524464 0.10618974375000001 0.9799340296875 0.10618974375000001 0.9758108859375 0.033533603125 0.25426058125 0.0391225375 0.255634965625 0.1131759125
3 0.0893347984375 0.42475897656250006 0.0865860375 0.4471147125 0.17179769218750002 0.44990918124999996 0.1716391078125 0.496071625 0.195162178125 0.49462065156249996 0.19378779375 0.45130641406249994 0.47278724531250005 0.4485119453125 0.4714128640625 0.42336174375 0.28174821250000004 0.42755344375000004 0.28174821250000004 0.3814447390625 0.2528862015625 0.3786502734375 0.2528862015625 0.42475897656250006 0.0893347984375 0.42475897656250006
3 0.192313084375 0.543574821875 0.1698364484375 0.543574821875 0.1698364484375 0.557280284375 0.192313084375 0.557280284375 0.192313084375 0.543574821875
3 0.19051401875 0.6148456062500001 0.1680373828125 0.6148456062500001 0.1680373828125 0.6979809968749999 0.19051401875 0.6979809968749999 0.19051401875 0.6148456062500001
3 0.47088425625 0.868810525 0.47088425625 0.8423168296875 0.1878145203125 0.8496254343749999 0.1878145203125 0.8048602234375 0.16265276875 0.8048602234375 0.1617541328125 0.8541933140625 0.07009345781250001 0.8551068890625 0.07009345781250001 0.881600584375 0.47088425625 0.868810525
3 0.5805176125 0.8861684625 0.5877066875 0.887995615625 0.5886053203125 0.8605883421874999 0.6092739046875 0.8487118578124999 0.5868080515625 0.8450575562499999 0.5850107828125 0.8094281015625 0.5769230765625 0.8103416765624999 0.57602444375 0.8423168296875 0.5328900062499999 0.8423168296875 0.5328900062499999 0.8651562203125 0.5787203453124999 0.8651562203125 0.5805176125 0.8861684625
1 0.16894320625 0.4503928390625 0.0988497484375 0.4503928390625 0.082674334375 0.8532797359375 0.16085549999999998 0.851452584375 0.16894320625 0.4503928390625
6 0.086268871875 0.44947926093749996 0.070992090625 0.8551068890625 0.0808770671875 0.8541933140625 0.0961538453125 0.447652109375 0.086268871875 0.44947926093749996
2 0.164450034375 0.5125159874999999 0.1581595984375 0.51982459375 0.168044571875 0.525306046875 0.168044571875 0.5435775625 0.19410496093750002 0.5426639859375 0.19410496093750002 0.5225653203125 0.205787203125 0.5216517453125 0.205787203125 0.515256715625 0.19500359375 0.515256715625 0.19500359375 0.4978987765625 0.170740475 0.495158046875 0.16894320625 0.5125159874999999 0.164450034375 0.5125159874999999
2 0.404385334375 0.5737255625000001 0.41516894375 0.5746391375 0.41786484531249996 0.6029599859375 0.42685118749999995 0.6038735609375 0.43044572187499996 0.5782934390625 0.442127965625 0.5746391375 0.443925234375 0.5636762281250001 0.43044572187499996 0.5636762281250001 0.42954708906250005 0.5353553796875 0.41786484531249996 0.5353553796875 0.41786484531249996 0.5636762281250001 0.4052839671875 0.5636762281250001 0.404385334375 0.5737255625000001
2 0.407979871875 0.7445642234375 0.4169662109375 0.7445642234375 0.4169662109375 0.772885071875 0.4331416234375 0.7747122234375 0.4331416234375 0.7436506484375001 0.44122933125 0.7436506484375001 0.4448238671875 0.7354284671875 0.434040259375 0.7345148906250001 0.4331416234375 0.7071076203125 0.41786484531249996 0.7052804671875 0.41786484531249996 0.733601315625 0.407979871875 0.733601315625 0.407979871875 0.7445642234375
2 0.49694464531250004 0.8825141609375 0.50682961875 0.8825141609375 0.5104241546875 0.8697241 0.5319913734374999 0.868810525 0.5319913734374999 0.8404896765625001 0.50682961875 0.8404896765625001 0.50682961875 0.8258724656249999 0.496046009375 0.8258724656249999 0.496046009375 0.8404896765625001 0.46908698906249996 0.8386625249999999 0.471782890625 0.8724648265624999 0.4987419109375 0.8706376765625 0.49694464531250004 0.8825141609375
4 0.45920201406250005 0.238443265625 0.52030913125 0.237529690625 0.5158159609374999 0.067604603125 0.2893601734375 0.067604603125 0.283069734375 0.4257262921875 0.4609992796875 0.423899140625 0.45920201406250005 0.238443265625
2 0.44572250156250004 0.3343687203125 0.45920201406250005 0.336195871875 0.45920201406250005 0.360862415625 0.475377425 0.360862415625 0.4744787921875 0.3325415671875 0.48975557187499996 0.3325415671875 0.49065420625 0.3243193875 0.4762760609375 0.32249223437499996 0.47717469375 0.29965284062499997 0.46010064687499996 0.2959985390625 0.46010064687499996 0.3215786578125 0.4466211359375 0.3215786578125 0.44572250156250004 0.3343687203125
2 0.5805176125 0.17723369375 0.5904025890625 0.17723369375 0.5904025890625 0.166270784375 0.6137670749999999 0.166270784375 0.6137670749999999 0.152567146875 0.5886053203125 0.1543943 0.5850107828125 0.14160424062500002 0.5796189796875 0.1425178140625 0.5796189796875 0.14982642031249999 0.5526599578125 0.14982642031249999 0.5526599578125 0.166270784375 0.5805176125 0.167184359375 0.5805176125 0.17723369375
6 0.615564340625 0.153480725 0.6146657078125 0.16444363125 0.6398274625 0.165357209375 0.6371315609375 0.065777453125 0.629043853125 0.065777453125 0.6317397546875 0.153480725 0.615564340625 0.153480725
2 0.6595974109375 0.176320115625 0.6694823875 0.176320115625 0.6694823875 0.166270784375 0.6847591656249999 0.166270784375 0.6838605328125 0.15073999531249999 0.6685837515624999 0.15073999531249999 0.6685837515624999 0.1425178140625 0.660496046875 0.1425178140625 0.660496046875 0.152567146875 0.6407260953125 0.151653571875 0.6407260953125 0.16353005625 0.6595974109375 0.16444363125 0.6595974109375 0.176320115625
2 0.6784687265625 0.19367805625 0.6793673625000001 0.2028138125 0.6874550671875 0.2037273890625 0.6892523359375 0.2311346609375 0.6991373109375 0.2320482375 0.6973400421875 0.20464096406249999 0.7081236515625 0.2028138125 0.7099209203125 0.19367805625 0.6955427750000001 0.1927644796875 0.6955427750000001 0.167184359375 0.688353703125 0.166270784375 0.688353703125 0.19367805625 0.6784687265625 0.19367805625
6 0.6254493171875 0.25031975 0.9588425578124999 0.24575187187499997 0.95614665625 0.23022108593750001 0.6092739046875 0.2338753875 0.6128684390625 0.42024483906250004 0.6281452203125 0.4211584140625 0.6254493171875 0.25031975
0 0.6847663546875 0.065771971875 0.6380373828125 0.065771971875 0.6380373828125 0.1525653203125 0.6847663546875 0.1525653203125 0.6847663546875 0.065771971875
4 0.9480589515625001 0.0630367265625 0.6973400421875 0.065777453125 0.6991373109375 0.2311346609375 0.95614665625 0.22839393281249998 0.9480589515625001 0.0630367265625
6 0.696441409375 0.1680979359375 0.69374550625 0.0648638765625 0.6838605328125 0.065777453125 0.6847591656249999 0.166270784375 0.696441409375 0.1680979359375
6 0.471782890625 0.298739265625 0.471782890625 0.25031975 0.5310927390625 0.25031975 0.5310927390625 0.16444363125 0.5544572249999999 0.165357209375 0.5490654203124999 0.152567146875 0.5301941046875001 0.1543943 0.5283968359375 0.065777453125 0.5185118625 0.066691028125 0.52030913125 0.238443265625 0.461897915625 0.24027041875 0.461897915625 0.298739265625 0.471782890625 0.298739265625
6 0.47267523437500003 0.3626840859375 0.46279205625 0.3626840859375 0.46279205625 0.422969121875 0.47267523437500003 0.422969121875 0.47267523437500003 0.3626840859375
6 0.42595794375 0.4485629453125 0.41787383125 0.4485629453125 0.41787383125 0.534429928125 0.42595794375 0.534429928125 0.42595794375 0.4485629453125
4 0.4187733640625 0.6459026125 0.1914135515625 0.6459026125 0.1914135515625 0.8450712593749999 0.4187733640625 0.8450712593749999 0.4187733640625 0.6459026125
6 0.19051042499999998 0.63036725625 0.19051042499999998 0.64407089375 0.41786484531249996 0.6395030140625 0.41786484531249996 0.702539740625 0.43044572187499996 0.7071076203125 0.428648453125 0.6020464078125001 0.41786484531249996 0.601132834375 0.4169662109375 0.6276265296875 0.19051042499999998 0.63036725625
4 0.41696261718749994 0.45404988125 0.19588785 0.45404988125 0.19588785 0.6267102140625 0.41696261718749994 0.6267102140625 0.41696261718749994 0.45404988125
6 0.43044392499999995 0.7747149640625001 0.4187616828125 0.7747149640625001 0.4187616828125 0.84414489375 0.43044392499999995 0.84414489375 0.43044392499999995 0.7747149640625001
6 0.525700934375 0.44491138281250003 0.533788640625 0.8450575562499999 0.5508626890625 0.8414032515625 0.5400790796875 0.445824959375 0.525700934375 0.44491138281250003
0 0.6290537390625001 0.06760095 0.5301985984375001 0.06760095 0.5301985984375001 0.1507363421875 0.6290537390625001 0.1507363421875 0.6290537390625001 0.06760095