7 0.56680545 0.7981283421875001 0.4494700984375 0.7981283421875001 0.4494700984375 0.8516042781250001 0.56680545 0.8516042781250001 0.56680545 0.7981283421875001
1 0.393644965625 0.8556149734374999 0.1088228609375 0.8556149734374999 0.1088228609375 0.9679144390625 0.393644965625 0.9679144390625 0.393644965625 0.8556149734374999
7 0.35200605625 0.8008074859375001 0.2214231640625 0.8008074859375001 0.2214231640625 0.8529465234375 0.35200605625 0.8529465234375 0.35200605625 0.8008074859375001
7 0.8270249812499999 0.7981336890625 0.7077971234375 0.7981336890625 0.7077971234375 0.8502727265625 0.8270249812499999 0.8502727265625 0.8270249812499999 0.7981336890625
1 0.0927365625 0.856951871875 0.06151021875 0.856951871875 0.06151021875 0.971925134375 0.0927365625 0.971925134375 0.0927365625 0.856951871875
6 0.1069265703125 0.8502673796875 0.0955715359375 0.8502673796875 0.0955715359375 0.975935828125 0.1069265703125 0.975935828125 0.1069265703125 0.8502673796875
2 0.205336865625 0.8917112296875 0.207229371875 0.8609625671875 0.2223694171875 0.8609625671875 0.22331567031250002 0.799465240625 0.20817562500000003 0.799465240625 0.209121878125 0.7727272734375 0.19303557968750001 0.7700534765625 0.1958743375 0.7981283421875001 0.17978803906250002 0.7954545453125 0.1788417859375 0.8542780750000001 0.1958743375 0.85962566875 0.194928084375 0.8890374328125 0.205336865625 0.8917112296875
1 0.49016275625 0.1568663109375 0.4018433 0.1568663109375 0.4018433 0.31194652343749996 0.49016275625 0.31194652343749996 0.49016275625 0.1568663109375
2 0.442846328125 0.187165775 0.4504163515625 0.1907308375 0.451678021875 0.15775401093750002 0.46934140781250006 0.1586452765625 0.46934140781250006 0.1363636359375 0.4504163515625 0.135472371875 0.4504163515625 0.1238859171875 0.442846328125 0.12210338750000001 0.442846328125 0.1345811046875 0.4264446125 0.1363636359375 0.4264446125 0.1586452765625 0.4434771640625 0.1586452765625 0.442846328125 0.187165775
2 0.3816553125 0.2433155078125 0.39048700468750003 0.2433155078125 0.39048700468750003 0.2798573984375 0.403103709375 0.2798573984375 0.40373454375 0.24420677343750002 0.430860459375 0.24242424218749997 0.430860459375 0.23083778906250002 0.403103709375 0.23083778906250002 0.40247287500000006 0.1907308375 0.389225334375 0.191622103125 0.391117840625 0.23172905625 0.3816553125 0.23172905625 0.3816553125 0.2433155078125
2 0.463663890625 0.2388591796875 0.4907898046875 0.23975044531249998 0.4888973 0.278074865625 0.505299015625 0.278074865625 0.50466818125 0.2415329765625 0.530532425 0.24242424218749997 0.5311632609375 0.23083778906250002 0.502775675 0.23083778906250002 0.5021448390625001 0.19251336875 0.4907898046875 0.19251336875 0.4920514765625 0.23083778906250002 0.4680797375 0.23083778906250002 0.463663890625 0.2388591796875
2 0.536840778125 0.12745098125 0.5444108 0.12745098125 0.5444108 0.0864527625 0.5759525609375 0.0846702328125 0.5753217265624999 0.0641711234375 0.5456724703125 0.061497326562499996 0.5437799640625001 0.024064171875000002 0.536840778125 0.024064171875000002 0.538102446875 0.061497326562499996 0.5078223562499999 0.06327985781249999 0.5078223562499999 0.0864527625 0.5374716125 0.085561496875 0.536840778125 0.12745098125
2 0.7159979812499999 0.3841354734375 0.7387080484374999 0.3841354734375 0.7380772140625 0.4171123 0.7519555890625 0.41532976718750003 0.752586425 0.3841354734375 0.7740348218750001 0.3841354734375 0.7740348218750001 0.37254901875 0.7519555890625 0.37254901875 0.7513247546875 0.3413547234375 0.7368155437499999 0.3413547234375 0.7361847078125 0.37522281562500004 0.7159979812499999 0.37522281562500004 0.7159979812499999 0.3841354734375
2 0.715367146875 0.49286987499999996 0.7380772140625 0.49286987499999996 0.7387080484374999 0.52317290625 0.7532172593750001 0.52317290625 0.7519555890625 0.49286987499999996 0.7614181171875 0.49108734375 0.762048953125 0.481283421875 0.7538480953125 0.481283421875 0.752586425 0.4527629234375 0.7393388843750001 0.4527629234375 0.7387080484374999 0.48573975156250004 0.7191521578125 0.48484848437499994 0.715367146875 0.49286987499999996
3 0.5664900328125 0.8520499109375 0.7090587937499999 0.8511586453125 0.7077971234375 0.7985739749999999 0.6497602828125 0.79679144375 0.649129446875 0.385918003125 0.6125410046875001 0.385918003125 0.611279334375 0.7959001781249999 0.5664900328125 0.7959001781249999 0.5664900328125 0.8520499109375
4 0.889481453125 0.5467967921875 0.6500794859375 0.5467967921875 0.6500794859375 0.7967967921875 0.889481453125 0.7967967921875 0.889481453125 0.5467967921875
2 0.685717890625 0.567736184375 0.6939187484375 0.57040998125 0.6913954078125 0.5463458109375 0.7191521578125 0.5463458109375 0.7191521578125 0.5267379671875 0.694549584375 0.525846703125 0.694549584375 0.502673796875 0.6876103953125 0.5035650625 0.6863487265625 0.5249554359374999 0.657961140625 0.525846703125 0.657961140625 0.5463458109375 0.6869795609375 0.5445632796875 0.685717890625 0.567736184375
4 0.611279334375 0.4046363640625 0.40499621562500004 0.4046363640625 0.40499621562500004 0.7985721921875 0.611279334375 0.7985721921875 0.611279334375 0.4046363640625
1 0.6484986125 0.3841354734375 0.649129446875 0.525846703125 0.7368155437499999 0.5249554359374999 0.7368155437499999 0.2540106953125 0.6062326515625001 0.2531194296875 0.604340146875 0.10962566874999999 0.5828917484375 0.10962566874999999 0.583522584375 0.08377896562500001 0.5034065109375 0.0864527625 0.50466818125 0.31996435 0.611279334375 0.3850267375 0.6484986125 0.3841354734375
2 0.558289175 0.40641711249999996 0.586045925 0.40196078437500005 0.586045925 0.385918003125 0.5570275046875001 0.385918003125 0.5551349984375 0.3778966125 0.548826646875 0.3778966125 0.548826646875 0.38324420625 0.519177390625 0.3850267375 0.5179157203125 0.403743315625 0.548826646875 0.403743315625 0.5500883171875001 0.41800356406250005 0.5570275046875001 0.41889483125 0.558289175 0.40641711249999996
1 0.5059298515624999 0.38324420625 0.5759525609375 0.385918003125 0.50466818125 0.3404634578125 0.5059298515624999 0.38324420625
2 0.5355791062499999 0.3734402859375 0.545041634375 0.3778966125 0.5500883171875001 0.3689839578125 0.5803684078125 0.387700534375 0.58793843125 0.3734402859375 0.555765834375 0.3502673796875 0.558920009375 0.33600713125000004 0.553873328125 0.3270944734375 0.5456724703125 0.3404634578125 0.51665405 0.3217468796875 0.5103456984375 0.34402852031250003 0.5412566234375 0.364527628125 0.5355791062499999 0.3734402859375
6 0.40247287500000006 0.3137254890625 0.40247287500000006 0.281639928125 0.39048700468750003 0.2807486625 0.39364118124999997 0.8012477718750001 0.40436537968749997 0.8021390374999999 0.403103709375 0.40285205 0.4226596015625 0.40285205 0.4226596015625 0.387700534375 0.40247287500000006 0.38680926875 0.40247287500000006 0.3288770046875 0.49394398125 0.327985740625 0.493313146875 0.38680926875 0.475649759375 0.38680926875 0.475018925 0.403743315625 0.519177390625 0.40285205 0.5198082265624999 0.38680926875 0.50466818125 0.3850267375 0.502775675 0.3377896609375 0.5109765328125 0.3431372546875 0.5153923796875 0.3270944734375 0.5034065109375 0.320855615625 0.5021448390625001 0.278074865625 0.491420640625 0.27896613124999997 0.4920514765625 0.312834225 0.40247287500000006 0.3137254890625
2 0.444738834375 0.4385026734375 0.45293969218749996 0.4376114078125 0.45546303281249995 0.40463458125 0.475018925 0.40730837812500004 0.47628059531250005 0.3850267375 0.45293969218749996 0.38146167656249996 0.454832196875 0.3547237078125 0.447262175 0.3538324421875 0.44600050468749997 0.38146167656249996 0.422028765625 0.38146167656249996 0.4226596015625 0.40641711249999996 0.44600050468749997 0.405525846875 0.444738834375 0.4385026734375
3 0.452940953125 0.7994705875 0.351373959375 0.7994705875 0.351373959375 0.853834225 0.452940953125 0.853834225 0.452940953125 0.7994705875
3 0.92732778125 0.797682709375 0.9254352765625 0.1408199640625 0.885061821875 0.1417112296875 0.8882159984375001 0.7959001781249999 0.826394146875 0.79679144375 0.8276558156249999 0.8511586453125 0.950668684375 0.8511586453125 0.95003785 0.7959001781249999 0.92732778125 0.797682709375
3 0.0757002265625 0.057040998437500004 0.0775927328125 0.8021390374999999 0.061821853125000006 0.803030303125 0.061191017187499995 0.8547237078125001 0.181049709375 0.8556149734374999 0.17978803906250002 0.8021390374999999 0.11544284687499999 0.8012477718750001 0.11291950625 0.0561497328125 0.0757002265625 0.057040998437500004
3 0.6056018171875001 0.2531194296875 0.7595256109374999 0.24955436718750001 0.75763310625 0.2254901953125 0.6409285890625 0.2254901953125 0.641559425 0.0543672015625 0.6314660609375 0.05525846718750001 0.62957355625 0.0303030296875 0.604340146875 0.0294117640625 0.6030784765625 0.0623885921875 0.5854150890625001 0.0641711234375 0.5828917484375 0.108734403125 0.604340146875 0.10962566874999999 0.6056018171875001 0.2531194296875
6 0.5854163515625 0.062390375 0.5734330046875 0.062390375 0.5734330046875 0.0828930484375 0.5854163515625 0.0828930484375 0.5854163515625 0.062390375
6 0.6781491296875 0.055256684375 0.641563209375 0.055256684375 0.641563209375 0.0677379671875 0.6781491296875 0.0677379671875 0.6781491296875 0.055256684375
3 0.7784519296875 0.17022994687499998 0.75447766875 0.17022994687499998 0.75447766875 0.2388609625 0.7784519296875 0.2388609625 0.7784519296875 0.17022994687499998
0 0.8885352 0.2540160421875 0.7513285390625 0.2540160421875 0.7513285390625 0.42380213906249997 0.8885352 0.42380213906249997 0.8885352 0.2540160421875
6 0.88947766875 0.22370766562500002 0.7809740093750001 0.22638146250000002 0.7809740093750001 0.2379679140625 0.7582639421875 0.23975044531249998 0.7588947765625 0.24955436718750001 0.8888468328125001 0.24955436718750001 0.88947766875 0.22370766562500002
6 0.7500605609375001 0.2513368984375 0.7387055265625 0.2513368984375 0.7387055265625 0.3449197859375 0.7500605609375001 0.3449197859375 0.7500605609375001 0.2513368984375
0 0.888531415625 0.443855615625 0.75227100625 0.443855615625 0.75227100625 0.5280802140625 0.888531415625 0.5280802140625 0.888531415625 0.443855615625
6 0.890108503125 0.44206773593750004 0.890108503125 0.4260249546875 0.7500630828125 0.4260249546875 0.7488014140625 0.4171123 0.7387080484374999 0.4171123 0.741862225 0.45454545468749996 0.7500630828125 0.45454545468749996 0.7500630828125 0.4429590015625 0.890108503125 0.44206773593750004
6 0.65732778125 0.5285187171875 0.647865253125 0.5285187171875 0.647865253125 0.5454491984375001 0.65732778125 0.5454491984375001 0.65732778125 0.5285187171875
6 0.8894738828125 0.5285187171875 0.7185200609375 0.5285187171875 0.7185200609375 0.5436737968750001 0.8894738828125 0.5436737968750001 0.8894738828125 0.5285187171875
6 0.7506926578125 0.5231711234375 0.739965934375 0.5231711234375 0.739965934375 0.5294064171875 0.7506926578125 0.5294064171875 0.7506926578125 0.5231711234375
6 0.40058036875 0.1550802140625 0.42518294218749997 0.1550802140625 0.42770628281249995 0.1381461671875 0.4018420390625 0.1390374328125 0.4018420390625 0.08110516875 0.391117840625 0.08110516875 0.39048700468750003 0.191622103125 0.401211203125 0.19251336875 0.40058036875 0.1550802140625
6 0.6283081 0.000005346875 0.6182172593749999 0.000005346875 0.6182172593749999 0.0303048125 0.6283081 0.0303048125 0.6283081 0.000005346875
3 0.5008856921875 0.0570374328125 0.112922028125 0.0570374328125 0.112922028125 0.08377540156249999 0.5008856921875 0.08377540156249999 0.5008856921875 0.0570374328125
3 0.0756964421875 0.0570374328125 0.059928084375 0.0570374328125 0.059928084375 0.0864491984375 0.0756964421875 0.0864491984375 0.0756964421875 0.0570374328125
1 0.074753975 0.2393101609375 0.057721423437499995 0.2393101609375 0.057721423437499995 0.32086096249999996 0.074753975 0.32086096249999996 0.074753975 0.2393101609375
6 0.0757002265625 0.21925668437499998 0.05866767656250001 0.21925668437499998 0.05866767656250001 0.2388609625 0.0757002265625 0.2388609625 0.0757002265625 0.21925668437499998
0 0.0766464796875 0.34759358281249997 0.05961392812500001 0.34759358281249997 0.05961392812500001 0.502673796875 0.0766464796875 0.502673796875 0.0766464796875 0.34759358281249997
6 0.0757002265625 0.3217486625 0.06056018125 0.3217486625 0.06056018125 0.33867914374999997 0.0757002265625 0.33867914374999997 0.0757002265625 0.3217486625
4 0.0775965171875 0.518716578125 0.05961771406250001 0.518716578125 0.05961771406250001 0.804812834375 0.0775965171875 0.804812834375 0.0775965171875 0.518716578125
6 0.0782210453125 0.50267914375 0.061188493749999996 0.50267914375 0.061188493749999996 0.519609625 0.0782210453125 0.519609625 0.0782210453125 0.50267914375
1 0.4920552609375 0.33154545468749996 0.40373580625 0.33154545468749996 0.40373580625 0.38680748593750003 0.4920552609375 0.38680748593750003 0.4920552609375 0.33154545468749996
1 0.48889477656249997 0.0837807484375 0.40373202187499996 0.0837807484375 0.40373202187499996 0.138144384375 0.48889477656249997 0.138144384375 0.48889477656249997 0.0837807484375
4 0.393009084375 0.0864491984375 0.11418243749999998 0.0864491984375 0.11418243749999998 0.79855615 0.393009084375 0.79855615 0.393009084375 0.0864491984375
6 0.4907898046875 0.191622103125 0.5021448390625001 0.19251336875 0.5005677515625 0.0868983953125 0.5067183953125001 0.0868983953125 0.507191521875 0.06818181875 0.49962149843750003 0.06818181875 0.49962149843750003 0.08377896562500001 0.49157835 0.0848930484375 0.49015897031250005 0.1381461671875 0.46934140781250006 0.138368984375 0.46934140781250006 0.1559714796875 0.491420640625 0.1550802140625 0.4907898046875 0.191622103125
1 0.9453065859375 0.26337433125 0.9244890234375 0.26337433125 0.9244890234375 0.339577540625 0.9453065859375 0.339577540625 0.9453065859375 0.26337433125
6 0.9453103703125001 0.24465240625 0.92354655625 0.24465240625 0.92354655625 0.2606951875 0.9453103703125001 0.2606951875 0.9453103703125001 0.24465240625
4 0.9490953828125 0.362299465625 0.9273315671875 0.362299465625 0.9273315671875 0.7981283421875001 0.9490953828125 0.7981283421875001 0.9490953828125 0.362299465625
6 0.9453103703125001 0.3395721921875 0.92354655625 0.3395721921875 0.92354655625 0.36096256718749997 0.9453103703125001 0.36096256718749997 0.9453103703125001 0.3395721921875
0 0.9462528390625 0.1377058828125 0.9235427703125 0.1377058828125 0.9235427703125 0.245994653125 0.9462528390625 0.245994653125 0.9462528390625 0.1377058828125