5 0.980423728125 0.06922344687500001 0.8554457 0.06922344687500001 0.8554457 0.4226603203125 0.980423728125 0.4226603203125 0.980423728125 0.06922344687500001
7 0.9685247953125 0.041508015625 0.8725674828125 0.041508015625 0.8725674828125 0.0701352703125 0.9685247953125 0.0701352703125 0.9685247953125 0.041508015625
4 0.845229128125 0.07104709375 0.745932203125 0.07104709375 0.745932203125 0.244123246875 0.845229128125 0.244123246875 0.845229128125 0.07104709375
7 0.8375925921875 0.0443687375 0.755087884375 0.0443687375 0.755087884375 0.0715631265625 0.8375925921875 0.0715631265625 0.8375925921875 0.0443687375
6 0.7350339546875 0.07196210625 0.7344632765625 0.22135179531250002 0.637447925 0.2222627078125 0.638018603125 0.19584623750000002 0.633453175 0.194935325 0.6323118187500001 0.31881945625 0.635735890625 0.31881945625 0.635735890625 0.23137183437500003 0.7338925984375 0.228639096875 0.7338925984375 0.40626707968750003 0.7430234546875 0.40717799218749995 0.7424527765625 0.2623428671875 0.8029447015625 0.2614319546875 0.8040860578125001 0.2441246125 0.7441648109375001 0.2432137 0.744735490625 0.07196210625 0.7350339546875 0.07196210625
4 0.7339516640625 0.07378256562499999 0.6403609546875 0.07378256562499999 0.6403609546875 0.21862224375 0.7339516640625 0.21862224375 0.7339516640625 0.07378256562499999
7 0.7281826734375 0.043722445312500004 0.643154425 0.043722445312500004 0.643154425 0.07104709375 0.7281826734375 0.07104709375 0.7281826734375 0.043722445312500004
4 0.5142384296875 0.41355438125 0.526222678125 0.41355438125 0.5279347140625 0.4208416828125 0.6312275296875 0.4190198578125 0.6317982078125 0.07378393125 0.52451064375 0.07469484531250001 0.52451064375 0.1020222265625 0.5148091078125 0.1020222265625 0.5142384296875 0.41355438125
7 0.6140489640625 0.0455511015625 0.5284494671875 0.0455511015625 0.5284494671875 0.07378757500000001 0.6140489640625 0.07378757500000001 0.6140489640625 0.0455511015625
4 0.40866290000000005 0.4190198578125 0.5022541796875 0.4144652953125 0.5056782515625 0.4080889046875 0.5068196078125 0.107487703125 0.49768875156250003 0.104754965625 0.49768875156250003 0.07651666875 0.41494036406249996 0.07651666875 0.4166524 0.087447621875 0.40980425781249996 0.087447621875 0.40866290000000005 0.4190198578125
7 0.49877275625 0.048276553124999996 0.41430947968750004 0.048276553124999996 0.41430947968750004 0.07468937812500001 0.49877275625 0.07468937812500001 0.49877275625 0.048276553124999996
4 0.28254294375 0.28329386093750003 0.39724932968750004 0.28329386093750003 0.39724932968750004 0.09018036093750001 0.3926839015625 0.09018036093750001 0.3943959359375 0.07651666875 0.3019460140625 0.0783384953125 0.3013753359375 0.104754965625 0.283113621875 0.104754965625 0.28254294375 0.28329386093750003
7 0.390916509375 0.0482815625 0.30417451406249996 0.0482815625 0.30417451406249996 0.07742985937499999 0.390916509375 0.07742985937499999 0.390916509375 0.0482815625
4 0.061062603125 0.4053561671875 0.0798949953125 0.4053561671875 0.0804656734375 0.426307159375 0.26936026874999996 0.424485334375 0.2722136625 0.1011113140625 0.2579466984375 0.1011113140625 0.2579466984375 0.07742758281249999 0.06791074531249999 0.07924940781249999 0.068481425 0.1020222265625 0.063915996875 0.1011113140625 0.061062603125 0.4053561671875
7 0.2596610171875 0.046452906249999995 0.1757689890625 0.046452906249999995 0.1757689890625 0.0765130265625 0.2596610171875 0.0765130265625 0.2596610171875 0.046452906249999995
7 0.1512303828125 0.0501052109375 0.065630884375 0.0501052109375 0.065630884375 0.07742985937499999 0.1512303828125 0.07742985937499999 0.1512303828125 0.0501052109375
1 0.523939965625 0.4408817640625 0.523939965625 0.449079978125 0.13184956875 0.449990890625 0.13184956875 0.45818910468749996 0.04111168125 0.46092184375 0.043965075 0.5684095453125 0.2716658109375 0.571142284375 0.2716658109375 0.5647658953125 0.4913542203125 0.5638549828125 0.4919248984375 0.5547458562500001 0.531872396875 0.5547458562500001 0.531872396875 0.565676809375 0.7219083484375 0.5638549828125 0.7213376703125001 0.5538349421875 0.7687039890625 0.5501912921875001 0.770986703125 0.569320459375 0.9775723328125 0.571142284375 0.9781430125 0.445436328125 0.7271015234375 0.449079978125 0.7271015234375 0.4408817640625 0.523939965625 0.4408817640625
7 0.224849340625 0.42357214374999996 0.128973634375 0.42357214374999996 0.128973634375 0.449073146875 0.224849340625 0.449073146875 0.224849340625 0.42357214374999996
7 0.1575047078125 0.9427955906250001 0.0713339609375 0.9427955906250001 0.0713339609375 0.9728557109375 0.1575047078125 0.9728557109375 0.1575047078125 0.9427955906250001
7 0.27164155624999997 0.94279058125 0.188320778125 0.94279058125 0.188320778125 0.971938878125 0.27164155624999997 0.971938878125 0.27164155624999997 0.94279058125
7 0.3772190828125 0.9418837671875 0.310451978125 0.9418837671875 0.310451978125 0.9719438874999999 0.3772190828125 0.9719438874999999 0.3772190828125 0.9418837671875
7 0.49649089843749994 0.9409769546875 0.4108914 0.9409769546875 0.4108914 0.97012525 0.49649089843749994 0.97012525 0.49649089843749994 0.9409769546875
7 0.6117671062500001 0.9409769546875 0.5267388578125 0.9409769546875 0.5267388578125 0.968301603125 0.6117671062500001 0.968301603125 0.6117671062500001 0.9409769546875
7 0.7304645328125 0.9382364734375 0.644865034375 0.9382364734375 0.644865034375 0.9682965937500001 0.7304645328125 0.9682965937500001 0.7304645328125 0.9382364734375
7 0.8474544890625 0.9400601203125 0.7624262390625 0.9400601203125 0.7624262390625 0.9682965937500001 0.8474544890625 0.9682965937500001 0.8474544890625 0.9400601203125
7 0.963876334375 0.9400651296874999 0.8777055875 0.9400651296874999 0.8777055875 0.9673897796875 0.963876334375 0.9673897796875 0.963876334375 0.9400651296874999
3 0.9901286875 0.9127304609375001 0.9633050843750001 0.9127304609375001 0.9633050843750001 0.9673897796875 0.9901286875 0.9673897796875 0.9901286875 0.9127304609375001
3 0.8782768359375 0.9409719437499999 0.8474607656250001 0.9409719437499999 0.8474607656250001 0.9692084171875001 0.8782768359375 0.9692084171875001 0.8782768359375 0.9409719437499999
3 0.645439421875 0.9409769546875 0.61119585625 0.9409769546875 0.61119585625 0.96647795625 0.645439421875 0.96647795625 0.645439421875 0.9409769546875
3 0.4114595109375 0.943712425 0.37835844375 0.943712425 0.37835844375 0.9692134265625001 0.4114595109375 0.9692134265625001 0.4114595109375 0.943712425
3 0.762426525 0.9391510296875 0.754437025 0.9391510296875 0.753866346875 0.9154672984375001 0.7338925984375 0.9154672984375001 0.73103920625 0.9409728546875 0.7304685265625 0.9683002359374999 0.762426525 0.9673893234375001 0.762426525 0.9391510296875
3 0.519888146875 0.9191109484375 0.501626434375 0.9200218625 0.501626434375 0.9391510296875 0.4964903265625 0.938240115625 0.4964903265625 0.9673893234375001 0.5261656109375 0.9673893234375001 0.5261656109375 0.9409728546875 0.519888146875 0.9400619421874999 0.519888146875 0.9191109484375
3 0.31159048125 0.94461650625 0.2961821609375 0.94461650625 0.2956114828125 0.9054472578125001 0.280773840625 0.9063581718749999 0.280773840625 0.9200218625 0.273925696875 0.9200218625 0.271642984375 0.9418837671875 0.271642984375 0.9701220625 0.310449125 0.9701220625 0.31159048125 0.94461650625
4 0.9633053703125001 0.9145563859375001 0.9781430125 0.9118236468750001 0.978713690625 0.6103115328125 0.9633053703125001 0.6103115328125 0.9615933343749999 0.5984696656249999 0.866860696875 0.5993805796875 0.8697140890625 0.9400619421874999 0.9644467265625 0.9409728546875 0.9633053703125001 0.9145563859375001
3 0.9615933343749999 0.60940061875 0.9809964046875 0.60940061875 0.9798550484374999 0.571142284375 0.917080409375 0.5729641109375 0.9176510875 0.5993805796875 0.9615933343749999 0.5975587531250001 0.9615933343749999 0.60940061875
3 0.8548764484375001 0.60666788125 0.889117159375 0.5975587531250001 0.889117159375 0.5738750234375 0.8229184500000001 0.571142284375 0.8217770921875 0.593915103125 0.84403355625 0.594826015625 0.8548764484375001 0.60666788125
3 0.7213376703125001 0.565676809375 0.693374421875 0.5674986328125 0.693374421875 0.593004190625 0.7281858125 0.593915103125 0.7281858125 0.6103115328125 0.7550077046875 0.60848970625 0.7567197390625 0.594826015625 0.7898190953124999 0.594826015625 0.7898190953124999 0.5702313718750001 0.7704160250000001 0.5702313718750001 0.7698453453125 0.5511022046875 0.7213376703125001 0.5547458562500001 0.7213376703125001 0.565676809375
3 0.4964903265625 0.6321734375 0.5136106828125 0.6294407 0.5130400046875 0.6112224453125 0.52331221875 0.6112224453125 0.52331221875 0.5975587531250001 0.5735319296875 0.595736928125 0.5741026078125 0.5647658953125 0.5313017171875 0.5684095453125 0.5313017171875 0.5547458562500001 0.4919248984375 0.5547458562500001 0.4913542203125 0.5647658953125 0.4651030078125 0.565676809375 0.46396165 0.6002914921875 0.4959196484375 0.5975587531250001 0.4964903265625 0.6321734375
3 0.6648367859375 0.567505009375 0.6037758953125001 0.567505009375 0.6037758953125001 0.5939178359375 0.6648367859375 0.5939178359375 0.6648367859375 0.567505009375
6 0.3914854765625 0.7250865375 0.39433886875 0.7314629265625 0.39433886875 0.9427946796875 0.408035153125 0.9427946796875 0.408035153125 0.5984696656249999 0.398904296875 0.5984696656249999 0.398904296875 0.724175625 0.3914854765625 0.7250865375
3 0.43485561875 0.5665881765624999 0.397762084375 0.5665881765624999 0.397762084375 0.5993837671875 0.43485561875 0.5993837671875 0.43485561875 0.5665881765624999
6 0.8674325171874999 0.6075801609375 0.8560200874999999 0.6075801609375 0.8560200874999999 0.9409769546875 0.8674325171874999 0.9409769546875 0.8674325171874999 0.6075801609375
6 0.755009415625 0.608491984375 0.7435969874999999 0.608491984375 0.7435969874999999 0.91637775625 0.755009415625 0.91637775625 0.755009415625 0.608491984375
4 0.399474975 0.5747859359375 0.2961821609375 0.5756968484375 0.2956114828125 0.7223537984374999 0.397762940625 0.724175625 0.399474975 0.5747859359375
6 0.39947583125 0.5675 0.3549623359375 0.5675 0.3549623359375 0.572960921875 0.39947583125 0.572960921875 0.39947583125 0.5675
6 0.32300690468750004 0.5656813625 0.295612053125 0.5656813625 0.295612053125 0.57387775625 0.32300690468750004 0.57387775625 0.32300690468750004 0.5656813625
6 0.602636534375 0.7123337578125 0.602636534375 0.724175625 0.622610284375 0.72599745 0.622610284375 0.9400619421874999 0.633453175 0.9400619421874999 0.633453175 0.593915103125 0.622610284375 0.593004190625 0.622610284375 0.713244671875 0.602636534375 0.7123337578125
6 0.5735319296875 0.72599745 0.572390571875 0.713244671875 0.5546995375 0.713244671875 0.554128859375 0.65585716875 0.5472807171875 0.65858990625 0.5472807171875 0.715066496875 0.511898646875 0.715066496875 0.5124693265625 0.6303516124999999 0.502767790625 0.631262525 0.502767790625 0.920932775 0.514752040625 0.9191109484375 0.514752040625 0.7269083625 0.5735319296875 0.72599745
2 0.53757918125 0.6394607390625 0.546139359375 0.6394607390625 0.544998003125 0.65858990625 0.5569822515625 0.65767899375 0.5564115734375 0.6394607390625 0.5649717515625 0.6394607390625 0.5649717515625 0.631262525 0.5564115734375 0.631262525 0.5564115734375 0.6139551828124999 0.544998003125 0.6121333578125 0.5472807171875 0.6294407 0.540432575 0.6294407 0.53757918125 0.6394607390625
4 0.546139359375 0.5993805796875 0.5255949328125 0.5993805796875 0.525024253125 0.6121333578125 0.514752040625 0.6121333578125 0.5124693265625 0.713244671875 0.54556868125 0.714155584375 0.546139359375 0.5993805796875
6 0.55526993125 0.594829659375 0.54727871875 0.594829659375 0.54727871875 0.6130460921875 0.55526993125 0.6130460921875 0.55526993125 0.594829659375
3 0.6442937859375 0.044639278125 0.6140489640625 0.044639278125 0.6140489640625 0.07287575156250001 0.6442937859375 0.07287575156250001 0.6442937859375 0.044639278125
3 0.756720025 0.044639278125 0.7281889515625 0.044639278125 0.7281889515625 0.07105210468749999 0.756720025 0.07105210468749999 0.756720025 0.044639278125
3 0.1763371 0.0473647296875 0.1506559953125 0.0473647296875 0.1506559953125 0.075601203125 0.1763371 0.075601203125 0.1763371 0.0473647296875
3 0.843462878125 0.087447621875 0.856588484375 0.0892694484375 0.856588484375 0.07105119374999999 0.874850196875 0.07105119374999999 0.8737088406250001 0.041901985937500004 0.8388974484375 0.0437238109375 0.8394681281249999 0.07196210625 0.843462878125 0.07196210625 0.843462878125 0.087447621875
3 0.9901286875 0.040986973437500004 0.9667325796874999 0.040986973437500004 0.9667325796874999 0.0701352703125 0.9901286875 0.0701352703125 0.9901286875 0.040986973437500004
6 0.9798550484374999 0.07014028125 0.9781430125 0.9136454734375 0.9889859046874999 0.9136454734375 0.9901272609375 0.0692293671875 0.9798550484374999 0.07014028125
4 0.069052103125 0.94461650625 0.2722136625 0.9418837671875 0.2722136625 0.920932775 0.28134451875 0.9218436875 0.281915196875 0.6130442703125001 0.27335501875 0.6130442703125001 0.272784340625 0.6002914921875 0.0707641390625 0.6030242296874999 0.0707641390625 0.619420659375 0.061633281250000005 0.620331571875 0.060491925 0.9154672984375001 0.068481425 0.9154672984375001 0.069052103125 0.94461650625
3 0.2710723046875 0.6112224453125 0.282485875 0.6112224453125 0.282485875 0.8398615406250001 0.28134451875 0.8398615406250001 0.28134451875 0.8580797953125 0.294470125 0.859901621875 0.2956114828125 0.5665877203125 0.2722136625 0.5647658953125 0.2722136625 0.572053196875 0.1152770640625 0.569320459375 0.116418421875 0.6002914921875 0.271642984375 0.6002914921875 0.2710723046875 0.6112224453125
3 0.0627746390625 0.620331571875 0.0707641390625 0.619420659375 0.06962278125 0.6030242296874999 0.0867431375 0.6021133171875 0.0856017796875 0.569320459375 0.034811390625 0.571142284375 0.034811390625 0.6267079609375 0.0627746390625 0.6276188734375 0.0627746390625 0.620331571875
3 0.0245391765625 0.9464383312500001 0.018832392187499998 0.9509928953125 0.0245391765625 0.9619238484375 0.0245391765625 0.9764984515625 0.0713348171875 0.9737657140625 0.0719054953125 0.9464383312500001 0.06791074531249999 0.9464383312500001 0.06962278125 0.9163782109374999 0.050219710937499995 0.9154672984375001 0.0496490328125 0.9364182921875001 0.026821890625 0.9345964656250001 0.0245391765625 0.9464383312500001
3 0.189466415625 0.9428006015625 0.1557940984375 0.9428006015625 0.1557940984375 0.97012525 0.189466415625 0.97012525 0.189466415625 0.9428006015625
6 0.061062603125 0.912734559375 0.061062603125 0.6276188734375 0.050219710937499995 0.6276188734375 0.0490783546875 0.8216432859375 0.05136106875 0.8225542000000001 0.050790389062499997 0.912734559375 0.061062603125 0.912734559375
6 0.013696284375000001 0.6130442703125001 0.012554928125 0.620331571875 0.017691034375 0.621242484375 0.0148376421875 0.6330843500000001 0.020544428125 0.6349061765624999 0.0233978203125 0.6230643109375 0.03538206875 0.6221533984375001 0.0342407125 0.6121333578125 0.0182617125 0.6130442703125001 0.0182617125 0.6021133171875 0.012554928125 0.60575696875 0.013696284375000001 0.6130442703125001
2 0.0262512125 0.522863909375 0.033670034375000005 0.522863909375 0.03538206875 0.5538349421875 0.0416595328125 0.5538349421875 0.0416595328125 0.522863909375 0.047366318750000004 0.5274184734375 0.047936996875 0.5155766078124999 0.0399474984375 0.5155766078124999 0.0399474984375 0.4782291859375 0.0342407125 0.4782291859375 0.033670034375000005 0.5137547828125 0.027392570312499996 0.5146656953125001 0.0262512125 0.522863909375
6 0.03937853125 0.4618336671875 0.034243565625 0.4618336671875 0.034243565625 0.478226453125 0.03937853125 0.478226453125 0.03937853125 0.4618336671875
6 0.0416603890625 0.5547444890625 0.035954175 0.5547444890625 0.035954175 0.5720490984375 0.0416603890625 0.5720490984375 0.0416603890625 0.5547444890625
3 0.026821890625 0.08653670937499999 0.03138731875 0.09018036093750001 0.0302459625 0.0801603203125 0.0445129265625 0.0810712328125 0.0456542828125 0.10293313906249998 0.068481425 0.1020222265625 0.066198709375 0.0510111125 0.027392570312499996 0.0491892875 0.020544428125 0.061942065625 0.0285339265625 0.07014028125 0.026821890625 0.08653670937499999
3 0.3007475890625 0.104754965625 0.3018889453125 0.0783384953125 0.3053130171875 0.07651666875 0.30360098125 0.0455456359375 0.2579466984375 0.0473674625 0.2585173765625 0.10293313906249998 0.271642984375 0.10020040156250001 0.3007475890625 0.104754965625
3 0.39433886875 0.087447621875 0.4091765109375 0.08653670937499999 0.4143126171875 0.0892694484375 0.4143126171875 0.0473674625 0.3920561546875 0.0473674625 0.39034411874999997 0.07651666875 0.39433886875 0.07651666875 0.39433886875 0.087447621875
3 0.5221708609375 0.10384405156250001 0.5221708609375 0.07378393125 0.5290190031249999 0.07560575625 0.528448325 0.0473674625 0.5061918624999999 0.0473674625 0.49877304218749996 0.0464565484375 0.49877304218749996 0.10384405156250001 0.5221708609375 0.10384405156250001
3 0.0804656734375 0.4053561671875 0.047366318750000004 0.40717799218749995 0.047936996875 0.4144652953125 0.04337156875 0.4190198578125 0.04337156875 0.43177263593750004 0.018832392187499998 0.4308617234375 0.018832392187499998 0.4208416828125 0.0148376421875 0.42266350937499997 0.0148376421875 0.4654764078125 0.041088854687499995 0.46274366875000006 0.041088854687499995 0.45818910468749996 0.09473263750000001 0.46092184375 0.09758602968749999 0.45727819218750004 0.130685384375 0.45727819218750004 0.130685384375 0.423574421875 0.0930206015625 0.42266350937499997 0.0878844953125 0.42721807187499994 0.0798949953125 0.425396246875 0.0804656734375 0.4053561671875
3 0.32471608750000003 0.425396246875 0.30588369531250004 0.425396246875 0.3018889453125 0.4208416828125 0.3007475890625 0.40444525468750003 0.2710723046875 0.4080889046875 0.271642984375 0.424485334375 0.225418021875 0.42266350937499997 0.22484734374999998 0.45181271718750005 0.325286765625 0.449990890625 0.32471608750000003 0.425396246875
3 0.52331221875 0.44179267656250004 0.5866575359375 0.43997085 0.5872282140625 0.4190198578125 0.5267362890625 0.4208416828125 0.525024253125 0.4144652953125 0.5039091484375 0.41264346874999996 0.502767790625 0.41719803281249995 0.40860583281249996 0.4208416828125 0.39548022656250004 0.424485334375 0.35439137187499997 0.424485334375 0.35439137187499997 0.449990890625 0.52331221875 0.448169065625 0.52331221875 0.44179267656250004
3 0.7281858125 0.449079978125 0.8029447015625 0.44725815156250004 0.8029447015625 0.41628711875 0.7521543109375 0.4190198578125 0.7515836328125001 0.4089998171875 0.73103920625 0.4080889046875 0.7298978484374999 0.4181089453125 0.6174741765625 0.4181089453125 0.6174741765625 0.4390599375 0.72704445625 0.4390599375 0.7281858125 0.449079978125
3 0.9016720875 0.424485334375 0.857729840625 0.424485334375 0.8560178046875 0.401712515625 0.8423215203125001 0.399890690625 0.8423215203125001 0.4153762078125 0.8320493062500001 0.41628711875 0.8320493062500001 0.44725815156250004 0.9016720875 0.4463472390625 0.9016720875 0.424485334375
3 0.9787162593750001 0.421748496875 0.931917765625 0.421748496875 0.931917765625 0.4445240484375 0.9787162593750001 0.4445240484375 0.9787162593750001 0.421748496875
6 0.8331906640625 0.2450355265625 0.8331906640625 0.2596101296875 0.8457455906250001 0.257788303125 0.8457455906250001 0.399890690625 0.8560178046875 0.399890690625 0.8554471265625001 0.0892694484375 0.8463162703125 0.09018036093750001 0.8457455906250001 0.2441246125 0.8331906640625 0.2450355265625
6 0.638016321875 0.0728707421875 0.63288135625 0.0728707421875 0.63288135625 0.150295590625 0.638016321875 0.150295590625 0.638016321875 0.0728707421875
6 0.6363025734375001 0.366187375 0.6323101062500001 0.366187375 0.6323101062500001 0.42084669375 0.6363025734375001 0.42084669375 0.6363025734375001 0.366187375
6 0.5141839296875 0.1056713421875 0.50619271875 0.1056713421875 0.50619271875 0.412645290625 0.5141839296875 0.412645290625 0.5141839296875 0.1056713421875
6 0.3578154421875 0.2860265984375 0.3578154421875 0.300601203125 0.39662158281250004 0.300601203125 0.3960509046875 0.337948625 0.407464475 0.3361267984375 0.40860583281249996 0.087447621875 0.397762940625 0.08835853437499999 0.3971922625 0.2869375109375 0.3578154421875 0.2860265984375
6 0.3275694796875 0.29877937656250003 0.3269988015625 0.2860265984375 0.281915196875 0.28511568593750003 0.282485875 0.10384405156250001 0.2722136625 0.10293313906249998 0.271642984375 0.327017671875 0.2836272328125 0.328839496875 0.2836272328125 0.300601203125 0.3275694796875 0.29877937656250003
6 0.026821890625 0.182182546875 0.026821890625 0.1739843328125 0.022827140625 0.17216250625 0.022827140625 0.185826196875 0.016549676562499997 0.1940244125 0.022256462499999997 0.19675715 0.021115106249999998 0.21861905625000003 0.0245391765625 0.21861905625000003 0.0245391765625 0.20768810312500002 0.0490783546875 0.206777190625 0.047366318750000004 0.4035343421875 0.061062603125 0.4035343421875 0.0633453171875 0.10293313906249998 0.0496490328125 0.1020222265625 0.0490783546875 0.1840043734375 0.026821890625 0.182182546875
4 0.393768190625 0.7351065765625 0.2956114828125 0.7314629265625 0.2961821609375 0.9437055937500001 0.3926268328125 0.94461650625 0.393768190625 0.7351065765625
6 0.36466415625000004 0.7232615234375 0.295612053125 0.7232615234375 0.295612053125 0.7305460921875 0.36466415625000004 0.7305460921875 0.36466415625000004 0.7232615234375
2 0.390916509375 0.7232615234375 0.36466415625000004 0.7232615234375 0.36466415625000004 0.7323697390625 0.390916509375 0.7323697390625 0.390916509375 0.7232615234375
2 0.3344176234375 0.5902714515625 0.34069508593750003 0.5911823640625 0.34069508593750003 0.5747859359375 0.35496205000000003 0.5756968484375 0.355532728125 0.5647658953125 0.34183644375 0.5638549828125 0.341265765625 0.544725815625 0.33612965781250004 0.544725815625 0.33612965781250004 0.5665877203125 0.3235747296875 0.5665877203125 0.32471608750000003 0.5738750234375 0.3355589796875 0.5747859359375 0.3344176234375 0.5902714515625
2 0.280773840625 0.8854071781249999 0.2790618046875 0.9063581718749999 0.2973235171875 0.9072690828125 0.29846487499999996 0.8835853531250001 0.30474233906250003 0.8863180906249999 0.3041716609375 0.878119875 0.294470125 0.8753871375 0.294470125 0.859901621875 0.280773840625 0.859901621875 0.280773840625 0.8744762250000001 0.27335501875 0.8762980515625 0.27335501875 0.8854071781249999 0.280773840625 0.8854071781249999
4 0.4964903265625 0.631262525 0.4964903265625 0.5993805796875 0.40860583281249996 0.5993805796875 0.4091765109375 0.9418837671875 0.5021971125 0.9418837671875 0.5021971125 0.6303516124999999 0.4964903265625 0.631262525
2 0.4474119734375 0.60848970625 0.451406721875 0.60940061875 0.451406721875 0.6012024046875 0.4656736859375 0.6002914921875 0.4651030078125 0.5674986328125 0.4536894375 0.565676809375 0.4525480796875 0.55565676875 0.4491240078125 0.5565676796875 0.4491240078125 0.5647658953125 0.4354277234375 0.5629440703124999 0.4348570453125 0.5993805796875 0.4474119734375 0.5984696656249999 0.4474119734375 0.60848970625
2 0.0987273859375 0.6121333578125 0.10329281562499999 0.6130442703125001 0.10329281562499999 0.60666788125 0.11584774375 0.6030242296874999 0.116418421875 0.5702313718750001 0.10329281562499999 0.571142284375 0.10329281562499999 0.5647658953125 0.0987273859375 0.5647658953125 0.0987273859375 0.571142284375 0.0867431375 0.5684095453125 0.086172459375 0.6021133171875 0.09758602968749999 0.6030242296874999 0.0987273859375 0.6121333578125
2 0.2630828046875 0.3461468390625 0.2602294125 0.3543450546875 0.2710723046875 0.353434140625 0.2710723046875 0.373474221875 0.2836272328125 0.373474221875 0.28590994687500004 0.3543450546875 0.2933287671875 0.3543450546875 0.2927580890625 0.3461468390625 0.2841979109375 0.34796866406250004 0.2841979109375 0.329750409375 0.271642984375 0.328839496875 0.271642984375 0.3452359265625 0.2630828046875 0.3461468390625
4 0.30080465625 0.424485334375 0.394966615625 0.42175259687500005 0.3966786515625 0.302423028125 0.2842549796875 0.2996902890625 0.2842549796875 0.40626707968750003 0.30023397812499997 0.40717799218749995 0.30080465625 0.424485334375
2 0.34069508593750003 0.31244306875 0.34583119375 0.31244306875 0.34583119375 0.301512115625 0.3572447640625 0.301512115625 0.3578154421875 0.2842047734375 0.346401871875 0.2842047734375 0.346401871875 0.2705410828125 0.342407121875 0.27145199531249997 0.342407121875 0.2842047734375 0.328140159375 0.2842047734375 0.3275694796875 0.301512115625 0.341265765625 0.300601203125 0.34069508593750003 0.31244306875
2 0.394909546875 0.36345418125 0.394909546875 0.38258334843749997 0.40860583281249996 0.38258334843749997 0.4091765109375 0.36527600625 0.415453975 0.36436509375 0.415453975 0.3543450546875 0.4097471890625 0.3543450546875 0.4091765109375 0.337948625 0.394909546875 0.337948625 0.394909546875 0.356166878125 0.3886320828125 0.3543450546875 0.38920276249999997 0.36345418125 0.394909546875 0.36345418125
6 0.40746390468750004 0.3816683359375 0.39605147500000004 0.3816683359375 0.39605147500000004 0.4226603203125 0.40746390468750004 0.4226603203125 0.40746390468750004 0.3816683359375
6 0.283057125 0.3725601203125 0.2716446953125 0.3725601203125 0.2716446953125 0.407179359375 0.283057125 0.407179359375 0.283057125 0.3725601203125
2 0.33784169375 0.4654764078125 0.341265765625 0.4654764078125 0.341265765625 0.450901803125 0.35439137187499997 0.449990890625 0.35439137187499997 0.423574421875 0.3435484796875 0.423574421875 0.34183644375 0.4144652953125 0.33898305156249997 0.4153762078125 0.33898305156249997 0.423574421875 0.32471608750000003 0.423574421875 0.32414540937499997 0.4527236296875 0.33784169375 0.45454545468749996 0.33784169375 0.4654764078125
2 0.6174741765625 0.41993077031250003 0.6077726421875 0.4181089453125 0.6072019625 0.41173255624999994 0.6032072140625 0.41264346874999996 0.602636534375 0.41628711875 0.5872282140625 0.41628711875 0.5860868578125 0.44179267656250004 0.6174741765625 0.44179267656250004 0.6174741765625 0.41993077031250003
2 0.6214689265625 0.3488795765625 0.6311704609375 0.3488795765625 0.6311704609375 0.36527600625 0.637447925 0.36527600625 0.638018603125 0.349790490625 0.6517148890625 0.349790490625 0.6517148890625 0.3406813625 0.6391599609374999 0.3370377109375 0.6368772468749999 0.31790854375 0.6323118187500001 0.31790854375 0.6311704609375 0.3388595375 0.6214689265625 0.3388595375 0.6214689265625 0.3488795765625
2 0.6220396046875 0.1785388953125 0.632882496875 0.1785388953125 0.6323118187500001 0.194935325 0.6385892828124999 0.194935325 0.64030131875 0.1785388953125 0.6511442109375001 0.1785388953125 0.6511442109375001 0.17034068125 0.6397306390625 0.1676079421875 0.6397306390625 0.1521224265625 0.631741140625 0.1512115140625 0.633453175 0.16851885625000002 0.6220396046875 0.16851885625000002 0.6220396046875 0.1785388953125
1 0.84409290625 0.26416332656249997 0.7447959828124999 0.26416332656249997 0.7447959828124999 0.4153757515625 0.84409290625 0.4153757515625 0.84409290625 0.26416332656249997
2 0.8172116640624999 0.2741847328125 0.8200650578124999 0.2741847328125 0.8189237 0.2614319546875 0.8326199843750001 0.2605210421875 0.8326199843750001 0.2395700484375 0.819494378125 0.241391875 0.819494378125 0.228639096875 0.8154996296875 0.22955000937499997 0.8154996296875 0.2404809625 0.8029447015625 0.24230278749999998 0.8029447015625 0.2623428671875 0.8154996296875 0.2614319546875 0.8172116640624999 0.2741847328125
2 0.814358271875 0.4554563671875 0.8206357359374999 0.4554563671875 0.8200650578124999 0.44725815156250004 0.8337613421875 0.44725815156250004 0.8320493062500001 0.4153762078125 0.8206357359374999 0.41628711875 0.819494378125 0.40717799218749995 0.8154996296875 0.40717799218749995 0.8154996296875 0.4144652953125 0.802374021875 0.4144652953125 0.8029447015625 0.445436328125 0.814358271875 0.4463472390625 0.814358271875 0.4554563671875
2 0.9159390515625001 0.45910001874999995 0.9193631234374999 0.46092184375 0.9193631234374999 0.448169065625 0.9324887281249999 0.448169065625 0.9319180515625 0.42266350937499997 0.9193631234374999 0.4208416828125 0.918221765625 0.41173255624999994 0.91479769375 0.41355438125 0.91479769375 0.4208416828125 0.9005307312499999 0.4208416828125 0.9005307312499999 0.449079978125 0.9159390515625001 0.445436328125 0.9159390515625001 0.45910001874999995
2 0.9016720875 0.60757879375 0.905096159375 0.60848970625 0.9056668374999999 0.5984696656249999 0.9187924437499999 0.5975587531250001 0.9187924437499999 0.572053196875 0.9068081953125 0.5729641109375 0.9068081953125 0.5620331578125 0.9033841234375 0.5611222437500001 0.9028134453125001 0.572053196875 0.88854648125 0.572053196875 0.887975803125 0.5984696656249999 0.9016720875 0.5993805796875 0.9016720875 0.60757879375
4 0.853735090625 0.60575696875 0.844604234375 0.593915103125 0.7567197390625 0.594826015625 0.7550077046875 0.9400619421874999 0.8560178046875 0.9391510296875 0.853735090625 0.60575696875
2 0.8035153796875001 0.60484605625 0.809222165625 0.60575696875 0.809222165625 0.595736928125 0.8229184500000001 0.594826015625 0.8223477718750001 0.569320459375 0.8080808078124999 0.572053196875 0.8086514859375 0.5611222437500001 0.8035153796875001 0.5611222437500001 0.8035153796875001 0.569320459375 0.79153113125 0.569320459375 0.7886777375 0.594826015625 0.8035153796875001 0.594826015625 0.8035153796875001 0.60484605625
4 0.7327512406250001 0.9145563859375001 0.7418820984375001 0.9145563859375001 0.743594134375 0.60940061875 0.7281858125 0.6103115328125 0.7281858125 0.593915103125 0.6345945328125 0.594826015625 0.6345945328125 0.9373292031249999 0.7298978484374999 0.9345964656250001 0.7327512406250001 0.9145563859375001
2 0.675112709375 0.60393514375 0.6808194953125 0.60393514375 0.680248815625 0.595736928125 0.6939451 0.593915103125 0.6950864578125 0.5647658953125 0.6808194953125 0.5638549828125 0.6813901718750001 0.5529240296875 0.67682474375 0.5501912921875001 0.67682474375 0.5629440703124999 0.6642698171875 0.5620331578125 0.6625577812500001 0.5911823640625 0.676254065625 0.593915103125 0.675112709375 0.60393514375
4 0.6220396046875 0.595736928125 0.5564115734375 0.594826015625 0.5558408953125 0.7123337578125 0.6220396046875 0.7123337578125 0.6220396046875 0.595736928125
2 0.5866575359375 0.6030242296874999 0.592364321875 0.6030242296874999 0.5917936421875 0.596647840625 0.6049192484375 0.5975587531250001 0.6043485703125 0.5665877203125 0.5906522859375001 0.5665877203125 0.5906522859375001 0.55747859375 0.5872282140625 0.55747859375 0.5860868578125 0.565676809375 0.5735319296875 0.565676809375 0.5746732859375 0.595736928125 0.5866575359375 0.596647840625 0.5866575359375 0.6030242296874999
4 0.5210295046875 0.9409728546875 0.6214689265625 0.9391510296875 0.622610284375 0.727819275 0.51532271875 0.7287301875 0.514752040625 0.9182000359375 0.5216001828125 0.9182000359375 0.5210295046875 0.9409728546875
2 0.5849455 0.741482965625 0.59008160625 0.741482965625 0.59008160625 0.727819275 0.602636534375 0.727819275 0.602636534375 0.7123337578125 0.5917936421875 0.7114228453125 0.5906522859375001 0.6977591546874999 0.5860868578125 0.6986700671875 0.5860868578125 0.7123337578125 0.5729612515625 0.7123337578125 0.5741026078125 0.727819275 0.5849455 0.72599745 0.5849455 0.741482965625
4 0.733948525 0.234098196875 0.6375015687500001 0.234098196875 0.6375015687500001 0.4181062125 0.733948525 0.4181062125 0.733948525 0.234098196875