6 0.8758329937499999 0.771412365625 0.9193526437499999 0.7699943296875 0.9179926546875 0.1290414078125 0.881272946875 0.127623371875 0.8839929296875001 0.7175269453124999 0.2760777890625 0.71043675625 0.2706378359375 0.7501418046875 0.8758329937499999 0.7543959140625 0.8758329937499999 0.771412365625
4 0.8812865499999999 0.12765243906249998 0.5453801171875 0.12765243906249998 0.5453801171875 0.7161280484375 0.8812865499999999 0.7161280484375 0.8812865499999999 0.12765243906249998
7 0.843187134375 0.062408535937499995 0.586169590625 0.062408535937499995 0.586169590625 0.12625 0.843187134375 0.12625 0.843187134375 0.062408535937499995
4 0.5154385968749999 0.11911585312499999 0.3005847953125 0.11911585312499999 0.3005847953125 0.558689025 0.5154385968749999 0.558689025 0.5154385968749999 0.11911585312499999
7 0.48140350937500004 0.05810975625 0.331812865625 0.05810975625 0.331812865625 0.11908536562500001 0.48140350937500004 0.11908536562500001 0.48140350937500004 0.05810975625
4 0.06935944375 0.3630175859375 0.26927784843749997 0.3658536578125 0.271997825 0.119115146875 0.0761593921875 0.1162790671875 0.0775193796875 0.3318207625 0.06799945625 0.3346568359375 0.06935944375 0.3630175859375
7 0.23394736875 0.05814024375 0.08570175468749999 0.05814024375 0.08570175468749999 0.1177134140625 0.23394736875 0.1177134140625 0.23394736875 0.05814024375
3 0.5848245609375 0.05810975625 0.4841812859375 0.05810975625 0.4841812859375 0.1233536578125 0.5848245609375 0.1233536578125 0.5848245609375 0.05810975625
6 0.3263973859375 0.5870675000000001 0.3250373984375 0.5615428234375 0.2991976078125 0.562960859375 0.2978376203125 0.119115146875 0.2747178015625 0.11486103125 0.2733578125 0.5884855359375 0.3263973859375 0.5870675000000001
3 0.331812865625 0.056737804687500004 0.233918128125 0.056737804687500004 0.233918128125 0.11631097500000001 0.331812865625 0.11631097500000001 0.331812865625 0.056737804687500004
3 0.9220467843750001 0.059542682812500004 0.8418128656249999 0.059542682812500004 0.8418128656249999 0.126189025 0.9220467843750001 0.126189025 0.9220467843750001 0.059542682812500004
3 0.0761593921875 0.11486103125 0.085679315625 0.1162790671875 0.08431932812500001 0.0553034578125 0.0122399 0.0567215 0.0135998890625 0.330402725 0.073439415625 0.3289846828125 0.0761593921875 0.11486103125
2 0.4909560703125 0.6466250734375001 0.518155853125 0.64520703125 0.518155853125 0.6849120796875 0.5480756140625 0.69058423125 0.550795596875 0.64378899375 0.61471508125 0.6466250734375001 0.61335509375 0.6281905859375 0.5494356015624999 0.6253545125 0.546715625 0.595575725 0.522235825 0.5941576828125 0.522235825 0.6281905859375 0.49231606406250006 0.6253545125 0.4909560703125 0.6466250734375001
1 0.516795865625 0.591321609375 0.2706378359375 0.5927396468749999 0.26927784843749997 0.4041406703125 0.199918403125 0.40130459218750003 0.199918403125 0.706182640625 0.5208758296875 0.7132728296875 0.516795865625 0.591321609375
2 0.359037128125 0.6225184328125 0.37263701718750003 0.6267725484375 0.3767169890625 0.591321609375 0.40935672500000003 0.5941576828125 0.4107167140625 0.562960859375 0.3767169890625 0.5601247859375 0.36991704062499997 0.516165628125 0.3563171515625 0.516165628125 0.35223718125 0.5558706765625 0.3277573796875 0.5558706765625 0.3277573796875 0.5899035734375 0.3563171515625 0.5884855359375 0.359037128125 0.6225184328125
2 0.2420780640625 0.7926829265625 0.243438053125 0.7572319937499999 0.2706378359375 0.7572319937499999 0.271997825 0.7076006828125 0.24615802968749997 0.706182640625 0.24479804062500002 0.666477596875 0.22575819375 0.667895634375 0.22711818125 0.706182640625 0.20263837968749998 0.70192853125 0.20127839218750002 0.752977878125 0.2243982046875 0.752977878125 0.2243982046875 0.7969370359375 0.2420780640625 0.7926829265625
6 0.19719842031249998 0.71043675625 0.1958384328125 0.5487804875 0.176798584375 0.5516165609375 0.17543859687500002 0.578559275 0.0489596078125 0.5771412375 0.05711954375 0.392796371875 0.17543859687500002 0.3956324453125 0.17543859687500002 0.477878615625 0.198558409375 0.477878615625 0.198558409375 0.37010776875 0.0652794796875 0.3630175859375 0.0666394671875 0.330402725 0.033999724999999995 0.330402725 0.0299197609375 0.609756096875 0.17271862031250002 0.609756096875 0.17135863125 0.70901871875 0.19719842031249998 0.71043675625
2 0.1264789890625 0.524673853125 0.1686386484375 0.5204197374999999 0.1699986375 0.550198525 0.19447844375 0.550198525 0.199918403125 0.5218377750000001 0.223038215625 0.5175836640625 0.223038215625 0.49914917656249996 0.198558409375 0.49914917656249996 0.199918403125 0.479296653125 0.17135863125 0.4764605796875 0.17271862031250002 0.5005672140625 0.1264789890625 0.506239365625 0.1264789890625 0.524673853125
2 0.24479804062500002 0.43959160312499995 0.243438053125 0.40130459218750003 0.2747178015625 0.3998865546875 0.2747178015625 0.37010776875 0.24615802968749997 0.36868973125000004 0.2393580875 0.31764038437500003 0.221678228125 0.31764038437500003 0.223038215625 0.3630175859375 0.1958384328125 0.3658536578125 0.198558409375 0.39705048125000003 0.221678228125 0.39846851875 0.2243982046875 0.43959160312499995 0.24479804062500002 0.43959160312499995
6 0.5195158421875 0.5870675000000001 0.5195158421875 0.5969937625 0.5453556374999999 0.5969937625 0.5439956484375 0.1262053296875 0.5208758296875 0.1247872921875 0.516795865625 0.562960859375 0.4120767015625 0.5615428234375 0.4120767015625 0.591321609375 0.5195158421875 0.5870675000000001
6 0.5467543859374999 0.6863109749999999 0.5222514625 0.6863109749999999 0.5222514625 0.7146646343749999 0.5467543859374999 0.7146646343749999 0.5467543859374999 0.6863109749999999
0 0.1740935671875 0.39564024375 0.057134503125 0.39564024375 0.057134503125 0.57570121875 0.1740935671875 0.57570121875 0.1740935671875 0.39564024375
6 0.20669590625 0.7132926828125 0.1577485375 0.7132926828125 0.1577485375 0.751585365625 0.20669590625 0.751585365625 0.20669590625 0.7132926828125