4 0.439209725 0.408366534375 0.62917933125 0.40552077343750004 0.621580546875 0.10244735468749999 0.36246200625 0.09960159375 0.35638297812499997 0.522196928125 0.4369300921875 0.5193511671875 0.439209725 0.408366534375
7 0.5524361703125 0.055517928125000005 0.4171808515625 0.055517928125000005 0.4171808515625 0.0981872515625 0.5524361703125 0.0981872515625 0.5524361703125 0.055517928125000005
6 0.34802431718750004 0.9163346609374999 0.027355623437499997 0.9134888999999999 0.076747721875 0.0967558328125 0.0501519765625 0.09391007500000001 0.0015197578125 0.904951621875 0.000759878125 0.9661354578125 0.34802431718750004 0.9590210593749999 0.34802431718750004 0.9163346609374999
4 0.34726443906250004 0.0981787125 0.076747721875 0.0981787125 0.027355623437499997 0.9120660203125001 0.3320668703125 0.9134888999999999 0.34726443906250004 0.0981787125
7 0.2424042546875 0.052629482812499996 0.1208297875 0.052629482812499996 0.1208297875 0.09390438281249999 0.2424042546875 0.09390438281249999 0.2424042546875 0.052629482812499996
6 0.6405775078125 0.9134888999999999 0.6420972640625 0.95475241875 0.9604863218749999 0.95475241875 0.90729483125 0.108138871875 0.8837386015625001 0.10671599218750001 0.9308510640625001 0.9120660203125001 0.6405775078125 0.9134888999999999
4 0.7796352578125 0.7939669874999999 0.9224924015625 0.79112123125 0.881458965625 0.1109846328125 0.643617021875 0.10387023437500001 0.663373859375 0.91064314375 0.7803951359375 0.91064314375 0.7796352578125 0.7939669874999999
7 0.8624680843749999 0.0597410359375 0.6755319156249999 0.0597410359375 0.6755319156249999 0.10527888437499999 0.8624680843749999 0.10527888437499999 0.8624680843749999 0.0597410359375
3 0.6747659578125 0.05691235 0.5531914890625 0.05691235 0.5531914890625 0.1010159359375 0.6747659578125 0.1010159359375 0.6747659578125 0.05691235
3 0.4171702125 0.055517928125000005 0.3100212765625 0.055517928125000005 0.3100212765625 0.0981872515625 0.4171702125 0.0981872515625 0.4171702125 0.055517928125000005
3 0.9612340421875001 0.0654581671875 0.8609361703125 0.0654581671875 0.8609361703125 0.1067330671875 0.9612340421875001 0.1067330671875 0.9612340421875001 0.0654581671875
3 0.1230957453125 0.0497808765625 0.0182234046875 0.0497808765625 0.0182234046875 0.095318725 0.1230957453125 0.095318725 0.1230957453125 0.0497808765625
3 0.6231003046875 0.10244735468749999 0.63753799375 0.7527034703125 0.6588145890625 0.7527034703125 0.643617021875 0.09960159375 0.6231003046875 0.10244735468749999
2 0.2697568390625 0.11525327031249999 0.2765957453125 0.11525327031249999 0.2781155015625 0.0953329515625 0.310790275 0.0981787125 0.3100303953125 0.05264655781250001 0.2796352578125 0.048377915625000004 0.2803951359375 0.0327262390625 0.27355623125 0.0313033578125 0.27355623125 0.0455321546875 0.2416413390625 0.0469550359375 0.242401215625 0.0953329515625 0.2705167171875 0.0953329515625 0.2697568390625 0.11525327031249999
1 0.0949848015625 0 0.09270516875 0.0469550359375 0.32446808437499997 0.055492314062500006 0.32446808437499997 0 0.0949848015625 0
1 0.6367781156250001 0.7370517921874999 0.4369300921875 0.7398975531249999 0.4369300921875 0.5478087656249999 0.35638297812499997 0.546385884375 0.3503039515625 0.9561752984374999 0.6405775078125 0.9533295374999999 0.6367781156250001 0.7370517921874999
2 0.39513677812500003 0.5591918046875 0.40121580625000003 0.5606146859375001 0.40121580625000003 0.5478087656249999 0.4384498484375 0.546385884375 0.439209725 0.5250426859374999 0.40121580625000003 0.5236198046875 0.40121580625000003 0.506545246875 0.3928571421875 0.5093910078125 0.39361702187500003 0.5236198046875 0.3541033421875 0.5250426859374999 0.3541033421875 0.546385884375 0.39361702187500003 0.5449630046875 0.39513677812500003 0.5591918046875
2 0.3358662609375 0.8252703468749999 0.3358662609375 0.8978372234374999 0.3503039515625 0.8978372234374999 0.3518237078125 0.8281161078125001 0.358662615625 0.8281161078125001 0.358662615625 0.80961866875 0.3510638296875 0.8124644265625 0.35334346562499996 0.7484348328125 0.336626140625 0.75128059375 0.3358662609375 0.81388730625 0.326747721875 0.8153101875000001 0.3290273546875 0.8252703468749999 0.3358662609375 0.8252703468749999
0 0.6306990875 0.4524758125 0.452127659375 0.45389868906249997 0.45136778125 0.71143995625 0.6337386015625001 0.7085941953125 0.6306990875 0.4524758125
6 0.631458965625 0.45105293281250003 0.6306990875 0.408366534375 0.4399696046875 0.412635175 0.4376899703125 0.7384746734375 0.5524316109375 0.7384746734375 0.5524316109375 0.71143995625 0.45136778125 0.7142857125 0.4498480234375 0.4524758125 0.631458965625 0.45105293281250003
2 0.5813069921875 0.75128059375 0.5881458953124999 0.75128059375 0.588905775 0.7384746734375 0.6162613984374999 0.7384746734375 0.6162613984374999 0.71143995625 0.5881458953124999 0.710017075 0.5881458953124999 0.700056915625 0.5813069921875 0.6986340359375001 0.5813069921875 0.71143995625 0.5524316109375 0.71143995625 0.5524316109375 0.7384746734375 0.5813069921875 0.7384746734375 0.5813069921875 0.75128059375
2 0.621580546875 0.8153101875000001 0.621580546875 0.8323847453125 0.638297871875 0.83096186875 0.6398176296875 0.9035287406249999 0.663373859375 0.9035287406249999 0.661094225 0.8323847453125 0.6838905765625001 0.8323847453125 0.682370821875 0.8167330671874999 0.661094225 0.8153101875000001 0.661094225 0.7527034703125 0.6390577515625 0.7527034703125 0.638297871875 0.8167330671874999 0.621580546875 0.8153101875000001
2 0.5045592703125 1 0.5045592703125 0.9917472953124999 0.5455927046875 0.99032441875 0.5455927046875 0.9561752984374999 0.5053191484374999 0.9533295374999999 0.5015197578125 0.9262948203124999 0.493920971875 0.924871940625 0.4962006078125 0.95048378125 0.4498480234375 0.9519066578125001 0.45060790156249997 0.99032441875 0.4946808515625 0.9889015375 0.4946808515625 1 0.5045592703125 1
6 0.6618510640624999 0.95476095625 0.5455957453125 0.95476095625 0.5455957453125 0.9889043828125 0.6618510640624999 0.9889043828125 0.6618510640624999 0.95476095625
6 0.45289361718750004 0.9575896421874999 0.3305531921875 0.9575896421874999 0.3305531921875 0.9917330671875 0.45289361718750004 0.9917330671875 0.45289361718750004 0.9575896421874999
6 0.6367765953125 0.7114541828125 0.6139893609375 0.7114541828125 0.6139893609375 0.73563745 0.6367765953125 0.73563745 0.6367765953125 0.7114541828125
6 0.8343465046875 0.9120660203125001 0.8419452890624999 0.9149117812500001 0.8381458953124999 0.8081957890625 0.86550151875 0.8081957890625 0.86550151875 0.79538986875 0.77887538125 0.79538986875 0.77887538125 0.823847465625 0.787993921875 0.821001709375 0.7864741640624999 0.8067729078125 0.8297872343750001 0.8053500281250001 0.8343465046875 0.9120660203125001
2 0.762917934375 0.87507114375 0.7796352578125 0.87507114375 0.781155015625 0.9120660203125001 0.7902735546875 0.9092202625000001 0.7902735546875 0.879339784375 0.8024316109375 0.879339784375 0.8016717312500001 0.865110984375 0.7902735546875 0.8665338640625 0.791033434375 0.823847465625 0.7773556234375001 0.823847465625 0.7781155015625 0.8622652234375 0.7606382984375 0.8622652234375 0.762917934375 0.87507114375
1 0.9224924015625 0.81388730625 0.838905775 0.8124644265625 0.8434650453125 0.9120660203125001 0.9293313062499999 0.91064314375 0.9224924015625 0.81388730625
2 0.893617021875 0.8252703468749999 0.893617021875 0.80961866875 0.9209726453125 0.80961866875 0.9171732531250001 0.7939669874999999 0.891337384375 0.7939669874999999 0.8898176296875 0.765509390625 0.8822188453124999 0.7669322703125 0.8837386015625001 0.7925441078125 0.8639817640624999 0.79538986875 0.86550151875 0.81104155 0.885258359375 0.80961866875 0.88449848125 0.823847465625 0.893617021875 0.8252703468749999
6 0.9255212765625 0.79539840625 0.9186914890625 0.79539840625 0.9186914890625 0.8124900390625 0.9255212765625 0.8124900390625 0.9255212765625 0.79539840625
6 0.6626170218749999 1 0.6626170218749999 0.9874900390624999 0.6421063828125 0.9874900390624999 0.6421063828125 1 0.6626170218749999 1
6 0.35030851093750004 1 0.35030851093750004 0.9874900390624999 0.330542553125 0.9874900390624999 0.330542553125 1 0.35030851093750004 1
6 0.6618510640624999 0.902111553125 0.64057446875 0.902111553125 0.64057446875 0.9135059765625 0.6618510640624999 0.9135059765625 0.6618510640624999 0.902111553125
6 0.34955319218750003 0.8978286859375 0.33359574531249997 0.8978286859375 0.33359574531249997 0.9149203187499999 0.34955319218750003 0.9149203187499999 0.34955319218750003 0.8978286859375
6 0.36246200625 0.09960159375 0.34878419374999997 0.0981787125 0.338905775 0.7541263500000001 0.3510638296875 0.7527034703125 0.36246200625 0.09960159375
1 0.8282674765625 0.81104155 0.7887538000000001 0.80961866875 0.7917933125000001 0.91064314375 0.8328267468749999 0.91064314375 0.8282674765625 0.81104155