6 0.22263915 0.4231418921875 0.223264540625 0.44425675625 0.23014384062499998 0.44341216250000004 0.2295184484375 0.42145270312500005 0.393996246875 0.42398648593750005 0.39462163906250003 0.4636824328125 0.4015009375 0.4611486484375 0.4015009375 0.42398648593750005 0.4340212640625 0.4231418921875 0.4340212640625 0.4138513515625 0.23014384062499998 0.4138513515625 0.2282676671875 0.22466216249999998 0.22013758593750002 0.22550675625 0.222013759375 0.41300675625 0.19387116875 0.41216216250000004 0.1926203875 0.42229729687499995 0.22263915 0.4231418921875
4 0.50218886875 0.22550675625 0.2295184484375 0.2271959453125 0.23139462187499998 0.41216216250000004 0.502814259375 0.41300675625 0.50218886875 0.22550675625
7 0.3408380234375 0.199324325 0.27079424687500003 0.199324325 0.27079424687500003 0.22550675625 0.3408380234375 0.22550675625 0.3408380234375 0.199324325
7 0.47904940625 0.199324325 0.4102564109375 0.199324325 0.4102564109375 0.22635135156250002 0.47904940625 0.22635135156250002 0.47904940625 0.199324325
4 0.6691682296875 0.28800675625 0.5128205125 0.28800675625 0.5128205125 0.45608108124999996 0.6691682296875 0.45608108124999996 0.6691682296875 0.28800675625
7 0.6366479046875 0.26182432499999997 0.5547217015625 0.26182432499999997 0.5547217015625 0.2871621625 0.6366479046875 0.2871621625 0.6366479046875 0.26182432499999997
4 0.7573483421875 0.3885135140625 0.8355222015624999 0.3885135140625 0.8373983734375001 0.222128378125 0.6797998749999999 0.22550675625 0.680425265625 0.4104729734375 0.7567229515625 0.4104729734375 0.7573483421875 0.3885135140625
7 0.8011257031250001 0.1984797296875 0.7191995 0.1984797296875 0.7191995 0.22297297343750003 0.8011257031250001 0.22297297343750003 0.8011257031250001 0.1984797296875
4 0.9393370859375001 0.408783784375 0.9643527203125 0.409628378125 0.96622889375 0.21959459531249997 0.8611632265625 0.222128378125 0.8605378359375001 0.38766891875 0.9393370859375001 0.38682432499999997 0.9393370859375001 0.408783784375
7 0.969355846875 0.196790540625 0.8999374609374999 0.196790540625 0.8999374609374999 0.21959459531249997 0.969355846875 0.21959459531249997 0.969355846875 0.196790540625
1 0.9618511562500001 0.7677364859375 0.848655409375 0.7677364859375 0.848655409375 0.8209459453125 0.9618511562500001 0.8209459453125 0.9618511562500001 0.7677364859375
7 0.9649781109375001 0.7432432437500001 0.9330831765625 0.7432432437500001 0.9330831765625 0.76858108125 0.9649781109375001 0.76858108125 0.9649781109375001 0.7432432437500001
1 0.846153846875 0.7677364859375 0.6935584734375 0.7677364859375 0.6935584734375 0.8209459453125 0.846153846875 0.8209459453125 0.846153846875 0.7677364859375
7 0.766103815625 0.7432432437500001 0.7191995 0.7432432437500001 0.7191995 0.7668918921875 0.766103815625 0.7668918921875 0.766103815625 0.7432432437500001
1 0.657285803125 0.8673986484375 0.664165103125 0.8606418921874999 0.6679174484375 0.847128378125 0.6704190125 0.8361486484375 0.5253283296875 0.833614865625 0.5259537203125 0.8766891890625 0.6510318953125 0.8758445953124999 0.657285803125 0.8673986484375
7 0.6003752343750001 0.8065878375000001 0.5553470921875 0.8065878375000001 0.5553470921875 0.833614865625 0.6003752343750001 0.833614865625 0.6003752343750001 0.8065878375000001
7 0.46966854218750004 0.9391891890625 0.40025015625 0.9391891890625 0.40025015625 0.966216215625 0.46966854218750004 0.966216215625 0.46966854218750004 0.9391891890625
7 0.3176985609375 0.9417229734375001 0.24765478437500002 0.9417229734375001 0.24765478437500002 0.9670608109375 0.3176985609375 0.9670608109375 0.3176985609375 0.9417229734375001
1 0.21221596874999998 0.9003378375000001 0.0100062546875 0.902590090625 0.01042318125 0.9549549546874999 0.21346674999999998 0.9521396390625 0.21221596874999998 0.9003378375000001
7 0.183864915625 0.8758445953124999 0.13696060000000002 0.8758445953124999 0.13696060000000002 0.89949324375 0.183864915625 0.89949324375 0.183864915625 0.8758445953124999
2 0.6135084421875 0.8488175671875 0.6210131328124999 0.8513513515625 0.6210131328124999 0.8327702703125001 0.6366479046875 0.8327702703125001 0.6353971234375 0.8074324328125 0.6203877421875 0.8074324328125 0.6197623515624999 0.7880067562499999 0.61601000625 0.7888513515625 0.614133834375 0.8040540546875 0.6016260156250001 0.80574324375 0.6028767984375001 0.833614865625 0.615384615625 0.8327702703125001 0.6135084421875 0.8488175671875
2 0.78424015 0.7854729734375 0.78549093125 0.766047296875 0.8017510937500001 0.7668918921875 0.8005003125 0.740709459375 0.7867417140625 0.740709459375 0.78549093125 0.7204391890624999 0.7792370234375 0.7204391890624999 0.7798624140625 0.740709459375 0.76672920625 0.7423986484375 0.76672920625 0.766047296875 0.7792370234375 0.766047296875 0.7798624140625 0.7863175671875 0.78424015 0.7854729734375
2 0.920575359375 0.7863175671875 0.92120075 0.7702702703125001 0.9343339593750001 0.76858108125 0.9324577859375 0.7432432437500001 0.9224515328124999 0.7415540546875 0.920575359375 0.7238175671875 0.9149468421875 0.7246621625 0.9155722328125 0.7440878375 0.8986866796875 0.7432432437500001 0.8986866796875 0.7677364859375 0.9136960593750001 0.769425675 0.9136960593750001 0.7888513515625 0.920575359375 0.7863175671875
4 0.8367729828125 0.5548986484375 0.6797998749999999 0.5548986484375 0.6797998749999999 0.7390202703125001 0.8367729828125 0.7390202703125001 0.8367729828125 0.5548986484375
2 0.7141963734375001 0.572635134375 0.721075671875 0.572635134375 0.719824890625 0.5548986484375 0.734834271875 0.5548986484375 0.734834271875 0.541385134375 0.7179487171875001 0.540540540625 0.7166979359375001 0.5244932437500001 0.711694809375 0.5253378375 0.711694809375 0.541385134375 0.696685428125 0.541385134375 0.69731081875 0.5548986484375 0.7148217640625 0.5548986484375 0.7141963734375001 0.572635134375
1 0.7573483421875 0.42483108124999996 0.6810506562499999 0.42483108124999996 0.6810506562499999 0.540540540625 0.7573483421875 0.540540540625 0.7573483421875 0.42483108124999996
2 0.7223264546875 0.4417229734375 0.7223264546875 0.42483108124999996 0.737961225 0.42483108124999996 0.73671044375 0.4113175671875 0.7254534078125 0.409628378125 0.7229518453125 0.3893581078125 0.7166979359375001 0.3927364859375 0.7154471546875001 0.409628378125 0.6991869921875 0.4113175671875 0.6991869921875 0.4231418921875 0.7154471546875001 0.42483108124999996 0.7166979359375001 0.4417229734375 0.7223264546875 0.4417229734375
4 0.2920575359375 0.703547296875 0.2926829265625 0.7263513515625 0.23264540312499998 0.728040540625 0.23264540312499998 0.9417229734375001 0.34459036875 0.940033784375 0.342714196875 0.7052364859375 0.2920575359375 0.703547296875
2 0.32395247031249996 0.721283784375 0.328955596875 0.7238175671875 0.3302063796875 0.703547296875 0.34459036875 0.7052364859375 0.34459036875 0.6917229734375 0.32833020625 0.6908783781250001 0.32958098750000003 0.677364865625 0.32582864218749996 0.672297296875 0.32520325156249996 0.6934121625 0.310193871875 0.6925675671875 0.3095684796875 0.702702703125 0.32395247031249996 0.703547296875 0.32395247031249996 0.721283784375
6 0.3164477796875 0.541385134375 0.2288930578125 0.5447635140625 0.2295184484375 0.5008445953125 0.222013759375 0.5008445953125 0.222013759375 0.5447635140625 0.12445278281250001 0.5447635140625 0.1250781734375 0.5540540546875 0.21763602187500003 0.553209459375 0.21763602187500003 0.596283784375 0.1394621640625 0.5971283781250001 0.1407129453125 0.6283783781250001 0.14696685468749998 0.6266891890624999 0.14821763593749998 0.60641891875 0.21763602187500003 0.6047297296874999 0.21826141406250002 0.7255067562499999 0.223264540625 0.7238175671875 0.22263915 0.8766891890625 0.23076923124999998 0.8741554046875001 0.23076923124999998 0.6047297296874999 0.30018761718750003 0.605574325 0.2995622265625 0.6258445953125 0.3070669171875 0.6266891890624999 0.3070669171875 0.5954391890624999 0.2295184484375 0.5954391890624999 0.2295184484375 0.552364865625 0.3164477796875 0.5515202703125001 0.3164477796875 0.541385134375
2 0.2833020640625 0.6511824328125 0.29768605312499996 0.6511824328125 0.29768605312499996 0.66891891875 0.3083176984375 0.6706081078125 0.3083176984375 0.6511824328125 0.32332707968749996 0.6520270265625 0.32395247031249996 0.644425675 0.3070669171875 0.6427364859375 0.3076923078125 0.6258445953125 0.2983114453125 0.6258445953125 0.2983114453125 0.644425675 0.2833020640625 0.64358108125 0.2833020640625 0.6511824328125
2 0.2833020640625 0.577702703125 0.2983114453125 0.578547296875 0.29768605312499996 0.5945945953125 0.3083176984375 0.5945945953125 0.3083176984375 0.578547296875 0.32332707968749996 0.578547296875 0.32457786093749996 0.5701013515625 0.3083176984375 0.5709459453125 0.3083176984375 0.553209459375 0.30143839843750003 0.5548986484375 0.30018761718750003 0.5709459453125 0.2833020640625 0.572635134375 0.2833020640625 0.577702703125
1 0.3433395875 0.64358108125 0.35397123124999996 0.64358108125 0.35334584062499996 0.675675675 0.41338336406250004 0.675675675 0.41338336406250004 0.64358108125 0.50218886875 0.644425675 0.502814259375 0.5515202703125001 0.3083176984375 0.553209459375 0.3070669171875 0.6908783781250001 0.3433395875 0.6908783781250001 0.3433395875 0.64358108125
2 0.3402126328125 0.5548986484375 0.361475921875 0.553209459375 0.36085053125 0.540540540625 0.3402126328125 0.541385134375 0.3395872421875 0.5228040546875 0.335834896875 0.5236486484375 0.335834896875 0.541385134375 0.3164477796875 0.541385134375 0.3170731703125 0.553209459375 0.33520950625 0.553209459375 0.33520950625 0.572635134375 0.3395872421875 0.572635134375 0.3402126328125 0.5548986484375
2 0.37836147656249997 0.48902027031250006 0.392745465625 0.48902027031250006 0.39337085625 0.510135134375 0.4027517203125 0.511824325 0.4027517203125 0.489864865625 0.41651031875 0.489864865625 0.41651031875 0.48057432499999997 0.40337711093750006 0.48141891875000004 0.4027517203125 0.46199324375 0.392745465625 0.46199324375 0.392745465625 0.48226351406249995 0.37898686718749997 0.48141891875000004 0.37836147656249997 0.48902027031250006
1 0.502995621875 0.42591638437499996 0.40293308281250007 0.42591638437499996 0.40293308281250007 0.53933699375 0.502995621875 0.53933699375 0.502995621875 0.42591638437499996
2 0.4477798625 0.4391891890625 0.45278298906250003 0.4417229734375 0.454033771875 0.42483108124999996 0.46841776093750004 0.42567567500000003 0.4690431515625 0.41216216250000004 0.454033771875 0.4113175671875 0.4534083796875 0.391047296875 0.44965603437499996 0.3918918921875 0.44840525312499996 0.408783784375 0.433395871875 0.409628378125 0.4340212640625 0.42145270312500005 0.44840525312499996 0.42398648593750005 0.4477798625 0.4391891890625
1 0.6697936203125 0.48648648593750005 0.609756096875 0.48648648593750005 0.609756096875 0.46875 0.5128205125 0.46959459531250003 0.5121951218749999 0.5422297296874999 0.6697936203125 0.540540540625 0.6697936203125 0.48648648593750005
2 0.5465916203125001 0.48733108124999996 0.55347091875 0.48817567500000003 0.55347091875 0.46959459531250003 0.567854909375 0.46875 0.5672295187499999 0.45523648593750005 0.552845528125 0.45523648593750005 0.551594746875 0.434966215625 0.5465916203125001 0.434966215625 0.5465916203125001 0.45608108124999996 0.5309568484375 0.45692567500000003 0.5315822390625 0.46959459531250003 0.545966228125 0.4704391890625 0.5465916203125001 0.48733108124999996
2 0.7560975609375 0.45101351406249995 0.7573483421875 0.46959459531250003 0.769856159375 0.46790540468749997 0.769856159375 0.45101351406249995 0.78549093125 0.45016891875000004 0.78424015 0.4417229734375 0.76923076875 0.44341216250000004 0.76672920625 0.42567567500000003 0.7573483421875 0.42567567500000003 0.7567229515625 0.44425675625 0.7417135703125 0.4451013515625 0.7423389625000001 0.45016891875000004 0.7560975609375 0.45101351406249995
6 0.8373983734375001 0.5422297296874999 0.734834271875 0.5422297296874999 0.734834271875 0.552364865625 0.8373983734375001 0.552364865625 0.8373983734375001 0.5422297296874999
2 0.7404627890625 0.5270270265625 0.7579737328125 0.5270270265625 0.7579737328125 0.543074325 0.766103815625 0.543074325 0.76672920625 0.5278716218749999 0.783614759375 0.5270270265625 0.784865540625 0.519425675 0.7679799875 0.5202702703125001 0.7679799875 0.5033783781250001 0.7573483421875 0.5016891890624999 0.7573483421875 0.51858108125 0.7404627890625 0.5202702703125001 0.7404627890625 0.5270270265625
2 0.9118198874999999 0.45692567500000003 0.928705440625 0.45692567500000003 0.928705440625 0.4738175671875 0.9380863046875 0.4738175671875 0.9393370859375001 0.45523648593750005 0.9562226390624999 0.45523648593750005 0.9562226390624999 0.44932432499999997 0.9405878671875 0.447635134375 0.9393370859375001 0.4324324328125 0.928705440625 0.4324324328125 0.92933083125 0.44932432499999997 0.91307066875 0.44847972968749994 0.9118198874999999 0.45692567500000003
4 0.9631019390625 0.5548986484375 0.8611632265625 0.5548986484375 0.8611632265625 0.7415540546875 0.9631019390625 0.7415540546875 0.9631019390625 0.5548986484375
6 0.9643527203125 0.543074325 0.8599124453125 0.543074325 0.8599124453125 0.553209459375 0.9643527203125 0.553209459375 0.9643527203125 0.543074325
2 0.9143214515625001 0.5270270265625 0.9299562218749999 0.5270270265625 0.9299562218749999 0.543074325 0.9399624765624999 0.543074325 0.9399624765624999 0.5278716218749999 0.9549718578125 0.5278716218749999 0.9549718578125 0.51858108125 0.9399624765624999 0.51858108125 0.9399624765624999 0.5033783781250001 0.928705440625 0.502533784375 0.9305816140625 0.51858108125 0.9149468421875 0.519425675 0.9143214515625001 0.5270270265625
6 0.50218886875 0.5869932437500001 0.51156973125 0.5869932437500001 0.5109443406249999 0.552364865625 0.671044403125 0.552364865625 0.6704190125 0.7432432437500001 0.6785490937499999 0.7440878375 0.679174484375 0.553209459375 0.696685428125 0.553209459375 0.696685428125 0.543074325 0.51156973125 0.543074325 0.51156973125 0.533783784375 0.50343965 0.533783784375 0.50343965 0.5422297296874999 0.40212632968750006 0.540540540625 0.4027517203125 0.511824325 0.39337085625 0.510135134375 0.393996246875 0.540540540625 0.360225140625 0.5422297296874999 0.360225140625 0.552364865625 0.50343965 0.5515202703125001 0.50218886875 0.5869932437500001
2 0.5015634765625 0.613175675 0.50343965 0.6317567562499999 0.5128205125 0.6317567562499999 0.5121951218749999 0.6140202703125001 0.528455284375 0.6140202703125001 0.5265791125 0.6047297296874999 0.5128205125 0.6047297296874999 0.5121951218749999 0.584459459375 0.502814259375 0.5853040546875 0.502814259375 0.60641891875 0.48530331406249994 0.605574325 0.4859287046875 0.613175675 0.5015634765625 0.613175675
2 0.5109443406249999 0.478885134375 0.502814259375 0.478885134375 0.502814259375 0.5346283781250001 0.5109443406249999 0.5346283781250001 0.5109443406249999 0.478885134375
2 0.6785490937499999 0.490709459375 0.6704190125 0.490709459375 0.6704190125 0.5396959453125 0.6785490937499999 0.5396959453125 0.6785490937499999 0.490709459375
4 0.424015009375 0.6545608109375001 0.42338961875000003 0.6875 0.35334584062499996 0.6875 0.35334584062499996 0.940033784375 0.5015634765625 0.9391891890625 0.502814259375 0.6520270265625 0.424015009375 0.6545608109375001
2 0.4421513453125 0.6731418921875 0.4477798625 0.67483108125 0.44903064375 0.6545608109375001 0.46278924374999997 0.65625 0.463414634375 0.64358108125 0.44652908125 0.64358108125 0.44715447187499996 0.6233108109375001 0.4434021265625 0.6233108109375001 0.4421513453125 0.6452702703125001 0.4271419640625 0.64358108125 0.42589118125000003 0.653716215625 0.4427767359375 0.6554054046875 0.4421513453125 0.6731418921875
2 0.0419011875 0.146114865625 0.05440900625 0.146959459375 0.056285178125 0.1638513515625 0.0662914328125 0.1638513515625 0.0662914328125 0.146959459375 0.0831769859375 0.146959459375 0.0831769859375 0.13766891875 0.0662914328125 0.13766891875 0.065666040625 0.121621621875 0.055034396875 0.121621621875 0.0556597875 0.13766891875 0.0419011875 0.136824325 0.0419011875 0.146114865625
2 0.1626016265625 0.121621621875 0.16823014375 0.128378378125 0.1701063171875 0.11148648593749999 0.191994996875 0.11233108124999999 0.19136960625 0.0827702703125 0.16823014375 0.08108108124999999 0.16823014375 0.059966215625 0.1638524078125 0.0608108109375 0.1638524078125 0.081925675 0.1438399 0.0802364859375 0.14258911875 0.11233108124999999 0.1638524078125 0.11148648593749999 0.1626016265625 0.121621621875
1 0.22138836718750002 0.203547296875 0.11444652968749999 0.203547296875 0.11444652968749999 0.41216216250000004 0.22138836718750002 0.41216216250000004 0.22138836718750002 0.203547296875
2 0.16572857968750002 0.222128378125 0.1719824890625 0.222128378125 0.1719824890625 0.2043918921875 0.191994996875 0.2043918921875 0.191994996875 0.190878378125 0.1707317078125 0.190878378125 0.1707317078125 0.1706081078125 0.1638524078125 0.16891891875 0.1632270171875 0.19003378437500001 0.1438399 0.1917229734375 0.14258911875 0.202702703125 0.16510318906250002 0.2018581078125 0.16572857968750002 0.222128378125
2 0.080675421875 0.26266891875 0.094434021875 0.26266891875 0.0950594125 0.2804054046875 0.11444652968749999 0.2804054046875 0.11507192031249999 0.2643581078125 0.1300813015625 0.265202703125 0.1319574734375 0.25675675625 0.11507192031249999 0.25675675625 0.11444652968749999 0.234797296875 0.095684803125 0.2356418921875 0.095684803125 0.25337837812499997 0.080675421875 0.25337837812499997 0.080675421875 0.26266891875
2 0.08005003125 0.38766891875 0.0950594125 0.390202703125 0.0950594125 0.40709459531250003 0.11632270156249999 0.40540540468749997 0.11632270156249999 0.3893581078125 0.1313320828125 0.3893581078125 0.1313320828125 0.38175675625 0.11569731093749999 0.3809121625 0.11444652968749999 0.36317567500000003 0.09631019375 0.3614864859375 0.09756097500000001 0.37837837812499997 0.0825515953125 0.3800675671875 0.08005003125 0.38766891875
1 0.0093808625 0.5422297296874999 0.22138836718750002 0.541385134375 0.222013759375 0.4231418921875 0.11569731093749999 0.42652027031250006 0.11507192031249999 0.45692567500000003 0.0093808625 0.45692567500000003 0.0093808625 0.5422297296874999
2 0.1669793625 0.4425675671875 0.1726078796875 0.4425675671875 0.1726078796875 0.42483108124999996 0.19387116875 0.42483108124999996 0.1944965609375 0.4113175671875 0.1726078796875 0.41300675625 0.1726078796875 0.3918918921875 0.16572857968750002 0.3927364859375 0.1669793625 0.4104729734375 0.14759224531249998 0.4113175671875 0.145716071875 0.4231418921875 0.1669793625 0.42483108124999996 0.1669793625 0.4425675671875
2 0.23014384062499998 0.44425675625 0.22263915 0.44425675625 0.22263915 0.5016891890624999 0.23014384062499998 0.5016891890624999 0.23014384062499998 0.44425675625
1 0.1388367734375 0.5548986484375 0.06504065 0.5548986484375 0.06504065 0.6942567562499999 0.1388367734375 0.6942567562499999 0.1388367734375 0.5548986484375
2 0.1013133203125 0.5734797296874999 0.10756722968750002 0.5760135140625 0.10631644843750002 0.5565878375 0.12382739218750001 0.5565878375 0.1257035640625 0.5447635140625 0.10631644843750002 0.5456081078125 0.10694183906250002 0.5253378375 0.1013133203125 0.5253378375 0.1006879296875 0.54391891875 0.0831769859375 0.543074325 0.0825515953125 0.5557432437500001 0.103814884375 0.5540540546875 0.1013133203125 0.5734797296874999
2 0.0362726703125 0.6216216218749999 0.0537836140625 0.6207770265625 0.0525328328125 0.63766891875 0.0669168234375 0.6385135140625 0.0662914328125 0.6216216218749999 0.079424640625 0.6233108109375001 0.08005003125 0.6106418921875 0.065666040625 0.6106418921875 0.065666040625 0.5954391890624999 0.05440900625 0.5929054046875 0.0556597875 0.61233108125 0.039399625 0.6114864859375 0.0362726703125 0.6216216218749999
4 0.22263915 0.7263513515625 0.11507192031249999 0.7271959453125 0.11444652968749999 0.7052364859375 0.06504065 0.7052364859375 0.06378986875 0.8766891890625 0.223264540625 0.8733108109375 0.22263915 0.7263513515625
2 0.08818011249999999 0.7255067562499999 0.0950594125 0.7271959453125 0.094434021875 0.7052364859375 0.10881801093750001 0.7052364859375 0.10944340156250001 0.6917229734375 0.0950594125 0.6917229734375 0.0938086296875 0.6739864859375 0.08818011249999999 0.6731418921875 0.08818011249999999 0.6908783781250001 0.073796121875 0.6917229734375 0.07317073125 0.7043918921875 0.08818011249999999 0.7043918921875 0.08818011249999999 0.7255067562499999
2 0.121325828125 0.6511824328125 0.1400875546875 0.6503378375 0.1394621640625 0.6697635140625 0.14759224531249998 0.6697635140625 0.14821763593749998 0.6528716218749999 0.1644777984375 0.653716215625 0.1644777984375 0.644425675 0.14821763593749998 0.644425675 0.14759224531249998 0.6283783781250001 0.1413383359375 0.6266891890624999 0.1394621640625 0.64358108125 0.1250781734375 0.64358108125 0.121325828125 0.6511824328125
2 0.1400875546875 0.5954391890624999 0.14759224531249998 0.596283784375 0.14821763593749998 0.578547296875 0.1644777984375 0.578547296875 0.1644777984375 0.571790540625 0.14821763593749998 0.572635134375 0.14821763593749998 0.5540540546875 0.1413383359375 0.550675675 0.1400875546875 0.572635134375 0.1250781734375 0.572635134375 0.1257035640625 0.5793918921875 0.1400875546875 0.58108108125 0.1400875546875 0.5954391890624999
2 0.11694809218749999 0.91891891875 0.12382739218750001 0.9197635140625 0.12382739218750001 0.9020270265624999 0.1382113828125 0.9011824328125 0.13758599062500002 0.8741554046875001 0.12320200156250001 0.8741554046875001 0.12195121874999999 0.8547297296874999 0.11757348281249999 0.8547297296874999 0.11694809218749999 0.8733108109375 0.1013133203125 0.8758445953124999 0.1019387109375 0.9020270265624999 0.11632270156249999 0.902871621875 0.11694809218749999 0.91891891875
3 0.40087554687500004 0.940878378125 0.3164477796875 0.940878378125 0.3164477796875 0.966216215625 0.40087554687500004 0.966216215625 0.40087554687500004 0.940878378125
3 0.1019387109375 0.8766891890625 0.007504690625 0.8766891890625 0.007504690625 0.9011824328125 0.1019387109375 0.9011824328125 0.1019387109375 0.8766891890625
3 0.21450906875000003 0.96875 0.24828017500000002 0.96875 0.24890556562500002 0.9417229734375001 0.23076923124999998 0.9434121624999999 0.23014384062499998 0.8758445953124999 0.185115696875 0.875 0.18449030625 0.9003378375000001 0.21388367656249999 0.89949324375 0.21450906875000003 0.96875
3 0.5247029390625 0.8344594593749999 0.5553470921875 0.833614865625 0.5553470921875 0.80574324375 0.50343965 0.80574324375 0.502814259375 0.940033784375 0.4690431515625 0.9391891890625 0.470293934375 0.9670608109375 0.5247029390625 0.9670608109375 0.5247029390625 0.8344594593749999
1 0.30519074375 0.540540540625 0.39337085625 0.541385134375 0.392745465625 0.42483108124999996 0.29768605312499996 0.42398648593750005 0.29643527187499996 0.4358108109375 0.23076923124999998 0.4358108109375 0.23076923124999998 0.515202703125 0.305816134375 0.515202703125 0.30519074375 0.540540540625
3 0.3039399625 0.5168918921875 0.2295184484375 0.5168918921875 0.2295184484375 0.543074325 0.3039399625 0.543074325 0.3039399625 0.5168918921875
3 0.21763602187500003 0.6942567562499999 0.11757348281249999 0.6942567562499999 0.11757348281249999 0.7255067562499999 0.21763602187500003 0.7255067562499999 0.21763602187500003 0.6942567562499999
3 0.2914321453125 0.6934121625 0.2288930578125 0.6934121625 0.2288930578125 0.7255067562499999 0.2914321453125 0.7255067562499999 0.2914321453125 0.6934121625
3 0.22138836718750002 0.22635135156250002 0.27204502812500003 0.22466216249999998 0.27016885625 0.199324325 0.241400875 0.1984797296875 0.240775484375 0.08530405468749999 0.191994996875 0.083614865625 0.190744215625 0.11064189218750001 0.21951219531250002 0.11064189218750001 0.22138836718750002 0.22635135156250002
3 0.502814259375 0.2863175671875 0.5559724828125 0.2871621625 0.5553470921875 0.26182432499999997 0.5247029390625 0.26182432499999997 0.5247029390625 0.20016891874999998 0.47904940625 0.20016891874999998 0.47967479687500003 0.22635135156250002 0.50218886875 0.22635135156250002 0.502814259375 0.2863175671875
3 0.6366479046875 0.28800675625 0.6785490937499999 0.2863175671875 0.679174484375 0.22466216249999998 0.7191995 0.2238175671875 0.7191995 0.197635134375 0.6585365859375 0.1984797296875 0.65791119375 0.2609797296875 0.6360225140625 0.2609797296875 0.6366479046875 0.28800675625
3 0.41088180156250004 0.20016891874999998 0.3414634140625 0.20016891874999998 0.3414634140625 0.22550675625 0.41088180156250004 0.22550675625 0.41088180156250004 0.20016891874999998
3 0.29580988124999996 0.42229729687499995 0.2288930578125 0.42229729687499995 0.2288930578125 0.434966215625 0.29580988124999996 0.434966215625 0.29580988124999996 0.42229729687499995
3 0.67166979375 0.45777027031250006 0.6110068796875 0.45777027031250006 0.6110068796875 0.48395270312500005 0.67166979375 0.48395270312500005 0.67166979375 0.45777027031250006
3 0.8367729828125 0.7415540546875 0.8017510937500001 0.7415540546875 0.8017510937500001 0.766047296875 0.8986866796875 0.7668918921875 0.8986866796875 0.7440878375 0.8599124453125 0.7415540546875 0.8599124453125 0.22128378437500001 0.9005628515625 0.22128378437500001 0.9011882421875 0.1951013515625 0.8011257031250001 0.197635134375 0.8011257031250001 0.22297297343750003 0.8380237656249999 0.222128378125 0.8367729828125 0.7415540546875
3 0.6929330828125 0.766047296875 0.7191995 0.7668918921875 0.7191995 0.740709459375 0.671044403125 0.7415540546875 0.6697936203125 0.8074324328125 0.6360225140625 0.8074324328125 0.6353971234375 0.8344594593749999 0.6923076921875 0.8344594593749999 0.6929330828125 0.766047296875
6 0.848655409375 0.7668918921875 0.8455284546874999 0.7668918921875 0.8455284546874999 0.8217905406250001 0.848655409375 0.8217905406250001 0.848655409375 0.7668918921875
6 0.9305816140625 0.43158783749999996 0.9387116953125 0.43158783749999996 0.9380863046875 0.42145270312500005 0.9643527203125 0.42145270312500005 0.9643527203125 0.4104729734375 0.9399624765624999 0.4104729734375 0.9387116953125 0.3885135140625 0.862414009375 0.3885135140625 0.8605378359375001 0.396959459375 0.9312070046875001 0.396959459375 0.9305816140625 0.43158783749999996
0 0.92933083125 0.5016891890624999 0.8599124453125 0.5016891890624999 0.8599124453125 0.541385134375 0.92933083125 0.541385134375 0.92933083125 0.5016891890624999
6 0.8586616640625 0.5016891890624999 0.9387116953125 0.5008445953125 0.9380863046875 0.4738175671875 0.9299562218749999 0.4738175671875 0.9312070046875001 0.490709459375 0.8592870546875 0.4915540546875 0.8586616640625 0.5016891890624999
6 0.7385866171875 0.42229729687499995 0.758599125 0.42398648593750005 0.766103815625 0.42229729687499995 0.76672920625 0.3978040546875 0.83864915625 0.3978040546875 0.8373983734375001 0.3885135140625 0.7579737328125 0.390202703125 0.7579737328125 0.41216216250000004 0.7360850531249999 0.41216216250000004 0.7385866171875 0.42229729687499995
0 0.8355222015624999 0.502533784375 0.768605378125 0.502533784375 0.768605378125 0.543074325 0.8355222015624999 0.543074325 0.8355222015624999 0.502533784375
6 0.8373983734375001 0.490709459375 0.767354596875 0.4915540546875 0.76672920625 0.46790540468749997 0.758599125 0.46959459531250003 0.758599125 0.5016891890624999 0.8373983734375001 0.5008445953125 0.8373983734375001 0.490709459375
6 0.6785490937499999 0.4923986484375 0.6785490937499999 0.42229729687499995 0.7010631640625 0.42145270312500005 0.7010631640625 0.4146959453125 0.679174484375 0.41216216250000004 0.679174484375 0.2854729734375 0.6704190125 0.2854729734375 0.6697936203125 0.48902027031250006 0.6785490937499999 0.4923986484375
6 0.470919325 0.41300675625 0.4690431515625 0.42145270312500005 0.504065040625 0.42229729687499995 0.50343965 0.478040540625 0.5109443406249999 0.48057432499999997 0.5109443406249999 0.46790540468749997 0.5328330203125 0.46875 0.5328330203125 0.45777027031250006 0.5109443406249999 0.45777027031250006 0.51156973125 0.28800675625 0.502814259375 0.2871621625 0.50218886875 0.41300675625 0.470919325 0.41300675625
6 0.46404002499999997 0.64358108125 0.46278924374999997 0.6528716218749999 0.50343965 0.6520270265625 0.50343965 0.8074324328125 0.5109443406249999 0.8074324328125 0.5121951218749999 0.6309121625 0.50343965 0.6317567562499999 0.504065040625 0.6452702703125001 0.46404002499999997 0.64358108125
6 0.35334584062499996 0.644425675 0.34459036875 0.644425675 0.34459036875 0.9425675671875 0.35334584062499996 0.940033784375 0.35334584062499996 0.684966215625 0.42213883750000003 0.6866554046875 0.42151344531249996 0.6503378375 0.42651657343749994 0.6520270265625 0.42651657343749994 0.644425675 0.41400875625 0.644425675 0.41400875625 0.677364865625 0.35334584062499996 0.677364865625 0.35334584062499996 0.644425675
6 0.2901813640625 0.702702703125 0.3095684796875 0.703547296875 0.3095684796875 0.6925675671875 0.3076923078125 0.6925675671875 0.3070669171875 0.6672297296874999 0.30143839843750003 0.6672297296874999 0.2995622265625 0.6925675671875 0.2901813640625 0.6925675671875 0.2901813640625 0.702702703125
6 0.05691056875 0.5954391890624999 0.06378986875 0.59375 0.063164478125 0.5540540546875 0.0831769859375 0.5515202703125001 0.0831769859375 0.54391891875 0.0068793000000000005 0.54391891875 0.00813008125 0.5548986484375 0.056285178125 0.5540540546875 0.05691056875 0.5954391890624999
6 0.073796121875 0.702702703125 0.073796121875 0.6942567562499999 0.063164478125 0.6942567562499999 0.063164478125 0.6393581078125 0.056285178125 0.63766891875 0.0556597875 0.877533784375 0.063164478125 0.8766891890625 0.064415259375 0.7043918921875 0.073796121875 0.702702703125
6 0.14759224531249998 0.6706081078125 0.1394621640625 0.6706081078125 0.1394621640625 0.696790540625 0.14759224531249998 0.696790540625 0.14759224531249998 0.6706081078125
0 0.21638524062500003 0.5540540546875 0.14884302656249998 0.5540540546875 0.14884302656249998 0.596283784375 0.21638524062500003 0.596283784375 0.21638524062500003 0.5540540546875
0 0.2983114453125 0.553209459375 0.23076923124999998 0.553209459375 0.23076923124999998 0.5945945953125 0.2983114453125 0.5945945953125 0.2983114453125 0.553209459375
0 0.21763602187500003 0.6081081078125 0.14821763593749998 0.6081081078125 0.14821763593749998 0.6908783781250001 0.21763602187500003 0.6908783781250001 0.21763602187500003 0.6081081078125
0 0.2989368359375 0.605574325 0.23139462187499998 0.605574325 0.23139462187499998 0.6917229734375 0.2989368359375 0.6917229734375 0.2989368359375 0.605574325
1 0.055034396875 0.5548986484375 0.0093808625 0.5548986484375 0.0093808625 0.8758445953124999 0.055034396875 0.8758445953124999 0.055034396875 0.5548986484375
6 0.1438399 0.1917229734375 0.11006879375 0.1917229734375 0.11006879375 0.2010135140625 0.1438399 0.2010135140625 0.1438399 0.1917229734375
6 0.22013758593750002 0.19341216249999998 0.19136960625 0.19341216249999998 0.19136960625 0.2010135140625 0.22013758593750002 0.2010135140625 0.22013758593750002 0.19341216249999998
6 0.14759224531249998 0.4138513515625 0.113195746875 0.4138513515625 0.113195746875 0.42398648593750005 0.14759224531249998 0.42398648593750005 0.14759224531249998 0.4138513515625
3 0.144465290625 0.0827702703125 0.0043777359375 0.0827702703125 0.0043777359375 0.10895270312500001 0.144465290625 0.10895270312500001 0.144465290625 0.0827702703125
6 0.064415259375 0.10810810781249999 0.056285178125 0.10810810781249999 0.056285178125 0.121621621875 0.064415259375 0.121621621875 0.064415259375 0.10810810781249999
3 0.0118824265625 0.2043918921875 0.09631019375 0.203547296875 0.095684803125 0.2356418921875 0.11257035625 0.2356418921875 0.111944965625 0.18581081093750001 0.0125078171875 0.18496621562499999 0.0118824265625 0.2043918921875
6 0.064415259375 0.1638513515625 0.057535959375 0.1638513515625 0.057535959375 0.18581081093750001 0.064415259375 0.18581081093750001 0.064415259375 0.1638513515625
6 0.0037523453125 0.10810810781249999 0.00813008125 0.45523648593750005 0.01500938125 0.45523648593750005 0.0112570359375 0.10726351406250001 0.0037523453125 0.10810810781249999
3 0.096935584375 0.3302364859375 0.09756097500000001 0.36233108125 0.11444652968749999 0.3614864859375 0.113195746875 0.28125 0.09631019375 0.28125 0.09631019375 0.3116554046875 0.0131332078125 0.3116554046875 0.0137585984375 0.3302364859375 0.096935584375 0.3302364859375
3 0.11444652968749999 0.45608108124999996 0.1138211375 0.40625 0.09756097500000001 0.40625 0.09756097500000001 0.4391891890625 0.0162601625 0.43834459531250003 0.015634771875 0.45692567500000003 0.11444652968749999 0.45608108124999996
1 0.20325203281249998 0.059966215625 0.19387116875 0.0422297296875 0.17636022499999998 0.0270270265625 0.1626016265625 0.017736485937499998 0.0050031265625 0.0168918921875 0.0050031265625 0.08108108124999999 0.2120075046875 0.084459459375 0.20325203281249998 0.059966215625
1 0.057535959375 0.10979729687499999 0.0118824265625 0.10979729687499999 0.0118824265625 0.184121621875 0.057535959375 0.184121621875 0.057535959375 0.10979729687499999
1 0.1138211375 0.19003378437500001 0.21951219531250002 0.1917229734375 0.21888680468750002 0.11148648593749999 0.0662914328125 0.10979729687499999 0.065666040625 0.1832770265625 0.113195746875 0.184121621875 0.1138211375 0.19003378437500001
4 0.6691682296875 0.553209459375 0.5121951218749999 0.553209459375 0.5121951218749999 0.80574324375 0.6691682296875 0.80574324375 0.6691682296875 0.553209459375
0 0.9299562218749999 0.39949324375 0.8611632265625 0.39949324375 0.8611632265625 0.490709459375 0.9299562218749999 0.490709459375 0.9299562218749999 0.39949324375
0 0.8367729828125 0.3986486484375 0.767354596875 0.3986486484375 0.767354596875 0.489864865625 0.8367729828125 0.489864865625 0.8367729828125 0.3986486484375
1 0.963996246875 0.4247128375 0.94076923125 0.4247128375 0.94076923125 0.545371621875 0.963996246875 0.545371621875 0.963996246875 0.4247128375
6 0.6105378359375 0.458196790625 0.568323953125 0.458196790625 0.568323953125 0.4676984796875 0.6105378359375 0.4676984796875 0.6105378359375 0.458196790625