7 0.6089812203125 0.917339271875 0.4252159625 0.917339271875 0.4252159625 0.9527459328125 0.6089812203125 0.9527459328125 0.6089812203125 0.917339271875
7 0.195840375 0.9195507359375 0.13681690156249998 0.9195507359375 0.13681690156249998 0.9527498062499999 0.195840375 0.9527498062499999 0.195840375 0.9195507359375
7 0.321929578125 0.9184469406250001 0.2615633796875 0.9184469406250001 0.2615633796875 0.9505383421875001 0.321929578125 0.9505383421875001 0.321929578125 0.9184469406250001
7 0.46948356875 0.0243415953125 0.28437558749999997 0.0243415953125 0.28437558749999997 0.058648334375 0.46948356875 0.058648334375 0.46948356875 0.0243415953125
3 0.82494835625 0.0243493421875 0.7498309859375001 0.0243493421875 0.7498309859375001 0.059756003125 0.82494835625 0.059756003125 0.82494835625 0.0243493421875
3 0.549962440625 0.024345468749999998 0.4681408453125 0.024345468749999998 0.4681408453125 0.0575445390625 0.549962440625 0.0575445390625 0.549962440625 0.024345468749999998
3 0.6814225359375 0.0254531375 0.617037559375 0.0254531375 0.617037559375 0.0586522078125 0.6814225359375 0.0586522078125 0.6814225359375 0.0254531375
3 0.4265586859375 0.9184469406250001 0.31924413125 0.9184469406250001 0.31924413125 0.9527536796874999 0.4265586859375 0.9527536796874999 0.4265586859375 0.9184469406250001
3 0.6841032859375 0.917339271875 0.608985915625 0.917339271875 0.608985915625 0.9527459328125 0.6841032859375 0.9527459328125 0.6841032859375 0.917339271875
6 0.6472166328125 0.5438751796875 0.648558015625 0.63461325625 0.5191146875 0.6340599765625 0.52045606875 0.5422153375 0.5452716296875 0.5422153375 0.5452716296875 0.5261701890625 0.3856472171875 0.5272767515625 0.3890006703125 0.436538675 0.5097250171875001 0.43598539374999995 0.5077129453125 0.42879274062499995 0.3682092546875 0.42657961718750004 0.371562709375 0.541108775 0.38095238125 0.541108775 0.38229376249999997 0.546641584375 0.5077129453125 0.5449817421875001 0.5070422531250001 0.6440190328125001 0.784037559375 0.6434657515625 0.7820254859375 0.6340599765625 0.6592890671875 0.6324001328125 0.6592890671875 0.5433218984375 0.6472166328125 0.5438751796875
3 0.8115399062499999 0.5422153375 0.7806854453125001 0.5422153375 0.7806854453125001 0.6429124703125 0.8115399062499999 0.6429124703125 0.8115399062499999 0.5422153375
3 0.09121395 0.85869204375 0.09121395 0.8697576625 0.0684104625 0.8686510999999999 0.06706908125 0.9184463875000001 0.0402414484375 0.9195529484374999 0.0402414484375 0.9527498062499999 0.1368209265625 0.9527498062499999 0.1368209265625 0.9206595109375 0.126089871875 0.9206595109375 0.126089871875 0.847626425 0.0979208578125 0.8465198624999999 0.10060362187500001 0.85869204375 0.09121395 0.85869204375
3 0.1945003359375 0.15381210625 0.24815559999999998 0.15270554375 0.2508383640625 0.05754121875 0.28705566718750003 0.05754121875 0.28705566718750003 0.0243443625 0.20120724375000001 0.0243443625 0.20120724375000001 0.11729556249999999 0.1931589546875 0.11729556249999999 0.1945003359375 0.15381210625
2 0.5788061703125 0.0791191765625 0.58618376875 0.08077901875 0.58618376875 0.0614141859375 0.6177062375 0.06086090625 0.6170355468750001 0.0232378 0.5875251515625 0.0232378 0.586854459375 0.0049795281249999995 0.58081824375 0.0038729671875000005 0.5788061703125 0.0221312390625 0.5486250828125 0.0232378 0.5499664656250001 0.05975434375000001 0.5781354796875 0.05975434375000001 0.5788061703125 0.0791191765625
2 0.7122736421875 0.08077901875 0.7183098593749999 0.08077901875 0.7183098593749999 0.06086090625 0.7511737093749999 0.05975434375000001 0.7505030171875 0.0243443625 0.720992621875 0.023791081250000002 0.72032193125 0.0033196859374999997 0.7142857140625 0.0027664046875 0.7136150234375 0.0248976421875 0.6807511734375 0.0243443625 0.6814218640624999 0.0614141859375 0.7129443328125 0.060307625 0.7122736421875 0.08077901875
2 0.5801475515625001 0.1975213015625 0.588195840625 0.1975213015625 0.588195840625 0.17704990625 0.6197183093749999 0.17704990625 0.6197183093749999 0.1621113203125 0.586854459375 0.1621113203125 0.586854459375 0.14108664375 0.5794768609375 0.14053336249999998 0.58081824375 0.1621113203125 0.5486250828125 0.1615580390625 0.55063715625 0.17594334375 0.58081824375 0.17594334375 0.5801475515625001 0.1975213015625
1 0.2515090546875 0.5167644124999999 0.3695506375 0.5162111312500001 0.3695506375 0.2954520296875 0.28839704843749997 0.29434546875 0.28973843125 0.38729666875 0.248826290625 0.38784995 0.2515090546875 0.5167644124999999
2 0.3272971171875 0.31813655 0.3333333328125 0.31813655 0.33534540625 0.29655859218749997 0.3655264921875 0.2954520296875 0.3661971828125 0.28383312968749996 0.336016096875 0.28272656875 0.3346747140625 0.2617018921875 0.328638496875 0.26114861093749997 0.3272971171875 0.28162000625 0.29644533906250004 0.28272656875 0.29644533906250004 0.29489875 0.3272971171875 0.29489875 0.3272971171875 0.31813655
2 0.34540576875 0.31758326875 0.34339369531249997 0.3264357640625 0.3675385640625 0.324222640625 0.3668678734375 0.34303419218750003 0.3896713609375 0.34303419218750003 0.3890006703125 0.324222640625 0.41180415937500003 0.324222640625 0.413145540625 0.31758326875 0.3869885984375 0.31758326875 0.3876592890625 0.29932499687499997 0.36887994687500003 0.29932499687499997 0.36887994687500003 0.31813655 0.34540576875 0.31758326875
2 0.3440643859375 0.4005754125 0.3440643859375 0.406108221875 0.3655264921875 0.40666150312499993 0.3668678734375 0.4260263359375 0.3876592890625 0.42713289843749996 0.3896713609375 0.40666150312499993 0.41113346718750005 0.40666150312499993 0.41180415937500003 0.4005754125 0.38631790781249997 0.40112869375000004 0.3869885984375 0.381763859375 0.3675385640625 0.381763859375 0.3675385640625 0.4005754125 0.3440643859375 0.4005754125
4 0.12810194531250002 0.62299435625 0.126089871875 0.73088414375 0.136150234375 0.7319907046874999 0.137491615625 0.747482571875 0.110663984375 0.7485891328125 0.112005365625 0.8437534578125 0.137491615625 0.8454133 0.1401743796875 0.863118290625 0.126089871875 0.8625650109375 0.1274312546875 0.9195529484374999 0.38229376249999997 0.91789310625 0.381623071875 0.9007413968750001 0.3722334 0.899634834375 0.3722334 0.88027 0.40174379687500006 0.88027 0.4004024140625 0.901294678125 0.39436619687499996 0.901294678125 0.3970489609375 0.91789310625 0.648558015625 0.917339825 0.648558015625 0.6949208812500001 0.5949027499999999 0.6954741624999999 0.5955734406250001 0.67057651875 0.64453386875 0.6700232374999999 0.64453386875 0.6445723140624999 0.50503018125 0.6456788765625 0.5070422531250001 0.5449817421875001 0.382964453125 0.5471948656250001 0.38095238125 0.5416620562500001 0.3735747828125 0.541108775 0.3735747828125 0.548854709375 0.22266935000000002 0.548854709375 0.22334004062499999 0.541108775 0.1254191828125 0.5422153375 0.126089871875 0.568772821875 0.1213950359375 0.569326103125 0.120724346875 0.6213345140625 0.12810194531250002 0.62299435625
2 0.5754527171875 0.560473609375 0.582830315625 0.5610268890625 0.582830315625 0.5455350218749999 0.615694165625 0.5455350218749999 0.615694165625 0.5256169093749999 0.582830315625 0.5261701890625 0.582159625 0.5090184796874999 0.5741113343750001 0.5090184796874999 0.574782025 0.5261701890625 0.5425888671875 0.5261701890625 0.5425888671875 0.5438751796875 0.5767940968749999 0.5438751796875 0.5754527171875 0.560473609375
2 0.71763916875 0.557153921875 0.7270288390624999 0.557707203125 0.728370221875 0.5455350218749999 0.7605633796875 0.54276861875 0.7592219984375 0.5250636281250001 0.728370221875 0.5261701890625 0.728370221875 0.50680535625 0.7223340031250001 0.5073586359375 0.720992621875 0.5256169093749999 0.6881287734375 0.5256169093749999 0.68745808125 0.5438751796875 0.7183098593749999 0.5433218984375 0.71763916875 0.557153921875
2 0.8886653250000001 0.4785880265625 0.8879946343749999 0.48467411718750003 0.9181757218750001 0.48301427500000005 0.9188464125 0.5051455125000001 0.9342722999999999 0.5051455125000001 0.9349429921875 0.4841208359375 0.9637826953124999 0.48356755468749996 0.9644533875000001 0.47969458906250007 0.9349429921875 0.4785880265625 0.933601609375 0.45424366406249994 0.9175050296875 0.4547969453125 0.9188464125 0.47803474531249995 0.8886653250000001 0.4785880265625
6 0.13816431875 0.8454105343749999 0.127431925 0.8454105343749999 0.127431925 0.8636677 0.13816431875 0.8636677 0.13816431875 0.8454105343749999
6 0.4339369546875 0.699347128125 0.537223340625 0.698240565625 0.537223340625 0.688834790625 0.392354125 0.6899413531249999 0.39168343437500003 0.6263140421875 0.38229376249999997 0.6268673234375 0.38095238125 0.7845523953125 0.38229376249999997 0.7906384859375 0.4332662640625 0.7900852046875 0.4339369546875 0.699347128125
3 0.39906572812499996 0.8824864453125001 0.3742488265625 0.8824864453125001 0.3742488265625 0.8996359406250001 0.39906572812499996 0.8996359406250001 0.39906572812499996 0.8824864453125001
6 0.39436150312499996 0.900743609375 0.38430516406250004 0.900743609375 0.38430516406250004 0.91789310625 0.39436150312499996 0.91789310625 0.39436150312499996 0.900743609375
3 0.3997317234375 0.7911917671875 0.38095238125 0.7911917671875 0.380281690625 0.7839991140625 0.3742454734375 0.7839991140625 0.3749161640625 0.80059754375 0.3990610328125 0.7994909812500001 0.3997317234375 0.7911917671875
3 0.3722334 0.5167644124999999 0.34339369531249997 0.5167644124999999 0.346076459375 0.548854709375 0.3749161640625 0.547748146875 0.3722334 0.5167644124999999
6 0.689474178125 0.526719596875 0.6163661968749999 0.526719596875 0.6163661968749999 0.5433191328125 0.689474178125 0.5433191328125 0.689474178125 0.526719596875
6 0.9423205906250001 0.5256169093749999 0.9315895375000001 0.5256169093749999 0.919517103125 0.5256169093749999 0.7598926890625 0.5256169093749999 0.7605633796875 0.5422153375 0.94299128125 0.54276861875 0.9423205906250001 0.5256169093749999
6 0.9315868546875 0.505697134375 0.9195117375 0.505697134375 0.9195117375 0.525611928125 0.9315868546875 0.525611928125 0.9315868546875 0.505697134375
6 0.8001341375000001 0.4276861796875 0.798122065625 0.058647781249999996 0.7813547953125 0.0592010625 0.7826961781249999 0.16432444375 0.6579476859375 0.16432444375 0.6559356140625 0.056987939062500007 0.64453386875 0.05754121875 0.6458752515625 0.16543100625 0.618376928125 0.164877725 0.61904761875 0.17373022031250002 0.784037559375 0.1742835015625 0.7826961781249999 0.4370919546875 0.92018779375 0.436538675 0.9188464125 0.45424366406249994 0.9295774640625 0.45203054218750005 0.93024815625 0.43598539374999995 0.9396378265625 0.43432554999999995 0.9376257546875 0.42657961718750004 0.8001341375000001 0.4276861796875
6 0.370221328125 0.29434546875 0.370221328125 0.2982184359375 0.38631790781249997 0.29932499687499997 0.3856472171875 0.29434546875 0.5077129453125 0.29379218749999997 0.5077129453125 0.3491202828125 0.3856472171875 0.348013721875 0.3869885984375 0.3424809109375 0.36887994687500003 0.3424809109375 0.370221328125 0.38121057812500003 0.3856472171875 0.38121057812500003 0.3856472171875 0.3568662171875 0.508383634375 0.3563129359375 0.5103957078125 0.436538675 0.5251509046875 0.4354321125 0.5238095234375 0.1731769390625 0.5486250828125 0.17373022031250002 0.5486250828125 0.16377116249999998 0.5238095234375 0.16432444375 0.5231388328125 0.058647781249999996 0.505700871875 0.058647781249999996 0.5063715625 0.2854929734375 0.3661971828125 0.2843864109375 0.3655264921875 0.29434546875 0.370221328125 0.29434546875
6 0.2340710921875 0.1753900625 0.23809523906250002 0.5195308187500001 0.250167671875 0.51842425625 0.248826290625 0.38619010781249996 0.28973843125 0.38674338750000004 0.28705566718750003 0.29379218749999997 0.2971160296875 0.2932389078125 0.2971160296875 0.28272656875 0.24681421874999998 0.2849396921875 0.2494969828125 0.254509240625 0.25620389062500004 0.254509240625 0.2541918171875 0.241230496875 0.247484909375 0.241230496875 0.24815559999999998 0.17373022031250002 0.2548625078125 0.17373022031250002 0.2548625078125 0.1565785109375 0.247484909375 0.1565785109375 0.247484909375 0.1504924203125 0.23608316562499998 0.15270554375 0.235412475 0.1604514765625 0.22937625781249998 0.1604514765625 0.22937625781249998 0.1720703765625 0.2340710921875 0.1753900625
6 0.1522468140625 0.523957065625 0.0925553328125 0.522850503125 0.091884640625 0.5471948656250001 0.10462776562500001 0.548301428125 0.1052984578125 0.7325439859375 0.10060362187500001 0.7325439859375 0.1012743125 0.84707314375 0.11133467500000001 0.847626425 0.10865191249999999 0.7458227281250001 0.134808853125 0.748035853125 0.134808853125 0.7330972671875 0.1254191828125 0.7314374234375001 0.1267605640625 0.62299435625 0.1200536546875 0.62299435625 0.120724346875 0.5676662609375 0.1267605640625 0.5676662609375 0.124748490625 0.5422153375 0.22266935000000002 0.54055549375 0.22334004062499999 0.5278300312499999 0.1529175046875 0.52893659375 0.1522468140625 0.523957065625
1 0.6445305171875 0.058098373437499996 0.5238075125 0.058098373437499996 0.5238075125 0.165433771875 0.6445305171875 0.165433771875 0.6445305171875 0.058098373437499996
1 0.7806854453125001 0.059756003125 0.65861971875 0.059756003125 0.65861971875 0.16321843593750002 0.7806854453125001 0.16321843593750002 0.7806854453125001 0.059756003125
5 0.7826948359375 0.173733540625 0.5244788734375 0.173733540625 0.5244788734375 0.4061115421875 0.7826948359375 0.4061115421875 0.7826948359375 0.173733540625
4 0.50502816875 0.060305964062499995 0.2481549296875 0.060305964062499995 0.2481549296875 0.284388071875 0.50502816875 0.284388071875 0.50502816875 0.060305964062499995
1 0.3876592890625 0.5256169093749999 0.9188464125 0.523957065625 0.9188464125 0.4387517984375 0.7820254859375 0.43764523593750004 0.7813547953125 0.406108221875 0.525821596875 0.40666150312499993 0.5251509046875 0.436538675 0.3896713609375 0.4370919546875 0.3876592890625 0.5256169093749999
0 0.50838028125 0.35741673125 0.3856478875 0.35741673125 0.3856478875 0.42658017031249995 0.50838028125 0.42658017031249995 0.50838028125 0.35741673125
1 0.5070422531250001 0.29434159531250004 0.387661971875 0.29434159531250004 0.387661971875 0.3496707984375 0.5070422531250001 0.3496707984375 0.5070422531250001 0.29434159531250004
2 0.3447370890625 0.5189775375 0.26157277031250004 0.5189775375 0.26157277031250004 0.5477459328125 0.3447370890625 0.5477459328125 0.3447370890625 0.5189775375
3 0.22266935000000002 0.5383423703125 0.2219986578125 0.548301428125 0.25955734375 0.548301428125 0.25955734375 0.5189775375 0.23742454687499998 0.51842425625 0.238765928125 0.5261701890625 0.22401073125 0.5267234703125 0.22266935000000002 0.5383423703125
6 0.648558015625 0.6949208812500001 0.648558015625 0.9189996671875 0.661301140625 0.9184463875000001 0.6599597593750001 0.6949208812500001 0.67471495625 0.69602744375 0.67471495625 0.6429124703125 0.6472166328125 0.6434657515625 0.6472166328125 0.6722363625 0.59624413125 0.6727896421875 0.5955734406250001 0.69602744375 0.648558015625 0.6949208812500001
2 0.22669349374999997 0.9737744828125001 0.23340040312500002 0.9737744828125001 0.2327297125 0.9555162109375 0.2635814890625 0.9549629296875001 0.2629107984375 0.917339825 0.2327297125 0.9162332640624999 0.2320590203125 0.8968684296875 0.227364184375 0.8968684296875 0.227364184375 0.9184463875000001 0.1945003359375 0.9184463875000001 0.19517102656250002 0.9538563671875 0.227364184375 0.9533030874999999 0.22669349374999997 0.9737744828125001