4 0.33771960624999997 0.25032161249999996 0.31180604375 0.253001715625 0.31136683125000003 0.28409090937500003 0.32498243125 0.29052315625 0.32498243125 0.3049957125 0.322347153125 0.3049957125 0.321029515625 0.360741853125 0.360119465625 0.3623499140625 0.360119465625 0.36931818125000004 0.36275474375 0.3730703265625 0.359241040625 0.45508147499999996 0.3609978921875 0.4529373921875 0.36231553125 0.47009005156250006 0.35616655 0.46955403125000006 0.3557273359375 0.49099485468750004 0.31883344999999996 0.49045883437500004 0.31883344999999996 0.49903516249999996 0.3078531265625 0.49903516249999996 0.3078531265625 0.7032590046875 0.6851370343750001 0.7032590046875 0.6838193953125 0.6893224703125 0.688211525 0.688250428125 0.6873330984375 0.6850343046875 0.6846978218750001 0.6850343046875 0.688211525 0.5981989703124999 0.6846978218750001 0.5971269296874999 0.685576246875 0.5778301890625 0.6886507374999999 0.5569253859375001 0.6873330984375 0.49957118281249996 0.6851370343750001 0.49849914218749997 0.6851370343750001 0.48295454531250004 0.6987526359375 0.48188250468750005 0.698313421875 0.49957118281249996 0.6991918484374999 0.503323328125 0.69523893125 0.527980275 0.6956781453125 0.58319039375 0.697434996875 0.5815823328125 0.697434996875 0.5772941687500001 0.74618763125 0.5579974265625001 0.7466268453125 0.5531732421875 0.7633169359374999 0.5488850765625 0.7663914265625 0.543524871875 0.81868411875 0.5494210984375 0.8814915671874999 0.551029159375 0.880613140625 0.541916809375 0.8850052703125 0.5424528296875 0.8850052703125 0.5515651796875 0.8880797609375 0.54995711875 0.8872013359375 0.49849914218749997 0.8757817984375 0.49903516249999996 0.8757817984375 0.4931389359375 0.7752020374999999 0.49367495781250004 0.7752020374999999 0.4400728984375 0.7378689390625001 0.4400728984375 0.7383081515625001 0.39236706718750003 0.7831078703125 0.39183104687500003 0.7826774421875 0.0809391078125 0.31224525625 0.0809391078125 0.3131236828125 0.152765865625 0.33728039375 0.152765865625 0.33771960624999997 0.25032161249999996
3 0.5162403375 0.07850771875 0.50326774375 0.07850771875 0.50326774375 0.0916981125 0.5162403375 0.0916981125 0.5162403375 0.07850771875
3 0.6913914265625001 0.0798284734375 0.6784188328125 0.0798284734375 0.6784188328125 0.09301886718749999 0.6913914265625001 0.09301886718749999 0.6913914265625001 0.0798284734375
3 0.517326071875 0.2856560890625 0.50381236875 0.2856560890625 0.50381236875 0.30214837031249997 0.517326071875 0.30214837031249997 0.517326071875 0.2856560890625
3 0.6924701328125 0.2863164671875 0.6789564296874999 0.2863164671875 0.6789564296874999 0.3028087484375 0.6924701328125 0.3028087484375 0.6924701328125 0.2863164671875
6 0.688685875 0.5001072046874999 0.688685875 0.5269082328125 0.69483485625 0.5258361921875 0.6979093468750001 0.49957118281249996 0.688685875 0.5001072046874999
3 0.697874209375 0.4829116640625 0.68436050625 0.4829116640625 0.68436050625 0.4994039453125 0.697874209375 0.4994039453125 0.697874209375 0.4829116640625
3 0.5146205203124999 0.4829116640625 0.5011068171875 0.4829116640625 0.5011068171875 0.4994039453125 0.5146205203124999 0.4994039453125 0.5146205203124999 0.4829116640625
7 0.8173401265625 0.7039236703125 0.382182009375 0.7039236703125 0.382182009375 0.7276715265625 0.8173401265625 0.7276715265625 0.8173401265625 0.7039236703125
3 0.5146205203124999 0.6887435671875 0.5011068171875 0.6887435671875 0.5011068171875 0.7052358484375 0.5146205203124999 0.7052358484375 0.5146205203124999 0.6887435671875
3 0.6984153203125001 0.690064321875 0.6849016156250001 0.690064321875 0.6849016156250001 0.706556603125 0.6984153203125001 0.706556603125 0.6984153203125001 0.690064321875
3 0.908157196875 0.48423274843749997 0.877885290625 0.48423274843749997 0.8773447203125 0.4974271015625 0.8870749765625 0.49808681874999994 0.887615546875 0.537669878125 0.9054543484375 0.537669878125 0.9059949187499999 0.5086423015625 0.9092383375 0.5066631484374999 0.908157196875 0.48423274843749997
3 0.30758419375 0.7032590046875 0.30758419375 0.6828077578125 0.285961403125 0.682148040625 0.285961403125 0.7276685578125 0.382723390625 0.726349121875 0.3821828203125 0.7039187234375001 0.30758419375 0.7032590046875
3 0.8751824421875 0.7052381578125 0.8173414781250001 0.70655759375 0.8173414781250001 0.728328275 0.9070760578125 0.7303074281249999 0.907616628125 0.6768703 0.887615546875 0.67621058125 0.8870749765625 0.6907243703125 0.874101303125 0.689404934375 0.8751824421875 0.7052381578125
3 0.934645115625 0.4829133125 0.9319422671875 0.48225359531249995 0.931401696875 0.5053437125 0.9497810703124999 0.50600343125 0.9497810703124999 0.377358490625 0.9319422671875 0.3780182078125 0.9324828374999999 0.39912917187499997 0.9351856859375 0.39912917187499997 0.934645115625 0.4829133125
3 0.8768041515625 0.30347011562500004 0.8854532671875001 0.302810396875 0.8854532671875001 0.3127061625 0.907616628125 0.31336587968749996 0.908157196875 0.27180366875 0.8881561171874999 0.27180366875 0.8881561171874999 0.28631745625 0.8762635812499999 0.28631745625 0.8768041515625 0.30347011562500004
3 0.8771082218749999 0.0900514578125 0.8880885453125 0.0900514578125 0.8881561171874999 0.10621454062499999 0.907616628125 0.1068742578125 0.908157196875 0.0567357171875 0.8184226171875 0.056075998437499996 0.8173414781250001 0.08114527031249999 0.877885290625 0.08048555156250001 0.8771082218749999 0.0900514578125
3 0.90815530625 0.1603130359375 0.888696415625 0.1603130359375 0.888696415625 0.218366209375 0.90815530625 0.218366209375 0.90815530625 0.1603130359375
3 0.907617709375 0.36548885000000003 0.8886999296875 0.36548885000000003 0.8886999296875 0.40440823281249993 0.907617709375 0.40440823281249993 0.907617709375 0.36548885000000003
7 0.8195045671875001 0.056736706250000005 0.37731904374999997 0.056736706250000005 0.37731904374999997 0.0791638078125 0.8195045671875001 0.0791638078125 0.8195045671875001 0.056736706250000005
7 0.3081271953125 0.53568610625 0.2875860859375 0.53568610625 0.2875860859375 0.591106346875 0.3081271953125 0.591106346875 0.3081271953125 0.53568610625
7 0.18108924843750002 0.48819039374999995 0.1351440625 0.48819039374999995 0.1351440625 0.5099571187499999 0.18108924843750002 0.5099571187499999 0.18108924843750002 0.48819039374999995
7 0.30758608593750003 0.6273927953125 0.28704497500000004 0.6273927953125 0.28704497500000004 0.6834648375000001 0.30758608593750003 0.6834648375000001 0.30758608593750003 0.6273927953125
7 0.31136683125000003 0.10159948593749998 0.29299016093749997 0.10159948593749998 0.29299016093749997 0.1583319046875 0.31136683125000003 0.1583319046875 0.31136683125000003 0.10159948593749998
3 0.1351440625 0.48818610625 0.09892480625 0.48818610625 0.09892480625 0.5086406515624999 0.1351440625 0.5086406515624999 0.1351440625 0.48818610625
3 0.3081236828125 0.5904502578125 0.2870414609375 0.5904502578125 0.2870414609375 0.62673670625 0.3081236828125 0.62673670625 0.3081236828125 0.5904502578125
3 0.1816314390625 0.4881910546875 0.18109087031249999 0.510621453125 0.28704254218749997 0.510621453125 0.28704254218749997 0.5363504421874999 0.3081247625 0.535690725 0.3086653328125 0.499406253125 0.31893615937500003 0.500065971875 0.31893615937500003 0.490829925 0.35515433281250003 0.4914896421875 0.35515433281250003 0.468399525 0.305421915625 0.467080090625 0.305962484375 0.48753133593750003 0.1816314390625 0.4881910546875
3 0.312989890625 0.0785064 0.3773176921875 0.0791661171875 0.3783988328125 0.056075998437499996 0.2935293796875 0.0567357171875 0.2935293796875 0.10093680000000001 0.3119087515625 0.10093680000000001 0.312989890625 0.0785064
3 0.098924265625 0.20781105625000001 0.3108276125 0.20781105625000001 0.3108276125 0.157672515625 0.2929888109375 0.158332234375 0.292448240625 0.18735980937500002 0.098924265625 0.1886792453125 0.098924265625 0.20781105625000001
1 0.3297435 0.161629503125 0.31136683125000003 0.161629503125 0.31136683125000003 0.2414579765625 0.3297435 0.2414579765625 0.3297435 0.161629503125
2 0.32920698437499996 0.2038527515625 0.32920698437499996 0.21506795156249997 0.33677496093750003 0.21506795156249997 0.33677496093750003 0.20583190468749998 0.342721228125 0.20583190468749998 0.342721228125 0.1998944453125 0.33461268125 0.19923472656250002 0.33461268125 0.188019528125 0.329747553125 0.188019528125 0.32920698437499996 0.1998944453125 0.3232607171875 0.19923472656250002 0.3238012859375 0.20451246875 0.32920698437499996 0.2038527515625
2 0.29893507656249996 0.27180366875 0.3038002046875 0.27180366875 0.304340775 0.2856577390625 0.3119087515625 0.2849980203125 0.3119087515625 0.27180366875 0.31893615937500003 0.27114395 0.31893615937500003 0.2678453625 0.312449321875 0.2671856453125 0.312989890625 0.250692703125 0.3038002046875 0.24937326875000002 0.304340775 0.2671856453125 0.29893507656249996 0.2665259265625 0.29893507656249996 0.27180366875
1 0.130885453125 0.36931818125000004 0.130885453125 0.47813036093749994 0.13439915625 0.47813036093749994 0.13352073125 0.48724270937499997 0.30437456093750004 0.48724270937499997 0.3039353484375 0.46740994843749994 0.35049191875 0.46740994843749994 0.3465390015625 0.4625857640625 0.35005270624999996 0.3778945109375 0.3465390015625 0.3730703265625 0.176124384375 0.373606346875 0.175245959375 0.3066037734375 0.1291286015625 0.3076758140625 0.1286893890625 0.31786020625 0.1348383703125 0.31786020625 0.130885453125 0.36931818125000004
6 0.10541110312499999 0.3017795890625 0.1778812375 0.302315609375 0.1770028109375 0.322684390625 0.1831517921875 0.322684390625 0.1835910046875 0.3055317328125 0.1928144765625 0.3049957125 0.1923752640625 0.371998284375 0.2169711875 0.3725343046875 0.21828882656249998 0.364493996875 0.1963281796875 0.362885934375 0.1963281796875 0.3055317328125 0.264845396875 0.30338765 0.26440618437499996 0.3634219546875 0.2406886859375 0.3634219546875 0.24024947343749997 0.371998284375 0.284170765625 0.371998284375 0.28504919218749997 0.362885934375 0.270994378125 0.3623499140625 0.270994378125 0.3039236703125 0.31228039375 0.302315609375 0.31271960625 0.362885934375 0.3074490515625 0.3639579765625 0.3061314125 0.3703902234375 0.32062543906249996 0.371998284375 0.321503865625 0.30338765 0.3232607171875 0.30338765 0.3232607171875 0.2910591765625 0.31271960625 0.291595196875 0.31184118125000004 0.28516295 0.3056922 0.2856989703125 0.3056922 0.29052315625 0.10628952968750001 0.29052315625 0.10541110312499999 0.3017795890625
2 0.1697389046875 0.33843515 0.1751446015625 0.339754584375 0.1751446015625 0.35162950312499996 0.1843342875 0.35162950312499996 0.1843342875 0.34173373749999997 0.189199415625 0.3410740203125 0.189199415625 0.3338171265625 0.1843342875 0.3338171265625 0.1848748578125 0.32326164375 0.175685171875 0.32326164375 0.175685171875 0.33315740781250003 0.1697389046875 0.332497690625 0.1697389046875 0.33843515
2 0.2281204390625 0.3799973609375 0.2335261359375 0.380657078125 0.2335261359375 0.3727404671875 0.24109411249999999 0.373400184375 0.24109411249999999 0.3641641375 0.2313638578125 0.362844703125 0.23190442656250002 0.355587809375 0.22649872968749998 0.355587809375 0.22649872968749998 0.362184984375 0.21839018281250003 0.362184984375 0.2178496140625 0.373400184375 0.2270393 0.373400184375 0.2281204390625 0.3799973609375
2 0.2929888109375 0.380657078125 0.29677279843750004 0.38263623125 0.2978539375 0.37208074999999996 0.3065030546875 0.37208074999999996 0.3065030546875 0.362184984375 0.29731336875 0.3615252671875 0.29677279843750004 0.35492809062499997 0.2929888109375 0.355587809375 0.292448240625 0.36086555 0.2848802640625 0.362184984375 0.283799125 0.37208074999999996 0.2929888109375 0.37208074999999996 0.2929888109375 0.380657078125
2 0.3400183796875 0.4314553375 0.350829775 0.4314553375 0.35137034375 0.4525663015625 0.358938321875 0.4525663015625 0.3600194609375 0.4301359015625 0.37083085625 0.429476184375 0.369749715625 0.42419844375000004 0.3583977515625 0.4228790078125 0.359478890625 0.40110832656250006 0.3502892046875 0.4024277609375 0.3502892046875 0.422219290625 0.3400183796875 0.42419844375000004 0.3400183796875 0.4314553375
1 0.11683063906249999 0.47973842187500004 0.12078355625 0.42613636406250005 0.12166198125000001 0.3248284734375 0.11639142656250001 0.3237564328125 0.11683063906249999 0.3173241859375 0.12210119531250001 0.3183962265625 0.12210119531250001 0.304459690625 0.1093640203125 0.30338765 0.1076071671875 0.3232204109375 0.10672874218749999 0.47813036093749994 0.11683063906249999 0.47973842187500004
6 0.12297962031250001 0.3237564328125 0.12166198125000001 0.41595197187500005 0.11683063906249999 0.4867066890625 0.12297962031250001 0.48777873125 0.1326423046875 0.4883147515625 0.1326423046875 0.48081046250000004 0.1295678140625 0.47920240156249994 0.1291286015625 0.3677101203125 0.13395994375 0.3183962265625 0.128250175 0.31786020625 0.128250175 0.3012435671875 0.1225404078125 0.3028516296875 0.12297962031250001 0.318932246875 0.11683063906249999 0.318932246875 0.117269853125 0.324292453125 0.12297962031250001 0.3237564328125
2 0.11676306875 0.455205171875 0.11622249843750002 0.46180234843749995 0.1227093359375 0.46180234843749995 0.123790475 0.4763161359375 0.131899021875 0.47763557187499994 0.132439590625 0.45982319531250004 0.135142440625 0.45982319531250004 0.135142440625 0.45322601875 0.1297367421875 0.45322601875 0.128655603125 0.440031665625 0.124871615625 0.44135110156249996 0.124871615625 0.45454545468749996 0.11676306875 0.455205171875
7 0.9070765984375001 0.1068696390625 0.88815881875 0.1068696390625 0.88815881875 0.160969125 0.9070765984375001 0.160969125 0.9070765984375001 0.1068696390625
7 0.907617709375 0.21770583124999998 0.887617709375 0.21770583124999998 0.887617709375 0.2724656953125 0.907617709375 0.2724656953125 0.907617709375 0.21770583124999998
7 0.9086964156249999 0.31138507656250003 0.88815530625 0.31138507656250003 0.88815530625 0.366144940625 0.9086964156249999 0.366144940625 0.9086964156249999 0.31138507656250003
5 0.9351827125 0.40308319062500003 0.781120871875 0.40308319062500003 0.781120871875 0.48357204062500003 0.9351827125 0.48357204062500003 0.9351827125 0.40308319062500003
7 0.931943078125 0.377362778125 0.90815530625 0.377362778125 0.90815530625 0.401110634375 0.931943078125 0.401110634375 0.931943078125 0.377362778125
7 0.9319395640625 0.483567753125 0.9070765984375001 0.483567753125 0.9070765984375001 0.5046826765625 0.9319395640625 0.5046826765625 0.9319395640625 0.483567753125
2 0.7826774421875 0.2315608921875 0.7822382296875 0.2444253859375 0.7897048484375 0.2444253859375 0.790583275 0.2315608921875 0.7958538296875 0.2315608921875 0.7958538296875 0.22673670625 0.7897048484375 0.22673670625 0.7892656359375 0.21440823281250002 0.7831166546875 0.215480275 0.7831166546875 0.22673670625 0.7774068875 0.2272727265625 0.7774068875 0.23048885000000002 0.7826774421875 0.2315608921875
2 0.7774068875 0.32697255625 0.7831166546875 0.3264365359375 0.7835558671875 0.3382289875 0.7892656359375 0.3382289875 0.7901440625 0.328044596875 0.7958538296875 0.3259005140625 0.7958538296875 0.32161235 0.7897048484375 0.320540309375 0.7897048484375 0.3092838765625 0.781799015625 0.3092838765625 0.781799015625 0.3210763296875 0.775210821875 0.320540309375 0.7774068875 0.32697255625
6 0.775210821875 0.4491852484375 0.7822382296875 0.4481132078125 0.7831166546875 0.40308747812499995 0.8885277578125 0.40308747812499995 0.8876493328124999 0.393975128125 0.7699402671875 0.3929030875 0.7708186921875 0.400407375 0.775650034375 0.3998713546875 0.7760892484374999 0.432032590625 0.743587490625 0.432032590625 0.743587490625 0.3987993140625 0.7475404078125 0.399335334375 0.7475404078125 0.39183104687500003 0.7383169359374999 0.391295025 0.7387561484375 0.43792881718750004 0.775210821875 0.43900085781250003 0.775210821875 0.4491852484375
1 0.7752143359375 0.4004030875 0.74534785625 0.4004030875 0.74534785625 0.4298885078125 0.7752143359375 0.4298885078125 0.7752143359375 0.4004030875
2 0.755885453125 0.4063036015625 0.762912859375 0.4079116640625 0.762473646875 0.40094339687499997 0.77125790625 0.40147941718749997 0.77125790625 0.391295025 0.7637912859375 0.391295025 0.7637912859375 0.3821826765625 0.7576423046875 0.3821826765625 0.7572030921875 0.39075900468749997 0.7479796203125 0.39022298437499997 0.7475404078125 0.400407375 0.7567638796875 0.400407375 0.755885453125 0.4063036015625
2 0.7690618406249999 0.4647298453125 0.774771609375 0.4647298453125 0.774771609375 0.4754502578125 0.7826774421875 0.4754502578125 0.7822382296875 0.46580188749999996 0.788387209375 0.465265865625 0.788387209375 0.45936963906250006 0.7822382296875 0.45936963906250006 0.7831166546875 0.4481132078125 0.774771609375 0.4481132078125 0.775650034375 0.45776157812499996 0.7703794796875 0.45776157812499996 0.7690618406249999 0.4647298453125
4 0.88721011875 0.5622855921875 0.8845748421874999 0.5665737562500001 0.8463633171874999 0.56121355 0.7725755453125001 0.56121355 0.7725755453125001 0.5665737562500001 0.7633520734375 0.5633576328125 0.7646697125 0.5606775296875 0.7580815171874999 0.5665737562500001 0.756324665625 0.5719339625 0.7427090656249999 0.5719339625 0.7053759656249999 0.5901586625 0.70713281875 0.59391080625 0.702301475 0.59391080625 0.698787771875 0.59230274375 0.7001054109375 0.5976629499999999 0.69571328125 0.627680103125 0.6961524953125 0.6786020578125 0.6996661984375 0.6786020578125 0.6992269859375 0.7032590046875 0.87403373125 0.7032590046875 0.87359451875 0.6893224703125 0.88677090625 0.6893224703125 0.88721011875 0.5622855921875
2 0.7317287421875001 0.5837264156249999 0.7374385109375 0.5810463125 0.7356816578125 0.5751500859374999 0.742269853125 0.5730060031249999 0.7391953625000001 0.561749571875 0.7312895296875 0.565501715625 0.729532678125 0.5596054890625 0.7255797609375 0.5606775296875 0.7264581875 0.567645796875 0.7189915671875 0.5719339625 0.7220660578125 0.5805102921875 0.729971890625 0.5762221265624999 0.7317287421875001 0.5837264156249999
7 0.9069782156249999 0.5386963984375 0.8880885453125 0.5386963984375 0.8880885453125 0.6775300171875 0.9069782156249999 0.6775300171875 0.9069782156249999 0.5386963984375
2 0.6790231906249999 0.5424528296875 0.6882466625 0.54298885 0.6891250875 0.5558533453125001 0.69439564375 0.5558533453125001 0.69439564375 0.5440608921875 0.7001054109375 0.5451329328125001 0.7005446234375 0.537092625 0.69439564375 0.5376286453125 0.69439564375 0.527444253125 0.6891250875 0.527444253125 0.6882466625 0.536556603125 0.6812192546875 0.5354845625 0.6790231906249999 0.5424528296875
6 0.685172171875 0.5971269296874999 0.6891250875 0.5976629499999999 0.6882466625 0.63786449375 0.685172171875 0.6850343046875 0.6882466625 0.6850343046875 0.6882466625 0.689858490625 0.6939564296875 0.6903945109375 0.6939564296875 0.6850343046875 0.7005446234375 0.6855703265625 0.7005446234375 0.6828902234374999 0.69483485625 0.682354203125 0.69439564375 0.6298241859375 0.698787771875 0.594982846875 0.69571328125 0.5944468265625 0.7001054109375 0.5906946828125 0.7049367531249999 0.59230274375 0.704058328125 0.5896226421875 0.7220660578125 0.5799742703125 0.7189915671875 0.5730060031249999 0.6974701328124999 0.57943825 0.6992269859375 0.5837264156249999 0.69483485625 0.5858704968749999 0.69439564375 0.5574614062500001 0.6895643 0.5569253859375001 0.685611384375 0.5842624359374999 0.685172171875 0.5971269296874999
6 0.755885453125 0.5649656953125 0.7655481375 0.5579974265625001 0.765108925 0.5633576328125 0.77125790625 0.5633576328125 0.77125790625 0.55906946875 0.8441672515624999 0.5596054890625 0.8850140546875 0.5644296734375 0.8845748421874999 0.5579974265625001 0.8876493328124999 0.5579974265625001 0.8876493328124999 0.551029159375 0.8850140546875 0.551029159375 0.8845748421874999 0.5445969125000001 0.8819395640625001 0.54298885 0.8819395640625001 0.5515651796875 0.8195713281250001 0.5504931390625 0.7673049890625 0.5440608921875 0.7655481375 0.54995711875 0.75237175 0.554781303125 0.7479796203125 0.5553173234375001 0.7484188328125 0.5585334484375 0.740513 0.561749571875 0.7418306390625 0.570861921875 0.755885453125 0.5687178390625001 0.755885453125 0.5649656953125
6 0.780481378125 0.48402658593750003 0.7800421640625 0.4749142359375 0.7760892484374999 0.475986278125 0.7760892484374999 0.49367495781250004 0.877547434375 0.49367495781250004 0.877547434375 0.4856346484375 0.780481378125 0.48402658593750003
6 0.7883907234375 0.3382289875 0.7835558671875 0.3382289875 0.7835558671875 0.3923713546875 0.7883907234375 0.3923713546875 0.7883907234375 0.3382289875
6 0.7883907234375 0.079335334375 0.7835558671875 0.079335334375 0.7835558671875 0.2154845625 0.7883907234375 0.2154845625 0.7883907234375 0.079335334375
6 0.7892656359375 0.309819896875 0.7888264234375 0.296955403125 0.876669009375 0.29802744375 0.876669009375 0.29052315625 0.788387209375 0.28945111562500003 0.7892656359375 0.2444253859375 0.7835558671875 0.24496140624999999 0.7831166546875 0.309819896875 0.7892656359375 0.309819896875
4 0.8762297968749999 0.2867710125 0.88721011875 0.2862349921875 0.8880885453125 0.09112349843749999 0.8762297968749999 0.090587478125 0.876669009375 0.08147512812499999 0.7901440625 0.0804030875 0.7888264234375 0.28891509375 0.8762297968749999 0.29052315625 0.8762297968749999 0.2867710125
0 0.88721011875 0.3039236703125 0.8779866484375001 0.3039236703125 0.8762297968749999 0.2990994859375 0.7897048484375 0.2974914234375 0.7888264234375 0.391295025 0.8885277578125 0.3934391078125 0.88721011875 0.3039236703125
6 0.3294096984375 0.188143225 0.335558678125 0.1886792453125 0.3359978921875 0.154373928125 0.31271960625 0.154373928125 0.31228039375 0.1613421953125 0.3294096984375 0.160806175 0.3294096984375 0.188143225
6 0.3109627546875 0.2428173234375 0.3114019671875 0.20851200625000002 0.3061314125 0.20797598593750002 0.3056922 0.24871355 0.3359978921875 0.249249571875 0.3359978921875 0.216552315625 0.3298489109375 0.214944253125 0.3302881234375 0.24174528281250002 0.3109627546875 0.2428173234375
6 0.191057625 0.371998284375 0.191057625 0.3634219546875 0.1831517921875 0.3634219546875 0.1831517921875 0.35216552343749996 0.17744202343749998 0.35109348125 0.1770028109375 0.3714622640625 0.191057625 0.371998284375
6 0.0975052703125 0.3880789015625 0.08916022500000001 0.4867066890625 0.11683063906249999 0.48777873125 0.115513 0.48081046250000004 0.10672874218749999 0.47973842187500004 0.1071679546875 0.3248284734375 0.1093640203125 0.302315609375 0.11683063906249999 0.2095840484375 0.099262121875 0.20851200625000002 0.0895994375 0.20743996562499997 0.08916022500000001 0.214944253125 0.10101897343749999 0.21440823281250002 0.0975052703125 0.3880789015625
5 0.3052529859375 0.2095840484375 0.11770906562500001 0.20851200625000002 0.111120871875 0.28945111562500003 0.3052529859375 0.28945111562500003 0.3052529859375 0.2095840484375
1 0.18973998593750002 0.3066037734375 0.183148278125 0.3066037734375 0.183148278125 0.3639622640625 0.18973998593750002 0.3639622640625 0.18973998593750002 0.3066037734375
6 0.347856640625 0.3730703265625 0.35093113125 0.37575042812500004 0.3518095578125 0.40201543749999996 0.3592761765625 0.40201543749999996 0.36147224218749996 0.3730703265625 0.3588369640625 0.3714622640625 0.3579585390625 0.3634219546875 0.321503865625 0.3623499140625 0.3210646515625 0.3725343046875 0.34478215 0.371998284375 0.347856640625 0.3730703265625
6 0.3518095578125 0.46740994843749994 0.361033028125 0.46848198906249994 0.36059381562500004 0.45400943437499997 0.34873506718749997 0.452401371875 0.346978215625 0.4609777015625 0.35005270624999996 0.4647298453125 0.3518095578125 0.46740994843749994