5 0.8970588234375001 0.84257446875 0.66176470625 0.84257446875 0.66176470625 0.9436382984374999 0.8970588234375001 0.9436382984374999 0.8970588234375001 0.84257446875
2 0.7661764703125 0.861702128125 0.78823529375 0.8638297875 0.78676470625 0.8414893609374999 0.8411764703125 0.8414893609374999 0.8411764703125 0.8106382984374999 0.7897058828125 0.8095744687499999 0.78676470625 0.79574468125 0.7735294125000001 0.793617021875 0.7720588234375 0.8117021281250001 0.7147058828125 0.8117021281250001 0.71323529375 0.84574468125 0.7691176468750001 0.8468085109375 0.7661764703125 0.861702128125
3 0.9852941171875 0.8138297874999999 0.8441176468749999 0.8138297874999999 0.8441176468749999 0.8414893609374999 0.9852941171875 0.8414893609374999 0.9852941171875 0.8138297874999999
3 0.71176470625 0.8127659578124999 0.5529411765625001 0.8127659578124999 0.5529411765625001 0.8446808515625 0.71176470625 0.8446808515625 0.71176470625 0.8127659578124999
4 0.655882353125 0.3914893609375 0.5117647062499999 0.3893617015625 0.51323529375 0.2691489359375 0.4264705875 0.270212765625 0.4279411765625 0.12127659531249999 0.42205882343749995 0.12127659531249999 0.419117646875 0.106382978125 0.175 0.1074468078125 0.1720588234375 0.4489361703125 0.655882353125 0.44574468125 0.655882353125 0.3914893609375
6 0.1705882359375 0.45106382968750003 0.1705882359375 0.106382978125 0.1455882359375 0.106382978125 0.13823529375000002 0.47234042499999995 0.68676470625 0.47021276562500003 0.6838235296875 0.44787234062500003 0.1705882359375 0.45106382968750003
3 0.21326470625 0.07659574531249999 0.10297058750000002 0.07659574531249999 0.10297058750000002 0.10425531875 0.21326470625 0.10425531875 0.21326470625 0.07659574531249999
3 0.4955882359375 0.075531915625 0.3838235296875 0.075531915625 0.3838235296875 0.10106382968750001 0.4955882359375 0.10106382968750001 0.4955882359375 0.075531915625
6 0.8735294124999999 0.370212765625 0.6897058828125 0.3691489359375 0.6897058828125 0.10425531875 0.6588235296875 0.10425531875 0.6602941171875 0.25425531874999996 0.5 0.25425531874999996 0.5 0.26808510625 0.51323529375 0.265957446875 0.5117647062499999 0.3861702125 0.53823529375 0.3872340421875 0.542647059375 0.374468084375 0.5264705875 0.3734042546875 0.525 0.2638297875 0.6602941171875 0.265957446875 0.6602941171875 0.37234042500000003 0.5911764703125 0.37234042500000003 0.5911764703125 0.3893617015625 0.6588235296875 0.388297871875 0.66176470625 0.40106382968750004 0.68676470625 0.3989361703125 0.68676470625 0.3893617015625 0.8764705875000001 0.3893617015625 0.8720588234375001 0.4 0.9 0.3989361703125 0.8970588234375001 0.3648936171875 0.875 0.3648936171875 0.8735294124999999 0.370212765625
3 0.7544411765625 0.0744893609375 0.6176764703125001 0.0744893609375 0.6176764703125001 0.103212765625 0.7544411765625 0.103212765625 0.7544411765625 0.0744893609375
7 0.10149999999999999 0.0776808515625 0.0676764703125 0.0776808515625 0.0676764703125 0.1042765953125 0.10149999999999999 0.1042765953125 0.10149999999999999 0.0776808515625
7 0.3852941171875 0.07659574531249999 0.2147058828125 0.07659574531249999 0.2147058828125 0.106382978125 0.3852941171875 0.106382978125 0.3852941171875 0.07659574531249999
4 0.44558823593749997 0.2531914890625 0.6588235296875 0.25212765937500003 0.6573529406249999 0.10425531875 0.4588235296875 0.1031914890625 0.4588235296875 0.12021276562500001 0.44558823593749997 0.12021276562500001 0.44558823593749997 0.2531914890625
7 0.6162058828125 0.07342553125 0.49708823593749996 0.07342553125 0.49708823593749996 0.1000212765625 0.6162058828125 0.1000212765625 0.6162058828125 0.07342553125
2 0.6352941171875 0.4329787234375 0.6544117640625 0.43510638281249997 0.6544117640625 0.4468085109375 0.6838235296875 0.44787234062500003 0.68823529375 0.43191489375 0.7102941171875 0.4329787234375 0.7102941171875 0.41808510625000006 0.68676470625 0.41808510625000006 0.68823529375 0.40212765937499995 0.6588235296875 0.40106382968750004 0.6588235296875 0.4170212765625 0.6352941171875 0.41808510625000006 0.6352941171875 0.4329787234375
2 0.63823529375 0.5021276593749999 0.6544117640625 0.5010638296875001 0.6529411765625001 0.5191489359375 0.6911764703125 0.51808510625 0.6897058828125 0.5031914890625 0.7102941171875 0.5021276593749999 0.707352940625 0.48829787187499996 0.6955882359375 0.48829787187499996 0.692647059375 0.4734042546875 0.6529411765625001 0.47234042499999995 0.6573529406249999 0.49042553125 0.6367647062499999 0.49042553125 0.63823529375 0.5021276593749999
2 0.8485294124999999 0.4287234046875 0.8735294124999999 0.429787234375 0.8720588234375001 0.44787234062500003 0.8985294125 0.45 0.8970588234375001 0.429787234375 0.9235294125 0.4287234046875 0.9220588234375 0.420212765625 0.9 0.42127659531250006 0.9 0.40212765937499995 0.8705882359375 0.40106382968750004 0.8720588234375001 0.420212765625 0.8485294124999999 0.41914893593749997 0.8485294124999999 0.4287234046875
2 0.8455882359375 0.5031914890625 0.8691176468749999 0.5010638296875001 0.8676470593750001 0.5170212765625 0.9044117640625 0.51808510625 0.9029411765625 0.5031914890625 0.9220588234375 0.5021276593749999 0.9205882359374999 0.4893617015625 0.9014705875000001 0.4893617015625 0.9014705875000001 0.47234042499999995 0.8691176468749999 0.4734042546875 0.8705882359375 0.49148936093750006 0.8485294124999999 0.49042553125 0.8455882359375 0.5031914890625
2 0.5705882359375 0.4031914890625 0.5764705875 0.3872340421875 0.5955882359375 0.3851063828125 0.5926470593750001 0.374468084375 0.567647059375 0.3734042546875 0.567647059375 0.35957446875 0.5544117640625 0.361702128125 0.555882353125 0.37234042500000003 0.5397058828125 0.374468084375 0.5397058828125 0.3872340421875 0.5544117640625 0.3872340421875 0.5514705875 0.40425531875000004 0.5705882359375 0.4031914890625
2 0.480882353125 0.28297872343749997 0.4852941171875 0.2691489359375 0.5044117640625 0.2712765953125 0.5014705875 0.2489361703125 0.4794117640625 0.2489361703125 0.4779411765625 0.23404255312500002 0.46764705937500006 0.23404255312500002 0.469117646875 0.25212765937500003 0.44558823593749997 0.25212765937500003 0.44264705937500004 0.26808510625 0.4661764703125 0.26808510625 0.46764705937500006 0.28404255312500004 0.480882353125 0.28297872343749997
6 0.683852940625 0.5212765953125 0.658852940625 0.5212765953125 0.658852940625 0.8106382984374999 0.683852940625 0.8106382984374999 0.683852940625 0.5212765953125
6 0.8970588234375001 0.5181063828125 0.8735294124999999 0.5181063828125 0.8735294124999999 0.8106595750000001 0.8970588234375001 0.8106595750000001 0.8970588234375001 0.5181063828125
6 0.8970588234375001 0.448957446875 0.8735294124999999 0.448957446875 0.8735294124999999 0.47342553125000003 0.8970588234375001 0.47342553125000003 0.8970588234375001 0.448957446875
3 0.444147059375 0.1191489359375 0.42797058750000005 0.1191489359375 0.42797058750000005 0.265957446875 0.444147059375 0.265957446875 0.444147059375 0.1191489359375
3 0.4544411765625 0.10108510625 0.4235588234375 0.10108510625 0.4235588234375 0.1191702125 0.4544411765625 0.1191702125 0.4544411765625 0.10108510625
1 0.8735294124999999 0.3914893609375 0.6911764703125 0.3914893609375 0.6911764703125 0.5510638296875 0.8735294124999999 0.5510638296875 0.8735294124999999 0.3914893609375
5 0.8720588234375001 0.553212765625 0.68676470625 0.553212765625 0.68676470625 0.8095957453124999 0.8720588234375001 0.8095957453124999 0.8720588234375001 0.553212765625
0 0.657382353125 0.2638510640625 0.5265 0.2638510640625 0.5265 0.371297871875 0.657382353125 0.371297871875 0.657382353125 0.2638510640625