7 0.2256674609375 0.935798859375 0.1652741359375 0.935798859375 0.1652741359375 0.96528530625 0.2256674609375 0.96528530625 0.2256674609375 0.935798859375
7 0.35757449375 0.935798859375 0.29718116875 0.935798859375 0.29718116875 0.96528530625 0.35757449375 0.96528530625 0.35757449375 0.935798859375
3 0.29876638906249997 0.9367546359375 0.2256674609375 0.9367546359375 0.2256674609375 0.9643295296875 0.29876638906249997 0.9643295296875 0.29876638906249997 0.9367546359375
3 0.83353396875 0.86732525 0.5006019078125 0.86732525 0.5006019078125 0.896811696875 0.83353396875 0.896811696875 0.83353396875 0.86732525
3 0.35836313125 0.9348549687500001 0.357568534375 0.9671897296875 0.4195470796875 0.965287684375 0.42113627343750004 0.895863053125 0.4298768375 0.897765096875 0.43067143437500005 0.8673323828124999 0.3949145796875 0.8663813593749999 0.394119984375 0.9367570140625 0.35836313125 0.9348549687500001
3 0.16924910625 0.2291963859375 0.170043703125 0.1987636703125 0.09535160937500001 0.19495958124999999 0.09296781875 0.227294340625 0.10727056093750001 0.2291963859375 0.10409217343749999 0.933903946875 0.0866110453125 0.932952925 0.087405640625 0.9671897296875 0.16607071874999998 0.965287684375 0.166865315625 0.9348549687500001 0.12951926875 0.9348549687500001 0.13269765625000002 0.2282453640625 0.16924910625 0.2291963859375
3 0.2288438625 0.2301474078125 0.2717520859375 0.2291963859375 0.27334127812500003 0.1711840234375 0.29002781093749996 0.1711840234375 0.29002781093749996 0.1398002859375 0.24553039375000002 0.13884926250000001 0.24553039375000002 0.1987636703125 0.22804926406249998 0.1978126484375 0.2288438625 0.2301474078125
7 0.22964243125 0.197817403125 0.1700476765625 0.197817403125 0.1700476765625 0.229201140625 0.22964243125 0.229201140625 0.22964243125 0.197817403125
7 0.470399284375 0.868288159375 0.42907628124999997 0.868288159375 0.42907628124999997 0.8968188296875 0.470399284375 0.8968188296875 0.470399284375 0.868288159375
2 0.50218116875 0.868288159375 0.4711918953125 0.868288159375 0.4711918953125 0.8968188296875 0.50218116875 0.8968188296875 0.50218116875 0.868288159375
6 0.40432749531249995 0.6386480859375 0.4428348765625 0.63809941875 0.4423764546875 0.6551080875 0.530851746875 0.6545594203125 0.530851746875 0.8685394499999999 0.5395617500000001 0.8685394499999999 0.540478590625 0.611214746875 0.53268543125 0.610117415625 0.530851746875 0.628772084375 0.40432749531249995 0.628772084375 0.40432749531249995 0.6221880828125 0.3960759140625 0.62273675 0.3951590734375 0.6463294187499999 0.403410653125 0.645780753125 0.40432749531249995 0.6386480859375
1 0.276886403125 0.7083287625 0.3951590734375 0.7083287625 0.3960759140625 0.5799407453125001 0.3882827546875 0.5804894109375 0.388741175 0.5579940734375 0.2186669109375 0.5579940734375 0.219583753125 0.611214746875 0.277344825 0.611763415625 0.276886403125 0.7083287625
2 0.4034088203125 0.6452282453125 0.3956138265625 0.6452282453125 0.3956138265625 0.6896647640625 0.4034088203125 0.6896647640625 0.4034088203125 0.6452282453125
4 0.395154946875 0.7193009984375001 0.1320202625 0.7193009984375001 0.1320202625 0.9354778890625 0.395154946875 0.9354778890625 0.395154946875 0.7193009984375001
2 0.346108003125 0.7193020953125 0.346108003125 0.7099747625 0.3144769421875 0.7099747625 0.3135600984375 0.7209480953125 0.3144769421875 0.729178096875 0.346108003125 0.7193020953125
2 0.5248922703125001 0.584330078125 0.52443385 0.5903654125 0.5313101687499999 0.5903654125 0.5313101687499999 0.61066608125 0.540478590625 0.61066608125 0.5400201703125 0.590914078125 0.5464380671875 0.5903654125 0.5464380671875 0.5865247453125 0.5400201703125 0.5865247453125 0.540478590625 0.5684187421875 0.53268543125 0.5673214093750001 0.53268543125 0.584330078125 0.5248922703125001 0.584330078125
2 0.7999449890625 0.5859760781250001 0.7999449890625 0.5903654125 0.8045292015625 0.5903654125 0.8049876218750001 0.609568746875 0.8146144671875 0.610117415625 0.8146144671875 0.5903654125 0.8191986796874999 0.5903654125 0.8187402593750001 0.5865247453125 0.8141560468750001 0.5865247453125 0.8146144671875 0.5673214093750001 0.8059044640625 0.5673214093750001 0.8059044640625 0.5865247453125 0.7999449890625 0.5859760781250001
2 0.6770858171875 0.5673181171875 0.6683730625 0.5673181171875 0.6683730625 0.609572040625 0.6770858171875 0.609572040625 0.6770858171875 0.5673181171875
1 0.6674612640625 0.7988587734375 0.58402860625 0.7994074390625 0.583570184375 0.674860090625 0.6665444203125 0.67376275625 0.6683781062499999 0.5574454078125 0.540478590625 0.5574454078125 0.5409370124999999 0.865796115625 0.6674612640625 0.8663447812499999 0.6674612640625 0.7988587734375
6 0.6679196843749999 0.790628771875 0.5909049234375 0.7911774390625 0.5904465015625 0.6836387578124999 0.60970019375 0.684187425 0.60970019375 0.67540875625 0.583570184375 0.67540875625 0.5844870265625 0.7988587734375 0.6688365265625 0.7988587734375 0.6679196843749999 0.790628771875
2 0.6271201984375 0.6940634265625001 0.6303291468750001 0.6940634265625001 0.6312459890625 0.6836387578124999 0.6500412578125 0.684187425 0.6504996796875 0.6726654234375 0.6307875671875001 0.67376275625 0.6307875671875001 0.6649840890625 0.6266617765625 0.6638867546875 0.6271201984375 0.67376275625 0.6087833500000001 0.6726654234375 0.6087833500000001 0.6825414234375 0.6275786203125 0.683090090625 0.6271201984375 0.6940634265625001
0 0.2548808109375 0.6188944359375 0.217753278125 0.6188944359375 0.217753278125 0.7083238234375 0.2548808109375 0.7083238234375 0.2548808109375 0.6188944359375
2 0.2530485 0.613409415625 0.2484642890625 0.60902008125 0.247547446875 0.6040820796874999 0.22416796562500002 0.611214746875 0.22416796562500002 0.6188960828125001 0.2530485 0.6188960828125001 0.2530485 0.613409415625
2 0.40386907499999997 0.62273675 0.41578802656249997 0.6254800828125 0.4047859171875 0.57829474375 0.3960759140625 0.57829474375 0.3836985421875 0.62438275 0.38965801718750004 0.6249314171875 0.3965343359375 0.6221880828125 0.40386907499999997 0.62273675
1 0.531305125 0.5574465046875 0.40478545937500005 0.5574465046875 0.40478545937500005 0.6282310984375 0.531305125 0.6282310984375 0.531305125 0.5574465046875
2 0.5083969015625 0.545927246875 0.47401072656250004 0.545927246875 0.47401072656250004 0.5568972890625 0.5083969015625 0.5568972890625 0.5083969015625 0.545927246875
2 0.2530452921875 0.5453780312500001 0.220041715625 0.5453780312500001 0.220041715625 0.556904421875 0.2530452921875 0.556904421875 0.2530452921875 0.5453780312500001
2 0.2246263859375 0.564578075 0.211332171875 0.565675409375 0.212707434375 0.6035334140625 0.219583753125 0.6024360796875 0.2292105984375 0.5651267421874999 0.2246263859375 0.564578075
2 0.212707434375 0.5371447390624999 0.2053726953125 0.5003840671875001 0.20033006250000002 0.4998354 0.1998716421875 0.5376934046875 0.20583111875000001 0.5371447390624999 0.20674795937499998 0.539888071875 0.212707434375 0.5371447390624999
1 0.26038140625 0.48776034218750003 0.2067461265625 0.48776034218750003 0.2067461265625 0.5448216828125 0.26038140625 0.5448216828125 0.26038140625 0.48776034218750003
2 0.22141743906250003 0.4855700640625 0.25946639843749997 0.487216065625 0.2590079765625 0.4789860640625 0.22279270156250003 0.4696587296875 0.22141743906250003 0.4756940625 0.22141743906250003 0.4806320640625 0.22141743906250003 0.4855700640625
6 0.22233611406249998 0.4789871609375 0.1311084625 0.4789871609375 0.1311084625 0.4866619109375 0.22233611406249998 0.4866619109375 0.22233611406249998 0.4789871609375
0 0.2117878421875 0.55635520625 0.1324791421875 0.55635520625 0.1324791421875 0.707781740625 0.2117878421875 0.707781740625 0.2117878421875 0.55635520625
6 0.2200476765625 0.5464764625 0.1311084625 0.5464764625 0.1311084625 0.5558059921875 0.2200476765625 0.5558059921875 0.2200476765625 0.5464764625
6 0.2058343265625 0.5404422249999999 0.1315673421875 0.5404422249999999 0.1315673421875 0.54757489375 0.2058343265625 0.54757489375 0.2058343265625 0.5404422249999999
6 0.3965343359375 0.5563480734375 0.3965343359375 0.5793920765625 0.40432749531249995 0.5788434109375 0.40432749531249995 0.5568967406249999 0.4744659390625 0.5557994078124999 0.47354909687499996 0.5448260734375 0.2709269265625 0.5464720734374999 0.2709269265625 0.2287940296875 0.2617585046875 0.2287940296875 0.2613000828125 0.5464720734374999 0.252131659375 0.54756940625 0.253506921875 0.5563480734375 0.3965343359375 0.5563480734375
4 0.2617580453125 0.22934379531250002 0.1320202625 0.22934379531250002 0.1320202625 0.4789871609375 0.2617580453125 0.4789871609375 0.2617580453125 0.22934379531250002
1 0.19986889218749998 0.48776747499999995 0.132026221875 0.48776747499999995 0.132026221875 0.5393366625 0.19986889218749998 0.5393366625 0.19986889218749998 0.48776747499999995
6 0.2067520859375 0.48721825937499996 0.1998748515625 0.48721825937499996 0.1998748515625 0.49928673281249997 0.2067520859375 0.49928673281249997 0.2067520859375 0.48721825937499996
6 0.21179059374999998 0.708877428125 0.217291646875 0.708877428125 0.21775006874999997 0.6188960828125001 0.2232511234375 0.6188960828125001 0.22416796562500002 0.611763415625 0.218208490625 0.611763415625 0.21637480625 0.602984746875 0.21179059374999998 0.602984746875 0.21179059374999998 0.708877428125
6 0.2548821859375 0.708877428125 0.2759695609375 0.708877428125 0.276886403125 0.6128607484375 0.2530485 0.61231208125 0.25259007968749997 0.6188960828125001 0.25534060625 0.6188960828125001 0.2548821859375 0.708877428125
6 0.3140166859375 0.7088730390625 0.1311084625 0.7088730390625 0.1311084625 0.71874465 0.3140166859375 0.71874465 0.3140166859375 0.7088730390625
6 0.346108003125 0.7083287625 0.3456495828125 0.7182047625 0.3951590734375 0.7193020953125 0.39470065 0.8668934500000001 0.40432749531249995 0.8674421156250001 0.40432749531249995 0.6891254250000001 0.39561749375 0.689674090625 0.39561749375 0.708877428125 0.346108003125 0.7083287625
6 0.42678784218750004 0.8970684734375001 0.4194576875 0.8970684734375001 0.4194576875 0.9650998578125 0.42678784218750004 0.9650998578125 0.42678784218750004 0.8970684734375001
6 0.5395649578125 0.8965192578125001 0.530399284375 0.8965192578125001 0.530399284375 0.962910128125 0.5395649578125 0.962910128125 0.5395649578125 0.8965192578125001
1 0.5299344453125 0.8959700421875001 0.42725268125 0.8959700421875001 0.42725268125 0.9640014265625 0.5299344453125 0.9640014265625 0.5299344453125 0.8959700421875001
4 0.530851746875 0.6545594203125 0.4428348765625 0.6562054203125001 0.441918034375 0.6391967515625 0.40386907499999997 0.6391967515625 0.40386907499999997 0.8663447812499999 0.5313101687499999 0.86799078125 0.530851746875 0.6545594203125
6 0.6688365265625 0.6825414234375 0.6679196843749999 0.8685394499999999 0.6770881078125 0.8696367828125 0.6775465296875 0.610117415625 0.6679196843749999 0.61066608125 0.6679196843749999 0.674860090625 0.6500412578125 0.67540875625 0.6500412578125 0.6836387578124999 0.6688365265625 0.6825414234375
6 0.530851746875 0.5673214093750001 0.5395617500000001 0.567870075 0.5395617500000001 0.5563480734375 0.6674612640625 0.5563480734375 0.6679196843749999 0.5673214093750001 0.6780049515625 0.567870075 0.6775465296875 0.5563480734375 0.80544604375 0.5563480734375 0.80544604375 0.5673214093750001 0.813239203125 0.5673214093750001 0.8141560468750001 0.5563480734375 0.8742092234375001 0.5563480734375 0.87329238125 0.5453747390625 0.540478590625 0.54592340625 0.5400201703125 0.5322067374999999 0.5317685890625 0.5322067374999999 0.5313101687499999 0.54592340625 0.509764371875 0.54592340625 0.50930595 0.5557994078124999 0.530851746875 0.5563480734375 0.530851746875 0.5673214093750001
6 0.9411387187500001 0.5673214093750001 0.9507655640625 0.5673214093750001 0.9503071421874999 0.5563480734375 0.9677271484375 0.5563480734375 0.9672687265625 0.5453747390625 0.9085908125 0.5448260734375 0.9085908125 0.5563480734375 0.9415971390625 0.5557994078124999 0.9411387187500001 0.5673214093750001
6 0.8141560468750001 0.6282234171875001 0.8141560468750001 0.61066608125 0.8045292015625 0.609568746875 0.8049876218750001 0.8674421156250001 0.8141560468750001 0.8674421156250001 0.8146144671875 0.63809941875 0.9507655640625 0.63809941875 0.9512239843750001 0.60902008125 0.9425139828125 0.608471415625 0.9420555609375001 0.6265774171875 0.8141560468750001 0.6282234171875001
1 0.941138259375 0.5557988593750001 0.8150715140625 0.5557988593750001 0.8150715140625 0.6260271046875 0.941138259375 0.6260271046875 0.941138259375 0.5557988593750001
2 0.909046484375 0.5459201140625 0.8732896312499999 0.5459201140625 0.8732896312499999 0.5557917265625 0.909046484375 0.5557917265625 0.909046484375 0.5459201140625
2 0.9507687718750001 0.5678673328125 0.94205601875 0.5678673328125 0.94205601875 0.609022825 0.9507687718750001 0.609022825 0.9507687718750001 0.5678673328125
5 0.80498808125 0.5574536375 0.6784684140625 0.5574536375 0.6784684140625 0.865798859375 0.80498808125 0.865798859375 0.80498808125 0.5574536375