5 0.060744115625 0.020756228125 0.015186028125 0.020756228125 0.015186028125 0.7325 0.060744115625 0.7325 0.060744115625 0.020756228125
7 0.089426728125 0.160146796875 0.059897493749999996 0.160146796875 0.059897493749999996 0.269870996875 0.089426728125 0.269870996875 0.089426728125 0.160146796875
7 0.088583903125 0.42507562343750005 0.0590546703125 0.42507562343750005 0.0590546703125 0.534799821875 0.088583903125 0.534799821875 0.088583903125 0.42507562343750005
7 0.088583903125 0.7740258 0.0590546703125 0.7740258 0.0590546703125 0.88375 0.088583903125 0.88375 0.088583903125 0.7740258
7 0.0885877 1 0.0885877 0.9341637015625001 0.059901290625000006 0.9341637015625001 0.059901290625000006 1 0.0885877 1
7 0.9693735765625 1 0.9693735765625 0.9391103203125001 0.9415299921875 0.9391103203125001 0.9415299921875 1 0.9693735765625 1
7 0.9702201968749999 0.762161921875 0.9415337890625001 0.762161921875 0.9415337890625001 0.8758451953125 0.9702201968749999 0.8758451953125 0.9702201968749999 0.762161921875
7 0.9693773734375 0.4982250890625 0.9406909640625001 0.4982250890625 0.9406909640625001 0.6079492875 0.9693773734375 0.6079492875 0.9693773734375 0.4982250890625
7 0.9710630218749999 0.2352669046875 0.9406909640625001 0.2352669046875 0.9406909640625001 0.34697508906249996 0.9710630218749999 0.34697508906249996 0.9710630218749999 0.2352669046875
7 0.971059225 0.0820462640625 0.9415299921875 0.0820462640625 0.9415299921875 0.1937544484375 0.971059225 0.1937544484375 0.971059225 0.0820462640625
3 0.9398464531249999 0.0573349140625 0.9398464531249999 0.0830367734375 0.9702185109375 0.0830367734375 0.971062178125 0.019770659375 0.059900446875 0.02075919375 0.059056779687500005 0.159153815625 0.0894288375 0.159153815625 0.0902725046875 0.05634638125 0.9398464531249999 0.0573349140625
3 0.9702164015625 0.19375 0.9406871671875001 0.19375 0.9406871671875001 0.2352713515625 0.9702164015625 0.2352713515625 0.9702164015625 0.19375
3 0.9710630218749999 0.3459830953125 0.9406909640625001 0.3459830953125 0.9406909640625001 0.4982161921875 0.9710630218749999 0.4982161921875 0.9710630218749999 0.3459830953125
3 0.97190205 0.6079492875 0.9406871671875001 0.6079492875 0.9406871671875001 0.7621574734375 0.97190205 0.7621574734375 0.97190205 0.6079492875
3 0.9710630218749999 0.872873665625 0.9406909640625001 0.872873665625 0.9406909640625001 0.9400978640625001 0.9710630218749999 0.9400978640625001 0.9710630218749999 0.872873665625
3 0.089426728125 0.2688834515625 0.059897493749999996 0.2688834515625 0.059897493749999996 0.42606316718750004 0.089426728125 0.42606316718750004 0.089426728125 0.2688834515625
3 0.08943052343749999 0.53380338125 0.059058465625 0.53380338125 0.059058465625 0.6128870109375 0.08943052343749999 0.6128870109375 0.08943052343749999 0.53380338125
3 0.087744875 0.6870284703125 0.059058465625 0.6870284703125 0.059058465625 0.7740213515625001 0.087744875 0.7740213515625001 0.087744875 0.6870284703125
3 0.08943052343749999 0.8837455515625001 0.059058465625 0.8837455515625001 0.059058465625 0.9351512453125 0.08943052343749999 0.9351512453125 0.08943052343749999 0.8837455515625001
4 0.5756885484375001 0.9034293109375 0.940153240625 0.905855709375 0.940153240625 0.7602717578125 0.9291088562500001 0.76269815625 0.9284185828125 0.7432869625 0.6737074609375 0.7432869625 0.671636640625 0.7594629578125 0.5749982734375 0.76108055625 0.5756885484375001 0.9034293109375
3 0.6715565671875 0.7137188609375 0.6335914953125 0.7137188609375 0.6335914953125 0.7601779359374999 0.6715565671875 0.7601779359374999 0.6715565671875 0.7137188609375
3 0.3872437359375 0.710756228125 0.34927866406249997 0.710756228125 0.34927866406249997 0.757215303125 0.3872437359375 0.757215303125 0.3872437359375 0.710756228125
4 0.6426451296875 0.41329666875 0.5749982734375 0.41248786875 0.5749982734375 0.7295373671875 0.6336715671875 0.7287285671875 0.63298129375 0.713361371875 0.6702560921875 0.713361371875 0.6723269140625 0.730346165625 0.92979913125 0.7287285671875 0.9284185828125 0.714170171875 0.9408435140625 0.714978971875 0.940153240625 0.4230022640625 0.9277283078125 0.42138466562500004 0.9304894046875001 0.40359107187500004 0.6833712984375 0.4052086703125 0.6840615718749999 0.42057586562499993 0.6426451296875 0.42138466562500004 0.6426451296875 0.41329666875
3 0.68167805625 0.37662811406249996 0.643712984375 0.37662811406249996 0.643712984375 0.4230871890625 0.68167805625 0.4230871890625 0.68167805625 0.37662811406249996
6 0.375509078125 0.4464574578125 0.3893145578125 0.4472662578125 0.3893145578125 0.4043998703125 0.48457237500000006 0.4043998703125 0.48457237500000006 0.391459075 0.46455442812500003 0.389841475 0.46248360625 0.23455192500000002 0.4521294953125 0.23455192500000002 0.4521294953125 0.29035910625 0.42658935624999994 0.28955030625 0.42658935624999994 0.301682303125 0.45281976874999996 0.302491103125 0.45281976874999996 0.390650275 0.36170359531249996 0.391459075 0.36170359531249996 0.300873503125 0.383792365625 0.301682303125 0.3824118171875 0.29035910625 0.3603230484375 0.28955030625 0.359632775 0.05742478125 0.34927866406249997 0.0566159828125 0.3506592125 0.4043998703125 0.37481880312500004 0.4043998703125 0.375509078125 0.4464574578125
1 0.45212984062499995 0.057428824999999996 0.360322703125 0.057428824999999996 0.360322703125 0.28874555156250004 0.45212984062499995 0.28874555156250004 0.45212984062499995 0.057428824999999996
3 0.38555808593749996 0.0543727765625 0.36109339375 0.0543727765625 0.36109339375 0.06623220625000001 0.38555808593749996 0.06623220625000001 0.38555808593749996 0.0543727765625
4 0.2864654515625 0.406014234375 0.09111997031249999 0.406014234375 0.09111997031249999 0.5693950171875 0.2864654515625 0.5693950171875 0.2864654515625 0.406014234375
3 0.10376993125 0.3657606765625 0.089426728125 0.3657606765625 0.089426728125 0.4132072953125 0.10376993125 0.4132072953125 0.10376993125 0.3657606765625
2 0.446903134375 0.19890696562500002 0.446903134375 0.206532790625 0.45341143281249996 0.206532790625 0.452869075 0.23322318281249999 0.4637162390625 0.23449415468749998 0.46425859531249997 0.20589730468749998 0.4718516109375 0.2052618203125 0.4718516109375 0.20144890625 0.4637162390625 0.20144890625 0.4637162390625 0.17221657343750002 0.45341143281249996 0.17221657343750002 0.452869075 0.19954244999999998 0.446903134375 0.19890696562500002
1 0.4528208046875 0.30168594375 0.3623955953125 0.30168594375 0.3623955953125 0.3914635234375 0.4528208046875 0.3914635234375 0.4528208046875 0.30168594375
2 0.40351448124999995 0.306304015625 0.4073109875 0.306304015625 0.4073109875 0.30058464687500003 0.42683588281249996 0.30058464687500003 0.42737824062499996 0.29168785 0.40676862968750005 0.290416878125 0.40676862968750005 0.2821555671875 0.40351448124999995 0.2821555671875 0.4029721234375 0.290416878125 0.383447228125 0.28978139375 0.383447228125 0.30058464687500003 0.40351448124999995 0.2999491609375 0.40351448124999995 0.306304015625
1 0.361013321875 0.99969265625 0.563263615625 0.99807505625 0.5618830671875 0.4052086703125 0.3893145578125 0.4052086703125 0.38862428437499996 0.7602879328125 0.3623938703125 0.758670334375 0.361013321875 0.99969265625
2 0.5081896078125 0.41433655312499995 0.5130708328125 0.4149720375 0.5136131890625 0.40543975625 0.5396463828125 0.4035333 0.540188740625 0.391459075 0.5136131890625 0.3920945609375 0.5141555484375 0.382562278125 0.5109014000000001 0.38129130624999996 0.5087319671875 0.391459075 0.48269877499999997 0.3901881046875 0.4832411328125 0.4028978140625 0.5081896078125 0.4028978140625 0.5081896078125 0.41433655312499995
2 0.564594859375 0.5236400609375 0.564594859375 0.5604982203125 0.5732725890625 0.559862734375 0.5748996640625 0.52491103125 0.580865603125 0.5255465171875 0.580865603125 0.51728520625 0.5748996640625 0.5185561765625 0.5732725890625 0.482333503125 0.562967784375 0.482333503125 0.5635101421875001 0.5185561765625 0.5564594859375 0.51728520625 0.55700184375 0.5236400609375 0.564594859375 0.5236400609375
2 0.36934591562499997 0.484239959375 0.37531185625 0.48296898906249996 0.37476949843749996 0.512201321875 0.38778609375 0.5115658359374999 0.3883284515625 0.482333503125 0.3953791078125 0.482333503125 0.39592146562499997 0.47470767656249996 0.3883284515625 0.4753431625 0.3872437359375 0.44547534375 0.37476949843749996 0.44547534375 0.37476949843749996 0.474072190625 0.367718840625 0.474072190625 0.36934591562499997 0.484239959375
2 0.28582275625000003 0.48487544531250004 0.28582275625000003 0.50902389375 0.29775463750000003 0.5102948656249999 0.2993817109375 0.4867819015625 0.3053476515625 0.48614641562500005 0.3053476515625 0.479156075 0.297212278125 0.479156075 0.297212278125 0.4556431109375 0.28582275625000003 0.456278596875 0.286365115625 0.47852059062499996 0.2798568171875 0.47852059062499996 0.280941534375 0.48551093125 0.28582275625000003 0.48487544531250004
2 0.3704306328125 0.6437468234375 0.36934591562499997 0.6494661921875 0.37639657187500003 0.6494661921875 0.37639657187500003 0.6755210984375 0.38778609375 0.6761565843749999 0.3872437359375 0.6494661921875 0.39483674999999996 0.650101678125 0.39483674999999996 0.6431113374999999 0.3888708109375 0.6431113374999999 0.3888708109375 0.6183274015625 0.37639657187500003 0.6183274015625 0.3774812890625 0.6437468234375 0.3704306328125 0.6437468234375
2 0.3422280078125 0.8127859687500001 0.3422280078125 0.819776309375 0.3487363046875 0.8191408234375 0.34927866406249997 0.84074733125 0.36121054375 0.8413828171875 0.3601258265625 0.8185053375000001 0.3688035578125 0.819776309375 0.36934591562499997 0.813421453125 0.3617529015625 0.813421453125 0.3606681859375 0.789908490625 0.3503633796875 0.789908490625 0.3487363046875 0.8140569390625 0.3422280078125 0.8127859687500001
2 0.349821021875 0.9799186578124999 0.349821021875 0.9996187093750001 0.3590411109375 0.9989832234374999 0.36121054375 0.9818251140625 0.3688035578125 0.9818251140625 0.367176484375 0.9729283171875001 0.3601258265625 0.9741992875 0.36121054375 0.9519572953125 0.349821021875 0.951321809375 0.3487363046875 0.975470259375 0.34277036562499996 0.975470259375 0.3433127234375 0.9811896296875 0.349821021875 0.9799186578124999
2 0.573814946875 1 0.5743573046875 0.9811896296875 0.582492678125 0.9799186578124999 0.5819503203124999 0.9729283171875001 0.5743573046875 0.973563803125 0.5748996640625 0.951321809375 0.562967784375 0.951321809375 0.5640525000000001 0.9761057453124999 0.555917128125 0.9761057453124999 0.555917128125 0.9811896296875 0.562967784375 0.9811896296875 0.562967784375 1 0.573814946875 1
2 0.7159127890625 1 0.716455146875 0.9799186578124999 0.7251328781249999 0.9799186578124999 0.7240481625 0.9748347734375 0.7159127890625 0.973563803125 0.716455146875 0.9525927812500001 0.7045232671874999 0.9525927812500001 0.705065625 0.9729283171875001 0.6985573265625 0.9729283171875001 0.6985573265625 0.9824605999999999 0.7061503421875 0.98055414375 0.705065625 1 0.7159127890625 1
1 0.7040812453124999 0.9220373671875001 0.5756909640625001 0.9220373671875001 0.5756909640625001 0.9988701062500001 0.7040812453124999 0.9988701062500001 0.7040812453124999 0.9220373671875001
2 0.6622193296875001 0.92844433125 0.668727628125 0.929715303125 0.6676429109375001 0.9182765625 0.6909643125 0.9182765625 0.691506671875 0.9049313671875 0.668727628125 0.9062023390625 0.6692699859375 0.8992119984375 0.6643887625 0.8992119984375 0.6638464046875 0.9049313671875 0.6383555703125 0.90429588125 0.6394402859375 0.9189120484375 0.6627616875 0.9182765625 0.6622193296875001 0.92844433125
2 0.059659399999999994 0.652008134375 0.0585746828125 0.6875953234375001 0.08840438125 0.6875953234375001 0.0894890984375 0.6526436203125 0.0970821125 0.6526436203125 0.0970821125 0.648195221875 0.08840438125 0.64692425 0.08894674062499999 0.6119725468749999 0.05911704062499999 0.6126080328125 0.0585746828125 0.6456532796875 0.0498969515625 0.6456532796875 0.0498969515625 0.652008134375 0.059659399999999994 0.652008134375
3 0.9415337890625001 0.3749332734375 0.9301442671875 0.3749332734375 0.9301442671875 0.422593415625 0.9415337890625001 0.422593415625 0.9415337890625001 0.3749332734375
3 0.9426195906249999 0.7149243765625 0.9290584656249999 0.7149243765625 0.9290584656249999 0.7606806046875 0.9426195906249999 0.7606806046875 0.9426195906249999 0.7149243765625
4 0.940842825 0.055805159375 0.46386484375 0.055805159375 0.46386484375 0.39307384375 0.940842825 0.39307384375 0.940842825 0.055805159375
6 0.46317767656250003 0.055805159375 0.45212984062499995 0.055805159375 0.45212984062499995 0.17227313125 0.46317767656250003 0.17227313125 0.46317767656250003 0.055805159375
6 0.930485953125 0.3922686828125 0.682680334375 0.3922686828125 0.682680334375 0.40278469687499996 0.930485953125 0.40278469687499996 0.930485953125 0.3922686828125
6 0.9304935453125 0.730346975 0.6709491265625 0.730346975 0.6709491265625 0.7424822062499999 0.9304935453125 0.7424822062499999 0.9304935453125 0.730346975
6 0.5625733421875 0.4828534453125 0.5736177265625 0.4820446453125 0.574308 0.41167906875 0.6454062265625 0.41006146875000005 0.644025678125 0.390650275 0.539104025 0.393076675 0.539104025 0.4043998703125 0.563263615625 0.4043998703125 0.5625733421875 0.4828534453125
6 0.574308 0.9527660953125 0.5736177265625 0.91960530625 0.639884034375 0.91879650625 0.639884034375 0.9066645093749999 0.5749982734375 0.905855709375 0.574308 0.5596894203125 0.563263615625 0.5596894203125 0.5625733421875 0.9519572953125 0.574308 0.9527660953125
3 0.6336674265625 0.730346975 0.5743052390625001 0.730346975 0.5743052390625001 0.7602758 0.6336674265625 0.7602758 0.6336674265625 0.730346975
4 0.9401518609374999 0.918794484375 0.717190584375 0.918794484375 0.717190584375 0.9999955515625001 0.9401518609374999 0.9999955515625001 0.9401518609374999 0.918794484375
6 0.7047697937499999 0.9519572953125 0.715814178125 0.9519572953125 0.716504453125 0.91879650625 0.9408435140625 0.91879650625 0.940153240625 0.905855709375 0.6909643125 0.905855709375 0.6916545875 0.9179877062499999 0.7047697937499999 0.9179877062499999 0.7047697937499999 0.9519572953125
6 0.38793849687500004 0.67696174375 0.3768906609375 0.67696174375 0.3768906609375 0.7117393234375 0.38793849687500004 0.7117393234375 0.38793849687500004 0.67696174375
4 0.3472057703125 0.7392393234375 0.0890432796875 0.7392393234375 0.0890432796875 0.90019128125 0.3472057703125 0.90019128125 0.3472057703125 0.7392393234375
6 0.34996583124999997 0.725493771875 0.10285117656250001 0.725493771875 0.10285117656250001 0.7384386125 0.34996583124999997 0.7384386125 0.34996583124999997 0.725493771875
6 0.360322703125 0.7546129890625 0.3492748671875 0.7546129890625 0.3492748671875 0.78939056875 0.360322703125 0.78939056875 0.360322703125 0.7546129890625
6 0.3485883890625 0.9519572953125 0.3603230484375 0.9519572953125 0.3603230484375 0.8427693296875001 0.34927866406249997 0.8419605296875 0.3485883890625 0.9026205109375001 0.0904258984375 0.9010029125000001 0.0904258984375 0.9131349078125 0.34927866406249997 0.9139437078125001 0.3485883890625 0.9519572953125
6 0.287154 0.4569718546875 0.298198384375 0.45616305468749996 0.298198384375 0.393076675 0.10354110624999999 0.391459075 0.10285083125000001 0.4052086703125 0.287154 0.4052086703125 0.287154 0.4569718546875
6 0.2975081109375 0.5693950171875 0.2975081109375 0.5111614375 0.2878442734375 0.5095438375 0.287154 0.5693950171875 0.0890453515625 0.5693950171875 0.0883550765625 0.5807182140625 0.3761993515625 0.5807182140625 0.3775798984375 0.617923003125 0.38862428437499996 0.617923003125 0.38862428437499996 0.5111614375 0.375509078125 0.5119702359375 0.3761993515625 0.5693950171875 0.2975081109375 0.5693950171875
3 0.10284737968749999 0.7101290031249999 0.0890432796875 0.7101290031249999 0.0890432796875 0.7554225984375 0.10284737968749999 0.7554225984375 0.10284737968749999 0.7101290031249999
4 0.3485914953125 1 0.3485914953125 0.9147508890625 0.089738040625 0.9147508890625 0.089738040625 1 0.3485914953125 1
4 0.37758162500000003 0.580720640625 0.089738040625 0.580720640625 0.089738040625 0.7246886124999999 0.37758162500000003 0.7246886124999999 0.37758162500000003 0.580720640625
4 0.3506605921875 0.057428824999999996 0.0911161734375 0.057428824999999996 0.0911161734375 0.3922686828125 0.3506605921875 0.3922686828125 0.3506605921875 0.057428824999999996
1 0.37481776718750004 0.40439946562499995 0.298196659375 0.40439946562499995 0.298196659375 0.5685898578125 0.37481776718750004 0.5685898578125 0.37481776718750004 0.40439946562499995
2 0.3492748671875 0.39307384375 0.298196659375 0.39307384375 0.298196659375 0.40439946562499995 0.3492748671875 0.40439946562499995 0.3492748671875 0.39307384375