3 0.119165084375 0.8902662359375 0.119165084375 0.8409635156249999 0.0895635671875 0.83955486875 0.08880455312499999 0.8888575843750001 0.0296015171875 0.8888575843750001 0.02884250625 0.9353430046875 0.7377609109375001 0.967741934375 0.7377609109375001 0.9804197765625 0.8478178375000001 0.9818284281249999 0.8500948781250001 0.800112690625 0.8182163171875001 0.800112690625 0.81745730625 0.91843921875 0.119165084375 0.8902662359375
6 0.40759013125 0.6296661484375 0.390132828125 0.6310747984375 0.39089184062500004 0.671925625 0.384819734375 0.6691083234375 0.384819734375 0.9085786718750001 0.40531309374999996 0.9099873234375 0.40455407968749996 0.7113677984375 0.4759013296875 0.7113677984375 0.475142315625 0.9170305671874999 0.492599621875 0.9170305671874999 0.492599621875 0.715593746875 0.8197343453125001 0.7268629390625 0.8197343453125001 0.69868995625 0.492599621875 0.6860121140625 0.49563567343750004 0.26623468125 0.66110056875 0.2746865765625 0.6603415546875 0.2366530484375 0.47741935468749996 0.229609803125 0.475142315625 0.6831948171875 0.40607210625 0.6803775203125 0.40759013125 0.6296661484375
5 0.8189753312500001 0.7324975328125001 0.492599621875 0.715593746875 0.4918406078125 0.9085786718750001 0.8182163171875001 0.9212565156249999 0.8189753312500001 0.7324975328125001
7 0.8493411765625 0.736724890625 0.8197411765625 0.736724890625 0.8197411765625 0.801528384375 0.8493411765625 0.801528384375 0.8493411765625 0.736724890625
7 0.11839999999999999 0.6916593890625 0.089552940625 0.6916593890625 0.089552940625 0.7775982531250001 0.11839999999999999 0.7775982531250001 0.11839999999999999 0.6916593890625
7 0.06223529375 0.446528384375 0.03263529375 0.446528384375 0.03263529375 0.5958296937500001 0.06223529375 0.5958296937500001 0.06223529375 0.446528384375
1 0.4759013296875 0.2282011578125 0.9138519921875 0.24651359374999998 0.9115749531249999 0.136638965625 0.4129032265625 0.11832652343750001 0.4083491453125 0.6831948171875 0.47666034062499996 0.6860121140625 0.4759013296875 0.2282011578125
2 0.6193548375 0.14509085625 0.6254269453125 0.14509085625 0.6246679312500001 0.129595715625 0.6436432640625 0.1310043671875 0.6421252375 0.0901535421875 0.6011385203125 0.0901535421875 0.6011385203125 0.123961121875 0.6185958265625 0.123961121875 0.6193548375 0.14509085625
2 0.43187855781250006 0.1760811390625 0.4333965828125 0.160586 0.415180265625 0.15776869843750002 0.413662240625 0.12536976875 0.39392789375000004 0.123961121875 0.39240986875 0.21129736718749997 0.4121442125 0.21129736718749997 0.4129032265625 0.17889843593750002 0.43187855781250006 0.1760811390625
2 0.8948766609375 0.17889843593750002 0.8948766609375 0.1986195234375 0.9100569265624999 0.20143682031250001 0.9123339640625 0.23383575156249997 0.9320683109375001 0.23383575156249997 0.930550284375 0.149316803125 0.91537001875 0.149316803125 0.9146110046875 0.1803070875 0.8948766609375 0.17889843593750002
1 0.81745730625 0.48598394375 0.838709678125 0.48739258906250005 0.840227703125 0.511339625 0.9100569265624999 0.508522328125 0.9115749531249999 0.28595576875 0.7650853875 0.28032117031250003 0.765844403125 0.6930553578125 0.81745730625 0.6944640093750001 0.81745730625 0.48598394375
2 0.7893738140625 0.3197633453125 0.7969639453124999 0.31835469843749997 0.7984819734374999 0.28032117031250003 0.81745730625 0.28313847187499996 0.8159392796875 0.243696296875 0.7984819734374999 0.243696296875 0.7962049343750001 0.20425412187499997 0.7886148000000001 0.20707141875 0.7878557875000001 0.242287646875 0.7719165078125 0.243696296875 0.7703984828125 0.2789125234375 0.7886148000000001 0.2775038734375 0.7893738140625 0.3197633453125
1 0.723339659375 0.6916467125 0.7521821625 0.6930553578125 0.7544592031249999 0.2789125234375 0.49715370156249994 0.269051978125 0.49563567343750004 0.5127482750000001 0.7256166984375 0.5197915203125001 0.723339659375 0.6916467125
2 0.6960151812500001 0.3197633453125 0.6967741921874999 0.2775038734375 0.7165085390625 0.2789125234375 0.7165085390625 0.23947035 0.693738140625 0.23947035 0.6929791265625 0.1915762796875 0.68462998125 0.192984925 0.68462998125 0.2380616984375 0.66110056875 0.24087899531249998 0.66110056875 0.2817298203125 0.6838709671875 0.2817298203125 0.6831119546875 0.3197633453125 0.6960151812500001 0.3197633453125
2 0.7931688796875 0.6226229046875 0.7939278937500001 0.63811804375 0.8189753312500001 0.6409353453125 0.8189753312500001 0.6831948171875 0.8500948781250001 0.6846034671875 0.8516129031249999 0.6437526421875 0.872865275 0.6437526421875 0.872865275 0.6240315546875 0.8523719171874999 0.6240315546875 0.8508538890624999 0.5845893796875 0.81745730625 0.5831807296875 0.8189753312500001 0.6240315546875 0.7931688796875 0.6226229046875
2 0.390132828125 0.588815328125 0.3886148 0.6296661484375 0.41138519999999995 0.6282575015625 0.40986717187500005 0.59867586875 0.4296015171875 0.594449921875 0.42808349218749997 0.57895478125 0.409108159375 0.576137484375 0.40986717187500005 0.5437385546875 0.3878557875 0.5423299046875 0.3886148 0.5719115375 0.37419354843749997 0.576137484375 0.37343453437499996 0.588815328125 0.390132828125 0.588815328125
4 0.1206831125 0.8874489343749999 0.3833017078125 0.9001267765625001 0.3840607203125 0.6846034671875 0.2853889953125 0.67896886875 0.2853889953125 0.6310747984375 0.1282732453125 0.6254402015625 0.130550284375 0.6465699390624999 0.1199240984375 0.6465699390624999 0.1206831125 0.8874489343749999
2 0.3142314984375 0.7113677984375 0.324857684375 0.7127764453125 0.3240986703125 0.6803775203125 0.342314990625 0.6817861656249999 0.342314990625 0.6606564328125 0.3256166984375 0.65783913125 0.3240986703125 0.6254402015625 0.3127134734375 0.6240315546875 0.3127134734375 0.6550218343750001 0.299810246875 0.65783913125 0.299810246875 0.676151571875 0.31574952500000003 0.6775602187499999 0.3142314984375 0.7113677984375
2 0.3149905125 0.5676855890625 0.2967741921875 0.5676855890625 0.2967741921875 0.529652065625 0.2861480078125 0.528243415625 0.2861480078125 0.5705028859375 0.2686907015625 0.5705028859375 0.2686907015625 0.5859980265625 0.2853889953125 0.5874066765625 0.2853889953125 0.615579659375 0.299810246875 0.616988309375 0.29753320781250003 0.5874066765625 0.3149905125 0.581772078125 0.3149905125 0.5676855890625
2 0.0857685015625 0.815607834375 0.084250475 0.83955486875 0.119165084375 0.83955486875 0.1199240984375 0.81842513125 0.1358633765625 0.815607834375 0.1358633765625 0.79870404375 0.1199240984375 0.79870404375 0.1206831125 0.77757430625 0.088045540625 0.77757430625 0.08880455312499999 0.8029299906249999 0.069829221875 0.79870404375 0.0705882359375 0.815607834375 0.0857685015625 0.815607834375
1 0.38861176406250003 0.5338864625 0.295247059375 0.5338864625 0.295247059375 0.6648908296875 0.38861176406250003 0.6648908296875 0.38861176406250003 0.5338864625
2 0.330170778125 0.5634596421875 0.3392789359375 0.5634596421875 0.3392789359375 0.536695309375 0.3529411765625 0.53810395625 0.3529411765625 0.5183828687500001 0.34003795000000003 0.5169742234375 0.3377609109375 0.48598394375 0.32865275 0.48880124062499997 0.330170778125 0.514156921875 0.3180265640625 0.5127482750000001 0.3165085390625 0.53810395625 0.32865275 0.535286659375 0.330170778125 0.5634596421875
3 0.12751423125 0.6071277640625 0.062239089062499996 0.6071277640625 0.06299810312500001 0.5972672234374999 0.0333965828125 0.59867586875 0.0333965828125 0.65924778125 0.0895635671875 0.662065078125 0.0895635671875 0.6916467125 0.1199240984375 0.6930553578125 0.121442125 0.6507958859375 0.12751423125 0.6465699390624999 0.12751423125 0.6071277640625
3 0.1259962046875 0.3577968734375 0.12751423125 0.322580646875 0.0645161296875 0.3197633453125 0.0645161296875 0.29159036718750003 0.03111954375 0.290181715625 0.032637571875 0.45217636250000004 0.0645161296875 0.45217636250000004 0.063757115625 0.3563882234375 0.1259962046875 0.3577968734375
3 0.8197343453125001 0.5845893796875 0.8500948781250001 0.5859980265625 0.8500948781250001 0.5733201875 0.9639468687500001 0.5733201875 0.9624288421875 0.514156921875 0.840227703125 0.511339625 0.838709678125 0.490209890625 0.8189753312500001 0.490209890625 0.8197343453125001 0.5845893796875
6 0.244402278125 0.40991689062500003 0.2876660359375 0.40850824062499996 0.286907021875 0.529652065625 0.31954459218750003 0.5338780125 0.31954459218750003 0.5169742234375 0.29601518125 0.5169742234375 0.29601518125 0.3732920125 0.35142315 0.3718833625 0.35142315 0.3310325421875 0.3392789359375 0.32680659375 0.3392789359375 0.34652768125 0.12751423125 0.33666713593750003 0.125237190625 0.3620228203125 0.244402278125 0.36624876875 0.244402278125 0.40991689062500003
6 0.2861480078125 0.676151571875 0.30208728749999997 0.6775602187499999 0.30208728749999997 0.662065078125 0.2952561671875 0.6634737296875 0.29373814062500003 0.616988309375 0.1282732453125 0.6071277640625 0.12675521875 0.6226229046875 0.2853889953125 0.6282575015625 0.2861480078125 0.676151571875
0 0.29753320781250003 0.5155655718750001 0.3886148 0.5197915203125001 0.3886148 0.350753628125 0.3521821625 0.349344978125 0.3521821625 0.3718833625 0.29753320781250003 0.370474715625 0.29753320781250003 0.5155655718750001
6 0.3924117640625 0.51980349375 0.35370588281250004 0.51980349375 0.35370588281250004 0.533908296875 0.3924117640625 0.533908296875 0.3924117640625 0.51980349375
6 0.38862352968749997 0.666266375 0.343847059375 0.666266375 0.343847059375 0.6803711796874999 0.38862352968749997 0.6803711796874999 0.38862352968749997 0.666266375
6 0.39392789375000004 0.1211438203125 0.40986717187500005 0.123961121875 0.41062618593750005 0.1126919296875 0.6011385203125 0.123961121875 0.601897534375 0.0901535421875 0.58671726875 0.0901535421875 0.5859582546875 0.07747569843749999 0.41669829218750004 0.0718411046875 0.41669829218750004 0.0450767734375 0.39089184062500004 0.043668121875 0.39089184062500004 0.081701646875 0.39392789375000004 0.084518946875 0.39392789375000004 0.1211438203125
6 0.91537001875 0.1479081578125 0.9320683109375001 0.149316803125 0.9320683109375001 0.0732497546875 0.9123339640625 0.0732497546875 0.913092978125 0.0929708421875 0.8235294124999999 0.0929708421875 0.822770396875 0.1000140875 0.6421252375 0.0915621921875 0.6421252375 0.1281870703125 0.9146110046875 0.1338216640625 0.91537001875 0.1479081578125
6 0.77116470625 0.243711790625 0.7165058828124999 0.243711790625 0.7165058828124999 0.2775109171875 0.77116470625 0.2775109171875 0.77116470625 0.243711790625
6 0.7635647062500001 0.2774890828125 0.7544588234375 0.2774890828125 0.7544588234375 0.6972707421875 0.7635647062500001 0.6972707421875 0.7635647062500001 0.2774890828125
6 0.9108159390624999 0.5155655718750001 0.9320683109375001 0.5155655718750001 0.9328273250000001 0.34511903125 0.929032259375 0.34511903125 0.930550284375 0.2380616984375 0.913092978125 0.2366530484375 0.913092978125 0.24933089062499997 0.8166982921875 0.24792224531249998 0.8166982921875 0.2817298203125 0.913092978125 0.2817298203125 0.9108159390624999 0.5155655718750001
6 0.5032258078125 0.5338780125 0.5358633765625 0.5338780125 0.5358633765625 0.5169742234375 0.49335863281250003 0.5155655718750001 0.49335863281250003 0.6860121140625 0.5032258078125 0.6846034671875 0.5032258078125 0.5338780125
6 0.63605313125 0.6916467125 0.6368121437500001 0.53810395625 0.663377609375 0.5409212578125 0.6641366234375 0.5212001703125 0.5707779875 0.5226088171875001 0.5707779875 0.536695309375 0.6261859578125 0.53810395625 0.6254269453125 0.6874207640625001 0.63605313125 0.6916467125
6 0.7111954468749999 0.6944640093750001 0.7218216328125 0.6930553578125 0.723339659375 0.5226088171875001 0.6975332078125 0.5226088171875001 0.698292221875 0.53951260625 0.7111954468749999 0.5409212578125 0.7111954468749999 0.6944640093750001
2 0.55711575 0.562050990625 0.55711575 0.53951260625 0.5707779875 0.536695309375 0.5707779875 0.5169742234375 0.55711575 0.5155655718750001 0.55711575 0.4831666421875 0.548766603125 0.48457529218750006 0.548766603125 0.511339625 0.5366223906250001 0.5155655718750001 0.5366223906250001 0.536695309375 0.548766603125 0.536695309375 0.548766603125 0.5634596421875 0.55711575 0.562050990625
2 0.675521821875 0.5719115375 0.6853889953125 0.5733201875 0.68462998125 0.5409212578125 0.6975332078125 0.5423299046875 0.6975332078125 0.5197915203125001 0.6838709671875 0.5183828687500001 0.6838709671875 0.49161853750000006 0.677039846875 0.490209890625 0.6777988609375 0.5169742234375 0.663377609375 0.5183828687500001 0.663377609375 0.5437385546875 0.677039846875 0.5437385546875 0.675521821875 0.5719115375
6 0.9161290328125 0.967741934375 0.917647059375 0.5733201875 0.9024667921875 0.5705028859375 0.899430740625 0.93816030625 0.84857685 0.9367516546875001 0.8478178375000001 0.9649246375 0.9161290328125 0.967741934375
1 0.8994235296875001 0.5732969437500001 0.8500823531249999 0.5732969437500001 0.8500823531249999 0.9381441046875001 0.8994235296875001 0.9381441046875001 0.8994235296875001 0.5732969437500001
6 0.39317647031249997 0.3296069875 0.35143529375 0.3296069875 0.35143529375 0.349344978125 0.39317647031249997 0.349344978125 0.39317647031249997 0.3296069875
4 0.286907021875 0.40991689062500003 0.24288425 0.40991689062500003 0.2436432640625 0.369066065625 0.0660341546875 0.3592055234375 0.063757115625 0.6057191140625 0.2853889953125 0.6113537124999999 0.286907021875 0.40991689062500003
1 0.088047059375 0.6620524015625 0.034917646875 0.6620524015625 0.034917646875 0.8888646281250001 0.088047059375 0.8888646281250001 0.088047059375 0.6620524015625
3 0.8493411765625 0.6831877734375 0.8197411765625 0.6831877734375 0.8197411765625 0.736724890625 0.8493411765625 0.736724890625 0.8493411765625 0.6831877734375
6 0.3954459203125 0.5197915203125001 0.396204934375 0.5451472046875 0.4083491453125 0.5409212578125 0.4121442125 0.21129736718749997 0.39316887968750003 0.21411466406250002 0.39468690624999997 0.352162275 0.3878557875 0.352162275 0.3878557875 0.5226088171875001 0.3954459203125 0.5197915203125001