4 0.39347408906250003 0.130017453125 0.39347408906250003 0.16317626406250002 0.383877159375 0.16317626406250002 0.38451695468749997 0.1291448515625 0.29942418437499996 0.1273996515625 0.29878438906250004 0.1640488671875 0.28790786874999996 0.16317626406250002 0.28790786874999996 0.1239092484375 0.181062059375 0.1282722515625 0.181062059375 0.18586387499999998 0.1829814453125 0.18586387499999998 0.1829814453125 0.22164048906249997 0.17338451562499999 0.22164048906249997 0.172744721875 0.192844678125 0.058861165625 0.19022687656249998 0.0563019828125 0.5052356015624999 0.06525911718750001 0.5052356015624999 0.067178503125 0.540139615625 0.11580294218750001 0.542757415625 0.1324376203125 0.5977312375 0.12987843906250002 0.6762652703125 0.17338451562499999 0.6762652703125 0.17338451562499999 0.527050609375 0.1797824703125 0.5279232125 0.181062059375 0.5226876093749999 0.1964171453125 0.524432809375 0.1964171453125 0.5314136125 0.2175303890625 0.5314136125 0.21817018593749998 0.5061082015625 0.24632117656250002 0.5052356015624999 0.24632117656250002 0.5305410125 0.3800383875 0.5331588140625 0.38259756875 0.3682373484375 0.36212412031249996 0.365619546875 0.362763915625 0.33682373593750004 0.383877159375 0.33682373593750004 0.383877159375 0.2897033171875 0.5003198984375 0.334205934375 0.5003198984375 0.37434555 0.49648112656250004 0.37434555 0.497120921875 0.5314136125 0.63275751875 0.5340314140625 0.6333973125 0.558464221875 0.6468330140624999 0.558464221875 0.6468330140624999 0.5872600343750001 0.76263595625 0.5872600343750001 0.7651951375 0.45636998125000006 0.6257197703124999 0.4005235609375 0.62763915625 0.130890053125 0.39347408906250003 0.130017453125
7 0.2834836859375 0.1006937171875 0.231065259375 0.1006937171875 0.231065259375 0.12485602031250001 0.2834836859375 0.12485602031250001 0.2834836859375 0.1006937171875
7 0.370595009375 0.10168848125 0.3130134359375 0.10168848125 0.3130134359375 0.12585078593750001 0.370595009375 0.12585078593750001 0.370595009375 0.10168848125
7 0.47467370468750003 0.10370418906250001 0.4148848375 0.10370418906250001 0.4148848375 0.12786649218749999 0.47467370468750003 0.12786649218749999 0.47467370468750003 0.10370418906250001
7 0.5913147796875 0.104698953125 0.5315259109375 0.104698953125 0.5315259109375 0.12886125625 0.5913147796875 0.12886125625 0.5913147796875 0.104698953125
4 0.6346769046875 0.3926701578125 0.7683941125 0.445026178125 0.7696737046875 0.26788830625000004 0.6557901484374999 0.2661431078125 0.6538707625 0.29930191875 0.63275751875 0.3001745203125 0.6346769046875 0.3926701578125
7 0.734539346875 0.241636125 0.675479846875 0.241636125 0.675479846875 0.2657984296875 0.734539346875 0.2657984296875 0.734539346875 0.241636125
4 0.912351246875 0.335955496875 0.7735220734375 0.335955496875 0.7735220734375 0.5235732984375 0.912351246875 0.5235732984375 0.912351246875 0.335955496875
7 0.8718522078125 0.311112565625 0.81279270625 0.311112565625 0.81279270625 0.33527486875 0.8718522078125 0.33527486875 0.8718522078125 0.311112565625
7 0.9309021109375 0.588010471875 0.911708253125 0.588010471875 0.911708253125 0.67157068125 0.9309021109375 0.67157068125 0.9309021109375 0.588010471875
7 0.056103646875 0.7853403140624999 0.036180421875 0.7853403140624999 0.036180421875 0.8809947640625 0.056103646875 0.8809947640625 0.056103646875 0.7853403140624999
6 0.2975047984375 0.12485602031250001 0.28790786874999996 0.12485602031250001 0.28790786874999996 0.1621073296875 0.2975047984375 0.1621073296875 0.2975047984375 0.12485602031250001
3 0.3130134359375 0.1006675390625 0.2842226484375 0.1006675390625 0.2842226484375 0.12383507812500001 0.3130134359375 0.12383507812500001 0.3130134359375 0.1006675390625
3 0.414894434375 0.100680628125 0.370595009375 0.100680628125 0.370595009375 0.1268586390625 0.414894434375 0.1268586390625 0.414894434375 0.100680628125
3 0.5307869484375 0.103717278125 0.473934740625 0.103717278125 0.473934740625 0.12989528749999998 0.5307869484375 0.12989528749999998 0.5307869484375 0.103717278125
3 0.92943378125 0.67157068125 0.9117178499999999 0.67157068125 0.9117178499999999 0.8246073296875001 0.92943378125 0.8246073296875001 0.92943378125 0.67157068125
3 0.055364682812499996 0.7189005234375 0.03837811875 0.7189005234375 0.03837811875 0.7853403140624999 0.055364682812499996 0.7853403140624999 0.055364682812499996 0.7189005234375
6 0.64525234375 0.5905451171875 0.6458168671875 0.5605173999999999 0.6322682625 0.5597474578125 0.6311392109375 0.534339390625 0.49621768125 0.5327995078125001 0.49565315625000006 0.45272559218749997 0.489443378125 0.45426547656249994 0.492266003125 0.5351093328125 0.3895224109375 0.5358792718750001 0.3900869359375 0.5120110859375 0.3816190578125 0.5120110859375 0.3816190578125 0.5358792718750001 0.19419668125 0.5312596234375 0.19250310625 0.5243301515625001 0.1829061765625 0.5243301515625001 0.1829061765625 0.5312596234375 0.173873771875 0.5312596234375 0.171615671875 0.9262396046875001 0.1772609234375 0.9262396046875001 0.179519025 0.54203880625 0.624929434375 0.5505081625 0.624929434375 0.5905451171875 0.64525234375 0.5905451171875
3 0.2458253359375 0.5064528796875 0.21924184218749998 0.5064528796875 0.21924184218749998 0.5346465968749999 0.2458253359375 0.5346465968749999 0.2458253359375 0.5064528796875
6 0.6304444109375 0.3282319765625 0.6319208625 0.2617801046875 0.626015059375 0.2637937984375 0.6252768343749999 0.37051953437499996 0.6333973125 0.3735400734375 0.6333973125 0.33024567031249996 0.6304444109375 0.3282319765625
3 0.6548080609375 0.262801046875 0.631180421875 0.262801046875 0.631180421875 0.2980366484375 0.6548080609375 0.2980366484375 0.6548080609375 0.262801046875
3 0.0561051234375 0.9232782937499999 0.0561051234375 0.8809907375 0.0354348140625 0.879983890625 0.0354348140625 0.949456303125 0.1764358484375 0.9514699953125 0.1764358484375 0.927305678125 0.0561051234375 0.9232782937499999
3 0.8718440859375001 0.335279903125 0.9139229296875 0.3362867484375 0.9124464781249999 0.5869915421874999 0.9323785625 0.5879983906249999 0.9331167875 0.3101087375 0.8725823125 0.3101087375 0.8718440859375001 0.335279903125
3 0.7360106296875 0.23962948125 0.7352724046875 0.2678211828125 0.7699689937499999 0.2668143375 0.7692307703125 0.3342730578125 0.8127860609375 0.3342730578125 0.8127860609375 0.308095046875 0.789901078125 0.308095046875 0.788424628125 0.24164317343750003 0.7360106296875 0.23962948125
3 0.5913184703125001 0.1057188875 0.5913184703125001 0.12988320625 0.6267532859375 0.12988320625 0.6274915109375 0.2637937984375 0.6762143796875 0.26480064375 0.6762143796875 0.23962948125 0.6466853687499999 0.23962948125 0.6459471437500001 0.1057188875 0.5913184703125001 0.1057188875
3 0.2022737328125 0.0986709640625 0.20448841093749998 0.035239628125 0.183079875 0.035239628125 0.1845563265625 0.12686266562499998 0.231802746875 0.12585581875000001 0.232540971875 0.0986709640625 0.2022737328125 0.0986709640625
6 0.3919961609375 0.12787958125 0.3853550859375 0.12787958125 0.3853550859375 0.16311518281249998 0.3919961609375 0.16311518281249998 0.3919961609375 0.12787958125
3 0.29454894375 0.309109946875 0.28790786874999996 0.309109946875 0.28790786874999996 0.349371728125 0.29454894375 0.349371728125 0.29454894375 0.309109946875
3 0.1808733203125 0.3503926703125 0.17275431875 0.3503926703125 0.17275431875 0.39065445 0.1808733203125 0.39065445 0.1808733203125 0.3503926703125
6 0.04346844375 0.23560209375 0.0508072703125 0.23714197656249997 0.047984645312500004 0.54203880625 0.042339393749999996 0.5428087453125 0.041774867187499995 0.5951647671875 0.04629106875 0.595934709375 0.04572654375 0.7191253453125 0.055887998437499996 0.7175854640625 0.0575815734375 0.679088390625 0.13209890468750002 0.6806282718750001 0.13209890468750002 0.67523868125 0.12814722812499998 0.67523868125 0.1298408046875 0.5967046484375 0.113469571875 0.5435786890625 0.10274359375 0.54203880625 0.10274359375 0.548968278125 0.1100824203125 0.548968278125 0.12419555156249999 0.5990144734375 0.12419555156249999 0.67523868125 0.053629896875000006 0.6736987984375 0.05927515 0.190175546875 0.13322795625 0.190175546875 0.13605058125 0.0962426859375 0.1287117546875 0.0962426859375 0.1287117546875 0.18016630625000002 0.04459749375 0.18170619062499999 0.04346844375 0.23560209375
1 0.1087651953125 0.5497382203125001 0.056941779687500006 0.5453752171875 0.054382596875 0.67364746875 0.12348048593750001 0.6745200703124999 0.12476007656250002 0.602966840625 0.1087651953125 0.5497382203125001
3 0.0671881 0.5084685859375 0.053157389062500005 0.5084685859375 0.053157389062500005 0.54168848125 0.0671881 0.54168848125 0.0671881 0.5084685859375
3 0.17716890624999998 0.5497382203125001 0.1690499046875 0.5497382203125001 0.1690499046875 0.584973821875 0.17716890624999998 0.584973821875 0.17716890624999998 0.5497382203125001
1 0.410108765625 0.445898778125 0.40243122187499997 0.445026178125 0.40243122187499997 0.45986038437500004 0.3902751109375 0.45811518281249997 0.3902751109375 0.5261780109374999 0.40690978906249997 0.527050609375 0.40690978906249997 0.535776615625 0.4920025578125 0.5340314140625 0.4913627640625 0.3752181484375 0.48560460625 0.3752181484375 0.48688419843749997 0.34031413593750004 0.39347408906250003 0.30191972031250003 0.39347408906250003 0.3717277484375 0.410108765625 0.3726003484375 0.410108765625 0.445898778125
6 0.4092807953125 0.3734216203125 0.39234503906249996 0.372651678125 0.39234503906249996 0.300277178125 0.48718527656250005 0.3387742546875 0.50016935625 0.3364644296875 0.385006209375 0.2910378828125 0.3844416859375 0.3380043109375 0.3635542515625 0.3387742546875 0.362989725 0.366492146875 0.382748109375 0.366492146875 0.382748109375 0.4704342453125 0.3895224109375 0.47120418906249995 0.3895224109375 0.44194641093750003 0.4098453203125 0.44271635312499996 0.4092807953125 0.3734216203125
2 0.37428022968749997 0.4881429 0.3731511796875 0.49661225625 0.3810545328125 0.49661225625 0.3793609578125 0.5097012624999999 0.3917805125 0.5104712046875 0.39234503906249996 0.49661225625 0.398554815625 0.49815214062499996 0.398554815625 0.48660301875 0.3906514625 0.4858330765625 0.3912159859375 0.47197413125 0.3816190578125 0.47120418906249995 0.38049000781250003 0.4881429 0.37428022968749997 0.4881429
3 0.4008541265625 0.441007853125 0.3897792703125 0.441007853125 0.3897792703125 0.4571073296875 0.4008541265625 0.4571073296875 0.4008541265625 0.441007853125
3 0.4075047984375 0.5275916234375 0.3890403078125 0.5275916234375 0.3890403078125 0.5366492140625 0.4075047984375 0.5366492140625 0.4075047984375 0.5275916234375
6 0.67404313125 0.58823529375 0.670091453125 0.5967046484375 0.7276730265625 0.5974745921875 0.7276730265625 0.6028641828125 0.7333182796875 0.6028641828125 0.7333182796875 0.5974745921875 0.7530766625 0.5974745921875 0.7519476125 0.639821375 0.7333182796875 0.639821375 0.7333182796875 0.6344317828125 0.729366603125 0.6344317828125 0.7299311281249999 0.64136125625 0.7276730265625 0.64136125625 0.7271085015625001 0.6513704953125 0.7649316921875 0.6521404375000001 0.7643671671875001 0.7830304890625001 0.6977531906250001 0.7799507218749999 0.6988822406249999 0.6506005546875 0.701704865625 0.6506005546875 0.7022693921875 0.6405913140624999 0.687591734375 0.6405913140624999 0.687591734375 0.6490606703124999 0.6932369890625 0.6490606703124999 0.6932369890625 0.7799507218749999 0.6305746875 0.780720665625 0.6305746875 0.6506005546875 0.6599299984375 0.6490606703124999 0.66105905 0.6421311984375 0.623800384375 0.639821375 0.623800384375 0.7091161078125 0.609122728125 0.708346165625 0.6085582031250001 0.7191253453125 0.622671334375 0.7152756390625 0.622671334375 0.7991992625 0.565654284375 0.7976593765625 0.567347859375 0.7191253453125 0.5837190921875 0.7191253453125 0.583154565625 0.708346165625 0.5667833359375 0.708346165625 0.5690414359375 0.5505081625 0.5605735578125 0.548968278125 0.55775093125 0.806898675 0.622671334375 0.8092085000000001 0.622671334375 0.8269171546875 0.6271875359375 0.8292269796875 0.626623009375 0.8038189109375 0.7643671671875001 0.8061287328125 0.7632381171875 0.8230674468749999 0.7700124203125001 0.825377271875 0.76888336875 0.7991992625 0.911143728125 0.8015090859375 0.9122727796874999 0.79072990625 0.76888336875 0.79072990625 0.7700124203125001 0.7537727125 0.7931579546874999 0.7537727125 0.792593428125 0.74068370625 0.76944789375 0.7414536484375 0.7728350453124999 0.64367108125 0.7592864390625 0.6452109640625 0.758721915625 0.6020942406249999 0.7711414703125 0.6020942406249999 0.771705996875 0.5304896828125 0.76662526875 0.5312596234375 0.7649316921875 0.5913150609375 0.67404313125 0.58823529375
4 0.7607165703125001 0.6422338562500001 0.7715930906249999 0.6431064578125001 0.7709532953125 0.7417102953125 0.792706334375 0.739965096875 0.793985925 0.7530541015625001 0.7709532953125 0.755671903125 0.7703134984375 0.7888307140624999 0.9110684593749999 0.7870855156250001 0.9129878437500001 0.5314136125 0.7735124765625 0.5340314140625 0.7715930906249999 0.6020942406249999 0.760076775 0.602966840625 0.7607165703125001 0.6422338562500001
2 0.7958061421875 0.5205366484375 0.765537428125 0.5205366484375 0.765537428125 0.531609946875 0.7958061421875 0.531609946875 0.7958061421875 0.5205366484375
6 0.173309246875 0.22020326406250001 0.18234165 0.21866338281250003 0.1829061765625 0.186325840625 0.18008354843750002 0.186325840625 0.18008354843750002 0.1255004609375 0.1851642765625 0.1255004609375 0.18459975312500002 0.11472127968750001 0.1812126 0.11549122187500001 0.18008354843750002 0.105481984375 0.173873771875 0.105481984375 0.173309246875 0.22020326406250001
2 0.1501637125 0.1809362484375 0.13435700625 0.1809362484375 0.13492153125 0.192485371875 0.1507282375 0.192485371875 0.1507282375 0.217123496875 0.15637348906249998 0.217123496875 0.156938015625 0.192485371875 0.173873771875 0.192485371875 0.172744721875 0.1832460734375 0.155808965625 0.18170619062499999 0.15467991406249998 0.1709270109375 0.1501637125 0.1709270109375 0.1501637125 0.1809362484375
5 0.175009596875 0.0954712046875 0.134932821875 0.0954712046875 0.134932821875 0.1817015703125 0.175009596875 0.1817015703125 0.175009596875 0.0954712046875
4 0.1721049265625 0.7373472953125 0.14779270625000002 0.7356020937500001 0.1471529109375 0.7207678875 0.1721049265625 0.7216404890625 0.172744721875 0.685863875 0.05822136875 0.6797556734375 0.056941779687500006 0.9223385687500001 0.1708253359375 0.9240837703125001 0.1721049265625 0.7373472953125
6 0.172744721875 0.7229712046875 0.14790786875 0.7229712046875 0.14790786875 0.7345157062500001 0.172744721875 0.7345157062500001 0.172744721875 0.7229712046875
6 0.4962092125 0.37342931875 0.49169865625 0.37342931875 0.49169865625 0.415785340625 0.4962092125 0.415785340625 0.4962092125 0.37342931875
3 0.4990307109375 0.33722513125 0.488877159375 0.33722513125 0.488877159375 0.37418848125 0.4990307109375 0.37418848125 0.4990307109375 0.33722513125
3 0.5013051828124999 0.5358900531249999 0.4702495203125 0.5358900531249999 0.4702495203125 0.545890053125 0.5013051828124999 0.545890053125 0.5013051828124999 0.5358900531249999
2 0.4787174 0.43732676406250004 0.490572428125 0.43886664687500004 0.490572428125 0.44964582656249996 0.48718527656250005 0.44964582656249996 0.4832336 0.45426547656249994 0.5018629328124999 0.4565753015625 0.5018629328124999 0.45118570937499997 0.49734673125000006 0.44964582656249996 0.4979112578125 0.43886664687500004 0.5097662859375001 0.4380967046875 0.5103308125 0.42885740625 0.4979112578125 0.428087465625 0.4979112578125 0.42192793437500004 0.50016935625 0.41499846093750004 0.48887885156250005 0.4157684 0.492266003125 0.4296273484375 0.47984644843749996 0.4296273484375 0.4787174 0.43732676406250004
2 0.67686575625 0.422697875 0.67404313125 0.43732676406250004 0.6813819578125 0.43886664687500004 0.6842045828125001 0.42885740625 0.6960596140625 0.43347705468750003 0.7000112890625 0.41422851875 0.685898159375 0.3965198640625 0.668962403125 0.4003695703125 0.6650107249999999 0.42038805 0.671785028125 0.4211579921875 0.67686575625 0.422697875
2 0.7660607421875001 0.4789036015625 0.7564638140625 0.4758238375 0.7547702375 0.4881429 0.7660607421875001 0.49045272500000003 0.7660607421875001 0.49661225625 0.758721915625 0.495072375 0.759850965625 0.5058515546875 0.7779157734375 0.5050816124999999 0.778480296875 0.500461965625 0.775657671875 0.495072375 0.775657671875 0.48891284218750003 0.7829964984375 0.4896827859375 0.7829964984375 0.4804434875 0.775657671875 0.47120418906249995 0.775657671875 0.461964890625 0.7621090671874999 0.461964890625 0.759850965625 0.46966430625 0.7660607421875001 0.4704342453125 0.7660607421875001 0.4789036015625
0 0.7632437624999999 0.6513743453124999 0.70001919375 0.6513743453124999 0.70001919375 0.73375654375 0.7632437624999999 0.73375654375 0.7632437624999999 0.6513743453124999
1 0.6218809984375 0.63787085625 0.726167625 0.6387434562500001 0.7280870109375 0.5994764390625 0.623800384375 0.5951134375 0.623800384375 0.5523560203125 0.5694177875 0.55061081875 0.5668586046875 0.7076788828125 0.6218809984375 0.7094240843749999 0.6218809984375 0.63787085625
2 0.7107372703125 0.6606097937500001 0.7186406234375 0.6613797359375 0.7186406234375 0.6521404375000001 0.7271085015625001 0.6552202046875 0.7271085015625001 0.64136125625 0.715817996875 0.63905143125 0.716382521875 0.6321219578124999 0.70847916875 0.6305820765625 0.70847916875 0.63905143125 0.7011403421875 0.63905143125 0.701704865625 0.6498306125 0.7107372703125 0.6506005546875 0.7107372703125 0.6606097937500001
2 0.7259794515625 0.6259624265625 0.7259794515625 0.6321219578124999 0.7350118546875 0.6321219578124999 0.7350118546875 0.6251924843750001 0.7423506828125 0.6251924843750001 0.7423506828125 0.6151832453125 0.7344473296875 0.614413303125 0.7350118546875 0.6020942406249999 0.7265439765624999 0.6028641828125 0.7265439765624999 0.6136433640625001 0.715253471875 0.6136433640625001 0.7129953703125 0.62442254375 0.7259794515625 0.6259624265625
0 0.692255278125 0.65184555 0.632120921875 0.65184555 0.632120921875 0.7233900531249999 0.692255278125 0.7233900531249999 0.692255278125 0.65184555
2 0.671220503125 0.65829996875 0.67912385625 0.6613797359375 0.6785593328124999 0.6513704953125 0.6881562609375 0.6513704953125 0.6881562609375 0.63905143125 0.6774302796875 0.63905143125 0.6774302796875 0.6290421937499999 0.6723495546875 0.6290421937499999 0.671220503125 0.63905143125 0.6621881000000001 0.6382814890625 0.6593654734375 0.6498306125 0.671220503125 0.6506005546875 0.671220503125 0.65829996875
0 0.6225239921875 0.71815445 0.5674952015625 0.71815445 0.5674952015625 0.8001701578124999 0.6225239921875 0.8001701578124999 0.6225239921875 0.71815445
2 0.592186971875 0.7237449953125 0.600090325 0.72605481875 0.600090325 0.7175854640625 0.6085582031250001 0.7198952875 0.6085582031250001 0.7075762250000001 0.5972676984375 0.7068062828125 0.5983967484375 0.6983369265625 0.592186971875 0.69679704375 0.592186971875 0.7075762250000001 0.583154565625 0.7091161078125 0.581460990625 0.7175854640625 0.592186971875 0.7183554062499999 0.592186971875 0.7237449953125
0 0.65771593125 0.73472513125 0.632763915625 0.73472513125 0.632763915625 0.7800916234375 0.65771593125 0.7800916234375 0.65771593125 0.73472513125
2 0.6435587671875 0.7460732984375 0.6497685453125001 0.7483831234375 0.6508975953125 0.7414536484375 0.6576718984375 0.7414536484375 0.657107371875 0.72605481875 0.6429942421875 0.7183554062499999 0.6345263625 0.7252848796875 0.6350908890625 0.739143825 0.6418651921875 0.739143825 0.6435587671875 0.7460732984375
6 0.663467690625 0.7294938921874999 0.6653870765625001 0.7294938921874999 0.6653870765625001 0.7190226890625 0.6577095328125 0.7181500859375001 0.6577095328125 0.7792321125 0.6628278937500001 0.7801047125 0.663467690625 0.7294938921874999
0 0.6903454890625 0.7295026171875 0.6653934734375 0.7295026171875 0.6653934734375 0.7792408375 0.6903454890625 0.7792408375 0.6903454890625 0.7295026171875
2 0.6813819578125 0.736834 0.6819464843749999 0.72836464375 0.6892853109375 0.7352941171875 0.6915434125 0.7291345859375 0.6898498375 0.7168155203125 0.6842045828125001 0.7168155203125 0.6825110078125001 0.7098860499999999 0.6763012296875 0.7098860499999999 0.6763012296875 0.7191253453125 0.6672688265625 0.7168155203125 0.6672688265625 0.7337542359375 0.6751721796875 0.7299045265624999 0.6751721796875 0.7376039421875 0.6813819578125 0.736834
0 0.7310556625 0.7399214656249999 0.7 0.7399214656249999 0.7 0.7791884812500001 0.7310556625 0.7791884812500001 0.7310556625 0.7399214656249999
2 0.7113017953125 0.739143825 0.7118663203125 0.7491530656250001 0.715817996875 0.7522328296875 0.7186406234375 0.7376039421875 0.7203342 0.7437634734375 0.725414925 0.74530335625 0.7259794515625 0.72605481875 0.7169470484375 0.7275947015625001 0.717511571875 0.7183554062499999 0.7107372703125 0.7160455812500001 0.7101727453125 0.7252848796875 0.7011403421875 0.7222051125 0.7022693921875 0.7414536484375 0.70452749375 0.746843240625 0.7113017953125 0.739143825
0 0.763800384375 0.7399214656249999 0.7333205375 0.7399214656249999 0.7333205375 0.781492146875 0.763800384375 0.781492146875 0.763800384375 0.7399214656249999
2 0.742915209375 0.739143825 0.746302359375 0.739143825 0.7457378343750001 0.7483831234375 0.7525121375 0.7460732984375 0.7519476125 0.736834 0.7558992875 0.736834 0.7564638140625 0.74530335625 0.760415490625 0.7483831234375 0.761544540625 0.73067446875 0.7564638140625 0.7275947015625001 0.7519476125 0.7291345859375 0.7513830859375 0.7206652296875 0.7451733093749999 0.7206652296875 0.742915209375 0.7252848796875 0.7350118546875 0.7252848796875 0.7350118546875 0.74530335625 0.7434797328125 0.7483831234375 0.742915209375 0.739143825
6 0.91228406875 0.5235471203125 0.7948560453125 0.5235471203125 0.7948560453125 0.5304842937500001 0.91228406875 0.5304842937500001 0.91228406875 0.5235471203125
6 0.76831884375 0.4481059453125 0.7000112890625 0.419618109375 0.6954950890625 0.42731752343749996 0.76662526875 0.45426547656249994 0.7660607421875001 0.46119495 0.771705996875 0.46273483281249994 0.7722705203125 0.3364644296875 0.76888336875 0.33569448749999997 0.76831884375 0.4481059453125
6 0.6322682625 0.39421003906249996 0.6322682625 0.372651678125 0.6260584859375 0.3718817375 0.626623009375 0.4003695703125 0.666139778125 0.41499846093750004 0.6678333515625 0.4057591625 0.6322682625 0.39421003906249996
6 0.771708253125 0.50277486875 0.76775431875 0.50277486875 0.76775431875 0.5189528796875 0.771708253125 0.5189528796875 0.771708253125 0.50277486875
1 0.7513915546875001 0.5990183250000001 0.73501919375 0.5990183250000001 0.73501919375 0.6398298421875 0.7513915546875001 0.6398298421875 0.7513915546875001 0.5990183250000001
6 0.7306252171875001 0.7797613921875 0.73314244375 0.7806196890625 0.73314244375 0.7394215078124999 0.7350303640625 0.7394215078124999 0.7350303640625 0.7342717359375001 0.7268493765625 0.7334134390625 0.726534721875 0.7398506578124999 0.7303105624999999 0.7398506578124999 0.7306252171875001 0.7797613921875
2 0.6711420343750001 0.5881413609374999 0.645556621875 0.5881413609374999 0.645556621875 0.5959947640625 0.6711420343750001 0.5959947640625 0.6711420343750001 0.5881413609374999
2 0.079974409375 0.5497382203125001 0.085732565625 0.5488656203125 0.0876519515625 0.5610820234375 0.09213051875 0.562827225 0.09596928906249999 0.55061081875 0.1030070390625 0.5575916234375 0.1023672421875 0.5340314140625 0.0914907234375 0.5349040125 0.09213051875 0.524432809375 0.08701215625 0.5261780109374999 0.08381317968749999 0.5349040125 0.07677543125 0.5305410125 0.072296865625 0.5331588140625 0.0729366609375 0.554101221875 0.079974409375 0.5567190234375 0.079974409375 0.5497382203125001
2 0.15419065781250002 0.661431065625 0.143314140625 0.6605584640625 0.14203454843750002 0.67364746875 0.138195778125 0.67364746875 0.1324376203125 0.6631762640625001 0.131158028125 0.692844678125 0.1375559828125 0.692844678125 0.1375559828125 0.684991275 0.14395393437499998 0.684991275 0.143314140625 0.6989528796875 0.149072296875 0.70069808125 0.149072296875 0.681500871875 0.15355086406250001 0.681500871875 0.15547025 0.689354275 0.16122840624999998 0.689354275 0.1631477921875 0.6675392671875 0.15611004374999998 0.67364746875 0.1503518875 0.67277486875 0.15419065781250002 0.661431065625