7 0.6234332984375001 0.21464106875 0.5997931750000001 0.21464106875 0.5997931750000001 0.2682971625 0.6234332984375001 0.2682971625 0.6234332984375001 0.21464106875
7 0.6226938984375 0.33031719531250003 0.6012771453125 0.33031719531250003 0.6012771453125 0.3839732890625 0.6226938984375 0.3839732890625 0.6226938984375 0.33031719531250003
7 0.624167528125 0.555692821875 0.6034850046875 0.555692821875 0.6034850046875 0.6355926546874999 0.624167528125 0.6355926546874999 0.624167528125 0.555692821875
7 0.6256515 0.7023622703125 0.6034901765625 0.7023622703125 0.6034901765625 0.779874790625 0.6256515 0.779874790625 0.6256515 0.7023622703125
7 0.7497466390625 0.8836143578125 0.69656153125 0.8836143578125 0.69656153125 0.9098414015625 0.7497466390625 0.9098414015625 0.7497466390625 0.8836143578125
5 0.907156153125 0.9126293828125001 0.787652534375 0.9126293828125001 0.787652534375 0.9775542578125 0.907156153125 0.9775542578125 0.907156153125 0.9126293828125001
3 0.8330460765625001 0.537006121875 0.8726875796875 0.5379335921874999 0.87326209375 0.508254496875 0.9100310234375 0.5073270265625001 0.9060094218750001 0.883880540625 0.9054349078125 0.9135596359375 0.9255429156250001 0.9144871078125 0.9284154890625 0.4832127609375 0.9106055390625001 0.4433314796875 0.9083074796874999 0.4832127609375 0.7980006890625 0.482285290625 0.798575203125 0.517529215625 0.8318970468750001 0.5184566875 0.8330460765625001 0.537006121875
7 0.8376421921875 0.8836143578125 0.785935884375 0.8836143578125 0.785935884375 0.9110434062499999 0.8376421921875 0.9110434062499999 0.8376421921875 0.8836143578125
5 0.44754395 0.909858096875 0.32747156093749996 0.909858096875 0.32747156093749996 0.9784891484375 0.44754395 0.9784891484375 0.44754395 0.909858096875
3 0.41479949375 0.535151178125 0.41365046562499996 0.508254496875 0.450993909375 0.5073270265625001 0.4504193953125 0.8857354859375001 0.44467425 0.8857354859375001 0.44467425 0.9117046921874999 0.468229346875 0.9126321656249999 0.46765483124999996 0.47022815937500007 0.450993909375 0.44982377968750004 0.450993909375 0.48135781875 0.3389635765625 0.4832127609375 0.3383890609375 0.517529215625 0.3745834765625 0.515674271875 0.3740089625 0.537006121875 0.41479949375 0.535151178125
7 0.37893485 0.8848163609374999 0.32722854218749997 0.8848163609374999 0.32722854218749997 0.9110434062499999 0.37893485 0.9110434062499999 0.37893485 0.8848163609374999
7 0.2895501546875 0.8824207015625 0.2371096171875 0.8824207015625 0.2371096171875 0.9110350578125 0.2895501546875 0.9110350578125 0.2895501546875 0.8824207015625
7 0.1661995859375 0.7035559265625 0.14478283281249998 0.7035559265625 0.14478283281249998 0.783455759375 0.1661995859375 0.783455759375 0.1661995859375 0.7035559265625
7 0.1654601859375 0.555692821875 0.1425646328125 0.555692821875 0.1425646328125 0.6343906515625 0.1654601859375 0.6343906515625 0.1654601859375 0.555692821875
7 0.16398655625 0.33030884843749997 0.14182523281249998 0.33030884843749997 0.14182523281249998 0.3827796328125 0.16398655625 0.3827796328125 0.16398655625 0.33030884843749997
7 0.1639813859375 0.21583472499999998 0.1403412609375 0.21583472499999998 0.1403412609375 0.26710350625 0.1639813859375 0.26710350625 0.1639813859375 0.21583472499999998
2 0.4291623578125 0.9256167671875 0.43375847343749996 0.9256167671875 0.43375847343749996 0.9126321656249999 0.4458232796875 0.9126321656249999 0.4458232796875 0.8875904296874999 0.43203493125000003 0.8848080140624999 0.43375847343749996 0.868113521875 0.42973687343750006 0.8671860499999999 0.42973687343750006 0.883880540625 0.4165230375 0.883880540625 0.4165230375 0.9135596359375 0.4291623578125 0.9135596359375 0.4291623578125 0.9256167671875
2 0.315403309375 0.5731803 0.2964477765625 0.5731803 0.2964477765625 0.6288230390625 0.315403309375 0.6288230390625 0.315403309375 0.5731803
1 0.318281053125 0.883880540625 0.4486958515625 0.8848080140624999 0.4504193953125 0.5091819703125 0.41479949375 0.5091819703125 0.41422497968750005 0.537006121875 0.37228541875 0.537006121875 0.3740089625 0.5166017421875 0.3452832359375 0.519384159375 0.3452832359375 0.572250046875 0.316557509375 0.574104990625 0.318281053125 0.883880540625
2 0.32689877031250003 0.5861621218749999 0.330920371875 0.5861621218749999 0.330920371875 0.572250046875 0.33379294531250003 0.572250046875 0.336091003125 0.5574104984375 0.330920371875 0.5574104984375 0.3314948875 0.5425709515625 0.32689877031250003 0.5425709515625 0.32632425625 0.5555555562500001 0.31943008125 0.5555555562500001 0.3188555671875 0.571322575 0.32689877031250003 0.571322575 0.32689877031250003 0.5861621218749999
4 0.2976008265625 0.5351502499999999 0.16603929687500002 0.5351502499999999 0.16603929687500002 0.88388146875 0.2976008265625 0.88388146875 0.2976008265625 0.5351502499999999
2 0.27576697656250004 0.49805230937499995 0.27576697656250004 0.5184566875 0.2694473171875 0.5184566875 0.268872803125 0.531441290625 0.27691600625 0.5323687625 0.27691600625 0.549990725 0.2838101796875 0.549990725 0.2838101796875 0.5323687625 0.2872572671875 0.531441290625 0.2872572671875 0.519384159375 0.28151212187499997 0.5138193281250001 0.28151212187499997 0.500834725 0.27576697656250004 0.49805230937499995
0 0.2510341265625 0.300500834375 0.2326473625 0.300500834375 0.2326473625 0.401602671875 0.2510341265625 0.401602671875 0.2510341265625 0.300500834375
2 0.24187061875000002 0.33481728906249997 0.2510628515625 0.33481728906249997 0.2510628515625 0.349656834375 0.258531540625 0.349656834375 0.258531540625 0.33481728906249997 0.2694473171875 0.33481728906249997 0.2694473171875 0.32647004375 0.25968057031249997 0.32276015468749997 0.25968057031249997 0.3107030234375 0.251637365625 0.3125579671875 0.25221188125 0.3255425703125 0.24359416406249998 0.3273975140625 0.24187061875000002 0.33481728906249997
2 0.21314489218750002 0.33852717499999996 0.2114213484375 0.3468744203125 0.2234861546875 0.3468744203125 0.2234861546875 0.3607864953125 0.2315293578125 0.3607864953125 0.2315293578125 0.345019478125 0.24014707500000002 0.3478018921875 0.24072159062499998 0.33481728906249997 0.2315293578125 0.33481728906249997 0.2315293578125 0.3181227984375 0.2234861546875 0.31719532500000003 0.2234861546875 0.33852717499999996 0.21314489218750002 0.33852717499999996
2 0.2838101796875 0.24114264375 0.2838101796875 0.251344834375 0.29357692812499997 0.25227230624999997 0.2941514421875 0.26896679687499997 0.3148339640625 0.26896679687499997 0.31540847968749997 0.2504173625 0.32287716875 0.251344834375 0.32287716875 0.24114264375 0.31540847968749997 0.24114264375 0.3148339640625 0.224448153125 0.2941514421875 0.22723056874999997 0.29357692812499997 0.2420701171875 0.2838101796875 0.24114264375
1 0.2946897625 0.1827045078125 0.2602223375 0.1827045078125 0.2602223375 0.3997328875 0.2946897625 0.3997328875 0.2946897625 0.1827045078125
2 0.2751924625 0.1725097375 0.26600022968750003 0.1725097375 0.2648512 0.184566871875 0.27576697656250004 0.1864218140625 0.2751924625 0.2049712484375 0.27978857968750004 0.2049712484375 0.2820866375 0.1854943421875 0.2889808109375 0.1854943421875 0.28840629687499997 0.175292153125 0.27978857968750004 0.175292153125 0.2792140640625 0.157670190625 0.2751924625 0.157670190625 0.2751924625 0.1725097375
2 0.24187061875000002 0.2365052875 0.24187061875000002 0.247634946875 0.251637365625 0.247634946875 0.251637365625 0.2578371359375 0.2625531421875 0.2587646078125 0.261978628125 0.247634946875 0.2746179484375 0.2494898890625 0.27576697656250004 0.2355778140625 0.260255084375 0.2365052875 0.260255084375 0.2216657390625 0.251637365625 0.2225932109375 0.251637365625 0.23836022968749998 0.24187061875000002 0.2365052875
2 0.5963460875 0.459098496875 0.5940480296875 0.47022815937500007 0.6003676890625 0.47022815937500007 0.6020912328125 0.484140234375 0.6244973 0.48506770625 0.6244973 0.46837321562499995 0.62966793125 0.47022815937500007 0.631391475 0.45817102500000007 0.6250718140625 0.45817102500000007 0.625646328125 0.4433314796875 0.6032402609374999 0.441476534375 0.6026657484375 0.459098496875 0.5963460875 0.459098496875
2 0.77386763125 0.5741068453125 0.75548086875 0.5741068453125 0.75548086875 0.6288313859375 0.77386763125 0.6288313859375 0.77386763125 0.5741068453125
3 0.773872803125 0.26803005 0.754338159375 0.26803005 0.754338159375 0.573171953125 0.773872803125 0.573171953125 0.773872803125 0.26803005
1 0.8324715609375 0.5184566875 0.8066184078124999 0.52031163125 0.8066184078124999 0.572250046875 0.7750201078125001 0.5731775171875 0.7778926796875 0.883880540625 0.9083074796874999 0.8857354859375001 0.9094565093750001 0.5091819703125 0.8755601515625001 0.5091819703125 0.8738366078125 0.537006121875 0.8318970468750001 0.5379335921874999 0.8324715609375 0.5184566875
2 0.7853613687500001 0.5564830265625 0.7778926796875 0.5564830265625 0.7773181671875 0.571322575 0.7853613687500001 0.571322575 0.7865103984374999 0.584307178125 0.79225554375 0.5852346515625 0.791106515625 0.5685401609375 0.7945536015625 0.5685401609375 0.7951281171875 0.5555555562500001 0.790532 0.5425709515625 0.7853613687500001 0.5425709515625 0.7853613687500001 0.5564830265625
2 0.8870504421875 0.9256167671875 0.8950936468749999 0.9256167671875 0.89451913125 0.9135596359375 0.9054349078125 0.9135596359375 0.9054349078125 0.8810981265625 0.8922210734375 0.8820255984375001 0.89107204375 0.8671860499999999 0.888199471875 0.8671860499999999 0.8870504421875 0.8810981265625 0.8749856375 0.8820255984375001 0.8767091812500001 0.9144871078125 0.8870504421875 0.9135596359375 0.8870504421875 0.9256167671875
4 0.75606515 0.5323706171875 0.6250723890625001 0.5323706171875 0.6250723890625001 0.8820200328125001 0.75606515 0.8820200328125001 0.75606515 0.5323706171875
2 0.7359531203125 0.49990725156250004 0.7359531203125 0.517529215625 0.727909915625 0.517529215625 0.7267608875 0.5332962343750001 0.7359531203125 0.5332962343750001 0.734804090625 0.55184566875 0.743421809375 0.550918196875 0.7422727796874999 0.531441290625 0.7474434109375 0.531441290625 0.7485924390625 0.5147468 0.7411237500000001 0.515674271875 0.7411237500000001 0.501762196875 0.7359531203125 0.49990725156250004
0 0.7106359875 0.3014273796875 0.6916804546875001 0.3014273796875 0.6916804546875001 0.3997412359375 0.7106359875 0.3997412359375 0.7106359875 0.3014273796875
2 0.7020567625 0.3273975140625 0.7020567625 0.333889815625 0.710099965625 0.33667223281249997 0.710099965625 0.3487293640625 0.71814316875 0.3505843078125 0.71814316875 0.33296234375 0.7273354015625 0.33296234375 0.7284844296874999 0.3255425703125 0.7198667125 0.32461509843749997 0.7187176828124999 0.3107030234375 0.710099965625 0.3125579671875 0.7112489953125001 0.32647004375 0.7020567625 0.3273975140625
2 0.6830977828125 0.349656834375 0.683672296875 0.3607864953125 0.6917155 0.359859025 0.6928645296875 0.3459469484375 0.7020567625 0.3459469484375 0.7020567625 0.33667223281249997 0.6917155 0.33667223281249997 0.6917155 0.319977740625 0.6825232671875 0.319977740625 0.683672296875 0.33945464531249997 0.671607490625 0.33945464531249997 0.67390555 0.3505843078125 0.6830977828125 0.349656834375
2 0.7009077328125 0.23836022968749998 0.7009077328125 0.2494898890625 0.711823509375 0.24856241875 0.7112489953125001 0.2587646078125 0.7198667125 0.2615470234375 0.720441228125 0.2494898890625 0.733080546875 0.2494898890625 0.733080546875 0.2355778140625 0.71814316875 0.2355778140625 0.7169941390625 0.2225932109375 0.7123980234375 0.2225932109375 0.7123980234375 0.2365052875 0.7009077328125 0.23836022968749998
1 0.753728025 0.1873455765625 0.7192605999999999 0.1873455765625 0.7192605999999999 0.40066777968749995 0.753728025 0.40066777968749995 0.753728025 0.1873455765625
2 0.7342295765625 0.2068261921875 0.73940020625 0.2058987203125 0.739974721875 0.1901317015625 0.748017925 0.1901317015625 0.748017925 0.1734372109375 0.739974721875 0.1725097375 0.7388256921874999 0.1567427203125 0.7342295765625 0.1548877765625 0.7342295765625 0.1725097375 0.7250373437500001 0.1715822671875 0.7250373437500001 0.1864218140625 0.7342295765625 0.1864218140625 0.7342295765625 0.2068261921875
2 0.7422727796874999 0.2541272484375 0.7531885546875 0.25227230624999997 0.7531885546875 0.26896679687499997 0.7732965640625 0.26989426875 0.773871078125 0.2541272484375 0.7836378265625 0.25598219218749996 0.784212340625 0.2467074765625 0.7732965640625 0.2420701171875 0.7727220499999999 0.224448153125 0.7503159828125 0.2225932109375 0.7531885546875 0.24299758906250002 0.743996321875 0.24021517343749998 0.7422727796874999 0.2541272484375
0 0.6244973 0.52031163125 0.748017925 0.517529215625 0.7474434109375 0.482285290625 0.7537630703125 0.482285290625 0.7537630703125 0.42014468593750004 0.70033321875 0.4192172140625 0.6997587046875 0.4312743453125 0.6244973 0.4312743453125 0.6244973 0.52031163125
2 0.7474457078125 0.401602671875 0.726763184375 0.401602671875 0.726763184375 0.41829716250000004 0.7474457078125 0.41829716250000004 0.7474457078125 0.401602671875
0 0.1648512 0.5184566875 0.28783178125000003 0.5212391015625 0.289555325 0.479502875 0.29530047187499997 0.48135781875 0.29472595625000003 0.42107215625 0.238998046875 0.4192172140625 0.2389635765625 0.427564459375 0.1648512 0.427564459375 0.1648512 0.5184566875
2 0.289555325 0.401602671875 0.2665770421875 0.401602671875 0.2665770421875 0.4173622703125 0.289555325 0.4173622703125 0.289555325 0.401602671875
2 0.5917499703125 0.105731775 0.5900264281250001 0.11407902031249999 0.5969206015624999 0.1150064921875 0.5969206015624999 0.13541087031250001 0.6216247265625 0.13633834218750002 0.6233482703125001 0.1177889078125 0.634264046875 0.11593396250000002 0.634264046875 0.105731775 0.623922784375 0.108514190625 0.6233482703125001 0.0834724546875 0.5997931750000001 0.0862548703125 0.5986441453125 0.105731775 0.5917499703125 0.105731775
2 0.136734459375 0.4572435546875 0.135010915625 0.4665182703125 0.140181546875 0.4665182703125 0.141905090625 0.484140234375 0.1654601859375 0.484140234375 0.1654601859375 0.46837321562499995 0.174077903125 0.4665182703125 0.172928875 0.46002597031250003 0.1660347015625 0.46002597031250003 0.1660347015625 0.441476534375 0.14305411875000001 0.44240400625 0.141905090625 0.4572435546875 0.136734459375 0.4572435546875
2 0.13213834375 0.11686143593750001 0.1390325171875 0.1177889078125 0.13788348749999998 0.13633834218750002 0.1660347015625 0.13448339843749998 0.1654601859375 0.1177889078125 0.1763759625 0.11686143593750001 0.1763759625 0.10665924687499999 0.1643111578125 0.10665924687499999 0.1637366421875 0.0862548703125 0.140181546875 0.0862548703125 0.140181546875 0.10387683125 0.1327128578125 0.10758671718749999 0.13213834375 0.11686143593750001
5 0.6015098234375 0.0677128546875 0.49867631875 0.0677128546875 0.49867631875 0.2253756265625 0.6015098234375 0.2253756265625 0.6015098234375 0.0677128546875
5 0.14133402343749998 0.0677128546875 0.0402171671875 0.0677128546875 0.0402171671875 0.2216694484375 0.14133402343749998 0.2216694484375 0.14133402343749998 0.0677128546875
5 0.6043846953124999 0.43498330625000003 0.5762357812500001 0.43498330625000003 0.5762357812500001 0.5407095156249999 0.6043846953124999 0.5407095156249999 0.6043846953124999 0.43498330625000003
5 0.1430610140625 0.434991653125 0.1166287484375 0.434991653125 0.1166287484375 0.538864775 0.1430610140625 0.538864775 0.1430610140625 0.434991653125
6 0.756639090625 0.5212437390625 0.7485935890625 0.5212437390625 0.7485935890625 0.5314440734375 0.756639090625 0.5314440734375 0.756639090625 0.5212437390625
3 0.7572130296874999 0.4822787984375 0.748598759375 0.4822787984375 0.748598759375 0.5221619359375 0.7572130296874999 0.5221619359375 0.7572130296874999 0.4822787984375
6 0.2964477765625 0.522170284375 0.2872543953125 0.522170284375 0.2872543953125 0.5305175296875 0.2964477765625 0.5305175296875 0.2964477765625 0.522170284375
3 0.2976008265625 0.48043405625 0.289555325 0.48043405625 0.289555325 0.5212353921874999 0.2976008265625 0.5212353921874999 0.2976008265625 0.48043405625
3 0.1631592546875 0.015767946875 0.13903309218749998 0.015767946875 0.13903309218749998 0.0853338890625 0.1631592546875 0.0853338890625 0.1631592546875 0.015767946875
3 0.1631592546875 0.13727045 0.1407497421875 0.13727045 0.1407497421875 0.21518363906250002 0.1631592546875 0.21518363906250002 0.1631592546875 0.13727045
3 0.1631592546875 0.26712020000000003 0.1407497421875 0.26712020000000003 0.1407497421875 0.331110184375 0.1631592546875 0.331110184375 0.1631592546875 0.26712020000000003
3 0.163738365625 0.38119365625 0.1413288515625 0.38119365625 0.1413288515625 0.4424123546875 0.163738365625 0.4424123546875 0.163738365625 0.38119365625
3 0.23899689687499998 0.40530050156249997 0.16431230624999998 0.40530050156249997 0.16431230624999998 0.42848914843749997 0.23899689687499998 0.42848914843749997 0.23899689687499998 0.40530050156249997
3 0.1648914171875 0.484140234375 0.1436297828125 0.484140234375 0.1436297828125 0.555559265625 0.1648914171875 0.555559265625 0.1648914171875 0.484140234375
3 0.16546535625 0.631602671875 0.1430558421875 0.631602671875 0.1430558421875 0.703021703125 0.16546535625 0.703021703125 0.16546535625 0.631602671875
3 0.6986091 0.40530884843750004 0.62219751875 0.40530884843750004 0.62219751875 0.42941569218750003 0.6986091 0.42941569218750003 0.6986091 0.40530884843750004
3 0.622776628125 0.0167028375 0.5980713546875001 0.0167028375 0.5980713546875001 0.0853338890625 0.622776628125 0.0853338890625 0.622776628125 0.0167028375
3 0.6233505687500001 0.13634390624999998 0.6003722859375 0.13634390624999998 0.6003722859375 0.21611018437500001 0.6233505687500001 0.21611018437500001 0.6233505687500001 0.13634390624999998
3 0.3131075484375 0.0176293828125 0.29357290625 0.0176293828125 0.29357290625 0.2263105171875 0.3131075484375 0.2263105171875 0.3131075484375 0.0176293828125
3 0.3142606 0.2698831390625 0.2958738359375 0.2698831390625 0.2958738359375 0.5713188640625 0.3142606 0.5713188640625 0.3142606 0.2698831390625
3 0.7721458125 0.019474123437499997 0.75261116875 0.019474123437499997 0.75261116875 0.22536727812500001 0.7721458125 0.22536727812500001 0.7721458125 0.019474123437499997
3 0.6233453984375 0.26803839687500003 0.6015149953125001 0.26803839687500003 0.6015149953125001 0.32925709531249997 0.6233453984375 0.32925709531249997 0.6233453984375 0.26803839687500003
3 0.623924509375 0.38119365625 0.60209410625 0.38119365625 0.60209410625 0.4424123546875 0.623924509375 0.4424123546875 0.623924509375 0.38119365625
3 0.6233505687500001 0.485993321875 0.6032471562499999 0.485993321875 0.6032471562499999 0.5537061765625 0.6233505687500001 0.5537061765625 0.6233505687500001 0.485993321875
3 0.6250723890625001 0.6353088484375 0.6032419859375 0.6353088484375 0.6032419859375 0.703021703125 0.6250723890625001 0.703021703125 0.6250723890625001 0.6353088484375
3 0.6279443875 0.879243184375 0.62622084375 0.7800037093750001 0.6038147765625 0.7809311812499999 0.60496380625 0.9117046921874999 0.69688613125 0.90984975 0.69688613125 0.879243184375 0.6279443875 0.879243184375
3 0.7865103984374999 0.9126321656249999 0.7865103984374999 0.883880540625 0.7767436515624999 0.8820255984375001 0.77444559375 0.628825821875 0.7549121000000001 0.6297532921875 0.7566356437499999 0.8820255984375001 0.748017925 0.8820255984375001 0.74974146875 0.9117046921874999 0.7865103984374999 0.9126321656249999
3 0.3280478 0.90984975 0.3280478 0.883880540625 0.3171320234375 0.8820255984375001 0.31540847968749997 0.6297532921875 0.2970240140625 0.6297532921875 0.2970240140625 0.8848080140624999 0.28840629687499997 0.883880540625 0.28840629687499997 0.90984975 0.3280478 0.90984975
3 0.1671837296875 0.877388240625 0.1671837296875 0.782786125 0.1459266921875 0.78464106875 0.14650120625000002 0.90984975 0.23784901718749998 0.910777221875 0.2384235328125 0.8810981265625 0.1671837296875 0.877388240625
3 0.416520165625 0.88388146875 0.3791778703125 0.88388146875 0.3791778703125 0.91077629375 0.416520165625 0.91077629375 0.416520165625 0.88388146875
3 0.8755635984374999 0.883873121875 0.838790071875 0.883873121875 0.838790071875 0.90984975 0.8755635984374999 0.90984975 0.8755635984374999 0.883873121875
6 0.7778903828125 0.556485809375 0.7732988625 0.556485809375 0.7732988625 0.5713272125 0.7778903828125 0.5713272125 0.7778903828125 0.556485809375
1 0.3378128234375 0.507320534375 0.315403309375 0.507320534375 0.315403309375 0.5555509187500001 0.3378128234375 0.5555509187500001 0.3378128234375 0.507320534375
6 0.3383867625 0.4822787984375 0.31482936875 0.4822787984375 0.31482936875 0.5054674453125 0.3383867625 0.5054674453125 0.3383867625 0.4822787984375
1 0.7974250265625 0.508255425 0.7744467421875 0.508255425 0.7744467421875 0.5555509187500001 0.7974250265625 0.5555509187500001 0.7974250265625 0.508255425
6 0.7979937953125 0.4822871453125 0.7727197515625 0.4822871453125 0.7727197515625 0.506393990625 0.7979937953125 0.506393990625 0.7979937953125 0.4822871453125
6 0.726763184375 0.5203171953125 0.6233505687500001 0.5203171953125 0.6233505687500001 0.5323706171875 0.726763184375 0.5323706171875 0.726763184375 0.5203171953125
6 0.754906928125 0.4034474125 0.7485884171875 0.4034474125 0.7485884171875 0.41828881406249996 0.754906928125 0.41828881406249996 0.754906928125 0.4034474125
6 0.7261892453125001 0.40438230312499995 0.6986091 0.40438230312499995 0.6986091 0.41922370625000005 0.7261892453125001 0.41922370625000005 0.7261892453125001 0.40438230312499995
6 0.689989659375 0.3607929890625 0.684819028125 0.3607929890625 0.684819028125 0.40438230312499995 0.689989659375 0.40438230312499995 0.689989659375 0.3607929890625
6 0.71814374375 0.3505926546875 0.711246121875 0.3505926546875 0.711246121875 0.402529215625 0.71814374375 0.402529215625 0.71814374375 0.3505926546875
6 0.270025853125 0.5203171953125 0.164886246875 0.5203171953125 0.164886246875 0.5323706171875 0.270025853125 0.5323706171875 0.270025853125 0.5203171953125
6 0.31943123125 0.556485809375 0.3142606 0.556485809375 0.3142606 0.5713272125 0.31943123125 0.5713272125 0.31943123125 0.556485809375
6 0.26599793125 0.403455759375 0.23784901718749998 0.403455759375 0.23784901718749998 0.419215359375 0.26599793125 0.419215359375 0.26599793125 0.403455759375
6 0.2964477765625 0.3997412359375 0.2895501546875 0.3997412359375 0.2895501546875 0.41922370625000005 0.2964477765625 0.41922370625000005 0.2964477765625 0.3997412359375
6 0.23095656718750002 0.35986644375 0.22463805625000002 0.35986644375 0.22463805625000002 0.40530884843750004 0.23095656718750002 0.40530884843750004 0.23095656718750002 0.35986644375
6 0.2585263703125 0.3515108515625 0.252207859375 0.3515108515625 0.252207859375 0.4034474125 0.2585263703125 0.4034474125 0.2585263703125 0.3515108515625
4 0.294115821875 0.044515859375 0.164270940625 0.044515859375 0.164270940625 0.1725125203125 0.294115821875 0.1725125203125 0.294115821875 0.044515859375
6 0.2941520171875 0.0306010015625 0.16144260625 0.0306010015625 0.16144260625 0.0426544234375 0.2941520171875 0.0426544234375 0.2941520171875 0.0306010015625
4 0.7525749734375 0.0463772953125 0.623309203125 0.0463772953125 0.623309203125 0.17252086875 0.7525749734375 0.17252086875 0.7525749734375 0.0463772953125
6 0.7531851078125 0.0306093484375 0.6210444671875 0.0306093484375 0.6210444671875 0.0454507515625 0.7531851078125 0.0454507515625 0.7531851078125 0.0306093484375
6 0.7543433296875001 0.1743572625 0.7485935890625 0.1743572625 0.7485935890625 0.1873455765625 0.7543433296875001 0.1873455765625 0.7543433296875001 0.1743572625
6 0.2958790078125 0.174365609375 0.28956049687499996 0.174365609375 0.28956049687499996 0.185500834375 0.2958790078125 0.185500834375 0.2958790078125 0.174365609375
4 0.252750775 0.1827128546875 0.16485005156250002 0.1827128546875 0.16485005156250002 0.2856677796875 0.252750775 0.2856677796875 0.252750775 0.1827128546875
6 0.253360909375 0.2225932109375 0.258531540625 0.2225932109375 0.25910605625 0.18178445625 0.265425715625 0.18178445625 0.265425715625 0.1762196265625 0.1637366421875 0.1725097375 0.163162128125 0.1808569828125 0.253360909375 0.1808569828125 0.253360909375 0.2225932109375
6 0.22406066875000002 0.316267853125 0.2309548421875 0.316267853125 0.2315293578125 0.29771841875 0.25278639531249997 0.29771841875 0.25278639531249997 0.3125579671875 0.2579570265625 0.31163049531250003 0.25910605625 0.2587646078125 0.253360909375 0.2587646078125 0.253935425 0.286588759375 0.1643111578125 0.2856612875 0.1620131 0.2967909484375 0.22406066875000002 0.29864589218750004 0.22406066875000002 0.316267853125
4 0.7112150984375 0.1864273796875 0.625041365625 0.1864273796875 0.625041365625 0.2865943234375 0.7112150984375 0.2865943234375 0.7112150984375 0.1864273796875
6 0.7123980234375 0.2207382671875 0.7187176828124999 0.2216657390625 0.7187176828124999 0.1854943421875 0.7250373437500001 0.1854943421875 0.7256118578125 0.17436468125 0.6244973 0.1725097375 0.6244973 0.1854943421875 0.711823509375 0.1854943421875 0.7123980234375 0.2207382671875
6 0.6842468125 0.300500834375 0.683672296875 0.31905026875 0.6911409859375001 0.31905026875 0.6917155 0.2995733625 0.7112489953125001 0.29864589218750004 0.7112489953125001 0.314412909375 0.7169941390625 0.314412909375 0.7169941390625 0.2587646078125 0.711823509375 0.25690966406250004 0.711823509375 0.286588759375 0.62277375625 0.2875162296875 0.62277375625 0.29771841875 0.6842468125 0.300500834375
6 0.8060438921875 0.5685401609375 0.8060438921875 0.5184566875 0.798575203125 0.52031163125 0.797426175 0.5574104984375 0.7939790875 0.5574104984375 0.7951281171875 0.570395103125 0.8060438921875 0.5685401609375
6 0.3447087203125 0.570395103125 0.3447087203125 0.517529215625 0.3389635765625 0.517529215625 0.339538090625 0.5555555562500001 0.3349419734375 0.5564830265625 0.33551648749999996 0.570395103125 0.3447087203125 0.570395103125
4 0.6842088937499999 0.30050918125 0.62503619375 0.30050918125 0.62503619375 0.402529215625 0.6842088937499999 0.402529215625 0.6842088937499999 0.30050918125
4 0.224027921875 0.2977128546875 0.1637073421875 0.2977128546875 0.1637073421875 0.40252086875000004 0.224027921875 0.40252086875000004 0.224027921875 0.2977128546875