7 0.7756608703125 0.88095238125 0.63188695625 0.88095238125 0.63188695625 0.9217687078125 0.7756608703125 0.9217687078125 0.7756608703125 0.88095238125
7 0.5344956515625 0.8866241499999999 0.3907217390625 0.8866241499999999 0.3907217390625 0.925178571875 0.5344956515625 0.925178571875 0.5344956515625 0.8866241499999999
7 0.2817478265625 0.8900170062500001 0.1031913046875 0.8900170062500001 0.1031913046875 0.9308333328125 0.2817478265625 0.9308333328125 0.2817478265625 0.8900170062500001
3 0.1031913046875 0.8900170062500001 0.0324608703125 0.8900170062500001 0.0324608703125 0.93423469375 0.1031913046875 0.93423469375 0.1031913046875 0.8900170062500001
3 0.39188695625 0.8877465984375 0.2817478265625 0.8877465984375 0.2817478265625 0.9263010203125001 0.39188695625 0.9263010203125001 0.39188695625 0.8877465984375
3 0.63188695625 0.8843537421875001 0.533330434375 0.8843537421875001 0.533330434375 0.92517006875 0.63188695625 0.92517006875 0.63188695625 0.8843537421875001
3 0.9449217390625 0.8764200687500001 0.7779652171875 0.8764200687500001 0.7779652171875 0.91837585 0.9449217390625 0.91837585 0.9449217390625 0.8764200687500001
3 0.8811594203125 0.46712018125 0.867246378125 0.4535147390625 0.8521739125 0.45238095312500004 0.8579710140625 0.7222222234375 0.8915942031249999 0.7233560078125 0.8811594203125 0.46712018125
6 0.7118144921875 0.602040815625 0.6190608703125 0.6054421765625 0.6190608703125 0.6156462578124999 0.7129739125000001 0.6122448984375 0.728046378125 0.6133786859375 0.728046378125 0.59750566875 0.855582609375 0.591836734375 0.855582609375 0.57596371875 0.72688695625 0.5770975046875 0.728046378125 0.4693877546875 0.8521043484374999 0.4693877546875 0.8521043484374999 0.4535147390625 0.72688695625 0.45464852499999997 0.72108985625 0.4376417234375 0.6979014484375 0.4387755109375 0.70833623125 0.4693877546875 0.7118144921875 0.602040815625
2 0.666666665625 0.4229024953125 0.6828985515625 0.4229024953125 0.693333334375 0.44104308281250004 0.717681159375 0.4387755109375 0.7165217390625 0.41836734687500005 0.738550725 0.41836734687500005 0.7373913046875 0.41043083906250005 0.713043478125 0.408163265625 0.701449275 0.38435374218749996 0.6689855078125 0.390022675 0.680579709375 0.408163265625 0.6643478265625 0.407029478125 0.666666665625 0.4229024953125
4 0.3432115953125 0.4852607703125 0.0846608703125 0.48639455781249996 0.0892985515625 0.8888888890625 0.3432115953125 0.8843537421875001 0.3432115953125 0.4852607703125
2 0.2956521734375 0.49773242656249994 0.30028985625 0.49773242656249994 0.301449275 0.484126984375 0.340869565625 0.48299319687500003 0.3431884046875 0.462585034375 0.3026086953125 0.461451246875 0.3037681171875 0.44671201875 0.294492753125 0.44784580468749996 0.2921739125 0.463718821875 0.2573913046875 0.463718821875 0.2620289859375 0.4852607703125 0.29333333437500003 0.484126984375 0.2956521734375 0.49773242656249994
4 0.1484289859375 0.3321995453125 0.299153621875 0.3299319734375 0.288718840625 0 0.07886376875 0.0011337875 0.0765449265625 0.1315192734375 0.1495884046875 0.134920634375 0.1484289859375 0.3321995453125
1 0.13691304375 0.14738945625 0.08009565156250001 0.14738945625 0.08009565156250001 0.32992346875 0.13691304375 0.32992346875 0.13691304375 0.14738945625
2 0.12405797031250002 0.24489795937499997 0.1321739125 0.2482993203125 0.1321739125 0.2811791375 0.148405796875 0.28344671250000003 0.1495652171875 0.24716553281250003 0.16463768125 0.24716553281250003 0.1657971015625 0.23696145 0.1507246375 0.23696145 0.1495652171875 0.2052154203125 0.1368115953125 0.2052154203125 0.1368115953125 0.233560090625 0.12521739062499998 0.234693878125 0.12405797031250002 0.24489795937499997
1 0.4696579703125 0.3571428578125 0.08125217343749999 0.3571428578125 0.0835710140625 0.4705215421875 0.4742956515625 0.463718821875 0.4696579703125 0.3571428578125
2 0.171594203125 0.38208616875 0.18434782656249998 0.38095238125 0.18782608750000002 0.3560090703125 0.21913043437500002 0.35827664531250003 0.22028985625000003 0.3321995453125 0.18782608750000002 0.3321995453125 0.18434782656249998 0.3027210890625 0.1692753625 0.3027210890625 0.16811594218749998 0.3287981859375 0.14608695625 0.3287981859375 0.1437681171875 0.353741496875 0.171594203125 0.3560090703125 0.171594203125 0.38208616875
0 0.708382609375 0.48299319687500003 0.619107246875 0.4795918375 0.6214260875 0.6043083890625 0.7107014484375 0.603174603125 0.708382609375 0.48299319687500003
2 0.6573913046875 0.4965986390625 0.6701449265625 0.4965986390625 0.6701449265625 0.484126984375 0.699130434375 0.484126984375 0.6968115953125 0.4682539671875 0.666666665625 0.4693877546875 0.6655072468750001 0.45691610000000005 0.6573913046875 0.45691610000000005 0.6573913046875 0.4693877546875 0.6249275359375 0.4682539671875 0.628405796875 0.4807256234375 0.6573913046875 0.4807256234375 0.6573913046875 0.4965986390625
4 0.8579391296875001 0.684812925 0.6295391296874999 0.684812925 0.6295391296874999 0.8786904765625 0.8579391296875001 0.8786904765625 0.8579391296875001 0.684812925
6 0.7165217390625 0.6814058968750001 0.8568115953125 0.6780045359375 0.8556521734375 0.66213151875 0.731594203125 0.66213151875 0.7281159421875001 0.6541950125 0.7118840578125 0.6541950125 0.7165217390625 0.6814058968750001
2 0.72811304375 0.6133843531250001 0.7153652171875 0.6133843531250001 0.7153652171875 0.6542006796875001 0.72811304375 0.6542006796875001 0.72811304375 0.6133843531250001
2 0.5878260875 0.755102040625 0.6040579703125 0.755102040625 0.6017391296875 0.7845804984375 0.62608695625 0.7868480734375 0.6237681171875 0.7517006796875 0.64 0.7505668921875001 0.64 0.7380952375 0.62608695625 0.7380952375 0.62608695625 0.70861678125 0.6028985515625 0.70861678125 0.605217390625 0.7403628109375 0.585507246875 0.7414965984374999 0.5878260875 0.755102040625
2 0.7153652171875 0.6655357140625 0.6237652171875 0.6655357140625 0.6237652171875 0.6814030609375 0.7153652171875 0.6814030609375 0.7153652171875 0.6655357140625
6 0.8776782609374999 0.72335884375 0.8591217390624999 0.72335884375 0.8591217390624999 0.8752806124999999 0.8776782609374999 0.8752806124999999 0.8776782609374999 0.72335884375
6 0.36289565156250003 0.4830017 0.34433912968749997 0.4830017 0.34433912968749997 0.8866241499999999 0.36289565156250003 0.8866241499999999 0.36289565156250003 0.4830017
6 0.6295130437500001 0.7868452375 0.6051652171875 0.7868452375 0.6051652171875 0.8832227890625 0.6295130437500001 0.8832227890625 0.6295130437500001 0.7868452375
6 0.050944926562500006 0 0.061379709375 0.8888888890625 0.08688695625000001 0.890022675 0.075292753125 0 0.050944926562500006 0
6 0.6179014484375001 0.3503401359375 0.6202202906250001 0.3616780046875 0.6642782609375 0.362811790625 0.673553621875 0.3877551015625 0.700220290625 0.38435374218749996 0.6909449265625 0.3616780046875 0.70833623125 0.3616780046875 0.706017390625 0.352607709375 0.72688695625 0.353741496875 0.714133334375 0.3287981859375 0.3234086953125 0.3321995453125 0.3118144921875 0 0.2921043484375 0.0011337875 0.300220290625 0.3321995453125 0.220220290625 0.3344671203125 0.2167420296875 0.3571428578125 0.6179014484375001 0.3503401359375
6 0.1367420296875 0.20634920625 0.1506550734375 0.20634920625 0.1494956515625 0.1337868484375 0.0776115953125 0.1326530609375 0.075292753125 0.1439909296875 0.13790144843750002 0.1428571421875 0.1367420296875 0.20634920625
6 0.079930434375 0.3321995453125 0.079930434375 0.354875284375 0.1494956515625 0.353741496875 0.1471768125 0.27777777656249997 0.1390608703125 0.27777777656249997 0.14022029062500002 0.3321995453125 0.079930434375 0.3321995453125
6 0.707182609375 0.46825680312499995 0.6967478265625 0.46825680312499995 0.6967478265625 0.47960034062499995 0.707182609375 0.47960034062499995 0.707182609375 0.46825680312499995
4 0.5948289859375 0.4875283453125 0.36526376875 0.48639455781249996 0.36526376875 0.8843537421875001 0.6029449265625 0.8820861687500001 0.5948289859375 0.4875283453125
6 0.6039420296875 0.70748299375 0.622492753125 0.70748299375 0.6143768125 0.46712018125 0.488 0.4682539671875 0.4891594203125 0.44104308281250004 0.47640579687500006 0.44104308281250004 0.47524637812500004 0.46485260781250004 0.346550725 0.46712018125 0.3453913046875 0.484126984375 0.5981449265625 0.48639455781249996 0.6039420296875 0.70748299375
6 0.62948695625 0.467117346875 0.6132608703125 0.467117346875 0.6132608703125 0.478460884375 0.62948695625 0.478460884375 0.62948695625 0.467117346875
6 0.261982609375 0.4727806125 0.0776347828125 0.4727806125 0.0776347828125 0.48412415 0.261982609375 0.48412415 0.261982609375 0.4727806125
6 0.48800869531249996 0.35261054375 0.472930434375 0.35261054375 0.472930434375 0.42857993125 0.48800869531249996 0.42857993125 0.48800869531249996 0.35261054375
2 0.5285739125 0.43196428593749997 0.43118260937499997 0.43196428593749997 0.43118260937499997 0.4433078234375 0.5285739125 0.4433078234375 0.5285739125 0.43196428593749997
0 0.8497391296875 0.4705215421875 0.728 0.4705215421875 0.7268405796875 0.57596371875 0.8520579703125 0.5770975046875 0.8497391296875 0.4705215421875
0 0.8556289859374999 0.5941043078125 0.7304115953125 0.59750566875 0.732730434375 0.66213151875 0.8567884046875 0.66213151875 0.8556289859374999 0.5941043078125
1 0.7107043484375 0.6167857140625 0.622582609375 0.6167857140625 0.622582609375 0.6644047625 0.7107043484375 0.6644047625 0.7107043484375 0.6167857140625
1 0.705020290625 0.46712018125 0.6598028984375001 0.365079365625 0.6169043484375 0.3662131515625 0.6169043484375 0.353741496875 0.4905275359375 0.3560090703125 0.49168695625 0.4682539671875 0.6169043484375 0.46712018125 0.705020290625 0.46712018125