7 0.7388264296875 0.136649796875 0.6829487171874999 0.136649796875 0.6829487171874999 0.169544534375 0.7388264296875 0.169544534375 0.7388264296875 0.136649796875
7 0.583491125 0.7683906875 0.500493096875 0.7683906875 0.500493096875 0.806346153125 0.583491125 0.806346153125 0.583491125 0.7683906875
7 0.4413214984375 0.7683906875 0.358323471875 0.7683906875 0.358323471875 0.8054959515625001 0.4413214984375 0.8054959515625001 0.4413214984375 0.7683906875
3 0.500493096875 0.76923076875 0.4421499015625 0.76923076875 0.4421499015625 0.8055060734374999 0.500493096875 0.8055060734374999 0.500493096875 0.76923076875
3 0.377228796875 0.48752024218749995 0.315591715625 0.48752024218749995 0.315591715625 0.5212651828125 0.377228796875 0.5212651828125 0.377228796875 0.48752024218749995
3 0.5029585796875 0.48751012187500004 0.45447731718749995 0.48751012187500004 0.45447731718749995 0.5220850203125 0.5029585796875 0.5220850203125 0.5029585796875 0.48751012187500004
3 0.317225509375 0.17712550625 0.3353057203125 0.17712550625 0.3353057203125 0.20158569375000002 0.318869165625 0.20158569375000002 0.318869165625 0.2530364375 0.3353057203125 0.25387989218749996 0.3353057203125 0.27834008125 0.317225509375 0.27834008125 0.3180473375 0.3281039125 0.5021367515625 0.3281039125 0.5037804078125 0.27834008125 0.485700196875 0.27834008125 0.485700196875 0.25219298125 0.504602234375 0.25219298125 0.5029585796875 0.20158569375000002 0.486522025 0.20074224062499998 0.48405654218749994 0.1779689609375 0.5029585796875 0.17712550625 0.504602234375 0.1695344125 0.620479946875 0.17037786875 0.620479946875 0.1804993265625 0.6541748859375 0.1804993265625 0.6541748859375 0.16869095781250001 0.682117028125 0.16869095781250001 0.682117028125 0.1366396765625 0.501314925 0.1357962203125 0.472550953125 0.1551956828125 0.472550953125 0.29605263125 0.3476331359375 0.2968960875 0.35009861875000003 0.16109986406250001 0.317225509375 0.1366396765625 0.2613412234375 0.1366396765625 0.24737015156250003 0.171221321875 0.317225509375 0.1695344125 0.317225509375 0.17712550625
3 0.1923076921875 0.5229419703125 0.2580539109375 0.522098515625 0.2580539109375 0.4883603234375 0.20216962500000002 0.48751686875000005 0.20299145312500003 0.2968960875 0.1660092046875 0.309547909375 0.1660092046875 0.496794871875 0.1923076921875 0.5229419703125
3 0.7511505578125 0.348346828125 0.7815581859375 0.34919028281250003 0.783201840625 0.1695344125 0.803747534375 0.17037786875 0.79142011875 0.1349527671875 0.7396449703125 0.1366396765625 0.7388231421875 0.17206477656250002 0.749506903125 0.17037786875 0.7511505578125 0.348346828125
3 0.654171596875 0.2100202421875 0.6229487171875 0.2100202421875 0.6229487171875 0.3517206484375 0.654171596875 0.3517206484375 0.654171596875 0.2100202421875
3 0.7199211046875 0.3871457484375 0.7190992765625001 0.43016194375000005 0.78402366875 0.43016194375000005 0.783201840625 0.3812415640625 0.752794215625 0.3787112 0.752794215625 0.38630229374999997 0.7199211046875 0.3871457484375
3 0.586785009375 0.5229419703125 0.6237672578125 0.5229419703125 0.6245890875 0.5845141703125 0.652531228125 0.5845141703125 0.6533530578125 0.4310053984375 0.68704799375 0.42931848749999996 0.6854043390625 0.38630229374999997 0.652531228125 0.3871457484375 0.652531228125 0.3803981109375 0.6237672578125 0.3812415640625 0.622123603125 0.48751686875000005 0.5876068375 0.48751686875000005 0.586785009375 0.5229419703125
3 0.8070348468749999 0.7607962203125 0.7519723859375 0.7607962203125 0.7511505578125 0.7936909578125 0.796351084375 0.7928475046875 0.8070348468749999 0.7607962203125
3 0.6237672578125 0.71187584375 0.6229454296875 0.7683873140624999 0.5851413546875001 0.76923076875 0.5843195265625 0.8063427796875 0.6533530578125 0.8063427796875 0.652531228125 0.7928475046875 0.6738987515625 0.7936909578125 0.6738987515625 0.76248313125 0.6533530578125 0.7616396765625 0.651709403125 0.7110323890625 0.6237672578125 0.71187584375
4 0.486522025 0.20074224062499998 0.5037804078125 0.1998987859375 0.5029585796875 0.251349528125 0.4873438515625 0.25387989218749996 0.486522025 0.27580971718749997 0.5769230765625 0.277496625 0.5744575937499999 0.17037786875 0.5062458921874999 0.17037786875 0.5062458921874999 0.17965587031250002 0.485700196875 0.1779689609375 0.486522025 0.20074224062499998
6 0.582672584375 0.17037449375 0.5761045359375 0.17037449375 0.5761045359375 0.23869433125 0.582672584375 0.23869433125 0.582672584375 0.17037449375
1 0.6229454296875 0.3812415640625 0.627876396875 0.3812415640625 0.628698225 0.3517206484375 0.6229454296875 0.3517206484375 0.622123603125 0.3306342765625 0.5843195265625 0.3297908234375 0.5834976984375 0.40654520781250003 0.6237672578125 0.4073886640625 0.6229454296875 0.3812415640625
6 0.635276134375 0.3508704453125 0.6287080875 0.3508704453125 0.6287080875 0.3812348171875 0.635276134375 0.3812348171875 0.635276134375 0.3508704453125
6 0.7396449703125 0.71187584375 0.7396449703125 0.6823549250000001 0.7330703484375001 0.680668015625 0.7330703484375001 0.7152496625 0.771696253125 0.7152496625 0.771696253125 0.7607962203125 0.7848454968749999 0.7616396765625 0.7823800140625 0.43016194375000005 0.7708744234375 0.4310053984375 0.77251808125 0.7101889328125 0.7396449703125 0.71187584375
1 0.6850045312499999 0.680599628125 0.7388453546875 0.680052521875 0.7399115093749999 0.7106904468749999 0.771363078125 0.7101433421875 0.770296925 0.5848561109375 0.658350659375 0.5854032171875 0.6599498921875 0.7079549187499999 0.6855376093750001 0.7101433421875 0.6850045312499999 0.680599628125
6 0.6549967125 0.708502025 0.652531228125 0.7152496625 0.6928007890625001 0.7169365734375 0.6928007890625001 0.681511471875 0.6854043390625 0.68319838125 0.6854043390625 0.7101889328125 0.6549967125 0.708502025
6 0.35748520781250004 0.5220951421875 0.3500887578125 0.5220951421875 0.3500887578125 0.7683906875 0.35748520781250004 0.7683906875 0.35748520781250004 0.5220951421875
3 0.33777120312500003 0.8063427796875 0.3591387234375 0.808029690625 0.35749506875 0.7683873140624999 0.3205128203125 0.7683873140624999 0.33777120312500003 0.8063427796875
6 0.276134121875 0.3255735484375 0.27449046718750003 0.3314777328125 0.29832347187499997 0.3306342765625 0.29750164375 0.3255735484375 0.279421434375 0.32388663906250004 0.2810650890625 0.17037786875 0.27449046718750003 0.171221321875 0.2736686390625 0.3188259109375 0.201347796875 0.3188259109375 0.201347796875 0.3255735484375 0.276134121875 0.3255735484375
6 0.5769230765625 0.323043184375 0.56295200625 0.32135627499999997 0.5613083484375 0.3281039125 0.5769230765625 0.32726045937500003 0.5769230765625 0.3517206484375 0.582675871875 0.35256410312500003 0.582675871875 0.32894736875 0.6229454296875 0.3281039125 0.6229454296875 0.323043184375 0.5834976984375 0.32135627499999997 0.58185404375 0.27159244375 0.5769230765625 0.27159244375 0.5769230765625 0.27834008125 0.5062458921874999 0.27834008125 0.5029585796875 0.28508771875 0.5769230765625 0.28508771875 0.5769230765625 0.323043184375
6 0.5029585796875 0.39726720625 0.5029585796875 0.3281039125 0.4988494421875 0.3281039125 0.49967126874999995 0.395580296875 0.450361603125 0.395580296875 0.4487179484375 0.403171390625 0.58185404375 0.4014844796875 0.582675871875 0.384615384375 0.575279421875 0.3820850203125 0.575279421875 0.3981106625 0.5029585796875 0.39726720625
0 0.5752761343749999 0.3297975703125 0.5046055234375 0.3297975703125 0.5046055234375 0.3955870453125 0.5752761343749999 0.3955870453125 0.5752761343749999 0.3297975703125
6 0.5300690328125001 0.32134615312500003 0.5029487171875 0.32134615312500003 0.5029487171875 0.328937246875 0.5300690328125001 0.328937246875 0.5300690328125001 0.32134615312500003
6 0.4207758046875 0.403171390625 0.4207758046875 0.3964237515625 0.3706443140625 0.3964237515625 0.371466140625 0.3281039125 0.364069690625 0.3297908234375 0.36489151875000003 0.3964237515625 0.35338593125 0.39726720625 0.356673240625 0.403171390625 0.4207758046875 0.403171390625
6 0.32379684375 0.328097165625 0.317228796875 0.328097165625 0.317228796875 0.43522267187499997 0.32379684375 0.43522267187499997 0.32379684375 0.328097165625
6 0.32379684375 0.460526315625 0.31640039375 0.460526315625 0.31640039375 0.4866801625 0.32379684375 0.4866801625 0.32379684375 0.460526315625
2 0.6960881 0.44871795 0.7059500328125 0.45040485781250006 0.7190992765625001 0.4529352234375 0.71827745 0.38967611406249997 0.6854043390625 0.3879892046875 0.68704799375 0.42594467031249994 0.69033530625 0.43859649218749996 0.6960881 0.44871795
2 0.8012820515625 0.36437247031250003 0.8029257062499999 0.3458164640625 0.7536160421875 0.348346828125 0.752794215625 0.3820850203125 0.783201840625 0.37955465625 0.79142011875 0.37280701875 0.8012820515625 0.36437247031250003
2 0.6533530578125 0.1796457484375 0.6237672578125 0.1796457484375 0.6237672578125 0.208329959375 0.6533530578125 0.208329959375 0.6533530578125 0.1796457484375
2 0.5456936234375 0.2707489875 0.581032215625 0.27159244375 0.582675871875 0.23869770625000003 0.5695266265625001 0.23869770625000003 0.5555555562500001 0.24375843593750002 0.5506245890625 0.25387989218749996 0.5456936234375 0.2707489875
2 0.5506245890625 0.3719635625 0.54651545 0.38630229374999997 0.58185404375 0.3871457484375 0.582675871875 0.35256410312500003 0.575279421875 0.35256410312500003 0.5604865234374999 0.3584682859375 0.5506245890625 0.3719635625
6 0.4988494421875 0.48751686875000005 0.5243261 0.48751686875000005 0.5226824453125001 0.45630904218749996 0.5185733078125 0.45377867812500006 0.5169296515624999 0.4723346828125 0.5029585796875 0.4731781375 0.5029585796875 0.41666666562500004 0.5169296515624999 0.41751012187500003 0.5169296515624999 0.428475034375 0.5218606171875 0.42931848749999996 0.5235042734375 0.41666666562500004 0.5366535171875 0.4158232125 0.535831690625 0.40823211875 0.43556870468750003 0.40654520781250003 0.43556870468750003 0.4158232125 0.49802761406249996 0.41497975781249996 0.4988494421875 0.48751686875000005
1 0.49683431875000006 0.4168927125 0.39555226875 0.4168927125 0.39555226875 0.48691295468750007 0.49683431875000006 0.48691295468750007 0.49683431875000006 0.4168927125
2 0.44460881093750004 0.42004048593750004 0.450361603125 0.40991902812500003 0.44953977656250005 0.3947368421875 0.41913215 0.395580296875 0.41831032187500006 0.43269230781249995 0.4363905328125 0.428475034375 0.44460881093750004 0.42004048593750004
1 0.3870907296875 0.4141396765625 0.3254536484375 0.4141396765625 0.3254536484375 0.48752024218749995 0.3870907296875 0.48752024218749995 0.3870907296875 0.4141396765625
2 0.3476331359375 0.42678812343750006 0.35420775781249997 0.41666666562500004 0.356673240625 0.395580296875 0.3279092703125 0.3947368421875 0.3279092703125 0.4276315796875 0.33777120312500003 0.42931848749999996 0.3476331359375 0.42678812343750006
4 0.3155818546875 0.36691295468749996 0.20216962500000002 0.36691295468749996 0.20216962500000002 0.48584008125 0.3155818546875 0.48584008125 0.3155818546875 0.36691295468749996
2 0.3016107828125 0.43690958125 0.2933925046875 0.4453441296875 0.287639709375 0.45462213125 0.287639709375 0.4647435890625 0.326265615625 0.4639001359375 0.326265615625 0.43606612812499995 0.318869165625 0.43016194375000005 0.31229454218749997 0.43269230781249995 0.3016107828125 0.43690958125
5 0.317225509375 0.276653171875 0.3353057203125 0.277496625 0.3328402359375 0.25387989218749996 0.3180473375 0.25387989218749996 0.3180473375 0.23195006718750003 0.2818869171875 0.23195006718750003 0.2810650890625 0.3264170046875 0.3164036828125 0.3281039125 0.317225509375 0.276653171875
1 0.317228796875 0.208329959375 0.27941814531250003 0.208329959375 0.27941814531250003 0.2302530359375 0.317228796875 0.2302530359375 0.317228796875 0.208329959375
2 0.28928336718750003 0.2268893375 0.2958579875 0.22773279375 0.29750164375 0.1990553296875 0.28024326093749996 0.1990553296875 0.27859960625 0.21508097187500003 0.2818869171875 0.221828609375 0.28928336718750003 0.2268893375
2 0.317225509375 0.2159244265625 0.3180473375 0.20158569375000002 0.3016107828125 0.20074224062499998 0.2991453 0.22773279375 0.3106508875 0.2243589734375 0.317225509375 0.2159244265625
2 0.30900723281250003 0.38967611406249997 0.3131163703125 0.384615384375 0.3164036828125 0.3584682859375 0.2810650890625 0.35762483125 0.28270874375 0.3694331984375 0.28928336718750003 0.3803981109375 0.30900723281250003 0.38967611406249997
6 0.28271203125 0.3576214578125 0.20217948749999998 0.3576214578125 0.20217948749999998 0.36521254999999997 0.28271203125 0.36521254999999997 0.28271203125 0.3576214578125
0 0.2744871796875 0.3264170046875 0.20298816562500002 0.3264170046875 0.20298816562500002 0.3567813765625 0.2744871796875 0.3567813765625 0.2744871796875 0.3264170046875
1 0.31641025625 0.32978745 0.276134121875 0.32978745 0.276134121875 0.35677125468750004 0.31641025625 0.35677125468750004 0.31641025625 0.32978745
2 0.2999671265625 0.3382253703125 0.29750164375 0.3297908234375 0.2736686390625 0.3323211875 0.27531229375 0.35762483125 0.2966798171875 0.34665991875 0.2999671265625 0.3382253703125
1 0.3328402359375 0.1779689609375 0.3155818546875 0.1779689609375 0.3155818546875 0.17206477656250002 0.28024326093749996 0.171221321875 0.28024326093749996 0.1998987859375 0.333662065625 0.1990553296875 0.3328402359375 0.1779689609375
1 0.6221203156249999 0.1729048578125 0.5851380671874999 0.1729048578125 0.5851380671874999 0.32134615312500003 0.6221203156249999 0.32134615312500003 0.6221203156249999 0.1729048578125
2 0.5621400390625 0.32051619374999996 0.5300887578125 0.32051619374999996 0.5300887578125 0.328957490625 0.5621400390625 0.328957490625 0.5621400390625 0.32051619374999996
5 0.6385601578125 0.37955465625 0.652531228125 0.37955465625 0.6541748859375 0.38630229374999997 0.75032873125 0.3871457484375 0.75032873125 0.33991228125 0.6549967125 0.3382253703125 0.65664036875 0.3508771921875 0.6385601578125 0.35256410312500003 0.6385601578125 0.37955465625
2 0.7453944765625 0.33063765156249997 0.717445759375 0.33063765156249997 0.717445759375 0.3382287453125 0.7453944765625 0.3382287453125 0.7453944765625 0.33063765156249997
6 0.7182840234375 0.33063765156249997 0.6533530578125 0.33063765156249997 0.6533530578125 0.339078946875 0.7182840234375 0.339078946875 0.7182840234375 0.33063765156249997
6 0.7528007890625 0.3314878546875 0.7470414203125 0.3314878546875 0.7470414203125 0.3382287453125 0.7528007890625 0.3382287453125 0.7528007890625 0.3314878546875
5 0.6574654828125001 0.5845141703125 0.6163806703125 0.5845141703125 0.6163806703125 0.7118825906249999 0.6574654828125001 0.7118825906249999 0.6574654828125001 0.5845141703125
6 0.6656903359374999 0.5777631578125 0.6525345171875 0.5777631578125 0.6525345171875 0.5853542515625 0.6656903359374999 0.5853542515625 0.6656903359374999 0.5777631578125
6 0.771686390625 0.5786032390625 0.6960848125 0.5786032390625 0.6960848125 0.5845141703125 0.771686390625 0.5845141703125 0.771686390625 0.5786032390625
2 0.696094675 0.5786133609374999 0.6656804734375 0.5786133609374999 0.6656804734375 0.5853542515625 0.696094675 0.5853542515625 0.696094675 0.5786133609374999
6 0.49884615312499997 0.5212449390625 0.4906213015625 0.5212449390625 0.4906213015625 0.7675404859375 0.49884615312499997 0.7675404859375 0.49884615312499997 0.5212449390625
7 0.3155818546875 0.485829959375 0.257238659375 0.485829959375 0.257238659375 0.5102834015625 0.3155818546875 0.5102834015625 0.3155818546875 0.485829959375
0 0.362435896875 0.328957490625 0.3254536484375 0.328957490625 0.3254536484375 0.396427125 0.362435896875 0.396427125 0.362435896875 0.328957490625
4 0.4955719921875 0.32978745 0.3739349109375 0.32978745 0.3739349109375 0.39389676093750003 0.4955719921875 0.39389676093750003 0.4955719921875 0.32978745
1 0.5752761343749999 0.28678137656249997 0.5046055234375 0.28678137656249997 0.5046055234375 0.32135627499999997 0.5752761343749999 0.32135627499999997 0.5752761343749999 0.28678137656249997
1 0.5181512875000001 0.415253309375 0.50322511875 0.415253309375 0.5037581953125 0.4721523140625 0.5176182093749999 0.4732465265625 0.5181512875000001 0.45464492968750003 0.5224159078125 0.455192034375 0.5234820609375 0.48473574687500004 0.6237006234375 0.486924171875 0.6221013906249999 0.416347521875 0.52508129375 0.4174417328125 0.524015140625 0.43057227343750004 0.518684365625 0.43002516562500004 0.5181512875000001 0.415253309375
6 0.6245759375 0.4073987859375 0.5662327421875 0.4073987859375 0.5662327421875 0.414989878125 0.6245759375 0.414989878125 0.6245759375 0.4073987859375
2 0.5670710062500001 0.4065384609375 0.5350197234375 0.4065384609375 0.5350197234375 0.41665991875 0.5670710062500001 0.41665991875 0.5670710062500001 0.4065384609375
6 0.387902696875 0.49004723281249996 0.3944773171875 0.49004723281249996 0.3944773171875 0.4158232125 0.406804734375 0.41497975781249996 0.406804734375 0.40907557343749995 0.37639710625 0.4073886640625 0.3780407640625 0.41497975781249996 0.387902696875 0.41497975781249996 0.387902696875 0.49004723281249996
2 0.4355621296875 0.4073987859375 0.40597633125000004 0.4073987859375 0.40597633125000004 0.414989878125 0.4355621296875 0.414989878125 0.4355621296875 0.4073987859375
6 0.34681459531250003 0.40737854218749997 0.3254536484375 0.40737854218749997 0.3254536484375 0.41581983749999996 0.34681459531250003 0.41581983749999996 0.34681459531250003 0.40737854218749997
2 0.377218934375 0.40907894687499996 0.3476331359375 0.40907894687499996 0.3476331359375 0.41581983749999996 0.377218934375 0.41581983749999996 0.377218934375 0.40907894687499996
2 0.562130178125 0.4891902828125 0.5284418140625 0.4891902828125 0.5284418140625 0.5204048578125 0.562130178125 0.5204048578125 0.562130178125 0.4891902828125
2 0.430641025 0.48837044531249996 0.39858974375 0.48837044531249996 0.39858974375 0.5204149796875 0.430641025 0.5204149796875 0.430641025 0.48837044531249996
6 0.398214990625 0.48856275312499997 0.376893490625 0.48856275312499997 0.376893490625 0.5203036437499999 0.398214990625 0.5203036437499999 0.398214990625 0.48856275312499997
6 0.453639053125 0.4880060734375 0.43125246562499997 0.4880060734375 0.43125246562499997 0.520293521875 0.453639053125 0.520293521875 0.453639053125 0.4880060734375
6 0.5282840234374999 0.48691295468750007 0.502169625 0.48691295468750007 0.502169625 0.5213866390625 0.5282840234374999 0.5213866390625 0.5282840234374999 0.48691295468750007
6 0.587455621875 0.48746963593750003 0.5613412234374999 0.48746963593750003 0.5613412234374999 0.5203036437499999 0.587455621875 0.5203036437499999 0.587455621875 0.48746963593750003
1 0.582130178125 0.40268218593749994 0.326785009375 0.40268218593749994 0.326785009375 0.4076012140625 0.582130178125 0.4076012140625 0.582130178125 0.40268218593749994
4 0.48991124218750004 0.5230364375 0.359832346875 0.5230364375 0.359832346875 0.7681376515625 0.48991124218750004 0.7681376515625 0.48991124218750004 0.5230364375
2 0.732978303125 0.681143725 0.6924654828125 0.681143725 0.6924654828125 0.71780364375 0.732978303125 0.71780364375 0.732978303125 0.681143725
0 0.771360946875 0.43165991875 0.654082840625 0.43165991875 0.654082840625 0.5788259109375 0.771360946875 0.5788259109375 0.771360946875 0.43165991875
6 0.7510946749999999 0.769777328125 0.726577909375 0.769777328125 0.726577909375 0.78455465625 0.7510946749999999 0.78455465625 0.7510946749999999 0.769777328125
6 0.6977909265625 0.76976720625 0.6748717953125001 0.76976720625 0.6748717953125001 0.78509109375 0.6977909265625 0.78509109375 0.6977909265625 0.76976720625
2 0.704728396875 0.8058868578125 0.7169891796875 0.8119050218750001 0.7313822703125 0.8151876578125 0.7292499609374999 0.7861910484375 0.7265845718749999 0.77032498125 0.6983314671875 0.7708720875 0.6972653140625 0.7954918484375 0.704728396875 0.8058868578125
1 0.6748760593750001 0.7708720875 0.7511061359375 0.77032498125 0.7511061359375 0.7615712875 0.771363078125 0.7615712875 0.771363078125 0.7167086109375 0.653019884375 0.7156144015625 0.6535529609374999 0.7621183921875 0.6748760593750001 0.7621183921875 0.6748760593750001 0.7708720875
4 0.621025640625 0.5235728749999999 0.50055226875 0.5235728749999999 0.50055226875 0.7681275296875001 0.621025640625 0.7681275296875001 0.621025640625 0.5235728749999999
6 0.527213603125 0.6712988296875 0.5229489843749999 0.6888062140625 0.5197505203125 0.7002954375 0.5074897375 0.7090491296875 0.48989818124999995 0.712331765625 0.48989818124999995 0.7188970343750001 0.50322511875 0.7188970343750001 0.5170851328125 0.7139730828124999 0.5298789921875 0.70686070625 0.5474705484375 0.70686070625 0.5506690125 0.69208885 0.54693746875 0.6838822625 0.536275921875 0.68278805 0.53574284375 0.6061932375 0.5485367015625 0.6061932375 0.5512020890625 0.5957982265624999 0.5464043921874999 0.5854032171875 0.536275921875 0.5837618984375 0.5170851328125 0.577743734375 0.5021589640624999 0.571178465625 0.4904312609375 0.571178465625 0.4909643375 0.5810263703125 0.5048243515624999 0.58430900625 0.5218828296875 0.5930626984375 0.52508129375 0.6083816625 0.527213603125 0.6712988296875
1 0.7516469421875 0.27355263124999996 0.654625246875 0.27355263124999996 0.654625246875 0.3293623484375 0.7516469421875 0.3293623484375 0.7516469421875 0.27355263124999996
6 0.752169625 0.264261134375 0.654615384375 0.264261134375 0.654615384375 0.27355263124999996 0.752169625 0.27355263124999996 0.752169625 0.264261134375
0 0.7511045359375 0.170151821875 0.654615384375 0.170151821875 0.654615384375 0.263168015625 0.7511045359375 0.263168015625 0.7511045359375 0.170151821875