3 0.09294626875 0.8622159093749999 0.053475935937499997 0.8565340906250001 0.0483829890625 0.9176136375 0.1413292578125 0.9232954531249999 0.14387573125 0.8636363625 0.133689840625 0.8636363625 0.133689840625 0.10085227187500001 0.24828113125 0.10085227187500001 0.24828113125 0.05255681875 0.0292844390625 0.05255681875 0.0343773859375 0.10369318125 0.09294626875 0.10227272812499999 0.09294626875 0.8622159093749999
7 0.24445378125 0.9019999999999999 0.1413165265625 0.9019999999999999 0.1413165265625 0.9275625 0.24445378125 0.9275625 0.24445378125 0.9019999999999999
7 0.430350140625 0.9119375 0.3297619046875 0.9119375 0.3297619046875 0.9318125 0.430350140625 0.9318125 0.430350140625 0.9119375
4 0.51633986875 0.9135416656249999 0.6171802046875 0.916666665625 0.6171802046875 0.8864583343750001 0.7114845937500001 0.8885416656249999 0.7124183000000001 0.9260416656249999 0.8141923453125001 0.928125 0.809523809375 0.796875 0.8300653578125001 0.796875 0.8300653578125001 0.37604166562499997 0.48366013125 0.375 0.48366013125 0.7822916656250001 0.5172735765625001 0.7822916656250001 0.51633986875 0.9135416656249999
7 0.6162464984375 0.9161875 0.514397759375 0.9161875 0.514397759375 0.9431875 0.6162464984375 0.9431875 0.6162464984375 0.9161875
7 0.8135994390624999 0.927546875 0.7079131656250001 0.927546875 0.7079131656250001 0.9502656249999999 0.8135994390624999 0.9502656249999999 0.8135994390624999 0.927546875
6 0.48128342343749997 0.7826704531249999 0.48128342343749997 0.375 0.463458109375 0.375 0.463458109375 0.8821022718749999 0.47237076718750004 0.88068181875 0.47237076718750004 0.7826704531249999 0.48128342343749997 0.7826704531249999
1 0.4827264234375 0.307291665625 0.5256769390625 0.30625 0.5256769390625 0.367708334375 0.6274509796875 0.36875 0.626517275 0.089583334375 0.491129784375 0.085416665625 0.49206349375 0.147916665625 0.4845938375 0.148958334375 0.4827264234375 0.307291665625
3 0.5258543421875 0.30539062499999997 0.4609243703125 0.30539062499999997 0.4609243703125 0.37498437500000004 0.5258543421875 0.37498437500000004 0.5258543421875 0.30539062499999997
3 0.9116386546875 0.30539062499999997 0.791946778125 0.30539062499999997 0.791946778125 0.376421875 0.9116386546875 0.376421875 0.9116386546875 0.30539062499999997
3 0.8950980390625001 0.796875 0.811064425 0.796875 0.811064425 0.9261250000000001 0.8950980390625001 0.9261250000000001 0.8950980390625001 0.796875
3 0.5156442578125 0.784109375 0.47236694687499997 0.784109375 0.47236694687499997 0.916203125 0.5156442578125 0.916203125 0.5156442578125 0.784109375
3 0.7104621843750001 0.8863749999999999 0.6187815125 0.8863749999999999 0.6187815125 0.9488749999999999 0.7104621843750001 0.9488749999999999 0.7104621843750001 0.8863749999999999
4 0.1437908484375 0.9041666656249999 0.23902894375 0.9020833343750001 0.239962653125 0.8677083343750001 0.3333333328125 0.8677083343750001 0.3333333328125 0.911458334375 0.428571428125 0.9104166656249999 0.429505134375 0.880208334375 0.46311857968750003 0.880208334375 0.46311857968750003 0.37395833437500003 0.13538748750000001 0.37395833437500003 0.13445378125000002 0.864583334375 0.14659196875 0.864583334375 0.1437908484375 0.9041666656249999
3 0.3323249296875 0.867890625 0.2431932765625 0.867890625 0.2431932765625 0.928984375 0.3323249296875 0.928984375 0.3323249296875 0.867890625
6 0.4609116390625 0.080965909375 0.4621848734375 0.05255681875 0.3845174421875 0.053977271874999996 0.38579068125 0.10369318125 0.35777947656250003 0.10369318125 0.35777947656250003 0.15056818125 0.4876496046875 0.147727271875 0.48892284375 0.0823863625 0.4609116390625 0.080965909375
3 0.38452380937499997 0.053984374999999994 0.3412464984375 0.053984374999999994 0.3412464984375 0.102265625 0.38452380937499997 0.102265625 0.38452380937499997 0.053984374999999994
3 0.537310925 0.053984374999999994 0.4634733890625 0.053984374999999994 0.4634733890625 0.082390625 0.537310925 0.082390625 0.537310925 0.053984374999999994
6 0.6455182078124999 0.083796875 0.62770308125 0.083796875 0.62770308125 0.180390625 0.6455182078124999 0.180390625 0.6455182078124999 0.083796875
1 0.71895425 0.291666665625 0.8123249296875 0.288541665625 0.8113912234375 0.167708334375 0.7198879546875 0.16875 0.718020540625 0.089583334375 0.6470588234375 0.0875 0.6479925296875 0.348958334375 0.718020540625 0.35 0.71895425 0.291666665625
3 0.73337535 0.053968749999999996 0.6276890749999999 0.053968749999999996 0.6276890749999999 0.08521875 0.73337535 0.08521875 0.73337535 0.053968749999999996
3 0.8950853078125001 0.08806818125 0.94728800625 0.085227271875 0.943468296875 0.05255681875 0.8174178765625 0.05255681875 0.8123249296875 0.305397728125 0.8950853078125001 0.303977271875 0.8950853078125001 0.08806818125
3 0.5131143359375 0.91619318125 0.47491724062499996 0.91619318125 0.47109752968749996 0.8821022718749999 0.4303539609375 0.88068181875 0.42780748749999997 0.9360795468750001 0.5118411015625 0.9417613625 0.5131143359375 0.91619318125
3 0.8123249296875 0.953125 0.9294626953125 0.9602272718749999 0.93200916875 0.9019886375 0.8950853078125001 0.8977272718749999 0.8950853078125001 0.92755681875 0.8110516953125 0.9261363625 0.8123249296875 0.953125
6 0.8517927171874999 0.373578125 0.832689075 0.373578125 0.832689075 0.798296875 0.8517927171874999 0.798296875 0.8517927171874999 0.373578125
6 0.8721568625 0.37498437500000004 0.853053221875 0.37498437500000004 0.853053221875 0.799703125 0.8721568625 0.799703125 0.8721568625 0.37498437500000004
6 0.7346574984375 0.0738636375 0.7333842640625 0.086647728125 0.7193786609374999 0.086647728125 0.7193786609374999 0.16619318125 0.813598165625 0.16619318125 0.8161446390625 0.07244318125 0.7346574984375 0.0738636375
6 0.8135994390624999 0.0525625 0.7321148453124999 0.0525625 0.7321148453124999 0.0724375 0.8135994390624999 0.0724375 0.8135994390624999 0.0525625
1 0.2801120453125 0.215625 0.22689075625 0.21666666562499998 0.22689075625 0.10625 0.13445378125000002 0.10520833437499999 0.13445378125000002 0.32916666562499997 0.2801120453125 0.32916666562499997 0.2801120453125 0.215625
1 0.29505135312499997 0.367708334375 0.459383753125 0.370833334375 0.4621848734375 0.148958334375 0.35574229687500003 0.152083334375 0.354808590625 0.10520833437499999 0.24463118437500003 0.10625 0.24556489374999999 0.195833334375 0.2969187671875 0.196875 0.29505135312499997 0.367708334375
6 0.2953908828125 0.225852271875 0.294117646875 0.19744318125 0.2444614203125 0.19318181875 0.2406417109375 0.10085227187500001 0.22918258281249998 0.10227272812499999 0.22918258281249998 0.215909090625 0.2813852796875 0.2144886375 0.2852049921875 0.227272728125 0.2953908828125 0.225852271875
6 0.133689840625 0.329545453125 0.1311433671875 0.376420453125 0.2928444125 0.375 0.2928444125 0.31818181874999996 0.28265851875000003 0.3167613625 0.28265851875000003 0.33096590937500003 0.133689840625 0.329545453125
6 0.6468041765625 0.352272728125 0.6468041765625 0.2698863625 0.6289788656249999 0.274147728125 0.6289788656249999 0.373579546875 0.7219251343749999 0.373579546875 0.720651896875 0.350852271875 0.6468041765625 0.352272728125
3 0.79449961875 0.305397728125 0.8174178765625 0.305397728125 0.8123249296875 0.288352271875 0.7219251343749999 0.29119318125000004 0.720651896875 0.37215909062499997 0.79322638125 0.373579546875 0.79449961875 0.305397728125
6 0.48 0.146296875 0.46089635781249993 0.146296875 0.46089635781249993 0.20026562499999997 0.48 0.20026562499999997 0.48 0.146296875
6 0.481288515625 0.29118750000000004 0.4621848734375 0.29118750000000004 0.4621848734375 0.30681250000000004 0.481288515625 0.30681250000000004 0.481288515625 0.29118750000000004
2 0.6181139124999999 0.21666666562499998 0.6181139124999999 0.229166665625 0.626517275 0.229166665625 0.626517275 0.273958334375 0.6461251171875 0.275 0.6489262375 0.23020833437500002 0.6582633046875 0.23020833437500002 0.6591970109374999 0.219791665625 0.6489262375 0.219791665625 0.6470588234375 0.178125 0.6283846859375 0.178125 0.6293183953125 0.21666666562499998 0.6181139124999999 0.21666666562499998
2 0.45658263281250006 0.241666665625 0.4537815125 0.254166665625 0.46125116874999994 0.253125 0.460317459375 0.289583334375 0.48366013125 0.290625 0.4845938375 0.253125 0.49206349375 0.253125 0.49206349375 0.242708334375 0.4845938375 0.24375 0.4845938375 0.20104166562499998 0.46311857968750003 0.2 0.4621848734375 0.241666665625 0.45658263281250006 0.241666665625
2 0.2922502328125 0.11041666562500001 0.3025210078125 0.1125 0.301587303125 0.10416666562500002 0.3408029890625 0.103125 0.3426704 0.05 0.29878618281249997 0.052083334375 0.2997198875 0.033333334375 0.2922502328125 0.032291665625 0.2894491125 0.052083334375 0.2474323046875 0.052083334375 0.2474323046875 0.103125 0.2894491125 0.103125 0.2922502328125 0.11041666562500001
2 0.5807656390625 0.107291665625 0.58823529375 0.107291665625 0.5873015875 0.085416665625 0.6274509796875 0.085416665625 0.6274509796875 0.054166665625 0.58823529375 0.054166665625 0.5891689999999999 0.036458334375 0.57796451875 0.035416665624999996 0.5798319328125 0.053125 0.5350140062500001 0.05 0.5350140062500001 0.085416665625 0.583566759375 0.084375 0.5807656390625 0.107291665625
2 0.2801120453125 0.28020833437500003 0.27824462968749997 0.321875 0.2959850609375 0.320833334375 0.2969187671875 0.28020833437500003 0.3090569546875 0.279166665625 0.30812325 0.265625 0.29505135312499997 0.265625 0.29505135312499997 0.223958334375 0.2791783390625 0.223958334375 0.277310925 0.265625 0.2651727359375 0.265625 0.2679738578125 0.28020833437500003 0.2801120453125 0.28020833437500003