4 0.2755018078125 0.073121521875 0.10424502656250001 0.073121521875 0.10424502656250001 0.2302736546875 0.2755018078125 0.2302736546875 0.2755018078125 0.073121521875
7 0.1961347203125 0.0577968453125 0.1349321875 0.0577968453125 0.1349321875 0.07277829375 0.1961347203125 0.07277829375 0.1961347203125 0.0577968453125
4 0.7195830234375 0.1822547203125 0.7647909796875 0.1838917390625 0.7663865546874999 0.11568263593749999 0.5914051703125 0.114591290625 0.5892777359375 0.23136527343750002 0.7190511640625 0.23136527343750002 0.7195830234375 0.1822547203125
7 0.6961980109375 0.10132653124999999 0.6273462921874999 0.10132653124999999 0.6273462921874999 0.1134601109375 0.6961980109375 0.1134601109375 0.6961980109375 0.10132653124999999
4 0.9424276671875 0.0769434140625 0.774896021875 0.0769434140625 0.774896021875 0.23136827499999998 0.9424276671875 0.23136827499999998 0.9424276671875 0.0769434140625
7 0.911803796875 0.062082560937499996 0.8519936703125 0.062082560937499996 0.8519936703125 0.0770640078125 0.911803796875 0.0770640078125 0.911803796875 0.062082560937499996
7 0.9542359859375 0.10846475 0.9444981921875 0.10846475 0.9444981921875 0.1698283859375 0.9542359859375 0.1698283859375 0.9542359859375 0.10846475
7 0.9625813750000001 0.379619665625 0.9514511750000001 0.379619665625 0.9514511750000001 0.4488404453125 0.9625813750000001 0.4488404453125 0.9625813750000001 0.379619665625
7 0.905547015625 0.530185528125 0.8944168171875001 0.530185528125 0.8944168171875001 0.5794248609375 0.905547015625 0.5794248609375 0.905547015625 0.530185528125
7 0.9027712484375 0.6486363640625 0.893033453125 0.6486363640625 0.893033453125 0.6907328390624999 0.9027712484375 0.6907328390624999 0.9027712484375 0.6486363640625
1 0.8041484953125 0.9467423328125 0.817444953125 0.9451053140625 0.83286884375 0.9423769515625 0.84722901875 0.938557240625 0.8583980421874999 0.934191859375 0.8695670671875 0.9287351312500001 0.8823316671875 0.923824075 0.8887139671875 0.915093309375 0.9009467078125001 0.9085452359374999 0.9099883 0.898177453125 0.9184980328125001 0.8883553421875 0.92488033125 0.8785332312499999 0.7717051374999999 0.8785332312499999 0.7711732796875 0.9467423328125 0.785533453125 0.9467423328125 0.8041484953125 0.9467423328125
6 0.9105201578125 0.8976317796875 0.903074140625 0.905816871875 0.8945644078124999 0.91291061875 0.8871183921875 0.9172760015625 0.8791405171875001 0.9243697484375 0.8647803421875 0.9320091671874999 0.8530794593750001 0.9358288765625 0.841910434375 0.941831278125 0.8307414109375 0.943468296875 0.8222316765625 0.9461966609375001 0.8115945109375 0.9461966609375001 0.7988299109375 0.94728800625 0.770641421875 0.94728800625 0.7717051374999999 0.9549274265625 0.7961706203125 0.9549274265625 0.817444953125 0.9538360796875001 0.83446441875 0.951107715625 0.8514838843750001 0.9451053140625 0.8700989265624999 0.9374658953124999 0.8817998078124999 0.9303721484375 0.8924369750000001 0.9243697484375 0.9025422828125 0.9145476374999999 0.9142431656250001 0.9030885078124999 0.92328475625 0.8938120703125 0.928603340625 0.8861726515624999 0.9323263484375 0.8779875578125 0.928603340625 0.8779875578125 0.9238166140624999 0.88180726875 0.9184980328125001 0.8889010140625 0.9105201578125 0.8976317796875
7 0.87425406875 0.864137290625 0.8165235078125 0.864137290625 0.8165235078125 0.878404453125 0.87425406875 0.878404453125 0.87425406875 0.864137290625
7 0.7198462921875 0.940482375 0.6231735984375 0.940482375 0.6231735984375 0.9526159562500001 0.7198462921875 0.9526159562500001 0.7198462921875 0.940482375
6 0.597440534375 0.6236620515625 0.5981360421875 0.6143856140625 0.44164696093750005 0.6136720421875 0.44164696093750005 0.6215213359375 0.5160662125 0.62294848125 0.513979690625 0.9447695156249999 0.5202392546875 0.9461966609375001 0.524412296875 0.6236620515625 0.597440534375 0.6236620515625
1 0.610036165625 0.8965120593749999 0.5206871609375 0.8965120593749999 0.5206871609375 0.9456215218749999 0.610036165625 0.9456215218749999 0.610036165625 0.8965120593749999
7 0.6099593125 0.8841187390625 0.5459719703125 0.8841187390625 0.5459719703125 0.8948237484374999 0.6099593125 0.8948237484374999 0.6099593125 0.8841187390625
1 0.51377034375 0.8954174390625 0.4244213375 0.8954174390625 0.4244213375 0.947254175 0.51377034375 0.947254175 0.51377034375 0.8954174390625
7 0.49033001875000004 0.8826901671874999 0.42495027187499995 0.8826901671874999 0.42495027187499995 0.8948237484374999 0.49033001875000004 0.8948237484374999 0.49033001875000004 0.8826901671874999
7 0.4103481015625 0.9390584421874999 0.3129792046875 0.9390584421874999 0.3129792046875 0.9519063078125001 0.4103481015625 0.9519063078125001 0.4103481015625 0.9390584421874999
1 0.1462610359375 0.9117865328124999 0.1574300609375 0.9210629703125001 0.17391766875 0.9303394078125 0.19093713437499998 0.9368874828125 0.2084884578125 0.9417985375000001 0.22657164062500001 0.9445269015625 0.2372088078125 0.9445269015625 0.2622061484375 0.9450725734375001 0.26273800625 0.8757721265624999 0.1106265296875 0.8752264546875 0.12073183750000001 0.8883226015625001 0.1340282953125 0.90305576875 0.1462610359375 0.9117865328124999
6 0.14519731875 0.9237913343749999 0.17179023437500002 0.9390701734375 0.1935964265625 0.9478009390625 0.225507925 0.95271199375 0.2622061484375 0.95271199375 0.26114243125000003 0.9456182484375001 0.2207212 0.9450725734375001 0.1967875765625 0.9401615187499999 0.1781725359375 0.9336134453125 0.16062121093749998 0.9243370078125001 0.1494521859375 0.9150605703125001 0.1308371453125 0.90141875 0.107435378125 0.8752264546875 0.10105307968749999 0.8763178 0.11754068749999999 0.8986903843749999 0.14519731875 0.9237913343749999
7 0.2225587703125 0.8612801484375 0.1606600359375 0.8612801484375 0.1606600359375 0.8748423000000001 0.2225587703125 0.8748423000000001 0.2225587703125 0.8612801484375
7 0.146057865625 0.645064934375 0.1342314640625 0.645064934375 0.1342314640625 0.6864564 0.146057865625 0.6864564 0.146057865625 0.645064934375
7 0.1460533453125 0.5266187390625 0.134923146875 0.5266187390625 0.134923146875 0.57657235625 0.1460533453125 0.57657235625 0.1460533453125 0.5266187390625
4 0.3286884375 0.22809123593749997 0.456866290625 0.2297282546875 0.458993725 0.1134999453125 0.2840123390625 0.1124086 0.2840123390625 0.181709046875 0.328156578125 0.1806177015625 0.3286884375 0.22809123593749997
7 0.42356690781250006 0.099897959375 0.35332278437500003 0.099897959375 0.35332278437500003 0.1134601109375 0.42356690781250006 0.1134601109375 0.42356690781250006 0.099897959375
7 0.10224231406249999 0.10346938750000001 0.0904159125 0.10346938750000001 0.0904159125 0.165547309375 0.10224231406249999 0.165547309375 0.10224231406249999 0.10346938750000001
6 0.458461865625 0.23845902031250002 0.4579300078125 0.3454108921875 0.4526114234375 0.34486521875 0.453675140625 0.355778675 0.5456866296875 0.3546873296875 0.5456866296875 0.3372258 0.5382406125 0.3372258 0.5382406125 0.34759358281249997 0.48133177343750005 0.3459565640625 0.482395490625 0.3110335046875 0.5382406125 0.3126705234375 0.5393043296875 0.3170359046875 0.5456866296875 0.3153988875 0.5472822046875 0.105314853125 0.5063291140625 0.105314853125 0.5063291140625 0.1129542734375 0.5403680468750001 0.11404561718749999 0.5387724703125001 0.3077594671875 0.46537602343750006 0.3077594671875 0.468035315625 0.0360144046875 0.4605893 0.0360144046875 0.458461865625 0.230273928125 0.4201680671875 0.230273928125 0.42123178437500003 0.23955036562499998 0.458461865625 0.23845902031250002
3 0.4611211578125 0.10061224531249999 0.42356238749999997 0.10061224531249999 0.42356238749999997 0.11274582500000001 0.4611211578125 0.11274582500000001 0.4611211578125 0.10061224531249999
6 0.58663971875 0.34650223750000003 0.58823529375 0.23845902031250002 0.625997234375 0.23955036562499998 0.625997234375 0.230273928125 0.5892990109375 0.230273928125 0.5908945859375 0.0360144046875 0.5839804281250001 0.0360144046875 0.5797255609375 0.3546873296875 0.5919583015625001 0.3546873296875 0.5908945859375 0.34650223750000003 0.58663971875 0.34650223750000003
3 0.6273508140625 0.10275046406249999 0.5883996390624999 0.10275046406249999 0.5883996390624999 0.114169759375 0.6273508140625 0.114169759375 0.6273508140625 0.10275046406249999
3 0.1975239953125 0.057799343749999996 0.1975239953125 0.07349792968749999 0.27542078281250004 0.07349792968749999 0.27542078281250004 0.1120308265625 0.3303658359375 0.11274439843749999 0.3303658359375 0.09847295625 0.289330921875 0.0999001 0.2907219359375 0.0599400609375 0.1975239953125 0.057799343749999996
3 0.721240784375 0.11702583124999999 0.7734038109375 0.1141715421875 0.7747948250000001 0.07706579062499999 0.8519961046875 0.07920650781250001 0.8519961046875 0.06279434843750001 0.7608846859375 0.0635079203125 0.7608846859375 0.1027543890625 0.7198497703125 0.10132724374999999 0.721240784375 0.11702583124999999
3 0.10432605312500001 0.0727843578125 0.1349283625 0.0727843578125 0.1342328546875 0.057799343749999996 0.0911114203125 0.057799343749999996 0.09180692812499999 0.10346796093749999 0.1022395328125 0.1027543890625 0.10432605312500001 0.0727843578125
1 0.0505265390625 0.19807923125 0.04361238125 0.2111753796875 0.0398893734375 0.230273928125 0.0382937984375 0.241187384375 0.04201680625 0.25264651250000003 0.04361238125 0.263014296875 0.047867248437499996 0.27938448125000004 0.05318583125 0.2892065921875 0.058504414062499996 0.3023027390625 0.067014146875 0.317581578125 0.07552388125000001 0.3279493625 0.081374321875 0.3366801265625 0.1063716625 0.337771471875 0.107435378125 0.243370075 0.0898840546875 0.243370075 0.0898840546875 0.17734366562499998 0.078183171875 0.17734366562499998 0.0632911390625 0.18607442968750001 0.0505265390625 0.19807923125
3 0.10084851875 0.2269159421875 0.1022395328125 0.164835165625 0.08972040625 0.164835165625 0.0890248984375 0.2433281 0.1112811234375 0.2447552453125 0.1126721390625 0.2276295125 0.10084851875 0.2269159421875
3 0.09180692812499999 0.3781932359375 0.092502434375 0.34965035 0.1168451796875 0.350363921875 0.11893170156249999 0.2868560015625 0.1057170671875 0.2875695734375 0.10710808125 0.3375196234375 0.07928780156250001 0.3389467671875 0.07859229375 0.376766090625 0.09180692812499999 0.3781932359375
7 0.1182368890625 0.2675927640625 0.1064104875 0.2675927640625 0.1064104875 0.2868599265625 0.1182368890625 0.2868599265625 0.1182368890625 0.2675927640625
7 0.0890235078125 0.37819573281249996 0.0785895125 0.37819573281249996 0.0785895125 0.4438450828125 0.0890235078125 0.4438450828125 0.0890235078125 0.37819573281249996
3 0.08972040625 0.4859426296875 0.0904159125 0.443841871875 0.0778967859375 0.4452690171875 0.07859229375 0.50092764375 0.14675198125 0.503068359375 0.14675198125 0.48808334531249997 0.08972040625 0.4859426296875
3 0.137014884375 0.8598544312499999 0.1057170671875 0.8598544312499999 0.10849909531249999 0.724989296875 0.1446654609375 0.724989296875 0.14536096874999999 0.709290709375 0.0952844625 0.709290709375 0.09458895625 0.8741258734375 0.13771039062499998 0.876266590625 0.137014884375 0.8598544312499999
3 0.26290165625 0.9519052374999999 0.31367366875 0.9519052374999999 0.3129781609375 0.9383473671875 0.2761162890625 0.9383473671875 0.277507303125 0.8605680031249999 0.22186674062499998 0.8605680031249999 0.22186674062499998 0.87555301875 0.2635971625 0.874839446875 0.26290165625 0.9519052374999999
3 0.7205591874999999 0.9540459531250001 0.7713312 0.9554730984375001 0.7713312 0.8791208796875001 0.8165391578125 0.8791208796875001 0.8165391578125 0.8619951468749999 0.757421059375 0.8627087203125001 0.756725553125 0.94120165625 0.71986368125 0.9404880828125 0.7205591874999999 0.9540459531250001
3 0.42357595000000003 0.88197588125 0.40897377968750004 0.88197588125 0.40897377968750004 0.9519016703125001 0.42357595000000003 0.9519016703125001 0.42357595000000003 0.88197588125
3 0.62319168125 0.8826901671874999 0.609972875 0.8826901671874999 0.609972875 0.9540445265624999 0.62319168125 0.9540445265624999 0.62319168125 0.8826901671874999
3 0.14676763125 0.5758534328125 0.13424502656249998 0.5758534328125 0.13424502656249998 0.6457792203125 0.14676763125 0.6457792203125 0.14676763125 0.5758534328125
3 0.9048553343749999 0.578710575 0.8930289328125 0.578710575 0.8930289328125 0.6486363640625 0.9048553343749999 0.6486363640625 0.9048553343749999 0.578710575
3 0.9285018781250001 0.8634222921875001 0.89789956875 0.8641358640625001 0.8965085546875 0.8805480234375 0.9417165125 0.8791208796875001 0.94241201875 0.7135721421875 0.8985950765625 0.7142857140625 0.8985950765625 0.7285571562500001 0.9298928921874999 0.7285571562500001 0.9285018781250001 0.8634222921875001
3 0.943107525 0.11060368125 0.9563221593750001 0.1091765375 0.9563221593750001 0.06065363124999999 0.911809709375 0.061367204687499996 0.911809709375 0.07635221875 0.94241201875 0.0784929359375 0.943107525 0.11060368125
3 0.9542356375000001 0.24832310624999998 0.9549311453125 0.169116596875 0.943107525 0.17054374218749999 0.94241201875 0.23191094687499997 0.9257198499999999 0.23191094687499997 0.9271108640625 0.2490366765625 0.9542356375000001 0.24832310624999998
3 0.963277228125 0.3803339515625 0.963277228125 0.3403739125 0.9368479625000001 0.33966033906250004 0.93754346875 0.2904238625 0.9250243421875 0.291137434375 0.9250243421875 0.3560724984375 0.9521491171875001 0.3553589265625 0.9521491171875001 0.3781932359375 0.963277228125 0.3803339515625
3 0.963277228125 0.5066362203125 0.9639727359375 0.448836878125 0.9514536093749999 0.44812330468750006 0.9493670890624999 0.49165120625 0.895117540625 0.4909376328125 0.8958130484375 0.508063365625 0.963277228125 0.5066362203125
7 0.9368535265625001 0.2718692015625 0.9250271250000001 0.2718692015625 0.9250271250000001 0.292564934375 0.9368535265625001 0.292564934375 0.9368535265625001 0.2718692015625
6 0.72012551875 0.1838917390625 0.7190618015625 0.23136527343750002 0.6504520796875 0.2308196 0.6493883625 0.23845902031250002 0.7243803859375 0.23900469218749998 0.7243803859375 0.19807923125 0.7637379 0.1969878859375 0.7637379 0.2002619234375 0.7727794921875 0.2008075953125 0.7738432078125 0.11568263593749999 0.767460909375 0.11568263593749999 0.765865334375 0.1844374109375 0.72012551875 0.1838917390625
2 0.6968980390625 0.09775938281249999 0.6941160109375 0.10774939375 0.7025316453125 0.11873840468750001 0.720545278125 0.12630226875 0.71971066875 0.10111317187499999 0.6968980390625 0.09775938281249999
5 0.539303796875 0.1140445265625 0.46590415937499996 0.1140445265625 0.46590415937499996 0.3077551015625 0.539303796875 0.3077551015625 0.539303796875 0.1140445265625
2 0.50180831875 0.11966604843749999 0.5063291140625 0.1076066796875 0.4665461125 0.1057513921875 0.4665461125 0.12430426718750001 0.477396021875 0.12430426718750001 0.4918625671875 0.11781076093750001 0.50180831875 0.11966604843749999
1 0.5829159125000001 0.0371011125 0.4685669078125 0.0371011125 0.4685669078125 0.1053107609375 0.5829159125000001 0.1053107609375 0.5829159125000001 0.0371011125
1 0.58023508125 0.11240723593749999 0.54672694375 0.11240723593749999 0.54672694375 0.298483303125 0.58023508125 0.298483303125 0.58023508125 0.11240723593749999
2 0.5821393796875001 0.09205080624999999 0.559187646875 0.10132724374999999 0.547920434375 0.098330240625 0.54882459375 0.1122448984375 0.581374321875 0.1103896109375 0.58227848125 0.09925788437500001 0.5821393796875001 0.09205080624999999
4 0.9248824593749999 0.240097403125 0.7727667265625 0.240097403125 0.7727667265625 0.34814007343750003 0.9248824593749999 0.34814007343750003 0.9248824593749999 0.240097403125
6 0.7653228375000001 0.244461421875 0.7733007125 0.2439157484375 0.7733007125 0.23955036562499998 0.92647590625 0.2406417109375 0.9275396234375 0.2330022921875 0.773832571875 0.23245661874999998 0.7717051374999999 0.22645421875 0.7647909796875 0.22645421875 0.7653228375000001 0.244461421875
2 0.7838364171875 0.21335807031249998 0.76923076875 0.20037105781250003 0.7638058140624999 0.20037105781250003 0.7650577265625 0.2311973734375 0.7845319234375 0.2311973734375 0.7838364171875 0.21335807031249998
1 0.62810339375 0.3023027390625 0.6488458671874999 0.2810214984375 0.7631954046875 0.2821128453125 0.7631954046875 0.19917057656249998 0.7259653234375001 0.1986249046875 0.7259653234375001 0.241187384375 0.5892777359375 0.23900469218749998 0.5882140203125 0.3459565640625 0.6286352515625 0.34650223750000003 0.62810339375 0.3023027390625
2 0.650994575 0.236549165625 0.6491862562499999 0.230055659375 0.62929475625 0.2291280140625 0.62567811875 0.23191094687499997 0.6224787859375 0.24975025 0.6301293640625001 0.25117739375000003 0.6446654609375 0.243042671875 0.650994575 0.236549165625
2 0.764918625 0.27272727343750003 0.77034358125 0.27272727343750003 0.782445403125 0.258313115625 0.7838364171875 0.242614528125 0.7712477390625 0.23840445312499997 0.765822784375 0.24211502812500002 0.76672694375 0.247680890625 0.7650577265625 0.258313115625 0.7640144671875 0.26901669687499996 0.764918625 0.27272727343750003
6 0.6663971921875 0.34813925625 0.63289011875 0.34759358281249997 0.6344856921875001 0.30557677656250004 0.6334219765625 0.30121139375 0.62969896875 0.30121139375 0.6291671109375 0.34759358281249997 0.621189234375 0.34759358281249997 0.621189234375 0.3546873296875 0.6504414421875 0.3546873296875 0.648314009375 0.4583651640625 0.6562918843750001 0.4594565109375 0.6562918843750001 0.420713740625 0.711073290625 0.420713740625 0.711073290625 0.415802684375 0.6573556 0.415802684375 0.655760025 0.3552330015625 0.7631954046875 0.3563243484375 0.762663546875 0.415802684375 0.7312839062500001 0.415802684375 0.7312839062500001 0.42180508593750005 0.7621316874999999 0.4212594125 0.7610679703125001 0.45018007187500003 0.7695777046875001 0.45018007187500003 0.770641421875 0.35687002031250004 0.92488033125 0.3563243484375 0.92488033125 0.34813925625 0.7706520578125 0.348684928125 0.771715775 0.2717450609375 0.7637379 0.26956237031249997 0.7642697578125001 0.28374986406249997 0.7243803859375 0.28374986406249997 0.72331666875 0.2870239 0.7637379 0.2870239 0.7637379 0.34813925625 0.6695989796874999 0.34704790937499996 0.671194553125 0.2875695734375 0.7020423359375 0.2870239 0.7020423359375 0.2826585171875 0.648324646875 0.2821128453125 0.6477821515625 0.2864782265625 0.667460909375 0.2870239 0.6663971921875 0.34813925625
0 0.7637251359375 0.287564934375 0.671717903125 0.287564934375 0.671717903125 0.3475927640625 0.7637251359375 0.3475927640625 0.7637251359375 0.287564934375
2 0.720614828125 0.269944340625 0.7124773953125 0.2717996296875 0.7043399640625 0.2782931359375 0.7010710812500001 0.2875695734375 0.7275003484375 0.2875695734375 0.7242314640624999 0.27272727343750003 0.720614828125 0.269944340625
0 0.6658653343750001 0.3459565640625 0.6663971921875 0.2881152453125 0.6488458671874999 0.2875695734375 0.6350175515625 0.30448542968750003 0.633953834375 0.3454108921875 0.6658653343750001 0.3459565640625
2 0.6315203781250001 0.2975595828125 0.63430240625 0.30398173281249996 0.6496035609375 0.28899671875 0.6489080546875 0.28328814062499996 0.6405619687499999 0.27615241875 0.6322158859375 0.2840017125 0.6315203781250001 0.2975595828125
0 0.7626582281250001 0.3563218921875 0.6578842671875 0.3563218921875 0.6578842671875 0.41688775468749995 0.7626582281250001 0.41688775468749995 0.7626582281250001 0.3563218921875
1 0.71213700625 0.5473098328125 0.7605361125 0.5489468515625 0.7615998296875001 0.42180508593750005 0.6578874578125 0.4212594125 0.6562918843750001 0.492196878125 0.71373258125 0.49328822499999997 0.71213700625 0.5473098328125
2 0.7330644046875 0.401741115625 0.721936290625 0.4053089765625 0.7133815546875 0.410018553125 0.707052440625 0.419294990625 0.7226317984375 0.4202939921875 0.734177215625 0.419294990625 0.7330644046875 0.401741115625
1 0.6493777265625 0.355778675 0.5786405703125 0.3552330015625 0.5791724281249999 0.3132161953125 0.5446016390625 0.3132161953125 0.545133496875 0.35414165625 0.39621316875 0.35414165625 0.3919583015625 0.61333624375 0.646718434375 0.6149732609375 0.6493777265625 0.355778675
2 0.6238698015625 0.34972170625 0.618444846875 0.34601113125 0.591320071875 0.34693877500000003 0.5904159124999999 0.3580705015625 0.5911809703124999 0.367489653125 0.606690778125 0.3645640078125 0.6238698015625 0.34972170625
2 0.77034358125 0.45361781093750003 0.7603978296875 0.4499072359375 0.7603978296875 0.48051948125 0.77896786875 0.4809476234375 0.78035888125 0.4702440421875 0.77034358125 0.45361781093750003
6 0.7600042546875 0.555494925 0.759472396875 0.678271309375 0.7669184125 0.67554294375 0.7663865546874999 0.62261268125 0.8929688328125 0.6237040265625 0.8929688328125 0.6160646078124999 0.767450271875 0.6149732609375 0.7685139875 0.5271199390625 0.7600042546875 0.528211284375 0.7605361125 0.5489468515625 0.655760025 0.5489468515625 0.655760025 0.49710793437499995 0.7084139984375 0.499290625 0.7084139984375 0.5238459015625 0.712668865625 0.5233002296875 0.71213700625 0.493833896875 0.6562918843750001 0.493833896875 0.6562918843750001 0.48946851406249997 0.6477821515625 0.49055985937499996 0.6472502921875 0.5582232890625 0.6562918843750001 0.5587689625000001 0.6552281671875 0.5560405984375001 0.7600042546875 0.555494925
2 0.7784810125 0.503710575 0.7631103078125 0.50092764375 0.7603978296875 0.50463821875 0.7594936703124999 0.5259740265625 0.7631103078125 0.5306122453125 0.777576853125 0.518053375 0.7784810125 0.503710575
6 0.8993511328125001 0.7197424421874999 0.7679821296875 0.7191967703125 0.7679821296875 0.7022809125 0.7589405375 0.7017352390625 0.7584086796875 0.7273818624999999 0.8993511328125001 0.727927534375 0.8993511328125001 0.7197424421874999
2 0.9014466546875 0.6892393328125 0.8924050640625 0.6910946203125 0.8798163859375 0.7057228484375 0.881555153125 0.7124304265625 0.8905967453124999 0.7198515765625 0.896925859375 0.7198515765625 0.9014466546875 0.6892393328125
2 0.765822784375 0.6771799625 0.7603978296875 0.6753246749999999 0.75678119375 0.67903525 0.7585895125000001 0.7031539890625 0.7754903328125 0.7021549874999999 0.7754903328125 0.6893106890625 0.765822784375 0.6771799625
2 0.7594936703124999 0.7272727265625 0.7567116421875 0.7549593265625 0.7631103078125 0.757884971875 0.7782723609375 0.7428286 0.7782723609375 0.7292707296875001 0.7594936703124999 0.7272727265625
6 0.629188384375 0.6214885953125 0.646739709375 0.622579940625 0.645144134375 0.762304921875 0.6440804171875001 0.7666703046875 0.6499308578125 0.7732183781249999 0.65259015 0.7661246312500001 0.7584299531250001 0.7666703046875 0.7573662375 0.862163046875 0.7648122546875 0.8627087203125001 0.7653441125 0.754665503125 0.7594936703124999 0.754665503125 0.7594936703124999 0.759030884375 0.71854058125 0.7595765578125 0.721199871875 0.7197424421874999 0.7158812890624999 0.7197424421874999 0.7148175718750001 0.7573938671875 0.65259015 0.757939540625 0.653653865625 0.665720834375 0.7169450046875 0.6651751609375001 0.7169450046875 0.6973698578125 0.7206680140625 0.6984612015625 0.72173173125 0.656444396875 0.716413146875 0.656444396875 0.716413146875 0.66026410625 0.6541857249999999 0.6597184328125001 0.6547175828125 0.6237040265625 0.7158812890624999 0.6242497 0.7174768640625 0.6340718109375 0.721199871875 0.6335261375 0.721199871875 0.6149732609375 0.6547175828125 0.6149732609375 0.6547175828125 0.5909636593750001 0.646739709375 0.5903852453125 0.646739709375 0.6154861953124999 0.629188384375 0.614940521875 0.629188384375 0.6214885953125
1 0.72011488125 0.7573938671875 0.7584086796875 0.7584852125 0.7605361125 0.5560405984375001 0.6562918843750001 0.5565862703125 0.655760025 0.6138819171875001 0.7217104562500001 0.6149732609375 0.72011488125 0.7573938671875
2 0.735150925 0.6978735546875 0.7169981921875 0.6966604828125 0.714981221875 0.724989296875 0.7287522609375 0.7115027828125 0.732368896875 0.7078635656250001 0.735150925 0.6978735546875
6 0.6169556421875 0.7944996171875001 0.616423784375 0.8828986140625 0.6238698015625 0.8828986140625 0.6238698015625 0.7961366359375 0.6302521015625 0.7917712546875 0.6148282093749999 0.7797664515625 0.6127007765625 0.7835861609375 0.6201467921875 0.79122558125 0.6169556421875 0.7944996171875001
4 0.756281246875 0.9412856046875 0.7584086796875 0.76776165 0.6536325921875 0.7666703046875 0.6259759609375 0.7972279828125 0.6243803859375 0.940194259375 0.756281246875 0.9412856046875
2 0.6412574765625 0.7906379328125 0.6523855890625 0.7856429281249999 0.6558631234375001 0.7799343515625 0.6433439984375 0.7656629078125 0.6238698015625 0.787070071875 0.6294338578125 0.7906379328125 0.6412574765625 0.7906379328125
4 0.6164025093750001 0.7939539453125 0.619593659375 0.7895885625 0.5871503031249999 0.757939540625 0.5238591640625 0.7584852125 0.5217317312499999 0.8828986140625 0.6164025093750001 0.8823529421874999 0.6164025093750001 0.7939539453125
1 0.645144134375 0.7644876125 0.645144134375 0.6242497 0.5924901609375001 0.6247953734375 0.59142644375 0.7541198296875 0.6238698015625 0.7874058703125 0.645144134375 0.7644876125
2 0.603004590625 0.7835022125 0.6127416890624999 0.7835022125 0.616219225 0.7813614953125 0.5981360421875 0.7628086203125 0.5849214078125 0.7749393453125 0.5932674921875 0.7806479234375 0.603004590625 0.7835022125
6 0.41939073593750004 0.793492221875 0.41730421562500003 0.7884972171875 0.423563778125 0.7820750671875001 0.42008624375 0.77850720625 0.41174015781250006 0.7877836453125 0.40965363750000006 0.7835022125 0.40756711718750005 0.7913515062500001 0.4103491453125 0.7970600828125 0.4103491453125 0.8819751671875 0.41799972187499995 0.8805480234375 0.41939073593750004 0.793492221875
4 0.4185512171875 0.88180726875 0.513221996875 0.8828986140625 0.51534943125 0.75684819375 0.44993085781250003 0.756302521875 0.41748750156250003 0.7890428890625001 0.421210509375 0.7934082734375 0.4185512171875 0.88180726875
1 0.4451654078125 0.7524828109375 0.4467609828125 0.6220670078125 0.3930432921875 0.62261268125 0.39251143437499997 0.76175925 0.41272205 0.7846775078125 0.4451654078125 0.7524828109375
2 0.4472110171875 0.777793634375 0.44999304531249995 0.7720850578125 0.4388649328125 0.75995433125 0.418695228125 0.7813614953125 0.42982334062499994 0.7835022125 0.4472110171875 0.777793634375
6 0.38252886406250003 0.7649493374999999 0.38670190625 0.7713714859375 0.39296146875 0.7649493374999999 0.390874946875 0.7613814765625 0.3922659625 0.6208077640624999 0.41104465156250003 0.6208077640624999 0.40965363750000006 0.6122448984375 0.39296146875 0.6122448984375 0.3922659625 0.5879834453125 0.383919878125 0.5879834453125 0.384615384375 0.6129584703125001 0.3178467109375 0.6136720421875 0.31993323125 0.634365634375 0.3248017796875 0.634365634375 0.3248017796875 0.62294848125 0.383919878125 0.6236620515625 0.383919878125 0.6586270875 0.31923772499999997 0.6586270875 0.3185422171875 0.6971599828125 0.322715259375 0.6964464109375 0.3248017796875 0.6643356640625 0.3832243703125 0.6636220921875 0.38252886406250003 0.7556728984375 0.269856725 0.7528186109375 0.269856725 0.8619951468749999 0.2768117953125 0.8612815749999999 0.278202809375 0.7635221921875 0.38252886406250003 0.7649493374999999
4 0.2797361984375 0.7650332859375 0.27760876562500003 0.9391029140624999 0.40897776874999997 0.938557240625 0.41057334375 0.7961366359375 0.382384853125 0.7661246312500001 0.2797361984375 0.7650332859375
2 0.395047990625 0.7899243625000001 0.40408958124999994 0.7906379328125 0.4103491453125 0.7863565015625 0.39365697499999996 0.7649493374999999 0.37974683593749997 0.7799343515625 0.3860063984375 0.7863565015625 0.395047990625 0.7899243625000001
2 0.8806509953124999 0.8599257890625 0.8725135625 0.8664192953125 0.8725135625 0.8775510203125 0.89783001875 0.8766233765625 0.89789956875 0.8570001421875 0.8806509953124999 0.8599257890625
2 0.5027124781250001 0.8756957328125001 0.49005425 0.8840445265625 0.49005425 0.899814471875 0.5135623875 0.899814471875 0.5135623875 0.8756957328125001 0.5027124781250001 0.8756957328125001
2 0.5316455703125 0.8766233765625 0.5195437484375 0.8734123031250001 0.5216998187499999 0.8979591843750001 0.544303796875 0.898886828125 0.54520795625 0.8858998140625 0.5316455703125 0.8766233765625
2 0.14737793906250002 0.8552875703125 0.1349283625 0.8534322812499999 0.13833634687500002 0.8766233765625 0.160940325 0.8756957328125001 0.1591320078125 0.8608534328124999 0.14737793906250002 0.8552875703125
2 0.279385171875 0.7282003703125 0.27486437656249996 0.7254174390625 0.2594241203125 0.7271300125 0.2631103078125 0.743042671875 0.2712477390625 0.753246753125 0.281193490625 0.755102040625 0.279385171875 0.7282003703125
2 0.14195298437499998 0.6864564 0.1329113921875 0.6864564 0.13200723281249999 0.7087198515625001 0.15280289375 0.7115027828125 0.150090415625 0.6957328390625 0.14195298437499998 0.6864564
6 0.2788983171875 0.700014271875 0.269856725 0.6985871265625 0.269856725 0.717853575 0.14536096874999999 0.717853575 0.1446654609375 0.724989296875 0.2788983171875 0.726416440625 0.2788983171875 0.700014271875
2 0.27757685312499997 0.6734693875 0.2730560578125 0.67254174375 0.2622061484375 0.6873840437500001 0.2587286125 0.700014271875 0.27667269375000003 0.7003710578125 0.279385171875 0.6948051953125 0.27757685312499997 0.6734693875
1 0.318029996875 0.6127905703125001 0.383980428125 0.611699225 0.383980428125 0.5549492515625001 0.2797361984375 0.5544035796875 0.2797361984375 0.755211175 0.3169662796875 0.755211175 0.318029996875 0.6127905703125001
2 0.3218806515625 0.6966604828125 0.3039365703125 0.693592121875 0.3092224234375 0.7087198515625001 0.3182640140625 0.7189239328125 0.3218806515625 0.7179962890625 0.3218806515625 0.6966604828125
6 0.2712477390625 0.6739059265625 0.2792256140625 0.6749972718749999 0.2792256140625 0.553312234375 0.38506541875 0.5544035796875 0.38506541875 0.5582232890625 0.3930432921875 0.5582232890625 0.3935751515625 0.4889228421875 0.3861291359375 0.4889228421875 0.3861291359375 0.49165120625 0.32922029531249997 0.49165120625 0.32922029531249997 0.520571865625 0.332943303125 0.5211175375 0.33400702031249996 0.4965622609375 0.3855972765625 0.4965622609375 0.38506541875 0.5473098328125 0.2808211890625 0.5467641609375 0.2792256140625 0.5254829203125 0.27231145625000003 0.524391575 0.27231145625000003 0.6149732609375 0.1473247515625 0.61333624375 0.14679289375 0.6193386453125 0.27231145625000003 0.6198843171874999 0.2712477390625 0.6739059265625
2 0.32368896875000003 0.6335807046874999 0.3191681734375 0.6326530609375001 0.30650994531250003 0.6474953625000001 0.306023090625 0.66005423125 0.31374321875 0.65955473125 0.3218806515625 0.65769944375 0.32368896875000003 0.6335807046874999
2 0.1557935734375 0.4995004984375 0.14195298437499998 0.4981447125 0.1356238703125 0.5055658625 0.1329113921875 0.51948051875 0.1347197109375 0.5287569578125 0.1455696203125 0.5259740265625 0.15648908125 0.5130583703125 0.1557935734375 0.4995004984375
2 0.260119628125 0.4995004984375 0.26290165625 0.5151990859375 0.277507303125 0.5273298125 0.2784810125 0.5 0.260119628125 0.4995004984375
1 0.3286884375 0.4911055328125 0.38506541875 0.49165120625 0.38506541875 0.41962239375 0.28188490625 0.41907672187499995 0.2797574734375 0.5456728140625 0.32709286249999997 0.5467641609375 0.3286884375 0.4911055328125
2 0.3291139234375 0.5204081625 0.3182640140625 0.5333951765625 0.3182640140625 0.5435992578125 0.3318264015625 0.5445269015624999 0.33363472031249997 0.5222634515625 0.3291139234375 0.5204081625
2 0.385171790625 0.46011131718750004 0.3752260390625 0.4758812609375 0.3761301984375 0.48794063125 0.3915009046875 0.48979591874999995 0.3924050640625 0.4591836734375 0.385171790625 0.46011131718750004
2 0.5675316453125 0.5565862703125 0.529972875 0.5565862703125 0.529972875 0.5658627093749999 0.5675316453125 0.5658627093749999 0.5675316453125 0.5565862703125
0 0.5860849906250001 0.660259740625 0.5254520796875 0.660259740625 0.5254520796875 0.75302411875 0.5860849906250001 0.75302411875 0.5860849906250001 0.660259740625
6 0.5861078609375 0.6930044750000001 0.5924901609375001 0.6930044750000001 0.5919583015625001 0.6504419953125 0.5877034359375 0.6504419953125 0.5877034359375 0.65535305 0.5249441546875 0.6542617046875 0.5249441546875 0.6597184328125001 0.587171578125 0.659172759375 0.5861078609375 0.6930044750000001
1 0.5871518984375 0.6237059375 0.5254520796875 0.6237059375 0.5254520796875 0.6548098328124999 0.5871518984375 0.6548098328124999 0.5871518984375 0.6237059375
2 0.591320071875 0.6252319109375 0.5858951171875 0.6233766234375 0.5737932953125 0.6286570578124999 0.575184309375 0.6429285 0.5886075953125001 0.6567718 0.591320071875 0.653061225 0.591320071875 0.6252319109375
2 0.626582278125 0.6317254171875 0.628390596875 0.6168831171875 0.62567811875 0.6122448984375 0.5994575046875 0.6131725421875001 0.5976491859374999 0.6233766234375 0.6003616640625 0.6261595546875001 0.6139240499999999 0.6335807046874999 0.626582278125 0.6317254171875
0 0.514814646875 0.660264378125 0.45099005468750003 0.660264378125 0.45099005468750003 0.752481446875 0.514814646875 0.752481446875 0.514814646875 0.660264378125
6 0.516434421875 0.66026410625 0.5153707046875 0.65535305 0.45207956562499996 0.65535305 0.45207956562499996 0.6504419953125 0.446229125 0.651533340625 0.44782469999999996 0.6940958203125 0.45101584843750003 0.6908217828125001 0.4526114234375 0.66026410625 0.516434421875 0.66026410625
1 0.515352621875 0.623163265625 0.45206148281249997 0.623163265625 0.45206148281249997 0.656447125 0.515352621875 0.656447125 0.515352621875 0.623163265625
2 0.46202531718750006 0.6261595546875001 0.4475587703125 0.6261595546875001 0.4466546109375 0.6539888687500001 0.45117540624999997 0.65769944375 0.46529420000000005 0.6386470671875 0.46202531718750006 0.6261595546875001
2 0.44122965625 0.6205936921874999 0.440325496875 0.6131725421875001 0.4122965640625 0.6131725421875001 0.41048824531249994 0.6289424859375 0.4150090421875 0.6326530609375001 0.4267631109375 0.6317254171875 0.44122965625 0.6205936921874999
2 0.5280289328125 0.3135436 0.5289330921875 0.32931354375 0.544303796875 0.33858998125 0.544303796875 0.31818181874999996 0.5280289328125 0.3135436
2 0.453887884375 0.3487940625 0.42078175 0.3460824890625 0.42133815625000004 0.35157699375 0.43490054218749996 0.3645640078125 0.45207956562499996 0.3627087203125 0.453887884375 0.3487940625
1 0.4153813421875 0.299574375 0.4153813421875 0.3454108921875 0.45633443281249997 0.34486521875 0.45739814843750004 0.23955036562499998 0.3223061375 0.23791334687500001 0.3233698546875 0.19807923125 0.28348048124999997 0.1969878859375 0.2824167640625 0.27938448125000004 0.39783001875 0.2810214984375 0.4153813421875 0.299574375
2 0.42043399687500005 0.246753246875 0.4195298375 0.2282003703125 0.39602170000000003 0.2282003703125 0.39421338125 0.23283859062499998 0.39783001875 0.24047381093750003 0.41320072343750003 0.247680890625 0.42043399687500005 0.246753246875
6 0.2808211890625 0.4130743203125 0.28135304843750003 0.351958965625 0.3871928515625 0.3525046375 0.38666099374999996 0.4147113390625 0.332943303125 0.4147113390625 0.33400702031249996 0.41907672187499995 0.38666099374999996 0.417439703125 0.38666099374999996 0.4594565109375 0.394107009375 0.4594565109375 0.39463886875 0.3530503109375 0.422827359375 0.3530503109375 0.422827359375 0.3459565640625 0.4153813421875 0.3459565640625 0.414849484375 0.3001200484375 0.410062759375 0.299574375 0.4105946171875 0.34486521875 0.37708754375 0.34650223750000003 0.3781512609375 0.2859325546875 0.39783001875 0.2864782265625 0.39783001875 0.281567171875 0.3451760453125 0.2821128453125 0.3451760453125 0.2864782265625 0.37389639375 0.2859325546875 0.3749601109375 0.3459565640625 0.2808211890625 0.34486521875 0.2824167640625 0.28374986406249997 0.3217742796875 0.2853868828125 0.32283799687500003 0.2804758265625 0.28188490625 0.2804758265625 0.28188490625 0.26847102500000003 0.27443888906249997 0.26847102500000003 0.2733751734375 0.34486521875 0.1170088296875 0.34486521875 0.1170088296875 0.3514132921875 0.27390703125 0.3530503109375 0.2728433140625 0.4479973796875 0.2808211890625 0.448543053125 0.2808211890625 0.41798537500000005 0.31220082968749996 0.417439703125 0.3106052546875 0.414165665625 0.2808211890625 0.4130743203125
0 0.3738969265625 0.285384971875 0.2834810125 0.285384971875 0.2834810125 0.3454128015625 0.3738969265625 0.3454128015625 0.3738969265625 0.285384971875
2 0.338155515625 0.2736549171875 0.3254972875 0.26808905312500003 0.3218806515625 0.269944340625 0.3218806515625 0.2847866421875 0.3463624984375 0.2854288578125 0.338155515625 0.2736549171875
6 0.2712477390625 0.49983629843750005 0.28028933125 0.499290625 0.2808211890625 0.47582669375000003 0.2712477390625 0.47582669375000003 0.27231145625000003 0.48837716875000003 0.1473247515625 0.48837716875000003 0.14679289375 0.49601658750000005 0.2712477390625 0.49710793437499995 0.2712477390625 0.49983629843750005
2 0.2712477390625 0.45083487968749997 0.2631103078125 0.4647495359375 0.2640144671875 0.4768089046875 0.2784810125 0.4786641921875 0.2820976484375 0.4499072359375 0.2712477390625 0.45083487968749997
0 0.386125678125 0.35250927656250003 0.281885171875 0.35250927656250003 0.281885171875 0.414169759375 0.386125678125 0.414169759375 0.386125678125 0.35250927656250003
2 0.3173598546875 0.401669759375 0.3110307421875 0.403525046875 0.3110307421875 0.417439703125 0.334538878125 0.417439703125 0.32730560625 0.40538033437500004 0.3173598546875 0.401669759375
2 0.5668382249999999 0.2904238625 0.5571011265625 0.30112744375 0.5452775078125 0.291137434375 0.544303796875 0.3135436 0.579566003125 0.3107606671875 0.57866184375 0.2903525046875 0.5668382249999999 0.2904238625
2 0.66274864375 0.4703153984375 0.653707053125 0.4591836734375 0.6455696203125 0.4628942484375 0.6473779390625001 0.488868275 0.661844484375 0.49165120625 0.6654611218750001 0.48608534375 0.66274864375 0.4703153984375
2 0.7115732375 0.5231910953125001 0.7061482828125001 0.5241187390625 0.707052440625 0.5482374765625 0.7247183203125 0.5494505484375 0.720614828125 0.5324675328125 0.7115732375 0.5231910953125001
6 0.490905221875 0.498744953125 0.49250079687500004 0.4889228421875 0.4797361984375 0.48946851406249997 0.480799915625 0.4414493078125 0.5286671625 0.44199497968749996 0.5281353046875 0.49001418750000003 0.516434421875 0.49001418750000003 0.5174981390625 0.498744953125 0.550473353125 0.499290625 0.5499414953125 0.48946851406249997 0.5355813203124999 0.48946851406249997 0.5361131796875 0.408163265625 0.5919583015625001 0.408163265625 0.5919583015625001 0.49055985937499996 0.57387511875 0.49055985937499996 0.5733432609375 0.498744953125 0.59940431875 0.4981992796875 0.6004680359375001 0.4005238453125 0.4425061171875 0.3999781734375 0.4419742578125 0.4981992796875 0.490905221875 0.498744953125
2 0.5167585890625 0.4909369203125 0.49172242343750006 0.4909369203125 0.49172242343750006 0.4987847859375 0.5167585890625 0.4987847859375 0.5167585890625 0.4909369203125
2 0.575185353125 0.4902272734375 0.54875678125 0.4902272734375 0.54875678125 0.498789425 0.575185353125 0.498789425 0.575185353125 0.4902272734375
2 0.2830018078125 0.19666048281249998 0.2757685359375 0.1975881265625 0.264918625 0.21335807031249998 0.264918625 0.2272727265625 0.279385171875 0.230983303125 0.2820976484375 0.2282003703125 0.2830018078125 0.19666048281249998
2 0.281193490625 0.24211502812500002 0.27757685312499997 0.23840445312499997 0.264918625 0.23933209687499998 0.265822784375 0.256957328125 0.27486437656249996 0.269944340625 0.28168034531249997 0.2697302703125 0.281193490625 0.24211502812500002
2 0.1274864375 0.243042671875 0.11121157343750002 0.241187384375 0.10578661874999999 0.243970315625 0.104882459375 0.266233765625 0.116636528125 0.267161409375 0.126582278125 0.252319109375 0.1274864375 0.243042671875
6 0.6092631109375 0.946910946875 0.4228707046875 0.946910946875 0.4228707046875 0.9533302406249999 0.6092631109375 0.9533302406249999 0.6092631109375 0.946910946875
2 0.3924050640625 0.5593692015625 0.372791765625 0.558013415625 0.3761301984375 0.5779220781250001 0.385171790625 0.589981446875 0.3915009046875 0.589053803125 0.3924050640625 0.5593692015625
2 0.6645569625000001 0.5602968453125 0.6473779390625001 0.5602968453125 0.6464737796875 0.5909090906250001 0.6582278484375 0.5844155843750001 0.6645569625000001 0.570500928125 0.6645569625000001 0.5602968453125
2 0.7169981921875 0.6317254171875 0.716372234375 0.6607678031249999 0.7344554171875 0.66005423125 0.7269439421875 0.6419294984375 0.7169981921875 0.6317254171875
7 0.5995253171875 0.498789425 0.5911799281250001 0.498789425 0.5911799281250001 0.5337523187500001 0.5995253171875 0.5337523187500001 0.5995253171875 0.498789425
7 0.5313652796875 0.5572959187500001 0.4729385171875 0.5572959187500001 0.4729385171875 0.5658580703125 0.5313652796875 0.5658580703125 0.5313652796875 0.5572959187500001
7 0.4499909578125 0.497360853125 0.44234177187499996 0.497360853125 0.44234177187499996 0.5337523187500001 0.4499909578125 0.5337523187500001 0.4499909578125 0.497360853125
6 0.45154770781250003 0.7121030234375 0.4451654078125 0.7121030234375 0.446229125 0.7519371375 0.43825125 0.7612135765625 0.4419742578125 0.7666703046875 0.44995213281249996 0.75684819375 0.5169662796875001 0.7573938671875 0.514838846875 0.729564553125 0.47122646562500003 0.7301102265625 0.4701627484375 0.7541198296875 0.44995213281249996 0.7530284843749999 0.45154770781250003 0.7121030234375
2 0.4358047015625 0.6920222640625 0.43490054218749996 0.7050092765625 0.45027124843750005 0.7161410015625 0.45027124843750005 0.6883116890625 0.4358047015625 0.6920222640625
6 0.5962131687500001 0.7650332859375 0.59940431875 0.7628505953125 0.5908945859375 0.75357415625 0.5908945859375 0.7137400421875 0.5861078609375 0.71319436875 0.58663971875 0.75357415625 0.5669609624999999 0.75357415625 0.566429103125 0.7290188796875 0.5233485796874999 0.7284732078125 0.521221146875 0.7573938671875 0.58823529375 0.7573938671875 0.5962131687500001 0.7650332859375
2 0.6025954687499999 0.6908217828125001 0.5861078609375 0.6908217828125001 0.5849909578125 0.7124304265625 0.5877034359375 0.7152133578125001 0.5999361765625 0.706100621875 0.6025954687499999 0.6908217828125001
4 0.2696518984375 0.7262569578125 0.1090280296875 0.7262569578125 0.1090280296875 0.8604962890625 0.2696518984375 0.8604962890625 0.2696518984375 0.7262569578125
4 0.27018535312499997 0.6209461968750001 0.1478616640625 0.6209461968750001 0.1478616640625 0.7175324671875 0.27018535312499997 0.7175324671875 0.27018535312499997 0.6209461968750001
4 0.27124321875 0.49656771875 0.14785262187499998 0.49656771875 0.14785262187499998 0.6133395171875 0.27124321875 0.6133395171875 0.27124321875 0.49656771875
1 0.1340280296875 0.501470315625 0.08403707031249999 0.501470315625 0.08403707031249999 0.612240259375 0.1340280296875 0.612240259375 0.1340280296875 0.501470315625
6 0.08190325468750001 0.5003756953125 0.07712025312500001 0.5003756953125 0.07712025312500001 0.7273794062500001 0.08190325468750001 0.7273794062500001 0.08190325468750001 0.5003756953125
6 0.0952034359375 0.723566790625 0.080311934375 0.723566790625 0.080311934375 0.7284740265625 0.0952034359375 0.7284740265625 0.0952034359375 0.723566790625
1 0.09520263906250001 0.709374659375 0.132964578125 0.709374659375 0.1334964359375 0.6204299890625 0.082969896875 0.6198843171874999 0.0819061796875 0.7230164796875 0.09520263906250001 0.7230164796875 0.09520263906250001 0.709374659375
6 0.13349909531249998 0.6133348796875 0.0829746828125 0.6133348796875 0.0829746828125 0.619336734375 0.13349909531249998 0.619336734375 0.13349909531249998 0.6133348796875
6 0.44942027500000004 0.5565862703125 0.44995213281249996 0.5320309937500001 0.4403786828125 0.5331223390625001 0.44091054218750003 0.5647713624999999 0.47335389843750003 0.5647713624999999 0.47335389843750003 0.555494925 0.44942027500000004 0.5565862703125
6 0.59940431875 0.5658627093749999 0.5988724609375 0.5336680125 0.59142644375 0.5342136859375 0.59142644375 0.55713194375 0.5658972453125 0.5576776171875 0.5658972453125 0.56640838125 0.59940431875 0.5658627093749999
1 0.3845343578125 0.4971103890625 0.33347649218750003 0.4971103890625 0.33347649218750003 0.5467671609375 0.3845343578125 0.5467671609375 0.3845343578125 0.4971103890625
0 0.410062759375 0.3023027390625 0.39783001875 0.2870239 0.379214978125 0.2875695734375 0.3781512609375 0.34486521875 0.4105946171875 0.344319546875 0.410062759375 0.3023027390625
2 0.413253909375 0.2913892828125 0.41219019218749997 0.28374986406249997 0.40421231874999997 0.2750190984375 0.397298159375 0.2804758265625 0.397298159375 0.2870239 0.40953090000000003 0.3001200484375 0.41431762499999997 0.29848302968749996 0.413253909375 0.2913892828125
4 0.2717766734375 0.350867346875 0.0914783 0.350867346875 0.0914783 0.4878339515625 0.2717766734375 0.4878339515625 0.2717766734375 0.350867346875
4 0.27284358124999997 0.2373654921875 0.11860307343750001 0.2373654921875 0.11860307343750001 0.34486085312500003 0.27284358124999997 0.34486085312500003 0.27284358124999997 0.2373654921875
6 0.27443888906249997 0.230273928125 0.11754068749999999 0.22918258281249998 0.11754068749999999 0.2368220015625 0.27550260625 0.237367675 0.27550260625 0.2406417109375 0.28348048124999997 0.2400960375 0.28135304843750003 0.22536287187499998 0.2760344640625 0.22536287187499998 0.27443888906249997 0.230273928125
6 0.3233698546875 0.1964422140625 0.3233698546875 0.2368220015625 0.39623444375 0.23900469218749998 0.39623444375 0.2297282546875 0.32709286249999997 0.22918258281249998 0.3276247203125 0.1806177015625 0.28188490625 0.181163375 0.28294862187500003 0.1134999453125 0.2765663234375 0.1124086 0.2760344640625 0.19807923125 0.28188490625 0.19807923125 0.28348048124999997 0.195896540625 0.3233698546875 0.1964422140625
2 0.35262206093750004 0.09925788437500001 0.3291139234375 0.09925788437500001 0.32709286249999997 0.12332205624999999 0.342516753125 0.1205936921875 0.35262206093750004 0.1113172546875 0.35262206093750004 0.09925788437500001
1 0.537712478125 0.3126669765625 0.4834629296875 0.3126669765625 0.4834629296875 0.34486549218749996 0.537712478125 0.34486549218749996 0.537712478125 0.3126669765625
6 0.06914158125 0.17352395625 0.054249548437499996 0.183346065625 0.04520795625 0.1909854859375 0.0398893734375 0.2002619234375 0.034570790625 0.21335807031249998 0.032443357812500004 0.226999890625 0.0335070734375 0.25100949375 0.0366982234375 0.26901669687499996 0.04520795625 0.294117646875 0.05478140625 0.3115791765625 0.06435485625000001 0.32631234375 0.0728645890625 0.3372258 0.078183171875 0.3421368546875 0.0808424640625 0.3366801265625 0.0744601640625 0.3274036890625 0.06275928124999999 0.3126705234375 0.0526539734375 0.2902979375 0.0457398140625 0.275564771875 0.0414849484375 0.25373785937500004 0.0382937984375 0.2400960375 0.039357515625 0.22318018125 0.04201680625 0.2117210515625 0.0457398140625 0.20244461406249997 0.0558451234375 0.1904398125 0.06754600468750001 0.18280039374999998 0.078183171875 0.1778893375 0.0888203375 0.17625231875 0.0904159125 0.169158571875 0.078183171875 0.1713412640625 0.06914158125 0.17352395625
1 0.4595149453125 0.06598275625 0.45313264531249997 0.0714394859375 0.4361131796875 0.074713521875 0.4222848640625 0.074713521875 0.41696627968750005 0.074713521875 0.4004786734375 0.0681654484375 0.38665035625 0.0616173734375 0.37920434062499997 0.0561606453125 0.37016274843749997 0.049066900000000004 0.3595255828125 0.043610171875 0.3515477078125 0.040336134375 0.336655675 0.038699115625 0.322827359375 0.042518824999999996 0.3105946171875 0.049612571875 0.30048930937499996 0.05561497343750001 0.290915859375 0.063800065625 0.28985214375 0.099814471875 0.45898308749999994 0.10199716249999999 0.4595149453125 0.06598275625
6 0.300499946875 0.05456728125 0.3047548140625 0.050747571874999994 0.314860121875 0.04529084375 0.3217742796875 0.0431081515625 0.331347728125 0.039834115625 0.3371981703125 0.0387427703125 0.3462397609375 0.0387427703125 0.356876928125 0.0414711328125 0.36857781093750003 0.0474735359375 0.38027869375 0.054021607812500004 0.38985214375 0.063298046875 0.4089990421875 0.072574484375 0.42920965781250003 0.0769398671875 0.44410169218749995 0.074757175 0.45527071562500004 0.069300446875 0.45952558281250006 0.064935065625 0.458993725 0.058386990625 0.45154770781250003 0.06384371875 0.4387831078125 0.0665720828125 0.42814594218749996 0.0665720828125 0.419636209375 0.0682091015625 0.40633975156249996 0.06384371875 0.398893734375 0.0594783375 0.38985214375 0.054021607812500004 0.38187426874999997 0.0469278625 0.37283267656249997 0.040925460937500005 0.3621955109375 0.0360144046875 0.347303478125 0.031103350000000002 0.33560259531250003 0.03274036875 0.32124242187499996 0.03274036875 0.30741410468749997 0.039834115625 0.29624508125000004 0.0474735359375 0.287735346875 0.0572956453125 0.290926496875 0.06384371875 0.295713221875 0.058932664062499994 0.300499946875 0.05456728125
1 0.7552281671875 0.061071701562500004 0.7477821515625 0.0550693 0.7408679921875 0.05070391875 0.7339538343750001 0.04742988125 0.72491224375 0.0430644984375 0.711083928125 0.0408818078125 0.6930007453125 0.0447015171875 0.6828954359375 0.0463385359375 0.6738538453125 0.053977954687499996 0.6626848203125 0.060526028125 0.6557706624999999 0.0670741015625 0.6435379218749999 0.0719851578125 0.6313051796875 0.07635054062499999 0.6190724390625 0.0752591953125 0.6110945640625001 0.073076503125 0.5988618234375 0.0698024671875 0.591947665625 0.06761977500000001 0.5903520906249999 0.102542834375 0.7610786078125 0.10363418124999998 0.7594830328125 0.06761977500000001 0.7552281671875 0.061071701562500004
6 0.6094989890625 0.0752591953125 0.6158812890625 0.0758048671875 0.6270503140625 0.0752591953125 0.6371556218750001 0.07416784843749999 0.6504520796875 0.0687111203125 0.6557706624999999 0.0648914109375 0.6669396875 0.0588890109375 0.674385703125 0.053432281250000005 0.6850228703125001 0.0468842078125 0.701510478125 0.041427481249999995 0.7116157859375 0.0408818078125 0.7275715359375 0.0430644984375 0.737144984375 0.048521226562500006 0.7472502921874999 0.052886609375000004 0.7557600250000001 0.062163046875 0.7616104671875 0.06761977500000001 0.7642697578125001 0.0616173734375 0.7520370171875 0.045792862499999996 0.739804275 0.0392447890625 0.72491224375 0.034333734375 0.7089564937499999 0.032696715625 0.6924688859375 0.0359707515625 0.6807680031250001 0.0408818078125 0.6685352625000001 0.047975553125 0.6594936703125 0.054523628125 0.6520582921875 0.058386990625 0.6392936921875 0.0654807375 0.6254653765625 0.06711775625000001 0.6169556421875 0.06711775625000001 0.608445909375 0.06766342812500001 0.59780874375 0.06384371875 0.59142644375 0.060569682812500004 0.5903520906249999 0.0654370828125 0.5956706734375 0.07034813906250001 0.6094989890625 0.0752591953125
4 0.8940280296875001 0.500380334375 0.7679792046875 0.500380334375 0.7679792046875 0.61551948125 0.8940280296875001 0.61551948125 0.8940280296875001 0.500380334375
6 0.7615998296875001 0.504747353125 0.7685139875 0.5036560078125001 0.7685139875 0.498744953125 0.8950962671875 0.500381971875 0.8945644078124999 0.49165120625 0.769045846875 0.49165120625 0.7685139875 0.4785550578125 0.7610679703125001 0.4785550578125 0.7615998296875001 0.504747353125
1 0.941899796875 0.7246534984374999 0.9557281140624999 0.72574484375 0.9557281140624999 0.6253410453125 0.904669715625 0.62588671875 0.9052015734375001 0.71319436875 0.941899796875 0.7142857140625 0.941899796875 0.7246534984374999
6 0.9567947562500001 0.61551948125 0.9057368890624999 0.61551948125 0.9057368890624999 0.6247959187500001 0.9567947562500001 0.6247959187500001 0.9567947562500001 0.61551948125
6 0.9605153703125 0.5058348796875001 0.9567902343749999 0.5058348796875001 0.9567902343749999 0.725742115625 0.9605153703125 0.725742115625 0.9605153703125 0.5058348796875001
6 0.9599864374999999 0.726836734375 0.9413698015625 0.726836734375 0.9413698015625 0.7322912796875001 0.9599864374999999 0.7322912796875001 0.9599864374999999 0.726836734375
1 0.7163924046875 0.6237059375 0.6546925859375 0.6237059375 0.6546925859375 0.660264378125 0.7163924046875 0.660264378125 0.7163924046875 0.6237059375
0 0.71533001875 0.6668089046875 0.654163653125 0.6668089046875 0.654163653125 0.7568460109374999 0.71533001875 0.7568460109374999 0.71533001875 0.6668089046875
0 0.38344484687499997 0.6640816328125 0.322811934375 0.6640816328125 0.322811934375 0.7557513921875 0.38344484687499997 0.7557513921875 0.38344484687499997 0.6640816328125
1 0.7078842671875 0.4982003703125 0.6562929468750001 0.4982003703125 0.6562929468750001 0.5484044531250001 0.7078842671875 0.5484044531250001 0.7078842671875 0.4982003703125
1 0.3834538875 0.6231586265625 0.3254792046875 0.6231586265625 0.3254792046875 0.6580844156250001 0.3834538875 0.6580844156250001 0.3834538875 0.6231586265625
1 0.95573236875 0.506386828125 0.9067992765625 0.506386828125 0.9067992765625 0.6144294984374999 0.95573236875 0.6144294984374999 0.95573236875 0.506386828125
4 0.8934990953125 0.6242532468750001 0.7695750453125 0.6242532468750001 0.7695750453125 0.7191975875 0.8934990953125 0.7191975875 0.8934990953125 0.6242532468750001
4 0.9296654609375 0.729016696875 0.765325496875 0.729016696875 0.765325496875 0.8627087203125001 0.9296654609375 0.8627087203125001 0.9296654609375 0.729016696875
6 0.32175406875 0.7186456406249999 0.3180289328125 0.7186456406249999 0.3180289328125 0.7568460109374999 0.32175406875 0.7568460109374999 0.32175406875 0.7186456406249999
4 0.950429475 0.3574165125 0.7717224234375 0.3574165125 0.7717224234375 0.49165584375 0.950429475 0.49165584375 0.950429475 0.3574165125
1 0.9610679703124999 0.34159118125 0.9733007125 0.32467532499999996 0.9796830125 0.314307540625 0.9871290296874999 0.3028484125 0.9977661953125001 0.2777474625 0.9993617703125001 0.2679253515625 0.9998936281249999 0.20844701406250002 0.9913838953124999 0.19971624999999998 0.9865971703125 0.192622503125 0.9775555796875001 0.18880279375 0.9711732796874999 0.184983084375 0.967450271875 0.1838917390625 0.9610679703124999 0.181709046875 0.954685671875 0.1806177015625 0.954685671875 0.2477354578125 0.9381980640625001 0.2477354578125 0.937134346875 0.3404998375 0.9610679703124999 0.34159118125
6 0.9834060203125 0.19207683125 0.9887246046874999 0.19807923125 0.9940431875 0.20244461406249997 0.998298053125 0.2079013421875 1 0.203535959375 0.9961706203125 0.1937138484375 0.9887246046874999 0.1877114484375 0.980746728125 0.181163375 0.9738325718749999 0.1767979921875 0.9557493890625001 0.1746153 0.9557493890625001 0.1822547203125 0.9727688546875 0.1844374109375 0.9834060203125 0.19207683125
6 0.9812785875 0.3126705234375 0.9780874374999999 0.3186729234375 0.9701095625 0.328495034375 0.9615998296875 0.3399541625 0.9637272625 0.344319546875 0.9701095625 0.339408490625 0.9786192953124999 0.33122339843750004 0.9897883203125 0.3148532140625 0.9988299109375 0.29848302968749996 1 0.2875695734375 0.9988299109375 0.27283640781249996 0.9945750453125 0.2853868828125 0.9903201796875001 0.29575466562499997 0.9865971703125 0.30448542968750003 0.9812785875 0.3126705234375
2 0.937134346875 0.2717450609375 0.9366024890625001 0.24828113125 0.9285714281249999 0.246753246875 0.9240506328125001 0.246753246875 0.911073290625 0.245552765625 0.91692373125 0.2624686234375 0.9249547921874999 0.269944340625 0.937134346875 0.2717450609375
2 0.905063290625 0.5287569578125 0.908679928125 0.5073051953125 0.8962477390625001 0.503246753125 0.88494575 0.5049860859375 0.8872061484374999 0.5177411875 0.8934222421875001 0.529336734375 0.905063290625 0.5287569578125