7 0.073055028125 0.15002820156250002 0.0727387734375 0.1927053953125 0.109108159375 0.19176536875 0.1081593921875 0.14890016875 0.073055028125 0.15002820156250002
7 0.07210626249999999 0.20868584375000002 0.0727387734375 0.25380710624999997 0.1106894375 0.2547471328125 0.1081593921875 0.20981387499999998 0.07210626249999999 0.20868584375000002
7 0.07210626249999999 0.284827975 0.07210626249999999 0.32600112812500004 0.10626185937499999 0.32656514375 0.1072106265625 0.28369994374999996 0.07210626249999999 0.284827975
7 0.07210626249999999 0.3423575859375 0.07210626249999999 0.3840947546875 0.10626185937499999 0.3857868015625 0.1081593921875 0.3440496328125 0.07210626249999999 0.3423575859375
7 0.07210626249999999 0.41849971874999997 0.07210626249999999 0.45910885468749996 0.10626185937499999 0.4596728703125 0.1072106265625 0.41793570156250004 0.07210626249999999 0.41849971874999997
7 0.07210626249999999 0.4754653125 0.07210626249999999 0.517766496875 0.109108159375 0.5188945296874999 0.1072106265625 0.4777213765625 0.07210626249999999 0.4754653125
7 0.07210626249999999 0.549915396875 0.0711574953125 0.591652565625 0.10752688125000001 0.594096634375 0.1072106265625 0.5516074453125 0.07210626249999999 0.549915396875
7 0.0711574953125 0.6081970296875 0.07210626249999999 0.6520022562500001 0.10752688125000001 0.65425831875 0.1072106265625 0.609701071875 0.0711574953125 0.6081970296875
7 0.0711574953125 0.684715171875 0.07210626249999999 0.7281443875 0.1106894375 0.7285203984375 0.1072106265625 0.684715171875 0.0711574953125 0.684715171875
7 0.07210626249999999 0.7428087984375 0.0711574953125 0.7856739984375001 0.10752688125000001 0.78774205625 0.10531309375 0.7439368296875 0.07210626249999999 0.7428087984375
3 0.9245203453125 0.93563953125 0.9234661609374999 0.8391301625 0.880244571875 0.8391301625 0.8823529406249999 0.9343861625000001 0.109635253125 0.9312527421875 0.10752688125000001 0.92122579375 0.067467846875 0.92122579375 0.06535947656249999 0.9312527421875 0.007379295312500001 0.9318794265625 0.0063251109375000005 0.9538133734375001 0.984608896875 0.957573478125 0.9867172671875 0.9343861625000001 0.9245203453125 0.93563953125
7 0.0711574953125 0.8183869140625 0.07210626249999999 0.8606881 0.10752688125000001 0.8610641093750001 0.10531309375 0.8195149468749999 0.0711574953125 0.8183869140625
7 0.0711574953125 0.8764805421874999 0.0711574953125 0.9199097578125001 0.109108159375 0.923105846875 0.109108159375 0.87610453125 0.0711574953125 0.8764805421874999
7 0.8823529406249999 0.79620229375 0.88393421875 0.838503478125 0.9193548390625 0.8375634515625 0.9193548390625 0.7958262828125 0.8823529406249999 0.79620229375
7 0.8807716624999999 0.7144200046875 0.8823529406249999 0.7604812937500001 0.9193548390625 0.758601240625 0.9203036046875 0.7163000562499999 0.8807716624999999 0.7144200046875
7 0.8861480078125 0.69712351875 0.9193548390625 0.6988155671875 0.9193548390625 0.6553863515625 0.88393421875 0.656138371875 0.8861480078125 0.69712351875
7 0.8861480078125 0.5837563453125 0.885199240625 0.62323745 0.9193548390625 0.6254935140625 0.9203036046875 0.5831923296875 0.8861480078125 0.5837563453125
7 0.8861480078125 0.5228426390625 0.8861480078125 0.5640157921875 0.9266287156249999 0.5668358718750001 0.9234661609374999 0.5217146078125 0.8861480078125 0.5228426390625
7 0.8861480078125 0.44331641250000003 0.8870967734375 0.48561759687499995 0.9203036046875 0.486745628125 0.9212523718750001 0.44388042812500006 0.8861480078125 0.44331641250000003
3 0.8870967734375 0.349689790625 0.8880455406250001 0.3829667234375 0.9250474390625 0.385410790625 0.9250474390625 0.3487497640625 0.8870967734375 0.349689790625
7 0.8870967734375 0.305696559375 0.8880455406250001 0.34799774375000003 0.9224119749999999 0.34843642343750003 0.9234661609374999 0.30707526406249996 0.8870967734375 0.305696559375
7 0.8823529406249999 0.24440684375 0.8844613109375 0.290781475 0.9245203453125 0.28952810625000003 0.92557453125 0.24566021249999997 0.8823529406249999 0.24440684375
7 0.8870967734375 0.16751269062500002 0.8870967734375 0.211505921875 0.92557453125 0.2124459484375 0.9222011390624999 0.1692047375 0.8870967734375 0.16751269062500002
7 0.37001897499999997 0.1422573171875 0.44170356406250005 0.1422573171875 0.440649378125 0.11907000000000001 0.37001897499999997 0.11844331718750001 0.37001897499999997 0.1422573171875
7 0.340507590625 0.11781725937500001 0.248790321875 0.11781725937500001 0.248790321875 0.14351381875 0.340507590625 0.14351381875 0.340507590625 0.11781725937500001
3 0.36896110000000004 0.11844331718750001 0.339444971875 0.11844331718750001 0.339444971875 0.143508178125 0.36896110000000004 0.143508178125 0.36896110000000004 0.11844331718750001
3 0.2477335015625 0.143510684375 0.2477335015625 0.1171899484375 0.0706304015625 0.1171899484375 0.067467846875 0.149777528125 0.1127978078125 0.14915084218750002 0.1138519921875 0.143510684375 0.2477335015625 0.143510684375
3 0.4395951921875 0.143510684375 0.5112797812500001 0.14476405312500001 0.5102255953125 0.11844331718750001 0.4838709671875 0.11907000000000001 0.4838709671875 0.088362475 0.454353784375 0.088362475 0.4522454140625 0.11781663281250002 0.44381193281250003 0.11781663281250002 0.4395951921875 0.143510684375
3 0.885515496875 0.16857805312500002 0.9266287156249999 0.16857805312500002 0.9266287156249999 0.0162937890625 0.5682057765625 0.01566710625 0.5629348515625 0.033840946875 0.8971115328125 0.035094315625 0.8971115328125 0.11907000000000001 0.565043221875 0.11844331718750001 0.565043221875 0.1422573171875 0.885515496875 0.1410039484375 0.885515496875 0.16857805312500002
3 0.5049546703125001 0.034467631250000005 0.5049546703125001 0.0162937890625 0.4522454140625 0.0162937890625 0.4522454140625 0.0545215265625 0.4838709671875 0.0551482109375 0.4838709671875 0.034467631250000005 0.5049546703125001 0.034467631250000005
5 0.89500474375 0.035721940625 0.4838757109375 0.035721940625 0.4838757109375 0.1184461359375 0.89500474375 0.1184461359375 0.89500474375 0.035721940625
7 0.5629316890625 0.0156655390625 0.50389943125 0.0156655390625 0.50389943125 0.0332120703125 0.5629316890625 0.0332120703125 0.5629316890625 0.0156655390625
7 0.48281309375000003 0.053894529687500005 0.45119070156249996 0.053894529687500005 0.45119070156249996 0.088361534375 0.48281309375000003 0.088361534375 0.48281309375000003 0.053894529687500005
2 0.5355260375 0.1510308953125 0.54395951875 0.1522842640625 0.54395951875 0.1453907375 0.5639890359375 0.14413736875 0.565043221875 0.11781663281250002 0.542905334375 0.11844331718750001 0.5407969640625 0.11092310624999999 0.5334176671875 0.11092310624999999 0.5334176671875 0.11844331718750001 0.5102255953125 0.1171899484375 0.512333965625 0.143510684375 0.5334176671875 0.143510684375 0.5355260375 0.1510308953125
3 0.9245208734375 0.21119289375 0.883410815625 0.21119289375 0.883410815625 0.24565989843749997 0.9245208734375 0.24565989843749997 0.9245208734375 0.21119289375
3 0.925569259375 0.28890016875 0.8834060718750001 0.28890016875 0.8834060718750001 0.3070727578125 0.925569259375 0.3070727578125 0.925569259375 0.28890016875
3 0.9245161296875001 0.42551889374999996 0.884459203125 0.42551889374999996 0.884459203125 0.4430654265625 0.9245161296875001 0.4430654265625 0.9245161296875001 0.42551889374999996
7 0.9245161296875001 0.3829018609375 0.8823529406249999 0.3829018609375 0.8823529406249999 0.42739706718750003 0.9245161296875001 0.42739706718750003 0.9245161296875001 0.3829018609375
3 0.9245161296875001 0.48630569687499997 0.8823529406249999 0.48630569687499997 0.8823529406249999 0.522650875 0.9245161296875001 0.522650875 0.9245161296875001 0.48630569687499997
3 0.9255740031249999 0.56464185 0.8812950671875001 0.56464185 0.8812950671875001 0.5828144390625 0.9255740031249999 0.5828144390625 0.9255740031249999 0.56464185
3 0.9245161296875001 0.623547659375 0.8823529406249999 0.623547659375 0.8823529406249999 0.6548843765625 0.9245161296875001 0.6548843765625 0.9245161296875001 0.623547659375
3 0.9234677421875 0.698124646875 0.8823576843750001 0.698124646875 0.8823576843750001 0.715671178125 0.9234677421875 0.715671178125 0.9234677421875 0.698124646875
3 0.9224098671875 0.7589170890625 0.8823529406249999 0.7589170890625 0.8823529406249999 0.7952622671875 0.9224098671875 0.7952622671875 0.9224098671875 0.7589170890625
3 0.4617362421875 0.9274957703125001 0.43537950625 0.9274957703125001 0.43537950625 0.945668359375 0.4617362421875 0.945668359375 0.4617362421875 0.9274957703125001
3 0.6852277046874999 0.928121828125 0.6588709671874999 0.928121828125 0.6588709671874999 0.9462944156249999 0.6852277046874999 0.9462944156249999 0.6852277046874999 0.928121828125
6 0.6539191359375 0.816087465625 0.7152240546875 0.8173890406250001 0.7152240546875 0.8599071546875001 0.648080571875 0.859473296875 0.64662093125 0.8651134546874999 0.7152240546875 0.8651134546874999 0.714494234375 0.89071109375 0.6444314703125 0.89071109375 0.645161290625 0.8972189687500001 0.7152240546875 0.8976528265624999 0.7152240546875 0.926287475 0.685301415625 0.927155190625 0.6860312359375 0.9340969234375001 0.8356444312500001 0.9345307828125 0.8830827625 0.875526053125 0.8823529406249999 0.858171721875 0.8480513796875 0.90112369375 0.7896657421875 0.9015575515625001 0.7903955625 0.8568701453124999 0.8845424015625 0.8568701453124999 0.8823529406249999 0.851663846875 0.7765289734375 0.8507961296875 0.775799153125 0.8568701453124999 0.7779886140625 0.8568701453124999 0.7787184359375 0.923684325 0.7261713609375 0.923684325 0.7269011828124999 0.8573040046875 0.7312801046875 0.8568701453124999 0.7320099265625 0.8507961296875 0.7269011828124999 0.8507961296875 0.72909064375 0.8095795906250001 0.693329440625 0.8095795906250001 0.6925996203125 0.794828409375 0.586775653125 0.7952622671875 0.5860458328125 0.813484315625 0.5969931390625 0.8130504578125001 0.597722959375 0.8000347078125 0.6553787765625 0.8000347078125 0.6539191359375 0.816087465625
0 0.7152240546875 0.8659811703125 0.6473507515625 0.8659811703125 0.6437016484375 0.8599071546875001 0.71303459375 0.859473296875 0.7137644140625 0.8182567578125 0.6539191359375 0.8173890406250001 0.6553787765625 0.8000347078125 0.597722959375 0.8004685671875 0.5969931390625 0.8902772359375 0.7137644140625 0.8902772359375 0.7152240546875 0.8659811703125
4 0.6940592624999999 0.8100134499999999 0.7283608234375001 0.8100134499999999 0.7283608234375001 0.8507961296875 0.8641074296875001 0.851663846875 0.8619179671874999 0.84038353125 0.8808933 0.84038353125 0.8808933 0.77313549375 0.602831703125 0.77183391875 0.602831703125 0.7939606921875 0.6925996203125 0.793092975 0.6940592624999999 0.8100134499999999
3 0.6852277046874999 0.7977721375 0.6588709671874999 0.7977721375 0.6588709671874999 0.8159447265625 0.6852277046874999 0.8159447265625 0.6852277046874999 0.7977721375
3 0.6860294125 0.6590298921875 0.5889611 0.6590298921875 0.5889611 0.682459109375 0.6860294125 0.682459109375 0.6860294125 0.6590298921875
4 0.621077215625 0.682459109375 0.6196175734375 0.7640244703125 0.8808933 0.7640244703125 0.8823529406249999 0.654692178125 0.6977083640624999 0.654692178125 0.6962487234375 0.6820252499999999 0.621077215625 0.682459109375
3 0.6852277046874999 0.660530175 0.6588709671874999 0.660530175 0.6588709671874999 0.6787027640625001 0.6852277046874999 0.6787027640625001 0.6852277046874999 0.660530175
4 0.1159603625 0.6649119515625 0.333122496875 0.6667920031250001 0.333122496875 0.58532305625 0.459624709375 0.584696371875 0.46173308124999995 0.5502287406249999 0.3236348296875 0.548975371875 0.32890575625 0.5314282125 0.1127978078125 0.5301748453124999 0.1085810671875 0.6504982140625 0.114906178125 0.6504982140625 0.1159603625 0.6649119515625
6 0.42913443281249997 0.681157534375 0.46051671250000004 0.681157534375 0.46051671250000004 0.686363834375 0.47511312187500004 0.68723155 0.4765727625 0.5818039828125 0.46124653281250005 0.5813701250000001 0.46124653281250005 0.5870102828125 0.3357174140625 0.5865764234374999 0.3357174140625 0.59742288125 0.344475259375 0.59742288125 0.344475259375 0.592650440625 0.461976353125 0.5930842984375 0.46124653281250005 0.654692178125 0.43059407343749995 0.6551260359375 0.42913443281249997 0.6672740687500001 0.3452050796875 0.665538634375 0.3459349 0.6247559546875 0.3357174140625 0.6247559546875 0.3357174140625 0.6664063515625 0.116041453125 0.6664063515625 0.115311634375 0.652089028125 0.10947306875 0.65165516875 0.10947306875 0.672046509375 0.429864253125 0.6724803671874999 0.42913443281249997 0.681157534375
4 0.333527953125 0.7171677734374999 0.46051671250000004 0.7171677734374999 0.46051671250000004 0.6828929671874999 0.429864253125 0.6820252499999999 0.42840461249999995 0.674649659375 0.11093271093749998 0.6729142265625 0.10874325 0.8056748656250001 0.333527953125 0.8056748656250001 0.333527953125 0.7171677734374999
3 0.46279886093749995 0.6599041171875 0.436442125 0.6599041171875 0.436442125 0.6780767062499999 0.46279886093749995 0.6780767062499999 0.46279886093749995 0.6599041171875
6 0.333527953125 0.7180354890625 0.333527953125 0.727580371875 0.3459349 0.72801423125 0.3452050796875 0.72410950625 0.46124653281250005 0.72410950625 0.46051671250000004 0.7904898265625 0.413808203125 0.7900559671875 0.4130783828125 0.8082780156249999 0.344475259375 0.8069764421875 0.3452050796875 0.755347303125 0.334257771875 0.755347303125 0.333527953125 0.8065425828125001 0.10947306875 0.806108725 0.108013428125 0.8139181750000001 0.336447234375 0.8152197484375 0.336447234375 0.8538331375 0.3554225671875 0.8547008546875 0.35688220625 0.8173890406250001 0.456137790625 0.8173890406250001 0.456137790625 0.8863725109375 0.35688220625 0.88550479375 0.35761202812500004 0.8811662109375 0.3386366953125 0.8811662109375 0.3357174140625 0.8967851093749999 0.353962925 0.8972189687500001 0.353962925 0.8915788109375 0.4583272515625 0.8924465265625001 0.4583272515625 0.898086684375 0.47365348125000006 0.898086684375 0.4743833015625 0.7141307640625 0.46124653281250005 0.71369690625 0.46124653281250005 0.71760163125 0.333527953125 0.7180354890625
3 0.46279886093749995 0.7983981953125 0.436442125 0.7983981953125 0.436442125 0.81531866875 0.46279886093749995 0.81531866875 0.46279886093749995 0.7983981953125
6 0.32914902968750004 0.54839689375 0.4597868921875 0.5488307515625 0.46124653281250005 0.5553386265625 0.4765727625 0.554470909375 0.47511312187500004 0.524100828125 0.11093271093749998 0.5232331125 0.10947306875 0.5297409859375 0.32914902968750004 0.5301748453124999 0.32914902968750004 0.54839689375
3 0.4638519921875 0.5276706140625 0.43749525624999996 0.5276706140625 0.43749525624999996 0.5445910890625 0.4638519921875 0.5445910890625 0.4638519921875 0.5276706140625
6 0.6035615234375 0.5388520109375 0.5889651140625001 0.5375504359375001 0.5875054734375 0.612607921875 0.6196175734375 0.6139094968750001 0.6203473953125 0.5813701250000001 0.8816231203125 0.5822378406250001 0.8838125828125 0.5739945328125 0.6021018828125 0.5739945328125 0.6035615234375 0.5388520109375
1 0.6568384171874999 0.5236669703125 0.8254269453124999 0.5232331125 0.826156765625 0.5731268171874999 0.8816231203125 0.5726929578125 0.8845424015625 0.47854570625 0.605021165625 0.4768102734375 0.6021018828125 0.5731268171874999 0.6568384171874999 0.573560675 0.6568384171874999 0.5236669703125
3 0.696252371875 0.5232318109375 0.6583017078125 0.5232318109375 0.6583017078125 0.57399323125 0.696252371875 0.57399323125 0.696252371875 0.5232318109375
3 0.6883965843750001 0.5251663843750001 0.6620398484375001 0.5251663843750001 0.6620398484375001 0.5420868578125 0.6883965843750001 0.5420868578125 0.6883965843750001 0.5251663843750001
6 0.8283462265624999 0.3722417453125 0.8845424015625 0.3726756046875 0.8838125828125 0.3653000125 0.7414975921875 0.3635645796875 0.740767771875 0.316274025 0.6845715953125 0.316274025 0.685301415625 0.3232157578125 0.7298204640625 0.3232157578125 0.72909064375 0.364432296875 0.6035615234375 0.3635645796875 0.605750984375 0.3227819 0.6407823671874999 0.321480325 0.6407823671874999 0.3171417421875 0.602831703125 0.31757559999999996 0.60429134375 0.23427480625000002 0.8845424015625 0.23470866406250002 0.8852722234374999 0.22820078906250002 0.6035615234375 0.22689921562499998 0.602831703125 0.21258189062500002 0.591884396875 0.211714175 0.5896949359375 0.405223653125 0.602831703125 0.40565751250000004 0.602831703125 0.37225042343750003 0.8188585609375 0.37225042343750003 0.8173989203125 0.40609137031250003 0.7765289734375 0.40609137031250003 0.7765289734375 0.41172285156250005 0.82761640625 0.41215670937500004 0.8283462265624999 0.3722417453125
1 0.8852722234374999 0.3731094625 0.8283462265624999 0.3731094625 0.8283462265624999 0.413458284375 0.6575682375 0.41172285156250005 0.6582980593750001 0.3722417453125 0.60429134375 0.3726756046875 0.605021165625 0.46942600624999997 0.8830827625 0.46855828906249997 0.8852722234374999 0.3731094625
3 0.696982921875 0.3713818390625 0.6590322578125 0.3713818390625 0.6590322578125 0.41086294375000004 0.696982921875 0.41086294375000004 0.696982921875 0.3713818390625
3 0.6905028468750001 0.3891765375 0.6641461093750001 0.3891765375 0.6641461093750001 0.4060970109375 0.6905028468750001 0.4060970109375 0.6905028468750001 0.3891765375
3 0.4638519921875 0.3891765375 0.43749525624999996 0.3891765375 0.43749525624999996 0.4060970109375 0.4638519921875 0.4060970109375 0.4638519921875 0.3891765375
0 0.461976353125 0.279404746875 0.43570281718750004 0.2785370296875 0.4342431765625 0.2633519890625 0.3437454390625 0.26291813125 0.3437454390625 0.3180181359375 0.46051671250000004 0.3180181359375 0.461976353125 0.279404746875
6 0.43861954531249997 0.2620530171875 0.43496679374999997 0.2620530171875 0.43496679374999997 0.27810490625 0.43861954531249997 0.27810490625 0.43861954531249997 0.2620530171875
3 0.4649051234375 0.25569091875 0.4385483875 0.25569091875 0.4385483875 0.27261139375 0.4649051234375 0.27261139375 0.4649051234375 0.25569091875
4 0.740767771875 0.3635732578125 0.8823529406249999 0.3644409734375 0.8838125828125 0.23601891562500002 0.6955189015625 0.234717340625 0.693329440625 0.276801596875 0.6575682375 0.2763677390625 0.6582980593750001 0.2355850578125 0.605750984375 0.2351512 0.60429134375 0.31584884375 0.740767771875 0.3154149859375 0.740767771875 0.3635732578125
3 0.6940559765625001 0.235575296875 0.6582969640624999 0.235575296875 0.6582969640624999 0.276359278125 0.6940559765625001 0.276359278125 0.6940559765625001 0.235575296875
3 0.689449715625 0.256943034375 0.6630929796875 0.256943034375 0.6630929796875 0.2738635078125 0.689449715625 0.2738635078125 0.689449715625 0.256943034375
3 0.11068785625 0.19176818906249998 0.0695777984375 0.19176818906249998 0.0695777984375 0.2093147203125 0.11068785625 0.2093147203125 0.11068785625 0.19176818906249998
3 0.11174573125000001 0.2531810484375 0.06851992343749999 0.2531810484375 0.06851992343749999 0.2845177671875 0.11174573125000001 0.2845177671875 0.11174573125000001 0.2531810484375
3 0.1117409859375 0.3271263390625 0.0706309296875 0.3271263390625 0.0706309296875 0.34342075625 0.1117409859375 0.34342075625 0.1117409859375 0.3271263390625
3 0.109634725 0.38478567343750003 0.0685246671875 0.38478567343750003 0.0685246671875 0.4167484484375 0.109634725 0.4167484484375 0.109634725 0.38478567343750003
3 0.11068785625 0.4593598421875 0.0695777984375 0.4593598421875 0.0695777984375 0.4769063734375 0.11068785625 0.4769063734375 0.11068785625 0.4593598421875
3 0.11174573125000001 0.5188945296874999 0.06851992343749999 0.5188945296874999 0.06851992343749999 0.5502312468749999 0.11174573125000001 0.5502312468749999 0.11174573125000001 0.5188945296874999
3 0.109634725 0.592845459375 0.0685246671875 0.592845459375 0.0685246671875 0.6091398765625 0.109634725 0.6091398765625 0.109634725 0.592845459375
3 0.109634725 0.653003384375 0.0706309296875 0.653003384375 0.0706309296875 0.6849661593749999 0.109634725 0.6849661593749999 0.109634725 0.653003384375
3 0.109634725 0.7269543140625 0.0685246671875 0.7269543140625 0.0685246671875 0.745126903125 0.109634725 0.745126903125 0.109634725 0.7269543140625
3 0.1075284625 0.7871122390624999 0.0685246671875 0.7871122390624999 0.0685246671875 0.8184489562499999 0.1075284625 0.8184489562499999 0.1075284625 0.7871122390624999
3 0.10857684999999999 0.8604399328125 0.0706261859375 0.8604399328125 0.0706261859375 0.87736040625 0.10857684999999999 0.87736040625 0.10857684999999999 0.8604399328125
0 0.8823529406249999 0.8568701453124999 0.7911253828125 0.8577378625 0.7925850234375 0.90112369375 0.847321559375 0.901991409375 0.8823529406249999 0.8568701453124999
3 0.882348196875 0.83976029375 0.862319734375 0.83976029375 0.862319734375 0.85291878125 0.882348196875 0.85291878125 0.882348196875 0.83976029375
2 0.4422712015625 0.9145733 0.45686761093749995 0.9145733 0.45759743124999996 0.9267213328125001 0.4765727625 0.9267213328125001 0.4765727625 0.9158748750000001 0.48897971093750003 0.9150071578125001 0.48897971093750003 0.9089331421875 0.47584294375 0.9089331421875 0.47584294375 0.8989544015625001 0.45686761093749995 0.898086684375 0.456137790625 0.909800859375 0.44592030312500003 0.909800859375 0.4422712015625 0.9145733
2 0.336447234375 0.870319753125 0.3386366953125 0.8816000687500001 0.3590716671875 0.8807323531250001 0.3590716671875 0.8711874703125 0.37001897499999997 0.8707536125 0.3692891546875 0.8655473125 0.35688220625 0.8646795953125 0.35688220625 0.8547008546875 0.333527953125 0.8551347125 0.334257771875 0.8651134546874999 0.3240402859375 0.8646795953125 0.32477010625 0.870319753125 0.336447234375 0.870319753125
6 0.605021165625 0.898086684375 0.605021165625 0.89071109375 0.594803678125 0.89071109375 0.5955334984375 0.8416851062499999 0.5889651140625001 0.8416851062499999 0.586775653125 0.9345307828125 0.594803678125 0.933663065625 0.5969931390625 0.8967851093749999 0.605021165625 0.898086684375
0 0.6502700328125 0.926287475 0.714494234375 0.926287475 0.7137644140625 0.8985205437499999 0.59845278125 0.8985205437499999 0.5969931390625 0.9327953484375 0.6495402140625 0.933663065625 0.6502700328125 0.926287475
2 0.62253685625 0.9054622765625 0.632024521875 0.9054622765625 0.632024521875 0.9002559765625 0.645161290625 0.900689834375 0.645161290625 0.8915788109375 0.6283754187499999 0.8902772359375 0.6276455999999999 0.8837693609375 0.6203473953125 0.88290164375 0.6203473953125 0.8902772359375 0.60429134375 0.8902772359375 0.605021165625 0.8985205437499999 0.62253685625 0.8989544015625001 0.62253685625 0.9054622765625
2 0.5758283468750001 0.825198490625 0.5758283468750001 0.8291032156249999 0.586775653125 0.8282354984375001 0.5860458328125 0.8408173890624999 0.59845278125 0.8408173890624999 0.59845278125 0.8291032156249999 0.6072106265625 0.8299709312499999 0.6072106265625 0.825198490625 0.59845278125 0.825198490625 0.597722959375 0.813484315625 0.5875054734375 0.8139181750000001 0.586775653125 0.825198490625 0.5758283468750001 0.825198490625
2 0.5736388859375 0.78484966875 0.5860458328125 0.78484966875 0.5860458328125 0.794828409375 0.6035615234375 0.794828409375 0.6035615234375 0.784415809375 0.6130491890624999 0.78354809375 0.6130491890624999 0.7787756515625001 0.6035615234375 0.7796433687500001 0.60429134375 0.7714000609375 0.5860458328125 0.7714000609375 0.5875054734375 0.78094494375 0.5758283468750001 0.78094494375 0.5736388859375 0.78484966875
2 0.32039118437499997 0.7445008453125 0.334257771875 0.7445008453125 0.331338490625 0.7557811625 0.3466647203125 0.7562150203125 0.3481243609375 0.7449347046875 0.3590716671875 0.7436331296875001 0.3590716671875 0.7401622625 0.3481243609375 0.7397284046875 0.3481243609375 0.72801423125 0.33279813125 0.727580371875 0.33279813125 0.7388606875 0.32039118437499997 0.739294546875 0.32039118437499997 0.7445008453125
1 0.47754585625 0.41110484375 0.458570525 0.41173152812499997 0.459624709375 0.522654634375 0.4754374859375 0.522654634375 0.4743833015625 0.9331327937499999 0.5850727390625 0.9312527421875 0.58823529375 0.14413736875 0.48176259843749997 0.14413736875 0.47754585625 0.41110484375
2 0.4583272515625 0.701115015625 0.4583272515625 0.71369690625 0.4780324046875 0.7145646234374999 0.4794920453125 0.7019827328125 0.48970953125000005 0.701115015625 0.48897971093750003 0.6954748578125 0.4780324046875 0.6954748578125 0.4780324046875 0.6867976921875 0.4597868921875 0.6854961171875 0.45905707187499994 0.69764415 0.4488395859375 0.697210290625 0.4488395859375 0.701115015625 0.4583272515625 0.701115015625
2 0.58823529375 0.7067551734374999 0.5889651140625001 0.71760163125 0.621077215625 0.7184693484375 0.621077215625 0.7054535984375 0.632024521875 0.706321315625 0.6327543421875 0.701115015625 0.618887753125 0.7006811578125001 0.618887753125 0.6898347 0.5853160125 0.6894008421875 0.5838563703124999 0.701115015625 0.5736388859375 0.7006811578125001 0.575098525 0.706321315625 0.58823529375 0.7067551734374999
1 0.7779886140625 0.857306825 0.7276280828125 0.857306825 0.7276280828125 0.9236858437500001 0.7779886140625 0.9236858437500001 0.7779886140625 0.857306825
2 0.7517150781249999 0.8642457374999999 0.7590132828125 0.8646795953125 0.7575536406250001 0.8573040046875 0.7765289734375 0.8573040046875 0.7765289734375 0.850362271875 0.7582834625 0.850362271875 0.7582834625 0.8421189640625 0.74733615625 0.8425528218749999 0.7487957953125 0.8512299875 0.7298204640625 0.850362271875 0.7298204640625 0.8577378625 0.7509852578125 0.8577378625 0.7517150781249999 0.8642457374999999
2 0.3539611 0.898085165625 0.33717741874999996 0.898085165625 0.33717741874999996 0.9267202484375 0.3539611 0.9267202484375 0.3539611 0.898085165625
6 0.4736480078125 0.9258516640625001 0.4583254265625 0.9258516640625001 0.4583254265625 0.9336632828125 0.4736480078125 0.9336632828125 0.4736480078125 0.9258516640625001
6 0.6604838703125 0.9271573609375 0.6509962046875 0.9271573609375 0.6509962046875 0.933666103125 0.6604838703125 0.933666103125 0.6604838703125 0.9271573609375
2 0.3452050796875 0.60783548125 0.3452050796875 0.5948197328125 0.331338490625 0.5948197328125 0.3306086703125 0.6095709140625 0.318201721875 0.608703196875 0.321850825 0.6134756390625 0.333527953125 0.6147772140625001 0.333527953125 0.625623671875 0.34739454062499997 0.6251898125 0.34739454062499997 0.6121740640625 0.35761202812500004 0.6121740640625 0.35761202812500004 0.60783548125 0.3452050796875 0.60783548125
2 0.44519048281250007 0.5705236671875 0.46051671250000004 0.5709575250000001 0.461976353125 0.5822378406250001 0.480221865625 0.5826717 0.48168150625 0.570089809375 0.4926288125 0.5705236671875 0.4911691734375 0.564883509375 0.478762225 0.564883509375 0.47730258281250004 0.554470909375 0.4583272515625 0.5549047687499999 0.4583272515625 0.5666189421875 0.44519048281250007 0.566185084375 0.44519048281250007 0.5705236671875
0 0.8173956359375 0.529740553125 0.6977087281250001 0.529740553125 0.6977087281250001 0.57399323125 0.8173956359375 0.57399323125 0.8173956359375 0.529740553125
2 0.746606334375 0.5362488609375 0.75317471875 0.5366827203125 0.75317471875 0.5301748453124999 0.7721500515625 0.5301748453124999 0.7728798718750001 0.522799253125 0.7517150781249999 0.520196103125 0.7524448984375 0.5141220875 0.748065975 0.5141220875 0.746606334375 0.522799253125 0.7254415421875 0.5223653953125 0.7276310031250001 0.5293071281249999 0.7458765140625 0.5288732703125001 0.746606334375 0.5362488609375
2 0.5772879859375 0.5214976796874999 0.575098525 0.525402403125 0.58823529375 0.525402403125 0.5860458328125 0.5388520109375 0.605021165625 0.5388520109375 0.605021165625 0.5271378375 0.6174281125000001 0.526703978125 0.6181579328125 0.5232331125 0.6035615234375 0.5223653953125 0.605021165625 0.509349646875 0.5889651140625001 0.5084819296875 0.58823529375 0.5214976796874999 0.5772879859375 0.5214976796874999
2 0.7509852578125 0.4186732609375 0.759743103125 0.419540978125 0.7582834625 0.4134669609375 0.7765289734375 0.414334678125 0.77725879375 0.4039220796875 0.7590132828125 0.4039220796875 0.7582834625 0.396980346875 0.7502554375 0.396980346875 0.7502554375 0.4043559375 0.7320099265625 0.4039220796875 0.7298204640625 0.41173152812499997 0.7495256171875 0.4112976703125 0.7509852578125 0.4186732609375
2 0.575098525 0.42171027031249997 0.5875054734375 0.42171027031249997 0.5875054734375 0.43299058593749995 0.60648080625 0.4338583015625 0.60648080625 0.42171027031249997 0.6174281125000001 0.42171027031249997 0.6174281125000001 0.415636253125 0.605021165625 0.4160701109375 0.605021165625 0.405223653125 0.586775653125 0.40478979531250003 0.58823529375 0.4160701109375 0.5736388859375 0.4160701109375 0.575098525 0.42171027031249997
0 0.7276280828125 0.32322335 0.604288425 0.32322335 0.604288425 0.36400733281250003 0.7276280828125 0.36400733281250003 0.7276280828125 0.32322335
2 0.6582980593750001 0.33016616718749997 0.6663260828124999 0.33363703437500003 0.6685155453125 0.324526009375 0.6860312359375 0.324526009375 0.6860312359375 0.3162827015625 0.6663260828124999 0.3167165609375 0.6663260828124999 0.3089071109375 0.6582980593750001 0.30803939375 0.6582980593750001 0.3154149859375 0.6407823671874999 0.3154149859375 0.6407823671874999 0.3227905765625 0.6582980593750001 0.32322443437500004 0.6582980593750001 0.33016616718749997
2 0.3160122609375 0.364007115625 0.3160122609375 0.36877955625 0.32987885 0.369213415625 0.32987885 0.37919215624999997 0.3466647203125 0.37919215624999997 0.3466647203125 0.37008113125 0.360531309375 0.37008113125 0.360531309375 0.3644409734375 0.3466647203125 0.364007115625 0.3437454390625 0.354028375 0.3320683109375 0.354028375 0.3306086703125 0.365308690625 0.3160122609375 0.364007115625
4 0.4481119546875 0.41086294375000004 0.11166034218750001 0.41086294375000004 0.11166034218750001 0.5245346875 0.4481119546875 0.5245346875 0.4481119546875 0.41086294375000004
2 0.294117646875 0.4178055453125 0.3036053125 0.418239403125 0.3028754921875 0.41086381093749996 0.3189315421875 0.4121653875 0.32039118437499997 0.4017527875 0.30068603125000004 0.4026205046875 0.30068603125000004 0.394377196875 0.2933878265625 0.3939433375 0.2933878265625 0.4004512125 0.275142315625 0.4013189296875 0.27441249375 0.4099960953125 0.2933878265625 0.41086381093749996 0.294117646875 0.4178055453125
2 0.39921179375000004 0.270293721875 0.4079696390625 0.2711614390625 0.4079696390625 0.26291813125 0.42694497187499997 0.26291813125 0.42694497187499997 0.254240965625 0.4065099984375 0.2546748234375 0.4065099984375 0.246431515625 0.40067143437499997 0.246431515625 0.40067143437499997 0.254240965625 0.3802364625 0.254240965625 0.3809662828125 0.262484271875 0.39848197343749997 0.26291813125 0.39921179375000004 0.270293721875
2 0.46051671250000004 0.21519371875 0.46124653281250005 0.22560631718750002 0.4794920453125 0.22560631718750002 0.48168150625 0.213458284375 0.494818275 0.2125905671875 0.48970953125000005 0.21042127656249998 0.4794920453125 0.20998741718749997 0.478762225 0.197405528125 0.4597868921875 0.197405528125 0.4597868921875 0.2091197015625 0.4481097640625 0.20868584375000002 0.4481097640625 0.21475985937500003 0.46051671250000004 0.21519371875
2 0.5758283468750001 0.196103953125 0.5758283468750001 0.20087639375 0.5875054734375 0.1991409609375 0.586775653125 0.21172285156249998 0.605021165625 0.212156709375 0.605021165625 0.2004425359375 0.6174281125000001 0.2004425359375 0.6174281125000001 0.196103953125 0.60648080625 0.196103953125 0.605021165625 0.18308820312500002 0.5875054734375 0.18395592031250002 0.58823529375 0.19567009375 0.5758283468750001 0.196103953125
6 0.47803130937500005 0.1418725328125 0.46270872812499997 0.1418725328125 0.46270872812499997 0.1982741109375 0.47803130937500005 0.1982741109375 0.47803130937500005 0.1418725328125
4 0.46124762812500003 0.1436097015625 0.110934534375 0.1436097015625 0.110934534375 0.254675690625 0.46124762812500003 0.254675690625 0.46124762812500003 0.1436097015625
6 0.43862428906249995 0.25467287031249997 0.427675521875 0.25467287031249997 0.427675521875 0.2624844890625 0.43862428906249995 0.2624844890625 0.43862428906249995 0.25467287031249997
0 0.43935191875 0.3718165640625 0.462706175 0.37138270625 0.461976353125 0.3262614421875 0.344475259375 0.3266953015625 0.3452050796875 0.3857000296875 0.440081740625 0.3857000296875 0.43935191875 0.3718165640625
4 0.3313377609375 0.26291878125 0.11166034218750001 0.26291878125 0.11166034218750001 0.40348843749999996 0.3313377609375 0.40348843749999996 0.3313377609375 0.26291878125
6 0.2744117640625 0.404357021875 0.110199240625 0.404357021875 0.110199240625 0.40956288750000003 0.2744117640625 0.40956288750000003 0.2744117640625 0.404357021875
6 0.4575996203125 0.409994359375 0.44957305468750003 0.409994359375 0.44957305468750003 0.45034405 0.4575996203125 0.45034405 0.4575996203125 0.409994359375
6 0.4583254265625 0.48245346875 0.44956831093750005 0.48245346875 0.44956831093750005 0.5249689796875 0.4583254265625 0.5249689796875 0.4583254265625 0.48245346875
2 0.45905597656249997 0.449912578125 0.4488377609375 0.449912578125 0.4488377609375 0.4824506484375 0.45905597656249997 0.4824506484375 0.45905597656249997 0.449912578125
2 0.5736388859375 0.6299622546875 0.5853160125 0.6295283953124999 0.5838563703124999 0.641676428125 0.6181579328125 0.6421102859375 0.6196175734375 0.6303961124999999 0.6334841625000001 0.6303961124999999 0.6342139828125 0.6260575296875001 0.621077215625 0.6264913875 0.6203473953125 0.6134756390625 0.5860458328125 0.6134756390625 0.58823529375 0.6264913875 0.5743687046875 0.6264913875 0.5736388859375 0.6299622546875
6 0.353962925 0.9280229078125 0.353962925 0.9249859 0.336447234375 0.9254197578125 0.336447234375 0.9332292078125001 0.4371624578125 0.9340969234375001 0.434972996875 0.9284567656249999 0.353962925 0.9280229078125
4 0.336442125 0.8143513812500001 0.110199240625 0.8143513812500001 0.110199240625 0.9323604062499999 0.336442125 0.9323604062499999 0.336442125 0.8143513812500001
0 0.4561385203125 0.8178228984375 0.3583396578125 0.8178228984375 0.3583396578125 0.88550479375 0.4561385203125 0.88550479375 0.4561385203125 0.8178228984375
1 0.45833017031249995 0.892447828125 0.35542694531249996 0.892447828125 0.35542694531249996 0.9280259453124999 0.45833017031249995 0.9280259453124999 0.45833017031249995 0.892447828125
0 0.4130783828125 0.789622109375 0.45905707187499994 0.7891882515625 0.46051671250000004 0.724977221875 0.34739454062499997 0.724977221875 0.3437454390625 0.8069764421875 0.410888921875 0.8069764421875 0.4130783828125 0.789622109375
6 0.6181579328125 0.7167339140625 0.5875054734375 0.71760163125 0.5875054734375 0.77053234375 0.8816231203125 0.7727016359375 0.8816231203125 0.764458328125 0.6181579328125 0.7640244703125 0.6181579328125 0.7167339140625
6 0.69697854375 0.65425831875 0.8816231203125 0.65425831875 0.8830827625 0.6499197359375 0.6845715953125 0.6494858781249999 0.6860312359375 0.682459109375 0.6962487234375 0.682459109375 0.69697854375 0.65425831875
6 0.61961575 0.6421122390625 0.5889611 0.6421122390625 0.5889611 0.6585984203125 0.61961575 0.6585984203125 0.61961575 0.6421122390625
6 0.6196204937500001 0.6824562890625 0.58823529375 0.6824562890625 0.58823529375 0.6893993234375 0.6196204937500001 0.6893993234375 0.6196204937500001 0.6824562890625
4 0.685301415625 0.66076619375 0.685301415625 0.6499197359375 0.8838125828125 0.65035359375 0.8801634796875 0.5826717 0.621807034375 0.5831055578125001 0.618887753125 0.6594646187500001 0.685301415625 0.66076619375
6 0.8159392796875 0.57486225 0.8254269453124999 0.57486225 0.826156765625 0.5232331125 0.7736096921875 0.5232331125 0.7736096921875 0.5293071281249999 0.8159392796875 0.5284394125 0.8159392796875 0.57486225
6 0.7269022765625001 0.5228003390625 0.696247628125 0.5228003390625 0.696247628125 0.5288747890625001 0.7269022765625001 0.5288747890625001 0.7269022765625001 0.5228003390625
6 0.8830827625 0.4694346828125 0.6035615234375 0.469868540625 0.6035615234375 0.43299058593749995 0.5889651140625001 0.43299058593749995 0.5896949359375 0.508048071875 0.602831703125 0.5084819296875 0.602831703125 0.4768102734375 0.8845424015625 0.47724413125 0.8830827625 0.4694346828125
0 0.8174003796875 0.373110546875 0.6984440234375 0.373110546875 0.6984440234375 0.40564861875 0.8174003796875 0.40564861875 0.8174003796875 0.373110546875
0 0.8166698296874999 0.37225324375 0.697713471875 0.37225324375 0.697713471875 0.40565989843750005 0.8166698296874999 0.40565989843750005 0.8166698296874999 0.37225324375
3 0.43861954531249997 0.38656514375 0.343012334375 0.38656514375 0.343012334375 0.4043542015625 0.43861954531249997 0.4043542015625 0.43861954531249997 0.38656514375
3 0.46270872812499997 0.372247603125 0.4400806453125 0.372247603125 0.4400806453125 0.38960236875 0.46270872812499997 0.38960236875 0.46270872812499997 0.372247603125
6 0.730550284375 0.40522560625 0.696982921875 0.40522560625 0.696982921875 0.41130005625 0.730550284375 0.41130005625 0.730550284375 0.40522560625
6 0.33279813125 0.3544622328125 0.3437454390625 0.3544622328125 0.3422857984375 0.3262614421875 0.462706175 0.3262614421875 0.462706175 0.37268428125 0.4648956359375 0.40609137031250003 0.43278353437500006 0.405223653125 0.3422857984375 0.4034882203125 0.3437454390625 0.37919215624999997 0.333527953125 0.37919215624999997 0.33279813125 0.4034882203125 0.3196613640625 0.4034882203125 0.3196613640625 0.4095622375 0.47584294375 0.41042995312499997 0.47730258281250004 0.22560631718750002 0.462706175 0.22560631718750002 0.46416581562500003 0.2733307296875 0.4378922796875 0.272896871875 0.434972996875 0.2785370296875 0.46416581562500003 0.2772354546875 0.462706175 0.31845199375 0.3422857984375 0.319319709375 0.3422857984375 0.262484271875 0.3809662828125 0.2620504140625 0.3824259234375 0.25510868124999997 0.113122171875 0.25510868124999997 0.11093271093749998 0.2620504140625 0.33279813125 0.2620504140625 0.33279813125 0.3544622328125
4 0.605021165625 0.22647403437500002 0.8852722234374999 0.22734174999999998 0.8830827625 0.1709401703125 0.8743249171875 0.1700724546875 0.8750547359375 0.1587921390625 0.8400233531250001 0.1587921390625 0.8385637140625001 0.1752787546875 0.605021165625 0.173977178125 0.605021165625 0.22647403437500002
6 0.8392935343750001 0.1735433203125 0.8378338921875 0.1587921390625 0.872865275 0.159225996875 0.8735950953125 0.1700724546875 0.8860020437499999 0.1692047375 0.8852722234374999 0.1436070984375 0.8268865859375 0.1436070984375 0.82761640625 0.16790316249999998 0.60429134375 0.167035446875 0.60429134375 0.14273938125000002 0.5896949359375 0.14317323906249999 0.5896949359375 0.1852574953125 0.60429134375 0.18395592031250002 0.60429134375 0.173977178125 0.8392935343750001 0.1735433203125
1 0.8261622390625 0.14273547656250002 0.6057542687499999 0.14273547656250002 0.6057542687499999 0.16790186093749998 0.8261622390625 0.16790186093749998 0.8261622390625 0.14273547656250002
1 0.8359687953125 0.9350128468750001 0.88129875625 0.93563953125 0.8791903859374999 0.8829980578125 0.8359687953125 0.9350128468750001
0 0.42905334218749996 0.653631634375 0.459624709375 0.654885003125 0.4606788953125 0.59346995 0.34682690312500003 0.59346995 0.3447185328125 0.6667920031250001 0.42905334218749996 0.668045371875 0.42905334218749996 0.653631634375