7 0.9065155812500001 0.10175590625 0.8411331437499999 0.10175590625 0.8411331437499999 0.190181103125 0.9065155812500001 0.190181103125 0.9065155812500001 0.10175590625
3 0.9050991500000001 0.31023622031250003 0.8413597734374999 0.31023622031250003 0.8413597734374999 0.34094488125 0.9050991500000001 0.34094488125 0.9050991500000001 0.31023622031250003
7 0.9087110484375 0.2786141734375 0.841147309375 0.2786141734375 0.841147309375 0.31253543281249996 0.9087110484375 0.31253543281249996 0.9087110484375 0.2786141734375
7 0.9043342781250001 0.3391889765625 0.838951840625 0.3391889765625 0.838951840625 0.3961181109375 0.9043342781250001 0.3961181109375 0.9043342781250001 0.3391889765625
7 0.9043342781250001 0.6020629921875 0.8433144468749999 0.6020629921875 0.8433144468749999 0.66505511875 0.9043342781250001 0.66505511875 0.9043342781250001 0.6020629921875
3 0.9065297453125 0.7219842515625 0.84769121875 0.7219842515625 0.84769121875 0.8140472437499999 0.9065297453125 0.8140472437499999 0.9065297453125 0.7219842515625
7 0.9065297453125 0.6904960625000001 0.84769121875 0.6904960625000001 0.84769121875 0.723204725 0.9065297453125 0.723204725 0.9065297453125 0.6904960625000001
7 0.9043484421875 0.81285039375 0.841147309375 0.81285039375 0.841147309375 0.9024881890625001 0.9043484421875 0.9024881890625001 0.9043484421875 0.81285039375
7 0.0958923515625 0.763173228125 0.030509915625 0.763173228125 0.030509915625 0.8637244093750001 0.0958923515625 0.8637244093750001 0.0958923515625 0.763173228125
3 0.10024079374999999 0.6238582671875 0.032677053125 0.6238582671875 0.032677053125 0.7631653546875 0.10024079374999999 0.7631653546875 0.10024079374999999 0.6238582671875
7 0.0958781875 0.566929134375 0.028314446875 0.566929134375 0.028314446875 0.6250708656249999 0.0958781875 0.6250708656249999 0.0958781875 0.566929134375
3 0.0958781875 0.4348897640625 0.028314446875 0.4348897640625 0.028314446875 0.5669370078125 0.0958781875 0.5669370078125 0.0958781875 0.4348897640625
7 0.0958923515625 0.375527559375 0.030509915625 0.375527559375 0.030509915625 0.4360944875 0.0958923515625 0.4360944875 0.0958923515625 0.375527559375
7 0.0958781875 0.13810236250000002 0.028314446875 0.13810236250000002 0.028314446875 0.236228346875 0.0958781875 0.236228346875 0.0958781875 0.13810236250000002
5 0.841147309375 0.44942519687500004 0.4423654390625 0.44942519687500004 0.4423654390625 0.556023621875 0.841147309375 0.556023621875 0.841147309375 0.44942519687500004
3 0.0958923515625 0.2350157484375 0.030509915625 0.2350157484375 0.030509915625 0.3755354328125 0.0958923515625 0.3755354328125 0.0958923515625 0.2350157484375
3 0.9043484421875 0.662629921875 0.845509915625 0.662629921875 0.845509915625 0.6917007875000001 0.9043484421875 0.6917007875000001 0.9043484421875 0.662629921875
3 0.9065155812500001 0.1889842515625 0.8454957500000001 0.1889842515625 0.8454957500000001 0.2798346453125 0.9065155812500001 0.2798346453125 0.9065155812500001 0.1889842515625
6 0.440509915625 0.260629921875 0.439093484375 0.2314960625 0.386685553125 0.23070866093750003 0.383852690625 0.24803149531250002 0.41784702500000004 0.24724409375 0.41501416406249997 0.2614173234375 0.440509915625 0.260629921875
3 0.4489093484375 0.198669290625 0.385708215625 0.198669290625 0.385708215625 0.23137795312499998 0.4489093484375 0.23137795312499998 0.4489093484375 0.198669290625
3 0.457620396875 0.7765039375 0.3922379609375 0.7765039375 0.3922379609375 0.81285039375 0.457620396875 0.81285039375 0.457620396875 0.7765039375
3 0.8389627359375 0.059357965624999995 0.8411418609375 0.1017565125 0.9108738296875 0.1017565125 0.9130529515625 0.024227740625 0.0283286125 0.0218049671875 0.023970362500000002 0.1344639609375 0.09806058125 0.1380981234375 0.09806058125 0.059357965624999995 0.8389627359375 0.059357965624999995
3 0.8385269125000001 0.9031496062500001 0.8399433421875001 0.9511811031249999 0.09490085000000001 0.9480314953125 0.09631727968750001 0.8629921265625 0.0368271953125 0.863779528125 0.0368271953125 0.9834645671875 0.9022662890625 0.98425196875 0.9050991500000001 0.9023622046875 0.8385269125000001 0.9031496062500001
3 0.9065155812500001 0.395275590625 0.8413597734374999 0.395275590625 0.8413597734374999 0.4708661421875 0.9065155812500001 0.4708661421875 0.9065155812500001 0.395275590625
3 0.9065155812500001 0.5393700781249999 0.8427762046874999 0.5393700781249999 0.8427762046874999 0.6031496062499999 0.9065155812500001 0.6031496062499999 0.9065155812500001 0.5393700781249999
3 0.8441926343749999 0.4244094484375 0.532577903125 0.4244094484375 0.532577903125 0.44881889687500004 0.8441926343749999 0.44881889687500004 0.8441926343749999 0.4244094484375
3 0.8456090656249999 0.55905511875 0.5297450421875001 0.55905511875 0.5297450421875001 0.587401575 0.8456090656249999 0.587401575 0.8456090656249999 0.55905511875
3 0.40509915 0.5866141734375 0.4504249296875 0.5866141734375 0.44759206875 0.557480315625 0.4348441921875 0.55905511875 0.4362606234375 0.44881889687500004 0.45325779062500005 0.44881889687500004 0.44900849843749996 0.423622046875 0.399433428125 0.42125984218749996 0.4008498578125 0.4881889765625 0.087818696875 0.48661417343749996 0.0920679890625 0.5149606296875 0.40509915 0.517322834375 0.40509915 0.5866141734375
2 0.48441926406249997 0.26299212656250004 0.4971671390625 0.26299212656250004 0.4957507078125 0.23464566874999998 0.519830028125 0.2354330703125 0.521246459375 0.22440944843750002 0.4957507078125 0.22440944843750002 0.49858356875 0.1755905515625 0.49008498593749994 0.17086614218750001 0.48583569375 0.223622046875 0.4631728046875 0.22440944843750002 0.4631728046875 0.23464566874999998 0.48441926406249997 0.236220471875 0.48441926406249997 0.26299212656250004
2 0.3753541078125 0.285826771875 0.41501416406249997 0.285826771875 0.4164305953125 0.29685039375 0.44192634531249997 0.29685039375 0.4461756375 0.28425196875 0.467422096875 0.2850393703125 0.4702549578125 0.27480315 0.44192634531249997 0.27480315 0.44192634531249997 0.2614173234375 0.41784702500000004 0.2614173234375 0.42209631718749996 0.2755905515625 0.3767705375 0.2755905515625 0.3753541078125 0.285826771875
2 0.5283286125 0.251181103125 0.55240793125 0.251181103125 0.5509915015625 0.263779528125 0.5708215296875 0.263779528125 0.5708215296875 0.2503937015625 0.582152975 0.2503937015625 0.587818696875 0.2440944875 0.5722379609375 0.24251968437500002 0.5708215296875 0.2314960625 0.5509915015625 0.2314960625 0.548158640625 0.2440944875 0.5311614734375001 0.24251968437500002 0.5283286125 0.251181103125
6 0.736543909375 0.27165354375 0.7195467421874999 0.27165354375 0.7181303109375 0.311023621875 0.6529745046875 0.30944881875 0.6529745046875 0.263779528125 0.6175637390625 0.26299212656250004 0.616147309375 0.2740157484375 0.6388101984375 0.27480315 0.6388101984375 0.311023621875 0.5651558078125001 0.311023621875 0.56798866875 0.27480315 0.58073654375 0.27480315 0.582152975 0.26614173281250003 0.5538243625 0.2645669296875 0.5495750703125 0.3551181109375 0.5665722375 0.357480315625 0.5651558078125001 0.3181102359375 0.8399433421875001 0.3196850390625 0.8427762046874999 0.311023621875 0.736543909375 0.30944881875 0.736543909375 0.27165354375
1 0.6388101984375 0.2755905515625 0.5694050984375 0.2755905515625 0.5694050984375 0.30944881875 0.6388101984375 0.30944881875 0.6388101984375 0.2755905515625
2 0.5906515578125 0.2913385828125 0.607648725 0.2913385828125 0.607648725 0.28740157499999996 0.6062322953125 0.27480315 0.6189801703125 0.27480315 0.6189801703125 0.263779528125 0.6062322953125 0.263779528125 0.6048158640625 0.2370078734375 0.59348441875 0.236220471875 0.5949008499999999 0.26299212656250004 0.5835694046875 0.263779528125 0.58073654375 0.2755905515625 0.5920679890625 0.27795275625000004 0.5906515578125 0.2913385828125
1 0.6331444765625001 0.236220471875 0.5694050984375 0.236220471875 0.5694050984375 0.262204725 0.6331444765625001 0.262204725 0.6331444765625001 0.236220471875
2 0.6373937671875 0.254330709375 0.6373937671875 0.26299212656250004 0.6558073656250001 0.263779528125 0.6558073656250001 0.254330709375 0.6713881015625 0.254330709375 0.6699716718750001 0.24881889687499997 0.6558073656250001 0.24803149531250002 0.6558073656250001 0.233070865625 0.6331444765625001 0.2314960625 0.6331444765625001 0.24803149531250002 0.6203966000000001 0.24724409375 0.62181303125 0.2551181109375 0.6373937671875 0.254330709375
0 0.7181303109375 0.236220471875 0.6558073656250001 0.236220471875 0.6558073656250001 0.30944881875 0.7181303109375 0.30944881875 0.7181303109375 0.236220471875
2 0.7195467421874999 0.25275590625 0.7209631734374999 0.27165354375 0.7393767703125 0.270078740625 0.7436260625 0.2535433078125 0.7691218125 0.2551181109375 0.764872521875 0.24724409375 0.74220963125 0.24724409375 0.74220963125 0.2314960625 0.7209631734374999 0.233070865625 0.7195467421874999 0.2464566921875 0.7067988671875 0.2417322828125 0.70396600625 0.24960629843749998 0.7195467421874999 0.25275590625
2 0.4164305953125 0.35275590625 0.4164305953125 0.3685039375 0.44192634531249997 0.370078740625 0.4433427765625 0.3551181109375 0.48583569375 0.3535433078125 0.48583569375 0.34566929062499996 0.440509915625 0.3440944875 0.440509915625 0.326771653125 0.4164305953125 0.3291338578125 0.4164305953125 0.3448818890625 0.386685553125 0.3448818890625 0.3824362609375 0.354330709375 0.4164305953125 0.35275590625
2 0.5453257796875 0.3771653546875 0.546742209375 0.3897637796875 0.573654390625 0.39055118125 0.573654390625 0.379527559375 0.6246458921875 0.3787401578125 0.6246458921875 0.370078740625 0.5694050984375 0.3708661421875 0.5694050984375 0.35669291406250003 0.5453257796875 0.35669291406250003 0.5453257796875 0.3692913390625 0.5099150140625001 0.370078740625 0.512747875 0.3771653546875 0.5453257796875 0.3771653546875
2 0.4716713875 0.47322834687500004 0.48725212500000004 0.47559055156249996 0.49008498593749994 0.45039370156249997 0.5311614734375001 0.45039370156249997 0.532577903125 0.42125984218749996 0.48583569375 0.423622046875 0.48583569375 0.40236220468750006 0.478753540625 0.39606299218749996 0.4716713875 0.423622046875 0.4504249296875 0.42204724374999997 0.4504249296875 0.4480314953125 0.47592067968749996 0.4480314953125 0.4716713875 0.47322834687500004
2 0.8413597734374999 0.5039370078125 0.8399433421875001 0.54094488125 0.9093484421875001 0.54094488125 0.9121813031249999 0.507874015625 0.940509915625 0.507874015625 0.940509915625 0.4992125984375 0.9079320109375001 0.5 0.9079320109375001 0.4708661421875 0.8385269125000001 0.4708661421875 0.8385269125000001 0.4992125984375 0.788951840625 0.49763779531249996 0.791784703125 0.5039370078125 0.8413597734374999 0.5039370078125
2 0.48158640156250004 0.6125984250000001 0.4957507078125 0.6212598421875 0.5028328609375 0.5881889765625 0.5311614734375001 0.5897637796875 0.5283286125 0.5566929140625 0.5028328609375 0.5551181109375001 0.5 0.526771653125 0.49008498593749994 0.526771653125 0.49150141718749996 0.5519685046875 0.44759206875 0.5519685046875 0.4504249296875 0.5897637796875 0.48725212500000004 0.5866141734375 0.48158640156250004 0.6125984250000001
2 0.6246458921875 0.6149606296875 0.6303116140625 0.6330708656249999 0.6586402265625 0.6330708656249999 0.6586402265625 0.617322834375 0.71529745 0.6181102359375 0.71529745 0.6102362203125 0.6501416437499999 0.6086614171875 0.6501416437499999 0.59685039375 0.6303116140625 0.5992125984375 0.6288951843749999 0.60944881875 0.5920679890625 0.60944881875 0.59348441875 0.61574803125 0.6246458921875 0.6149606296875
2 0.41784702500000004 0.64724409375 0.4164305953125 0.6677165359375 0.4504249296875 0.6677165359375 0.45184135937500003 0.6503937015625 0.48583569375 0.6503937015625 0.48158640156250004 0.6433070859375001 0.44475920625 0.64094488125 0.44475920625 0.6212598421875 0.41501416406249997 0.6212598421875 0.4164305953125 0.639370078125 0.3895184140625 0.639370078125 0.392351275 0.648818896875 0.41784702500000004 0.64724409375
2 0.372521246875 0.723622046875 0.3682719546875 0.7322834640625 0.41784702500000004 0.7291338578125 0.41926345625000006 0.74724409375 0.44759206875 0.74724409375 0.44475920625 0.7307086609375 0.48583569375 0.7322834640625 0.48583569375 0.723622046875 0.44475920625 0.72204724375 0.44475920625 0.7078740156250001 0.41784702500000004 0.7086614171875001 0.41784702500000004 0.7228346453125 0.372521246875 0.723622046875
4 0.44900849843749996 0.9496062984375 0.8399433421875001 0.95275590625 0.8441926343749999 0.79055118125 0.4589235125 0.7881889765625 0.46033994375000004 0.812598425 0.44759206875 0.8118110234374999 0.44900849843749996 0.9496062984375
2 0.48300283281249995 0.8181102359375 0.50141643125 0.8196850390625 0.5042492921874999 0.7881889765625 0.5368271953125 0.788976378125 0.53966005625 0.7732283468750001 0.5042492921874999 0.7732283468750001 0.5099150140625001 0.751181103125 0.49150141718749996 0.751181103125 0.48725212500000004 0.7740157484375 0.4716713875 0.7732283468750001 0.4716713875 0.7897637796875 0.48583569375 0.7897637796875 0.48300283281249995 0.8181102359375
6 0.8456090656249999 0.77795275625 0.7393767703125 0.7771653546875 0.737960340625 0.7677165359375 0.722379603125 0.7685039375 0.722379603125 0.77795275625 0.6487252125 0.7771653546875 0.6487252125 0.7677165359375 0.627478753125 0.7677165359375 0.6288951843749999 0.77795275625 0.5382436265625 0.776377953125 0.5382436265625 0.7866141734375 0.8441926343749999 0.7897637796875 0.8456090656249999 0.77795275625
2 0.6005665718750001 0.760629921875 0.6260623234375 0.7598425203125 0.62181303125 0.7677165359375 0.6529745046875 0.7677165359375 0.6529745046875 0.75905511875 0.6699716718750001 0.7598425203125 0.6657223796875 0.751181103125 0.6529745046875 0.7496062984375 0.6543909343750001 0.7338582671875 0.6246458921875 0.73464566875 0.6303116140625 0.7503937015625 0.607648725 0.751181103125 0.6005665718750001 0.760629921875
2 0.6983002828125 0.7598425203125 0.7266288953125 0.7598425203125 0.7209631734374999 0.7677165359375 0.7436260625 0.7677165359375 0.7464589234375001 0.7582677171875 0.78328611875 0.7598425203125 0.78470255 0.751181103125 0.74220963125 0.751181103125 0.74220963125 0.73464566875 0.7195467421874999 0.73464566875 0.7252124640625001 0.7519685046875 0.6983002828125 0.751181103125 0.6983002828125 0.7598425203125
4 0.3937677046875 0.8118110234374999 0.3951841359375 0.7566929140624999 0.41784702500000004 0.757480315625 0.42209631718749996 0.5866141734375 0.4036827203125 0.5866141734375 0.4022662890625 0.5181102359375 0.09490085000000001 0.51574803125 0.09631727968750001 0.948818896875 0.4277620390625 0.9496062984375 0.4291784703125 0.812598425 0.3937677046875 0.8118110234374999
6 0.44192634531249997 0.7787401578125001 0.439093484375 0.74724409375 0.42067988593749994 0.74724409375 0.42067988593749994 0.7582677171875 0.3951841359375 0.7582677171875 0.39660056718750003 0.7787401578125001 0.44192634531249997 0.7787401578125001
6 0.4716713875 0.7755905515625 0.45325779062500005 0.7755905515625 0.45325779062500005 0.7866141734375 0.4716713875 0.7866141734375 0.4716713875 0.7755905515625
6 0.44475920625 0.811023621875 0.4291784703125 0.811023621875 0.4291784703125 0.95275590625 0.44475920625 0.95275590625 0.44475920625 0.811023621875
6 0.6288951843749999 0.73464566875 0.6487252125 0.73464566875 0.6501416437499999 0.687401575 0.728045325 0.6897637796875 0.7266288953125 0.7362204718750001 0.7393767703125 0.7354330703125 0.7393767703125 0.6881889765625 0.8498583562500001 0.69055118125 0.8470254953125 0.679527559375 0.6487252125 0.6779527562500001 0.64730878125 0.6307086609375 0.6288951843749999 0.6314960625 0.6288951843749999 0.73464566875
6 0.44192634531249997 0.585826771875 0.42209631718749996 0.585826771875 0.42209631718749996 0.6196850390625 0.44192634531249997 0.6196850390625 0.44192634531249997 0.585826771875
6 0.44192634531249997 0.6661417328125 0.42067988593749994 0.6661417328125 0.42067988593749994 0.7070866140625001 0.44192634531249997 0.7070866140625001 0.44192634531249997 0.6661417328125
6 0.439093484375 0.3685039375 0.41784702500000004 0.3685039375 0.41784702500000004 0.4228346453125 0.439093484375 0.4228346453125 0.439093484375 0.3685039375
6 0.5651558078125001 0.387401575 0.5453257796875 0.387401575 0.5453257796875 0.423622046875 0.5651558078125001 0.423622046875 0.5651558078125001 0.387401575
4 0.4461756375 0.22204724374999998 0.8427762046874999 0.22440944843750002 0.8399433421875001 0.0598425203125 0.4348441921875 0.0582677171875 0.437677053125 0.1976377953125 0.4461756375 0.1976377953125 0.4461756375 0.22204724374999998
6 0.43342776250000004 0.05905511875 0.41926345625000006 0.05905511875 0.41926345625000006 0.20157480312499998 0.43342776250000004 0.20157480312499998 0.43342776250000004 0.05905511875
1 0.546742209375 0.233070865625 0.44192634531249997 0.233070865625 0.44192634531249997 0.42204724374999997 0.546742209375 0.42204724374999997 0.546742209375 0.233070865625
6 0.464589234375 0.2228346453125 0.4433427765625 0.2228346453125 0.4433427765625 0.23385826718749997 0.464589234375 0.23385826718749997 0.464589234375 0.2228346453125
6 0.8441926343749999 0.22440944843750002 0.519830028125 0.22440944843750002 0.519830028125 0.23464566874999998 0.8413597734374999 0.23464566874999998 0.8441926343749999 0.22440944843750002
4 0.400647509375 0.4229471328125 0.4168352890625 0.4229471328125 0.41885876250000004 0.3217097859375 0.09712666875 0.3172103484375 0.09510319843750001 0.4859392578125 0.4026709828125 0.48931383593750005 0.400647509375 0.4229471328125
6 0.09490085000000001 0.317322834375 0.41926345625000006 0.3188976375 0.41926345625000006 0.3275590546875 0.440509915625 0.326771653125 0.439093484375 0.29685039375 0.41926345625000006 0.29685039375 0.41926345625000006 0.3086614171875 0.09490085000000001 0.3055118109375 0.09490085000000001 0.317322834375
0 0.8399433421875001 0.236220471875 0.7407932015625 0.236220471875 0.7407932015625 0.30944881875 0.8399433421875001 0.30944881875 0.8399433421875001 0.236220471875
4 0.4164305953125 0.24960629843749998 0.386685553125 0.24881889687499997 0.385269121875 0.1992125984375 0.41784702500000004 0.1992125984375 0.41784702500000004 0.0598425203125 0.100566571875 0.0598425203125 0.09348441874999999 0.3039370078125 0.41926345625000006 0.3055118109375 0.4164305953125 0.24960629843749998
4 0.8413597734374999 0.3188976375 0.56798866875 0.3188976375 0.56798866875 0.423622046875 0.8413597734374999 0.423622046875 0.8413597734374999 0.3188976375
1 0.6288951843749999 0.588976378125 0.4461756375 0.588976378125 0.4461756375 0.7755905515625 0.6288951843749999 0.7755905515625 0.6288951843749999 0.588976378125
4 0.8399433421875001 0.5897637796875 0.6515580734374999 0.5897637796875 0.6515580734374999 0.6779527562500001 0.8399433421875001 0.6779527562500001 0.8399433421875001 0.5897637796875
0 0.7195467421874999 0.688976378125 0.6515580734374999 0.688976378125 0.6515580734374999 0.7755905515625 0.7195467421874999 0.7755905515625 0.7195467421874999 0.688976378125
0 0.8441926343749999 0.6897637796875 0.74220963125 0.6897637796875 0.74220963125 0.77795275625 0.8441926343749999 0.77795275625 0.8441926343749999 0.6897637796875