5 0.936388509375 0.13531353125 0.8399452796875 0.13531353125 0.8399452796875 0.38547854843749996 0.936388509375 0.38547854843749996 0.936388509375 0.13531353125
6 0.9309165531250001 0.3009900984375 0.936388509375 0.301650165625 0.936388509375 0.13069306875 0.8385772906250001 0.130033003125 0.8406292750000001 0.13531353125 0.9302325578125 0.13531353125 0.9309165531250001 0.3009900984375
4 0.82421340625 0.060066006250000005 0.4986320109375 0.060066006250000005 0.4986320109375 0.394719471875 0.82421340625 0.394719471875 0.82421340625 0.060066006250000005
3 0.480848153125 0.3155115515625 0.4986320109375 0.31617161718750003 0.49794801718750004 0.060066006250000005 0.8228454171875 0.059405940625 0.8235294124999999 0.1386138609375 0.8399452796875 0.1386138609375 0.8399452796875 0.044224421874999996 0.43980848124999994 0.043564356250000005 0.4391244875 0.058745875 0.48221614218750003 0.060066006250000005 0.480848153125 0.3155115515625
7 0.8385772906250001 0.20264026406250002 0.82421340625 0.20264026406250002 0.82421340625 0.3009900984375 0.8385772906250001 0.3009900984375 0.8385772906250001 0.20264026406250002
5 0.48358413125000005 0.059405940625 0.32284541718750004 0.059405940625 0.32284541718750004 0.3056105609375 0.48358413125000005 0.3056105609375 0.48358413125000005 0.059405940625
7 0.43980848124999994 0.043564356250000005 0.36525307812499996 0.043564356250000005 0.36525307812499996 0.060066006250000005 0.43980848124999994 0.060066006250000005 0.43980848124999994 0.043564356250000005
7 0.8385772906250001 0.4884488453125 0.8235294124999999 0.4884488453125 0.8235294124999999 0.5867986796875 0.8385772906250001 0.5867986796875 0.8385772906250001 0.4884488453125
7 0.656634746875 0.8481848187500001 0.5841313265625 0.8481848187500001 0.5841313265625 0.8646864687500001 0.656634746875 0.8646864687500001 0.656634746875 0.8481848187500001
7 0.7373461015625 0.8488448843749999 0.6655266765625 0.8488448843749999 0.6655266765625 0.864026403125 0.7373461015625 0.864026403125 0.7373461015625 0.8488448843749999
2 0.5 0.5584158421875001 0.4986320109375 0.5280528046875 0.5259917921875 0.5273927390625001 0.52735978125 0.5227722765625 0.50068399375 0.5214521453125001 0.4986320109375 0.4884488453125 0.4815321484375 0.4891089109375 0.478112175 0.5207920796875001 0.458276334375 0.5207920796875001 0.45554035624999994 0.5280528046875 0.48221614218750003 0.5273927390625001 0.4794801640625 0.5597359734375 0.5 0.5584158421875001
1 0.0875513 0.858745875 0.3125855 0.8594059406250001 0.31326949375 0.8541254125 0.3235294125 0.854785478125 0.3221614234375 0.8633663359374999 0.4829001375 0.8627062703125 0.4815321484375 0.74719471875 0.085499315625 0.746534653125 0.0834473328125 0.854785478125 0.0875513 0.854785478125 0.0875513 0.858745875
6 0.3112175109375 0.8554455453124999 0.3119015046875 0.86006600625 0.0875513 0.8594059406250001 0.0875513 0.854785478125 0.0834473328125 0.854785478125 0.0841313265625 0.74719471875 0.0779753765625 0.746534653125 0.079343365625 0.8646864687500001 0.32284541718750004 0.864026403125 0.3221614234375 0.8554455453124999 0.3112175109375 0.8554455453124999
5 0.48563611562500003 0.8620462046874999 0.32079343437499996 0.8620462046874999 0.32079343437499996 0.9491749171875 0.48563611562500003 0.9491749171875 0.48563611562500003 0.8620462046874999
2 0.39603283125 0.77293729375 0.40492476093749996 0.773597359375 0.404240765625 0.7485148515625 0.4439124484375 0.746534653125 0.4439124484375 0.7313531359375001 0.40492476093749996 0.728712871875 0.4076607390625 0.707590759375 0.3974008203125 0.7069306937500001 0.3994528046875 0.7306930687500001 0.3625171 0.7306930687500001 0.36183310468749996 0.7498349828124999 0.398084815625 0.7498349828124999 0.39603283125 0.77293729375
3 0.32421340625 0.7306930687500001 0.3235294125 0.6818481843749999 0.30642954843750003 0.6825082515625 0.3057455546875 0.7313531359375001 0.09507523906250001 0.7306930687500001 0.09439124531250001 0.5689768984375 0.095759234375 0.45940594062500006 0.0779753765625 0.46006600625000005 0.079343365625 0.7458745875 0.3625171 0.7458745875 0.36320109375 0.730033003125 0.32421340625 0.7306930687500001
2 0.2811217515625 0.6508250828125 0.3030095765625 0.6501650171875 0.30437756562499996 0.6831683171875 0.326949384375 0.6831683171875 0.326949384375 0.6495049500000001 0.34883720937499996 0.6514851484374999 0.3474692203125 0.642244225 0.3248974015625 0.6409240921875 0.3235294125 0.611221121875 0.305061559375 0.6118811875 0.30437756562499996 0.644224421875 0.2790697671875 0.644224421875 0.2811217515625 0.6508250828125
1 0.4815321484375 0.5709570953124999 0.32421340625 0.5709570953124999 0.32421340625 0.7306930687500001 0.4815321484375 0.7306930687500001 0.4815321484375 0.5709570953124999
2 0.3994528046875 0.5953795375000001 0.40492476093749996 0.5953795375000001 0.404240765625 0.5716171609375 0.44322845468749994 0.572277228125 0.44322845468749994 0.557095709375 0.40492476093749996 0.55643564375 0.40629275 0.5326732671875 0.40013679843750005 0.5326732671875 0.3994528046875 0.5584158421875001 0.36320109375 0.55643564375 0.3625171 0.5716171609375 0.40013679843750005 0.5702970296875 0.3994528046875 0.5953795375000001
2 0.3057455546875 0.47656765625 0.305061559375 0.5095709578125 0.3235294125 0.5102310234375 0.3248974015625 0.47656765625 0.3502051984375 0.47656765625 0.3481532140625 0.4686468640625 0.3235294125 0.46930693124999995 0.32284541718750004 0.438283828125 0.3057455546875 0.438283828125 0.3057455546875 0.4686468640625 0.2811217515625 0.471287128125 0.2811217515625 0.47656765625 0.3057455546875 0.47656765625
2 0.458276334375 0.34323432343750004 0.4575923390625 0.3544554453125 0.480164159375 0.352475246875 0.480848153125 0.3861386140625 0.49794801718750004 0.3861386140625 0.49931600625000006 0.3537953796875 0.5239398078125 0.352475246875 0.5239398078125 0.34785478593749997 0.5 0.34785478593749997 0.4986320109375 0.31419141875 0.480164159375 0.3155115515625 0.480848153125 0.345214521875 0.458276334375 0.34323432343750004
2 0.28043775625 0.3339934 0.28043775625 0.3419141921875 0.30437756562499996 0.3419141921875 0.3036935703125 0.372277228125 0.3235294125 0.373597359375 0.3248974015625 0.34125412499999996 0.3502051984375 0.3425742578125 0.35225718125 0.3366336640625 0.3235294125 0.33531353125 0.32421340625 0.30231023125 0.30437756562499996 0.302970296875 0.30437756562499996 0.3339934 0.28043775625 0.3339934
3 0.09507523906250001 0.058745875 0.305061559375 0.059405940625 0.30642954843750003 0.3036303625 0.3235294125 0.302970296875 0.32421340625 0.058745875 0.365937071875 0.060066006250000005 0.36525307812499996 0.043564356250000005 0.0786593703125 0.042904290625 0.0779753765625 0.155775578125 0.09507523906250001 0.157095709375 0.09507523906250001 0.058745875
7 0.09439124531250001 0.155775578125 0.0786593703125 0.155775578125 0.0786593703125 0.2541254125 0.09439124531250001 0.2541254125 0.09439124531250001 0.155775578125
7 0.095759234375 0.411221121875 0.0786593703125 0.411221121875 0.0786593703125 0.46072607187500003 0.095759234375 0.46072607187500003 0.095759234375 0.411221121875
2 0.82421340625 0.1762376234375 0.8228454171875 0.20462046250000002 0.8419972640625 0.205280528125 0.8419972640625 0.17161716093749999 0.8673050609375 0.17293729375 0.8673050609375 0.167656765625 0.8413132687499999 0.166336634375 0.8413132687499999 0.1366336640625 0.8228454171875 0.1366336640625 0.8235294124999999 0.167656765625 0.799589603125 0.167656765625 0.7982216140625 0.1762376234375 0.82421340625 0.1762376234375
3 0.49726402187499996 0.384158415625 0.48221614218750003 0.384158415625 0.480848153125 0.4891089109375 0.4986320109375 0.48976897656249996 0.49794801718750004 0.40858085781250003 0.49794801718750004 0.394719471875 0.49726402187499996 0.384158415625
3 0.0779753765625 0.253465346875 0.0779753765625 0.411221121875 0.09439124531250001 0.411221121875 0.09439124531250001 0.25280528125 0.0779753765625 0.253465346875
3 0.32284541718750004 0.508910890625 0.30711354375 0.508910890625 0.30711354375 0.6118811875 0.32284541718750004 0.6118811875 0.32284541718750004 0.508910890625
3 0.8385772906250001 0.3009900984375 0.8235294124999999 0.3009900984375 0.8235294124999999 0.49042904218750005 0.8385772906250001 0.49042904218750005 0.8385772906250001 0.3009900984375
4 0.8228454171875 0.4072607265625 0.49931600625000006 0.4072607265625 0.49931600625000006 0.847524753125 0.8228454171875 0.847524753125 0.8228454171875 0.4072607265625
3 0.7373461015625 0.864026403125 0.8392612859374999 0.864026403125 0.8406292750000001 0.5867986796875 0.82421340625 0.5854785484375 0.8221614234375 0.8481848187500001 0.738714090625 0.8481848187500001 0.7373461015625 0.864026403125
3 0.6662106703124999 0.8488448843749999 0.6559507531250001 0.8488448843749999 0.6559507531250001 0.864026403125 0.6662106703124999 0.864026403125 0.6662106703124999 0.8488448843749999
3 0.49794801718750004 0.8488448843749999 0.49794801718750004 0.5584158421875001 0.48221614218750003 0.5577557750000001 0.48221614218750003 0.8646864687500001 0.5841313265625 0.865346534375 0.5841313265625 0.8481848187500001 0.49794801718750004 0.8488448843749999
3 0.4829001375 0.7313531359375001 0.44322845468749994 0.7313531359375001 0.44322845468749994 0.746534653125 0.4829001375 0.746534653125 0.4829001375 0.7313531359375001
6 0.48221614218750003 0.5584158421875001 0.442544459375 0.5584158421875001 0.442544459375 0.5689768984375 0.48221614218750003 0.5689768984375 0.48221614218750003 0.5584158421875001
6 0.3625171 0.5584158421875001 0.32284541718750004 0.5584158421875001 0.32284541718750004 0.5696369640625 0.3625171 0.5696369640625 0.3625171 0.5584158421875001
4 0.3057455546875 0.5696369640625 0.09507523906250001 0.5696369640625 0.09507523906250001 0.7313531359375001 0.3057455546875 0.7313531359375001 0.3057455546875 0.5696369640625
6 0.30711354375 0.5590759078125 0.095759234375 0.5590759078125 0.095759234375 0.5689768984375 0.30711354375 0.5689768984375 0.30711354375 0.5590759078125
6 0.82421340625 0.39405940625 0.4986320109375 0.39405940625 0.4986320109375 0.4072607265625 0.82421340625 0.4072607265625 0.82421340625 0.39405940625
4 0.30642954843750003 0.39735973593749996 0.096443228125 0.39735973593749996 0.096443228125 0.557095709375 0.30642954843750003 0.557095709375 0.30642954843750003 0.39735973593749996
6 0.30711354375 0.38481848125 0.095759234375 0.38481848125 0.095759234375 0.3966996703125 0.30711354375 0.3966996703125 0.30711354375 0.38481848125
3 0.3235294125 0.37293729375 0.30711354375 0.37293729375 0.30711354375 0.438283828125 0.3235294125 0.438283828125 0.3235294125 0.37293729375
1 0.4829001375 0.30231023125 0.32421340625 0.30231023125 0.32421340625 0.5590759078125 0.4829001375 0.5590759078125 0.4829001375 0.30231023125
4 0.30642954843750003 0.059405940625 0.09507523906250001 0.059405940625 0.09507523906250001 0.384158415625 0.30642954843750003 0.384158415625 0.30642954843750003 0.059405940625