4 0.8685567015625001 0.2833146703125 0.9426546390625001 0.2821948484375 0.9426546390625001 0.0772676375 0.748711340625 0.0783874578125 0.74677835 0.32362821875000003 0.86920103125 0.3225083984375 0.8685567015625001 0.2833146703125
7 0.864690721875 0.07166853281249999 0.864690721875 0.036954087499999996 0.8621134015624999 0.034714445312499995 0.780927834375 0.035834267187500005 0.7802835046875 0.07390817499999999 0.782860825 0.076147815625 0.8595360828124999 0.076147815625 0.864690721875 0.07166853281249999
4 0.7371134015624999 0.0783874578125 0.5676546390625 0.0783874578125 0.5676546390625 0.321388578125 0.7371134015624999 0.321388578125 0.7371134015624999 0.0783874578125
7 0.682989690625 0.07166853281249999 0.682989690625 0.0380739078125 0.6804123718749999 0.035834267187500005 0.5992268046875 0.036954087499999996 0.5998711343750001 0.0750279953125 0.66688144375 0.076147815625 0.68170103125 0.0750279953125 0.682989690625 0.07166853281249999
5 0.5581507734375 0.079781634375 0.4421713921875 0.079781634375 0.4421713921875 0.375134378125 0.5581507734375 0.375134378125 0.5581507734375 0.079781634375
7 0.5219072171875 0.035834267187500005 0.47744845312499995 0.036954087499999996 0.4780927828125 0.0750279953125 0.5238402062499999 0.07278835312500001 0.5244845359375 0.0391937296875 0.5219072171875 0.035834267187500005
4 0.43427835000000004 0.0772676375 0.2867268046875 0.0772676375 0.2867268046875 0.32474804062499996 0.43427835000000004 0.32474804062499996 0.43427835000000004 0.0772676375
7 0.32152061875000004 0.036954087499999996 0.3221649484375 0.0750279953125 0.40463917499999996 0.0750279953125 0.40399484531249996 0.035834267187500005 0.32152061875000004 0.036954087499999996
4 0.2757731953125 0.0772676375 0.0631443296875 0.0772676375 0.0631443296875 0.321388578125 0.2757731953125 0.321388578125 0.2757731953125 0.0772676375
7 0.2242268046875 0.035834267187500005 0.1404639171875 0.035834267187500005 0.1398195875 0.07278835312500001 0.1423969078125 0.076147815625 0.2247100515625 0.07698768125 0.2242268046875 0.035834267187500005
7 0.0393041234375 0.12653975312500002 0.0393041234375 0.26987682031250004 0.0573453609375 0.270996640625 0.057989690625 0.12653975312500002 0.0393041234375 0.12653975312500002
7 0.05670103125 0.5475923859375 0.0405927828125 0.5464725640625 0.0393041234375 0.6931690921875 0.059600515624999996 0.6956886890625 0.0586340203125 0.55207166875 0.05670103125 0.5475923859375
7 0.09278350468749999 0.7614781640625 0.09342783437499999 0.7984322515625 0.1759020625 0.796192609375 0.17525773125 0.7603583421875 0.09278350468749999 0.7614781640625
7 0.3052512890625 0.7586786109375 0.22036082499999998 0.7614781640625 0.2197164953125 0.7950727890625 0.2198775765625 0.8006718921875 0.3044458765625 0.80207166875 0.3052512890625 0.7586786109375
7 0.7003865984375001 0.7603583421875 0.7003865984375001 0.7984322515625 0.784149484375 0.7973124296874999 0.782860825 0.759238521875 0.7003865984375001 0.7603583421875
7 0.912371134375 0.7939529671875001 0.9110824750000001 0.7614781640625 0.8286082468749999 0.7614781640625 0.8292525765625 0.7984322515625 0.8923969078124999 0.799552071875 0.9110824750000001 0.7984322515625 0.912371134375 0.7939529671875001
7 0.9426546390625001 0.571108621875 0.9426546390625001 0.715565509375 0.962628865625 0.7178051515625 0.9645618562499999 0.5733482640625 0.9426546390625001 0.571108621875
7 0.9426546390625001 0.129899215625 0.9426546390625001 0.27435610312500003 0.962628865625 0.2754759234375 0.9639175249999999 0.1321388578125 0.9426546390625001 0.129899215625
3 0.138530928125 0.07698768125 0.139336340625 0.037793953125 0.040753865625 0.036954087499999996 0.040753865625 0.123180290625 0.061211340625 0.123180290625 0.062016753125000004 0.07698768125 0.138530928125 0.07698768125
6 0.3382731953125 0.32474804062499996 0.28479381406250004 0.32362821875000003 0.28543814375 0.0750279953125 0.276417525 0.0750279953125 0.276417525 0.32362821875000003 0.22100515468749998 0.32362821875000003 0.22036082499999998 0.3393057109375 0.338917525 0.33818589062500004 0.3382731953125 0.32474804062499996
3 0.3221649484375 0.034999999999999996 0.22551546406249998 0.034999999999999996 0.22551546406249998 0.07559350468750001 0.3221649484375 0.07559350468750001 0.3221649484375 0.034999999999999996
3 0.4776095359375 0.0349944015625 0.406733246875 0.0349944015625 0.406733246875 0.07698768125 0.4776095359375 0.07698768125 0.4776095359375 0.0349944015625
3 0.6000354375 0.0349944015625 0.5251320875000001 0.0349944015625 0.5251320875000001 0.07698768125 0.6000354375 0.07698768125 0.6000354375 0.0349944015625
6 0.7371134015624999 0.076147815625 0.7371134015624999 0.3225083984375 0.66688144375 0.3225083984375 0.66688144375 0.33818589062500004 0.8015463921875 0.3393057109375 0.8015463921875 0.3258678609375 0.745489690625 0.3258678609375 0.7461340203125 0.0772676375 0.7371134015624999 0.076147815625
3 0.781253221875 0.034999999999999996 0.6837983249999999 0.034999999999999996 0.6837983249999999 0.07559350468750001 0.781253221875 0.07559350468750001 0.781253221875 0.034999999999999996
1 0.03946520625 0.3023516234375 0.0008054125000000001 0.3023516234375 0.0008054125000000001 0.45632698749999995 0.03946520625 0.45632698749999995 0.03946520625 0.3023516234375
3 0.060405928124999994 0.2729563265625 0.03946520625 0.2729563265625 0.03946520625 0.3653415453125 0.060405928124999994 0.3653415453125 0.060405928124999994 0.2729563265625
3 0.060405928124999994 0.4241321390625 0.03946520625 0.4241321390625 0.03946520625 0.5501119828125 0.060405928124999994 0.5501119828125 0.060405928124999994 0.4241321390625
3 0.21988079843750002 0.7600783875 0.17719394375 0.7600783875 0.17719394375 0.7992721171875 0.21988079843750002 0.7992721171875 0.21988079843750002 0.7600783875
3 0.4453962625 0.7586786109375 0.3060599234375 0.7586786109375 0.3060599234375 0.8006718921875 0.4453962625 0.8006718921875 0.4453962625 0.7586786109375
3 0.700711984375 0.7600839859375 0.5597648203125 0.7600839859375 0.5597648203125 0.8006774921875 0.700711984375 0.8006774921875 0.700711984375 0.7600839859375
3 0.8279639171875001 0.7600783875 0.78447165 0.7600783875 0.78447165 0.7992721171875 0.8279639171875001 0.7992721171875 0.8279639171875001 0.7600783875
3 0.0926224234375 0.7586786109375 0.060405928124999994 0.7600783875 0.060405928124999994 0.697088465625 0.03865979375 0.6956886890625 0.03865979375 0.8006718921875 0.0918170109375 0.8034714453125 0.0926224234375 0.7586786109375
3 0.9423324750000001 0.12737961874999998 0.9648840203125 0.12737961874999998 0.9640786078125 0.033594625 0.8650128859375 0.0349944015625 0.8658182984374999 0.07558790625 0.9423324750000001 0.07698768125 0.9423324750000001 0.12737961874999998
3 0.9640818296875 0.275761478125 0.9439465203124999 0.275761478125 0.9439465203124999 0.5683146703124999 0.9640818296875 0.5683146703124999 0.9640818296875 0.275761478125
3 0.913337628125 0.8034714453125 0.9656894328125001 0.8034714453125 0.9648840203125 0.71808510625 0.9423324750000001 0.71808510625 0.9423324750000001 0.7600783875 0.913337628125 0.7600783875 0.913337628125 0.8034714453125
1 0.594072165625 0.341545353125 0.5599226796875 0.3426651734375 0.55927835 0.378499440625 0.44072164999999996 0.378499440625 0.44072164999999996 0.3426651734375 0.40786082500000004 0.341545353125 0.40721649531250004 0.3829787234375 0.39626288593750003 0.38073908125 0.39626288593750003 0.3393057109375 0.0618556703125 0.34042553125 0.061211340625 0.4535274359375 0.072809278125 0.45240761406249996 0.07474226875 0.4591265390625 0.8704896906249999 0.45800671875 0.8704896906249999 0.3426651734375 0.6063144328125001 0.3426651734375 0.6076030921875 0.3829787234375 0.5947164953125 0.3829787234375 0.594072165625 0.341545353125
2 0.66688144375 0.3247536390625 0.6362757734375 0.3247536390625 0.6362757734375 0.3401511765625 0.66688144375 0.3401511765625 0.66688144375 0.3247536390625
2 0.8319909796875 0.32474804062499996 0.8013853093750001 0.32474804062499996 0.8013853093750001 0.3387458 0.8319909796875 0.3387458 0.8319909796875 0.32474804062499996
6 0.8485824750000001 0.47592385156250006 0.9297680406250001 0.47592385156250006 0.9310567015625001 0.4591265390625 0.8801546390625001 0.4591265390625 0.8801546390625001 0.4098544234375 0.8711340203125 0.4098544234375 0.8704896906249999 0.46024636093750004 0.8492268046874999 0.4591265390625 0.8485824750000001 0.47592385156250006
2 0.8795103093750001 0.361147815625 0.8698453609374999 0.361147815625 0.8698453609374999 0.41013997812499997 0.8795103093750001 0.41013997812499997 0.8795103093750001 0.361147815625
4 0.9426546390625001 0.48600223906249995 0.9310567015625001 0.48712206093750005 0.930412371875 0.4792833140625 0.813788659375 0.47816349375 0.8144329890625001 0.7581187015624999 0.9420103093750001 0.759238521875 0.9426546390625001 0.48600223906249995
2 0.8489078609374999 0.460531915625 0.8191076031250001 0.460531915625 0.8191076031250001 0.4759294515625 0.8489078609374999 0.4759294515625 0.8489078609374999 0.460531915625
4 0.8028350515625 0.4770436734375 0.7351804125 0.47592385156250006 0.7358247421875 0.48712206093750005 0.717139175 0.48600223906249995 0.7152061859375001 0.47592385156250006 0.6288659796875 0.4792833140625 0.6275773203125 0.4893617015625 0.6224226796875 0.49048152343750007 0.6211340203125 0.7581187015624999 0.802190721875 0.759238521875 0.8028350515625 0.4770436734375
2 0.6958795109375 0.460531915625 0.666079253125 0.460531915625 0.666079253125 0.4759294515625 0.6958795109375 0.4759294515625 0.6958795109375 0.460531915625
4 0.6101804125 0.47592385156250006 0.3969072171875 0.47592385156250006 0.3969072171875 0.7603583421875 0.6101804125 0.7603583421875 0.6101804125 0.47592385156250006
2 0.5202963921875 0.4619260921875 0.484858246875 0.4619260921875 0.484858246875 0.47592385156250006 0.5202963921875 0.47592385156250006 0.5202963921875 0.4619260921875
4 0.38659793750000004 0.48600223906249995 0.3775773203125 0.48600223906249995 0.3775773203125 0.4770436734375 0.2893041234375 0.4770436734375 0.289948453125 0.4893617015625 0.2699742265625 0.4893617015625 0.2699742265625 0.47816349375 0.2003865984375 0.4770436734375 0.2003865984375 0.7614781640625 0.3878865984375 0.7581187015624999 0.38659793750000004 0.48600223906249995
6 0.3073453609375 0.46136618125 0.28865979375 0.46136618125 0.28865979375 0.47480403125 0.3073453609375 0.47480403125 0.3073453609375 0.46136618125
2 0.3382731953125 0.460531915625 0.307667525 0.460531915625 0.307667525 0.4759294515625 0.3382731953125 0.4759294515625 0.3382731953125 0.460531915625
4 0.076030928125 0.48824188125 0.061211340625 0.48712206093750005 0.0618556703125 0.759238521875 0.1900773203125 0.759238521875 0.1900773203125 0.47592385156250006 0.0753865984375 0.47816349375 0.076030928125 0.48824188125
2 0.15947165000000002 0.4619260921875 0.1304768046875 0.4619260921875 0.1304768046875 0.47592385156250006 0.15947165000000002 0.47592385156250006 0.15947165000000002 0.4619260921875
2 0.21988079843750002 0.3233482640625 0.191691365625 0.3233482640625 0.191691365625 0.3401455765625 0.21988079843750002 0.3401455765625 0.21988079843750002 0.3233482640625
2 0.368076675 0.326147815625 0.3382764171875 0.326147815625 0.3382764171875 0.3401455765625 0.368076675 0.3401455765625 0.368076675 0.326147815625
2 0.0612145625 0.36534714375 0.039468428124999996 0.36534714375 0.039468428124999996 0.4227379625 0.0612145625 0.4227379625 0.0612145625 0.36534714375
1 0.563788659375 0.9787234046875 0.6494845359375 0.8645016796875 0.6501288656249999 0.8006718921875 0.3582474234375 0.8017917140625 0.3576030921875 0.8656214999999999 0.4426546390625 0.9787234046875 0.563788659375 0.9787234046875
6 0.57474226875 1 0.6643041234375 0.8801791718749999 0.664948453125 0.802911534375 0.6501288656249999 0.8017917140625 0.6501288656249999 0.866741321875 0.563788659375 0.979843225 0.4426546390625 0.9809630453124999 0.3576030921875 0.866741321875 0.3582474234375 0.802911534375 0.34278350468749996 0.802911534375 0.34278350468749996 0.8779395296875 0.43427835000000004 1 0.57474226875 1
2 0.5597648203125 0.7586842109374999 0.446201675 0.7586842109374999 0.446201675 0.7992777156249999 0.5597648203125 0.7992777156249999 0.5597648203125 0.7586842109374999
6 0.19168814375 0.3233482640625 0.061211340625 0.3233482640625 0.061211340625 0.3401455765625 0.19168814375 0.3401455765625 0.19168814375 0.3233482640625
6 0 0.3009518484375 0.03865979375 0.3009518484375 0.03865979375 0.2841545359375 0 0.2841545359375 0 0.3009518484375
6 0.037857603125 0.4577267640625 0.000003221875 0.4577267640625 0.000003221875 0.47452407656249995 0.037857603125 0.47452407656249995 0.037857603125 0.4577267640625
3 0.074101159375 0.452127659375 0.06040915 0.452127659375 0.06040915 0.485722284375 0.074101159375 0.485722284375 0.074101159375 0.452127659375
3 0.28833762812499997 0.4535274359375 0.27061855625 0.4535274359375 0.27061855625 0.48712206093750005 0.28833762812499997 0.48712206093750005 0.28833762812499997 0.4535274359375
3 0.39626288593750003 0.4535274359375 0.37854381406250004 0.4535274359375 0.37854381406250004 0.4843225078125 0.39626288593750003 0.4843225078125 0.39626288593750003 0.4535274359375
6 0.6198453609375 0.48824188125 0.611469071875 0.48824188125 0.611469071875 0.7614781640625 0.6198453609375 0.7614781640625 0.6198453609375 0.48824188125
3 0.6258054125 0.4535274359375 0.608086340625 0.4535274359375 0.608086340625 0.48712206093750005 0.6258054125 0.48712206093750005 0.6258054125 0.4535274359375
6 0.715850515625 0.46136618125 0.6965206187499999 0.46136618125 0.6965206187499999 0.47480403125 0.715850515625 0.47480403125 0.715850515625 0.46136618125
3 0.7345360828125 0.45353303437500003 0.7168170109374999 0.45353303437500003 0.7168170109374999 0.48292833125 0.7345360828125 0.48292833125 0.7345360828125 0.45353303437500003
3 0.9431378859375 0.4535274359375 0.9302512890625 0.4535274359375 0.9302512890625 0.4843225078125 0.9431378859375 0.4843225078125 0.9431378859375 0.4535274359375
6 0.8319909796875 0.341545353125 0.8706507734375 0.3401455765625 0.8698453609374999 0.36254199374999996 0.8795103093750001 0.36254199374999996 0.880315721875 0.3023516234375 0.9431378859375 0.3023516234375 0.9431378859375 0.2841545359375 0.8698453609374999 0.2855543109375 0.8706507734375 0.32474804062499996 0.8319909796875 0.32474804062499996 0.8319909796875 0.341545353125
6 0.557989690625 0.0772676375 0.557989690625 0.3393057109375 0.595360825 0.3393057109375 0.595360825 0.38073908125 0.605670103125 0.38073908125 0.6050257734375 0.34042553125 0.6365979375 0.34042553125 0.6359536078125 0.3225083984375 0.5663659796875 0.32474804062499996 0.5663659796875 0.0783874578125 0.557989690625 0.0772676375
6 0.8034793812500001 0.47480403125 0.8034793812500001 0.759238521875 0.8131443296875001 0.7603583421875 0.813788659375 0.47592385156250006 0.819587628125 0.4770436734375 0.8189432984374999 0.46024636093750004 0.7351804125 0.46136618125 0.7351804125 0.47592385156250006 0.8034793812500001 0.47480403125
6 0.6662371140625 0.46136618125 0.626288659375 0.46136618125 0.626288659375 0.47592385156250006 0.6662371140625 0.47592385156250006 0.6662371140625 0.46136618125
6 0.3969072171875 0.48488241875 0.3878865984375 0.48488241875 0.3878865984375 0.7581187015624999 0.3969072171875 0.7581187015624999 0.3969072171875 0.48488241875
6 0.6069587624999999 0.46248600156249997 0.52061855625 0.46248600156249997 0.52061855625 0.47480403125 0.6069587624999999 0.47480403125 0.6069587624999999 0.46248600156249997
6 0.4851804125 0.46024636093750004 0.3969072171875 0.46024636093750004 0.3969072171875 0.47480403125 0.4851804125 0.47480403125 0.4851804125 0.46024636093750004
6 0.3775773203125 0.46136618125 0.338917525 0.46136618125 0.338917525 0.47480403125 0.3775773203125 0.47480403125 0.3775773203125 0.46136618125
6 0.1301546390625 0.46024636093750004 0.0740979375 0.46024636093750004 0.0740979375 0.47480403125 0.1301546390625 0.47480403125 0.1301546390625 0.46024636093750004
6 0.1913659796875 0.759238521875 0.2003865984375 0.7603583421875 0.2003865984375 0.47592385156250006 0.26868556718750003 0.47480403125 0.27061855625 0.46024636093750004 0.159149484375 0.4591265390625 0.159149484375 0.47592385156250006 0.1913659796875 0.47480403125 0.1913659796875 0.759238521875
6 0.397551546875 0.3796192609375 0.405927834375 0.3796192609375 0.406572165625 0.3393057109375 0.4426546390625 0.3393057109375 0.44201030937499997 0.076147815625 0.4349226796875 0.0772676375 0.43556701093749994 0.32474804062499996 0.36855670156250003 0.32474804062499996 0.367268040625 0.3393057109375 0.397551546875 0.33818589062500004 0.397551546875 0.3796192609375
4 0.9426546390625001 0.3034714453125 0.8814432984374999 0.3034714453125 0.8814432984374999 0.4557670765625 0.9426546390625001 0.4557670765625 0.9426546390625001 0.3034714453125