7 0.1403428578125 0.2784640515625 0.07451428593750001 0.2784640515625 0.07451428593750001 0.41630718906249997 0.1403428578125 0.41630718906249997 0.1403428578125 0.2784640515625
7 0.323 0.72607843125 0.2397428578125 0.72607843125 0.2397428578125 0.8042483656250001 0.323 0.8042483656250001 0.323 0.72607843125
7 0.5316571421875 0.72323529375 0.407428571875 0.72323529375 0.407428571875 0.8042156859375 0.5316571421875 0.8042156859375 0.5316571421875 0.72323529375
7 0.8099142859375 0.8141503265625 0.730428571875 0.8141503265625 0.730428571875 0.8951307187499999 0.8099142859375 0.8951307187499999 0.8099142859375 0.8141503265625
1 0.5913043484375 0.4475703328125 0.6223602453125 0.44899118906249996 0.6223602453125 0.5726058562499999 0.6993788796875 0.56692241875 0.6956521718750001 0.3324808171875 0.788819875 0.3296391046875 0.7900621140624999 0.2017618625 0.6298136624999999 0.203182725 0.6298136624999999 0.21881216406249998 0.5763975140625 0.21881216406249998 0.5763975140625 0.20034100625 0.388819875 0.19892015000000002 0.3950310578125 0.288434215625 0.5913043484375 0.28985507187500004 0.5913043484375 0.4475703328125
2 0.6534161484375 0.21597044375 0.674534159375 0.21881216406249998 0.67826086875 0.19892015000000002 0.704347828125 0.20034100625 0.704347828125 0.1435066796875 0.6708074515625 0.14492753593750002 0.6708074515625 0.1250355234375 0.650931675 0.1250355234375 0.6521739140625 0.14492753593750002 0.6236024859375 0.14492753593750002 0.6260869546875 0.203182725 0.6521739140625 0.2017618625 0.6534161484375 0.21597044375
2 0.3465838515625 0.2614379078125 0.36397515468749997 0.25859618906250004 0.36397515468749997 0.29695936562499997 0.3900621140625 0.29695936562499997 0.3925465828125 0.2614379078125 0.40869565156250004 0.25859618906250004 0.40745341718750006 0.2372833203125 0.3913043484375 0.23870417656249998 0.388819875 0.1974992875 0.366459628125 0.1974992875 0.3627329203125 0.2372833203125 0.3465838515625 0.24012503281250003 0.3465838515625 0.2614379078125
4 0.601242234375 0.5385052546875 0.5627329203125 0.5385052546875 0.5614906859375 0.32111395468750004 0.3913043484375 0.3168513796875 0.3913043484375 0.7189542484375 0.601242234375 0.7203751046875 0.601242234375 0.5385052546875
2 0.5267080749999999 0.3339016796875 0.525465840625 0.3168513796875 0.55155279375 0.3182722359375 0.550310559375 0.294117646875 0.5242236 0.295538503125 0.5242236 0.277067346875 0.5031055890625 0.27848820937499996 0.504347828125 0.292696790625 0.477018634375 0.292696790625 0.477018634375 0.3239556671875 0.504347828125 0.32111395468750004 0.5055900624999999 0.3381642484375 0.5267080749999999 0.3339016796875
2 0.673291925 0.403523725 0.6944099375 0.4049445875 0.6956521718750001 0.41915317031250005 0.7204968968750001 0.4219948828125 0.7204968968750001 0.3921568625 0.74037266875 0.39073600625 0.7341614921875 0.37510656249999996 0.72173913125 0.376527425 0.72173913125 0.3537936921875 0.6993788796875 0.3523728296875 0.6944099375 0.37510656249999996 0.6720496921875 0.37794828125 0.673291925 0.403523725
6 0.8621117999999999 0.42341574531250004 0.9043478281249999 0.42341574531250004 0.9031055890624999 0.2060244375 0.9279503078125 0.20744529374999998 0.9291925484375 0.13924410468749998 0.9018633546875 0.1378232484375 0.9031055890624999 0.109406078125 0.8571428578125 0.11082694062500001 0.8583850921874999 0.1435066796875 0.7055900625 0.1420858171875 0.7055900625 0.1974992875 0.8571428578125 0.194657575 0.8621117999999999 0.42341574531250004
2 0.7565217375 0.27848820937499996 0.78385093125 0.277067346875 0.782608696875 0.304063653125 0.8099378859374999 0.304063653125 0.8111801249999999 0.284171640625 0.833540371875 0.284171640625 0.8347826109375 0.2571753328125 0.8111801249999999 0.2529127578125 0.8086956515624999 0.22023302031249997 0.782608696875 0.22023302031249997 0.785093165625 0.2529127578125 0.7577639765625 0.2543336140625 0.7565217375 0.27848820937499996
2 0.677018634375 0.488775221875 0.6968944109375 0.48593350312499994 0.6981366453125 0.5143506671875 0.726708075 0.5157715234375 0.726708075 0.488775221875 0.7428571421875 0.483091784375 0.7416149078125 0.4589371953125 0.726708075 0.456095484375 0.7242236 0.4418869015625 0.7006211203125 0.43904518281250005 0.7018633546874999 0.464620634375 0.6757763999999999 0.46177891562499995 0.677018634375 0.488775221875
4 0.8360285718749999 0.6010457515625001 0.6298 0.6010457515625001 0.6298 0.8169934640625 0.8360285718749999 0.8169934640625 0.8360285718749999 0.6010457515625001
2 0.6720496921875 0.6209150328125 0.674534159375 0.6052855953125 0.7055900625 0.6024438765625 0.7055900625 0.5726058562499999 0.673291925 0.57118499375 0.674534159375 0.5399261171874999 0.64596273125 0.5413469734375 0.649689440625 0.56692241875 0.6223602453125 0.57544756875 0.6248447203125 0.6024438765625 0.6546583828125 0.6038647312500001 0.6583850921875001 0.6209150328125 0.6720496921875 0.6209150328125
2 0.6832298109375 0.9249786859375 0.7080745312500001 0.9249786859375 0.709316771875 0.8994032421875 0.7304347828125 0.9036658171875 0.7316770171875 0.8056266015625001 0.7080745312500001 0.8042057390625 0.706832296875 0.7914180203125001 0.6869565203125 0.78999715625 0.6857142859375001 0.8056266015625001 0.6521739140625 0.8070474578125 0.6534161484375 0.9065075296874999 0.6832298109375 0.9036658171875 0.6832298109375 0.9249786859375
2 0.19378881718750002 0.8226768953124999 0.2186335421875 0.8269394703125 0.21987577656249999 0.8056266015625001 0.24099378906250002 0.8084683140625 0.24099378906250002 0.7246376796875 0.21366459375 0.7232168234375 0.21366459375 0.7047456671875 0.19378881718750002 0.7033248109375 0.19378881718750002 0.7189542484375 0.16397515468749999 0.7189542484375 0.15776397656250002 0.8084683140625 0.19503105781250002 0.8098891703125 0.19378881718750002 0.8226768953124999
3 0.40745714218750007 0.7260457515625001 0.3242 0.7260457515625001 0.3242 0.8055882359375 0.40745714218750007 0.8055882359375 0.40745714218750007 0.7260457515625001
3 0.5602484453125001 0.9221369734374999 0.6347826109375 0.9249786859375 0.6347826109375 0.8979823796874999 0.6521739140625 0.9022449546875 0.650931675 0.8155726078125 0.6360248453125 0.8169934640625 0.6347826109375 0.7246376796875 0.5316770171874999 0.7232168234375 0.5316770171874999 0.8070474578125 0.5614906859375 0.8056266015625001 0.5602484453125001 0.9221369734374999
3 0.1602484453125 0.8042057390625 0.1602484453125 0.7203751046875 0.1378882 0.7203751046875 0.1416149078125 0.41489059531250005 0.0708074515625 0.41489059531250005 0.0708074515625 0.9462915625000001 0.1428571421875 0.95197499375 0.1465838515625 0.8056266015625001 0.1602484453125 0.8042057390625
3 0.140371428125 0.1179411765625 0.0670571421875 0.1179411765625 0.0670571421875 0.27709150312499997 0.140371428125 0.27709150312499997 0.140371428125 0.1179411765625
3 0.9043478281249999 0.42483660156249997 0.8633540406250001 0.42341574531250004 0.8397515546875001 0.42483660156249997 0.8385093140625001 0.8127308890625 0.812422359375 0.8141517453124999 0.8111801249999999 0.8994032421875 0.9080745312499999 0.9008240984375 0.9043478281249999 0.42483660156249997
6 0.5763975140625 0.21312873125 0.6236024859375 0.2145495875 0.6223602453125 0.109406078125 0.5801242234374999 0.107985221875 0.5801242234374999 0.1420858171875 0.1428571421875 0.1435066796875 0.1440993765625 0.19607843125 0.5801242234374999 0.19607843125 0.5763975140625 0.21312873125
6 0.807428571875 0.19607843125 0.7888 0.19607843125 0.7888 0.2202614375 0.807428571875 0.2202614375 0.807428571875 0.19607843125
0 0.858371428125 0.3580718953125 0.7217428578125 0.3580718953125 0.7217428578125 0.41918300625000005 0.858371428125 0.41918300625000005 0.858371428125 0.3580718953125
6 0.7900621140624999 0.3353225359375 0.6981366453125 0.3367433921875 0.7006211203125 0.3552145484375 0.8583850921874999 0.3552145484375 0.8571428578125 0.3324808171875 0.8086956515624999 0.3310599609375 0.8074534171875 0.308326228125 0.7900621140624999 0.302642796875 0.7900621140624999 0.3353225359375
6 0.8608695656249999 0.41773230781250004 0.7031055890625 0.42341574531250004 0.6993788796875 0.4404660390625 0.8633540406250001 0.4362034640625 0.8608695656249999 0.41773230781250004
6 0.722981365625 0.56834328125 0.722981365625 0.5157715234375 0.7018633546874999 0.5157715234375 0.7055900625 0.5981813 0.8397515546875001 0.5981813 0.8385093140625001 0.5697641375 0.722981365625 0.56834328125
6 0.55155279375 0.291275928125 0.552795028125 0.3168513796875 0.566459628125 0.3182722359375 0.5639751546875 0.5385052546875 0.602484475 0.5356635421875 0.602484475 0.7203751046875 0.6211180109375001 0.7246376796875 0.6211180109375001 0.4518329078125 0.58633540625 0.4504120453125 0.588819875 0.294117646875 0.55155279375 0.291275928125
6 0.477018634375 0.3154305234375 0.474534159375 0.28985507187500004 0.3900621140625 0.291275928125 0.3900621140625 0.299801078125 0.36770186250000003 0.295538503125 0.368944096875 0.7260585421875 0.388819875 0.7274793984375 0.3900621140625 0.3168513796875 0.477018634375 0.3154305234375
4 0.3677142859375 0.19892156875 0.1404 0.19892156875 0.1404 0.7260457515625001 0.3677142859375 0.7260457515625001 0.3677142859375 0.19892156875
0 0.8360571421874999 0.4447385625 0.7205142859375 0.4447385625 0.7205142859375 0.5712091499999999 0.8360571421874999 0.5712091499999999 0.8360571421874999 0.4447385625
1 0.8558857140624999 0.197483659375 0.8099428578125 0.197483659375 0.8099428578125 0.331013071875 0.8558857140624999 0.331013071875 0.8558857140624999 0.197483659375
1 0.5602571421875 0.8070261437499999 0.1453428578125 0.8070261437499999 0.1453428578125 0.909313725 0.5602571421875 0.909313725 0.5602571421875 0.8070261437499999