7 0.893690809375 0.2582356234375 0.9297052156250001 0.2582356234375 0.9303721484375 0.15326633125 0.8950246765625 0.1535455046875 0.893690809375 0.2582356234375
7 0.07736427812499999 0.1549413734375 0.07736427812499999 0.256839753125 0.11337868437500001 0.2554438859375 0.11337868437500001 0.1549413734375 0.07736427812499999 0.1549413734375
7 0.1200420171875 0.67001884375 0.0800300125 0.67001884375 0.0800300125 0.7719158296875 0.1200420171875 0.7719158296875 0.1200420171875 0.67001884375
3 0.7082773109375 0.8277449750000001 0.66826530625 0.8277449750000001 0.66826530625 0.9170791453125 0.7082773109375 0.9170791453125 0.7082773109375 0.8277449750000001
3 0.5135414171875 0.843096734375 0.4268427375 0.843096734375 0.4268427375 0.9017273875 0.5135414171875 0.9017273875 0.5135414171875 0.843096734375
1 0.5586850125 0.22323154218750002 0.317665528125 0.222265171875 0.317665528125 0.2870119828125 0.442330778125 0.28797835312500003 0.442330778125 0.33919597968750004 0.5143595890625 0.33919597968750004 0.51343614375 0.8610359484375 0.6667282296875 0.8629686890625001 0.668575121875 0.6020487046875 0.5577615671875 0.6059141859375 0.5586850125 0.22323154218750002
3 0.5122088828125 0.549974875 0.4281752703125 0.549974875 0.4281752703125 0.618366834375 0.5122088828125 0.618366834375 0.5122088828125 0.549974875
4 0.4275556375 0.5498647078125 0.5014313421875001 0.5488983375 0.5005078953125001 0.40201005 0.428479084375 0.4039427921875 0.4275556375 0.384615384375 0.38230676875 0.38171627343750003 0.383230215625 0.3044066484375 0.1237418046875 0.3024739078125 0.12097146562500001 0.5749903359374999 0.426632190625 0.57112485625 0.4275556375 0.5498647078125
3 0.5135354140625 0.33919597968750004 0.4281692671875 0.33919597968750004 0.4281692671875 0.40201005 0.5135354140625 0.40201005 0.5135354140625 0.33919597968750004
3 0.1200420171875 0.510885678125 0.0800300125 0.510885678125 0.0800300125 0.67001884375 0.1200420171875 0.67001884375 0.1200420171875 0.510885678125
3 0.1187154859375 0.7733040203125 0.0760264109375 0.7733040203125 0.0760264109375 0.9212688437500001 0.1187154859375 0.9212688437500001 0.1187154859375 0.7733040203125
3 0.120054021875 0.2568341703125 0.07603241250000001 0.2568341703125 0.07603241250000001 0.41457286406250005 0.120054021875 0.41457286406250005 0.120054021875 0.2568341703125
2 0.526364390625 0.743138771875 0.51343614375 0.7421724000000001 0.5143595890625 0.7189795125 0.49958444843749994 0.71801314375 0.49866100312499995 0.7450715109375 0.48480930781250003 0.7421724000000001 0.4857327546875 0.7547352140625 0.49866100312499995 0.7566679546875 0.5005078953125001 0.7817935828125 0.5152830359375 0.7808272140625 0.5143595890625 0.75376884375 0.528211284375 0.75376884375 0.526364390625 0.743138771875
2 0.057253670312500005 0.46675686250000004 0.075722596875 0.4686896015625 0.0775694890625 0.5083107859375 0.1237418046875 0.5083107859375 0.1246652515625 0.465790490625 0.1431341765625 0.46675686250000004 0.1431341765625 0.45709315781250004 0.1237418046875 0.4551604171875 0.12281835781249999 0.415539234375 0.07479915000000001 0.41650560625 0.0738757046875 0.4541940484375 0.0581771171875 0.4541940484375 0.057253670312500005 0.46675686250000004
2 0.645488965625 0.7885581765625 0.663957890625 0.790490915625 0.6648813375 0.8243138765625 0.7138239921875 0.825280246875 0.7138239921875 0.7875918046875 0.7322929171875 0.786625434375 0.7332163640625 0.7740626203125001 0.7110536515625 0.7759953625 0.709206759375 0.7373405484375 0.668575121875 0.7373405484375 0.6667282296875 0.7759953625 0.6473358578124999 0.7740626203125001 0.645488965625 0.7885581765625
2 0.6103980046874999 0.612678778125 0.623326253125 0.618477 0.623326253125 0.6049478171875 0.645488965625 0.6039814453125001 0.642718625 0.5885195203125 0.6205559140625 0.5904522609375 0.6214793609375 0.574023965625 0.6131683453125001 0.5749903359374999 0.6113214515625 0.5885195203125 0.58823529375 0.5865867796875001 0.58823529375 0.6088132984375 0.6103980046874999 0.603015075 0.6103980046874999 0.612678778125
2 0.48388586250000004 0.491882490625 0.4968141109375 0.491882490625 0.49866100312499995 0.5083107859375 0.5152830359375 0.5112098953124999 0.5162064828124999 0.48898337812500003 0.530058178125 0.48898337812500003 0.52913473125 0.48028604531249997 0.5152830359375 0.47931967656249996 0.5162064828124999 0.4561267875 0.49866100312499995 0.4551604171875 0.49773755625 0.47835330468750004 0.48296241562500003 0.477386934375 0.48388586250000004 0.491882490625
2 0.5439098718750001 0.4880170078125 0.5568381203125 0.4899497484375 0.5586850125 0.512176265625 0.5743835984375 0.5131426359375 0.5725367078125 0.4899497484375 0.5845415093749999 0.49091611874999996 0.5845415093749999 0.48028604531249997 0.5753070453125 0.47931967656249996 0.5743835984375 0.458059528125 0.5586850125 0.4561267875 0.5605319046874999 0.47931967656249996 0.5448333187500001 0.47835330468750004 0.5439098718750001 0.4880170078125
6 0.5716132609375 0.5885195203125 0.5716132609375 0.5517974484375 0.6676516765625 0.5537301890624999 0.66949856875 0.5402010046875 0.5716132609375 0.5402010046875 0.5716132609375 0.512176265625 0.5605319046874999 0.5131426359375 0.5586850125 0.6039814453125001 0.58823529375 0.603015075 0.5891587406250001 0.589485890625 0.5716132609375 0.5885195203125
6 0.6741158 0.4261693078125 0.6704220140625 0.41360649374999997 0.5725367078125 0.41457286406250005 0.5743835984375 0.357557015625 0.5910056328125 0.357557015625 0.5900821875 0.34596057187499996 0.573460153125 0.3469269421875 0.573460153125 0.30537301875 0.5614553515625 0.30730575937500004 0.5596084578125 0.4561267875 0.573460153125 0.458059528125 0.5725367078125 0.42520293750000004 0.6741158 0.4261693078125
1 0.6695018 0.359484925 0.5743877546875 0.359484925 0.5743877546875 0.413605528125 0.6695018 0.413605528125 0.6695018 0.359484925
2 0.623326253125 0.3759180515625 0.62609659375 0.361422496875 0.6473358578124999 0.361422496875 0.6464124109375 0.3430614609375 0.623326253125 0.342095090625 0.62240280625 0.3285659078125 0.6159386828125 0.3295322765625 0.6168621296875 0.342095090625 0.5919290796875 0.3430614609375 0.5910056328125 0.3623888671875 0.6140917906250001 0.3633552375 0.6140917906250001 0.37495168125 0.623326253125 0.3759180515625
2 0.5466802093750001 0.280247390625 0.5605319046874999 0.28218013124999997 0.5596084578125 0.30537301875 0.5753070453125 0.30730575937500004 0.5762304921875 0.280247390625 0.5863884015624999 0.2792810203125 0.58546495625 0.27155005781249997 0.5762304921875 0.27155005781249997 0.5743835984375 0.24739080000000002 0.5596084578125 0.24739080000000002 0.5605319046874999 0.2705836875 0.54760365625 0.27155005781249997 0.5466802093750001 0.280247390625
2 0.532828515625 0.24062620781250002 0.539292640625 0.2396598375 0.5429864249999999 0.22323154218750002 0.5596084578125 0.222265171875 0.5614553515625 0.2097023578125 0.53836919375 0.20873598750000003 0.53836919375 0.191341321875 0.5309816234375 0.191341321875 0.530058178125 0.2058368765625 0.51343614375 0.2058368765625 0.51343614375 0.2212988015625 0.5309816234375 0.222265171875 0.532828515625 0.24062620781250002
2 0.47280450625 0.2386934671875 0.4820389703125 0.237727096875 0.48111552343749997 0.222265171875 0.5005078953125001 0.22419791249999999 0.5023547875000001 0.20680324687499999 0.48019207656249996 0.20680324687499999 0.48019207656249996 0.1903749515625 0.47280450625 0.191341321875 0.4709576140625 0.20487050624999997 0.44694800937499995 0.2058368765625 0.44787145625 0.222265171875 0.47372795312499993 0.222265171875 0.47280450625 0.2386934671875
2 0.36660818125 0.23482798593749998 0.3758426453125 0.23386161562500002 0.3776895375 0.2212988015625 0.39800535625 0.222265171875 0.39800535625 0.2058368765625 0.3758426453125 0.2058368765625 0.376766090625 0.1903749515625 0.36660818125 0.1884422109375 0.3647612890625 0.20487050624999997 0.342598578125 0.20487050624999997 0.3416751328125 0.22323154218750002 0.3656847359375 0.2212988015625 0.36660818125 0.23482798593749998
2 0.2899621390625 0.25898724375 0.3028903859375 0.2580208734375 0.3038138328125 0.280247390625 0.317665528125 0.2831465015625 0.3195124203125 0.2580208734375 0.33244066875 0.25898724375 0.331517221875 0.2483571703125 0.3204358671875 0.249323540625 0.3185889734375 0.22613065312499997 0.30104349531249996 0.2251642828125 0.30104349531249996 0.24739080000000002 0.288115246875 0.2464244296875 0.2899621390625 0.25898724375
2 0.367531628125 0.342095090625 0.38230676875 0.34402783124999997 0.3804598765625 0.3623888671875 0.3961584640625 0.3633552375 0.39800535625 0.338229609375 0.408163265625 0.34016235 0.406316371875 0.3295322765625 0.3989288015625 0.3295322765625 0.397081909375 0.30730575937500004 0.3804598765625 0.30730575937500004 0.38230676875 0.3285659078125 0.370301965625 0.3275995359375 0.367531628125 0.342095090625
4 0.4247852984375 0.844607653125 0.49866100312499995 0.8426749140625001 0.49866100312499995 0.6213761125 0.426632190625 0.6194433703125 0.4275556375 0.596250484375 0.12281835781249999 0.596250484375 0.12004801875 0.8668341703125 0.4247852984375 0.8649014296875001 0.4247852984375 0.844607653125
2 0.23270846875 0.6107460375 0.2428663765625 0.612678778125 0.2437898234375 0.5981832234375 0.267799428125 0.5981832234375 0.2687228734375 0.574023965625 0.2437898234375 0.574023965625 0.24194293125000002 0.5595284109375 0.234555359375 0.5566293 0.2336319140625 0.5730575953125 0.21054575625 0.5730575953125 0.21054575625 0.596250484375 0.234555359375 0.5972168531250001 0.23270846875 0.6107460375
6 0.6667286921875 0.8648994968749999 0.5115906359375 0.8648994968749999 0.5115906359375 0.879396984375 0.6667286921875 0.879396984375 0.6667286921875 0.8648994968749999
6 0.42478391406249993 0.8668341703125 0.1200420171875 0.8668341703125 0.1200420171875 0.879396984375 0.42478391406249993 0.879396984375 0.42478391406249993 0.8668341703125
6 0.2123949578125 0.5778831656250001 0.120978390625 0.5778831656250001 0.120978390625 0.5952826640625 0.2123949578125 0.5952826640625 0.2123949578125 0.5778831656250001
6 0.4275570234375 0.57402638125 0.2687214890625 0.57402638125 0.2687214890625 0.5943153265625 0.4275570234375 0.5943153265625 0.4275570234375 0.57402638125
6 0.6731992796874999 0.3469283921875 0.6464165671875 0.3469283921875 0.6464165671875 0.35852386875 0.6731992796874999 0.35852386875 0.6731992796874999 0.3469283921875
0 0.502352940625 0.089868090625 0.45248499375 0.089868090625 0.45248499375 0.20777009999999999 0.502352940625 0.20777009999999999 0.502352940625 0.089868090625
6 0.5134333734375 0.08601130625 0.5032773109375 0.08601130625 0.5032773109375 0.2213002515625 0.5134333734375 0.2213002515625 0.5134333734375 0.08601130625
6 0.5743817531250001 0.0879396984375 0.56237695 0.0879396984375 0.56237695 0.247386934375 0.5743817531250001 0.247386934375 0.5743817531250001 0.0879396984375
3 0.07202881093749999 0.15461925 0.116354234375 0.15461925 0.11543078749999999 0.086973328125 0.12743558906250002 0.086973328125 0.12558869687500002 0.06571318125 0.1625265484375 0.0666795515625 0.16344999531249998 0.086973328125 0.8911256812499999 0.08890606875 0.8920491265624999 0.152686509375 0.935451103125 0.15365287968750002 0.93452765625 0.0434866640625 0.07202881093749999 0.0396211828125 0.07202881093749999 0.15461925
4 0.3038138328125 0.12756088125 0.26225874843749997 0.1246617703125 0.261335303125 0.0898724390625 0.16160310312499998 0.0879396984375 0.15975620937499999 0.0686122921875 0.1283590359375 0.067645921875 0.12743558906250002 0.0879396984375 0.11727768125 0.08890606875 0.1182011265625 0.284112871875 0.3038138328125 0.2850792421875 0.3038138328125 0.12756088125
3 0.3167466984375 0.086005025 0.26503001249999997 0.086005025 0.26503001249999997 0.1236934671875 0.3167466984375 0.1236934671875 0.3167466984375 0.086005025
6 0.342598578125 0.218399690625 0.3407516859375 0.2077696171875 0.31674208125000003 0.2077696171875 0.315818634375 0.12659451093750002 0.3038138328125 0.12369540000000001 0.3047372796875 0.2251642828125 0.315818634375 0.2251642828125 0.3185889734375 0.21936606093750002 0.342598578125 0.218399690625
6 0.44879490312500003 0.08890606875 0.43771354687499997 0.08890606875 0.43586665468749997 0.2077696171875 0.3989288015625 0.2077696171875 0.39800535625 0.2212988015625 0.44879490312500003 0.22033243125 0.44879490312500003 0.08890606875
6 0.383230215625 0.3092385 0.3952350171875 0.3102048703125 0.3952350171875 0.3015075375 0.428479084375 0.3024739078125 0.42940253124999994 0.338229609375 0.4414073328125 0.342095090625 0.442330778125 0.28797835312500003 0.1182011265625 0.2850792421875 0.116354234375 0.3005411671875 0.3841536609375 0.3015075375 0.383230215625 0.3092385
6 0.42662665000000005 0.3643216078125 0.3841536609375 0.3643216078125 0.3841536609375 0.38075376875 0.42662665000000005 0.38075376875 0.42662665000000005 0.3643216078125
6 0.51251500625 0.6204082921875 0.5014345734375001 0.6204082921875 0.5014345734375001 0.7180087937499999 0.51251500625 0.7180087937499999 0.51251500625 0.6204082921875
6 0.5115906359375 0.7817964828124999 0.49866146406249995 0.7817964828124999 0.49866146406249995 0.844610553125 0.5115906359375 0.844610553125 0.5115906359375 0.7817964828124999
6 0.6694957984375 0.5904522609375 0.6436374546875 0.5904522609375 0.6436374546875 0.603015075 0.6694957984375 0.603015075 0.6694957984375 0.5904522609375
3 0.709206759375 0.736374178125 0.7119770984375 0.388480865625 0.9308338718750001 0.3875144953125 0.9317573187500001 0.2551217625 0.8902022359374999 0.2560881328125 0.8883553421875 0.34402783124999997 0.6713454609375 0.34596057187499996 0.668575121875 0.7392732890625 0.709206759375 0.736374178125
1 0.6667226890625 0.42809673437500007 0.5762304921875 0.42809673437500007 0.5762304921875 0.5401947234375 0.6667226890625 0.5401947234375 0.6667226890625 0.42809673437500007
1 0.6676530609375 0.55373115625 0.572539015625 0.55373115625 0.572539015625 0.5914195984374999 0.6676530609375 0.5914195984374999 0.6676530609375 0.55373115625
1 0.4275570234375 0.3034359296875 0.3989255703125 0.3034359296875 0.3989255703125 0.363347990625 0.4275570234375 0.363347990625 0.4275570234375 0.3034359296875
0 0.4358703484375 0.0879459796875 0.31767106875 0.0879459796875 0.31767106875 0.2087374375 0.4358703484375 0.2087374375 0.4358703484375 0.0879459796875
1 0.5605282109374999 0.0889133171875 0.51435774375 0.0889133171875 0.51435774375 0.2097047734375 0.5605282109374999 0.2097047734375 0.5605282109374999 0.0889133171875
6 0.512509003125 0.4010364328125 0.5005042015625001 0.4010364328125 0.5005042015625001 0.456124371875 0.512509003125 0.456124371875 0.512509003125 0.4010364328125
6 0.512509003125 0.5112060296875 0.502352940625 0.5112060296875 0.502352940625 0.5546984921875 0.512509003125 0.5546984921875 0.512509003125 0.5112060296875
1 0.0766386546875 0.37978015 0.0083073234375 0.37978015 0.0083073234375 0.54599874375 0.0766386546875 0.54599874375 0.0766386546875 0.37978015
4 0.887430971875 0.0908417078125 0.5771548625 0.0908417078125 0.5771548625 0.3440326640625 0.887430971875 0.3440326640625 0.887430971875 0.0908417078125