7 0.8769230765625 0.13432835781250002 0.8717948718749999 0.24979270312500002 0.9330484328124999 0.24875621875 0.9316239312500001 0.13370646875 0.8769230765625 0.13432835781250002
7 0.9287820515625 0.5306716421875 0.867525640625 0.5306716421875 0.867525640625 0.73175373125 0.9287820515625 0.73175373125 0.9287820515625 0.5306716421875
7 0.094 0.5659328359375 0.031333332812499996 0.5659328359375 0.031333332812499996 0.6861567171875 0.094 0.6861567171875 0.094 0.5659328359375
7 0.370358975 0.8830783578125001 0.2108205125 0.8830783578125001 0.2108205125 0.92972015 0.370358975 0.92972015 0.370358975 0.8830783578125001
7 0.0940128203125 0.1761940296875 0.0341923078125 0.1761940296875 0.0341923078125 0.2746641796875 0.0940128203125 0.2746641796875 0.0940128203125 0.1761940296875
1 0.228438228125 0.696234734375 0.0990676 0.695386703125 0.096736596875 0.881105834375 0.3939393953125 0.8819538671875 0.39743589687499997 0.29765943125 0.1002331 0.295963365625 0.096736596875 0.3578697421875 0.23076923124999998 0.3595658078125 0.228438228125 0.696234734375
2 0.326210825 0.3182006640625 0.3390313390625 0.32234660000000004 0.34330484375000003 0.297470978125 0.37749287656249997 0.2995439484375 0.3803418796875 0.2819237140625 0.34330484375000003 0.28088723125000004 0.34330484375000003 0.2632669984375 0.33048433125 0.2611940296875 0.33190883125 0.2829602 0.2920227921875 0.279850746875 0.29059828906249996 0.29850746250000004 0.329059828125 0.29643449374999997 0.326210825 0.3182006640625
2 0.372960371875 0.41638398906249996 0.3951048953125 0.41468792343749994 0.39277389218750003 0.44352103125 0.4219114234375 0.44436906406250004 0.4230769234375 0.4180800546875 0.44522144687500004 0.4180800546875 0.44522144687500004 0.40196743437500004 0.4184149171875 0.4045115328125 0.41724941718749997 0.377374490625 0.3951048953125 0.376526459375 0.398601396875 0.40281546874999996 0.372960371875 0.40366350000000006 0.372960371875 0.41638398906249996
2 0.37179487187500004 0.5427408421875 0.396270396875 0.5401967437499999 0.3939393953125 0.56902985 0.4207459203125 0.5698778828125 0.4184149171875 0.5418928078125 0.441724940625 0.5418928078125 0.44638694687499997 0.5334124828125 0.41958042031250004 0.5317164171875 0.4207459203125 0.50373134375 0.39743589687499997 0.5020352781249999 0.39976690000000004 0.5317164171875 0.375291375 0.5308683859375 0.37179487187500004 0.5427408421875
3 0.9300769234375 0.2501679109375 0.870641025 0.2501679109375 0.870641025 0.5325559703125 0.9300769234375 0.5325559703125 0.9300769234375 0.2501679109375
3 0.095564103125 0.27560634375 0.0314615390625 0.27560634375 0.0314615390625 0.565625 0.095564103125 0.565625 0.095564103125 0.27560634375
3 0.0944055953125 0.8819538671875 0.097902096875 0.6860583453125 0.03030303125 0.6877544109375 0.027972028125 0.927747625 0.21095571093749999 0.93113975625 0.2097902109375 0.8828018999999999 0.0944055953125 0.8819538671875
3 0.93006993125 0.7327001359375 0.8659673671875 0.731852103125 0.8659673671875 0.8844979640625 0.374125875 0.8828018999999999 0.370629371875 0.93113975625 0.927738928125 0.9319877890624999 0.93006993125 0.7327001359375
3 0.870629371875 0.1339891453125 0.9347319359374999 0.1339891453125 0.9347319359374999 0.02883310625 0.0349650359375 0.0237449125 0.0337995328125 0.175542740625 0.0990676 0.17723880625 0.1002331 0.07208276875 0.8717948718749999 0.075474896875 0.870629371875 0.1339891453125
6 0.29252564062499997 0.2815485078125 0.0943974359375 0.2815485078125 0.0943974359375 0.2942723875 0.29252564062499997 0.2942723875 0.29252564062499997 0.2815485078125
6 0.4125769234375 0.569020521875 0.3986025640625 0.569020521875 0.3986025640625 0.88534515 0.4125769234375 0.88534515 0.4125769234375 0.569020521875
4 0.8636282046874999 0.484225746875 0.4172435890625 0.484225746875 0.4172435890625 0.884505596875 0.8636282046874999 0.884505596875 0.8636282046874999 0.484225746875
6 0.414918415625 0.48253052968750004 0.86829836875 0.48253052968750004 0.870629371875 0.4706580734375 0.41608391562499997 0.4706580734375 0.41608391562499997 0.445217096875 0.39976690000000004 0.44436906406250004 0.398601396875 0.5020352781249999 0.41608391562499997 0.50373134375 0.414918415625 0.48253052968750004
6 0.3811188828125 0.28239484375 0.3799533796875 0.296811396875 0.39976690000000004 0.2951153328125 0.398601396875 0.376526459375 0.41608391562499997 0.37822252500000003 0.4184149171875 0.07462686562500001 0.403263403125 0.073778834375 0.4009324 0.280698778125 0.3811188828125 0.28239484375
0 0.40092307656250004 0.0729384328125 0.10138461562500001 0.0729384328125 0.10138461562500001 0.2823973875 0.40092307656250004 0.2823973875 0.40092307656250004 0.0729384328125
4 0.869474359375 0.0763152984375 0.4184230765625 0.0763152984375 0.4184230765625 0.4698041046875 0.869474359375 0.4698041046875 0.869474359375 0.0763152984375
5 0.22494871718749998 0.361259328125 0.10023076875 0.361259328125 0.10023076875 0.69284515 0.22494871718749998 0.69284515 0.22494871718749998 0.361259328125