4 0.162262396875 0.0717771890625 0.0741425625 0.0717771890625 0.0741425625 0.25198939062500003 0.162262396875 0.25198939062500003 0.162262396875 0.0717771890625
7 0.13086776875 0.042002653125 0.0886776859375 0.042002653125 0.0886776859375 0.07295755937500001 0.13086776875 0.07295755937500001 0.13086776875 0.042002653125
6 0.21390374374999999 0.20674052031249998 0.2290957703125 0.2075206734375 0.226057365625 0.191917615625 0.173796790625 0.19269776875 0.1744044734375 0.070993915625 0.16528925625 0.07177406875 0.1640738953125 0.21064128593749998 0.175619834375 0.2114214375 0.175619834375 0.20596036875 0.21390374374999999 0.20674052031249998
4 0.2588739671875 0.0748806359375 0.17501033125 0.0748806359375 0.17501033125 0.19190981406250002 0.2588739671875 0.19190981406250002 0.2588739671875 0.0748806359375
7 0.2401756203125 0.041989390625 0.1971384296875 0.041989390625 0.1971384296875 0.069628646875 0.2401756203125 0.069628646875 0.2401756203125 0.041989390625
4 0.701880165625 0.1856896546875 0.281962809375 0.1856896546875 0.281962809375 0.494628646875 0.701880165625 0.494628646875 0.701880165625 0.1856896546875
7 0.37793388437500003 0.1580371359375 0.3374793390625 0.1580371359375 0.3374793390625 0.1834482765625 0.37793388437500003 0.1834482765625 0.37793388437500003 0.1580371359375
3 0.7049100640625 0.5336245921875 0.7248622578125 0.5327144109375 0.7231404953125 0.067418215625 0.929752065625 0.062997346875 0.9306129484375001 0.040893015625 0.7024793390624999 0.03868258125 0.7042011015625 0.1580459765625 0.3796487609375 0.1569407609375 0.378787878125 0.1834659609375 0.7033402203125 0.1823607421875 0.7049100640625 0.5336245921875
1 0.7043023828125 0.52426275625 0.28257170625 0.5234826015625 0.2831793890625 0.5757528484375001 0.7049100640625 0.5749726953125001 0.7043023828125 0.52426275625
7 0.5544008265625 0.4951193640625 0.5191115703125 0.4951193640625 0.5191115703125 0.5227586203125 0.5544008265625 0.5227586203125 0.5544008265625 0.4951193640625
7 0.670619834375 0.49623342187499997 0.634462809375 0.49623342187499997 0.634462809375 0.5216445625 0.670619834375 0.5216445625 0.670619834375 0.49623342187499997
3 0.9323243796874999 0.2144031828125 0.909080578125 0.2144031828125 0.909080578125 0.5271883296875 0.9323243796874999 0.5271883296875 0.9323243796874999 0.2144031828125
7 0.9306095046875 0.16246684375 0.9073657031250001 0.16246684375 0.9073657031250001 0.21551724062500002 0.9306095046875 0.21551724062500002 0.9306095046875 0.16246684375
3 0.9323347109375 0.5780238734375 0.910805784375 0.5780238734375 0.910805784375 0.8001724140625001 0.9323347109375 0.8001724140625001 0.9323347109375 0.5780238734375
7 0.9314669421874999 0.5294031828125 0.910805784375 0.5294031828125 0.910805784375 0.57913793125 0.9314669421874999 0.57913793125 0.9314669421874999 0.5294031828125
7 0.9323347109375 0.8012732093749999 0.9125413218749999 0.8012732093749999 0.9125413218749999 0.848806365625 0.9323347109375 0.848806365625 0.9323347109375 0.8012732093749999
7 0.8892975203125 0.9493766578124999 0.8522727265625001 0.9493766578124999 0.8522727265625001 0.980331565625 0.8892975203125 0.980331565625 0.8892975203125 0.9493766578124999
7 0.7851239671875 0.9493766578124999 0.7489669421875 0.9493766578124999 0.7489669421875 0.97921750625 0.7851239671875 0.97921750625 0.7851239671875 0.9493766578124999
7 0.6026239671875 0.7681299734375 0.5655991734375 0.7681299734375 0.5655991734375 0.797970821875 0.6026239671875 0.797970821875 0.6026239671875 0.7681299734375
7 0.42528925624999997 0.767015915625 0.3882644625 0.767015915625 0.3882644625 0.797970821875 0.42528925624999997 0.797970821875 0.42528925624999997 0.767015915625
3 0.0757575765625 0.9560123796875001 0.07489669374999999 0.833333334375 0.0507920109375 0.833333334375 0.048209365625 0.9814323609375 0.285812671875 0.9825375781250001 0.28409090937500003 0.846595934375 0.26342975156250004 0.846595934375 0.2617079890625 0.9582228109375001 0.0757575765625 0.9560123796875001
7 0.284080578125 0.797957559375 0.2617045453125 0.797957559375 0.2617045453125 0.845490715625 0.284080578125 0.845490715625 0.284080578125 0.797957559375
3 0.282369146875 0.79575596875 0.29011708125 0.7968611859375 0.2909779609375 0.76923076875 0.28409090937500003 0.7681255515625 0.28409090937500003 0.572502209375 0.264290634375 0.5736074265625 0.2617079890625 0.79907161875 0.282369146875 0.8001768359374999 0.282369146875 0.79575596875
7 0.3271280984375 0.76590185625 0.29097107499999997 0.76590185625 0.29097107499999997 0.7968567640625001 0.3271280984375 0.7968567640625001 0.3271280984375 0.76590185625
7 0.07403925624999999 0.77917771875 0.0507954546875 0.77917771875 0.0507954546875 0.833342175 0.07403925624999999 0.833342175 0.07403925624999999 0.77917771875
3 0.07489669374999999 0.7371883296874999 0.049070248437500005 0.7371883296874999 0.049070248437500005 0.7769761265625 0.07489669374999999 0.7769761265625 0.07489669374999999 0.7371883296874999
7 0.07403925624999999 0.7051193640625 0.0507954546875 0.7051193640625 0.0507954546875 0.737161803125 0.07403925624999999 0.737161803125 0.07403925624999999 0.7051193640625
3 0.07403925624999999 0.6797082234375 0.0507954546875 0.6797082234375 0.0507954546875 0.7051193640625 0.07403925624999999 0.7051193640625 0.07403925624999999 0.6797082234375
7 0.07403925624999999 0.652082228125 0.0516632234375 0.652082228125 0.0516632234375 0.68080901875 0.07403925624999999 0.68080901875 0.07403925624999999 0.652082228125
3 0.07318181875 0.6288726796875 0.0516528921875 0.6288726796875 0.0516528921875 0.6509681703125 0.07318181875 0.6509681703125 0.07318181875 0.6288726796875
7 0.0731714875 0.6001458890625 0.0507954546875 0.6001458890625 0.0507954546875 0.6299867375 0.0731714875 0.6299867375 0.0731714875 0.6001458890625
3 0.074907025 0.5492838203125 0.0507954546875 0.5492838203125 0.0507954546875 0.6023342171875 0.074907025 0.6023342171875 0.074907025 0.5492838203125
7 0.07489669374999999 0.505079575 0.0499380171875 0.505079575 0.0499380171875 0.5492970828125 0.07489669374999999 0.5492970828125 0.07489669374999999 0.505079575
3 0.07403925624999999 0.4564456234375 0.0516632234375 0.4564456234375 0.0516632234375 0.5039787796875 0.07403925624999999 0.5039787796875 0.07403925624999999 0.4564456234375
7 0.074028925 0.4067241375 0.052500000000000005 0.4067241375 0.052500000000000005 0.45757294374999996 0.074028925 0.45757294374999996 0.074028925 0.4067241375
3 0.9306095046875 0.10500000000000001 0.9082334703124999 0.10500000000000001 0.9082334703124999 0.1613660484375 0.9306095046875 0.1613660484375 0.9306095046875 0.10500000000000001
3 0.705919421875 0.49625994687499997 0.6714772734375 0.49625994687499997 0.6714772734375 0.5216710875 0.705919421875 0.5216710875 0.705919421875 0.49625994687499997
3 0.636198346875 0.4951458890625 0.55355371875 0.4951458890625 0.55355371875 0.5227851453125 0.636198346875 0.5227851453125 0.636198346875 0.4951458890625
3 0.520826446875 0.4951458890625 0.37706611562500003 0.4951458890625 0.37706611562500003 0.5216710875 0.520826446875 0.5216710875 0.520826446875 0.4951458890625
3 0.1971280984375 0.041989390625 0.1308471078125 0.041989390625 0.1308471078125 0.069628646875 0.1971280984375 0.069628646875 0.1971280984375 0.041989390625
3 0.8522727265625001 0.9504907156250001 0.7851239671875 0.9504907156250001 0.7851239671875 0.980331565625 0.8522727265625001 0.980331565625 0.8522727265625001 0.9504907156250001
2 0.724855371875 0.6133819625 0.7050619828125 0.6133819625 0.7050619828125 0.6443368703125001 0.724855371875 0.6443368703125001 0.724855371875 0.6133819625
3 0.724855371875 0.5703050390625 0.7041942156250001 0.5703050390625 0.7041942156250001 0.6122944296874999 0.724855371875 0.6122944296874999 0.724855371875 0.5703050390625
2 0.696969696875 0.7029177718749999 0.7045454546875 0.7020336 0.705234159375 0.7197170640625 0.7265840234375001 0.7197170640625 0.725895315625 0.7020336 0.7403581265625 0.7029177718749999 0.7396694218750001 0.6923076921875 0.7265840234375001 0.6914235203125 0.7272727265625 0.679929265625 0.7066115703125 0.6808134406249999 0.7059228656250001 0.6923076921875 0.6983471078125 0.6923076921875 0.696969696875 0.7029177718749999
3 0.724855371875 0.6443368703125001 0.7050619828125 0.6443368703125001 0.7050619828125 0.6819230765625 0.724855371875 0.6819230765625 0.724855371875 0.6443368703125001
6 0.823409090625 0.6826259953125 0.8155165296875 0.6826259953125 0.8155165296875 0.7988594171875001 0.823409090625 0.7988594171875001 0.823409090625 0.6826259953125
3 0.833326446875 0.662029178125 0.8135330578125 0.662029178125 0.8135330578125 0.6852387265625 0.833326446875 0.6852387265625 0.833326446875 0.662029178125
6 0.8258471078125 0.825397878125 0.8155165296875 0.825397878125 0.8155165296875 0.9509946953125 0.8258471078125 0.9509946953125 0.8258471078125 0.825397878125
3 0.8333471078124999 0.8001724140625001 0.8118181812499999 0.8001724140625001 0.8118181812499999 0.824496021875 0.8333471078124999 0.824496021875 0.8333471078124999 0.8001724140625001
6 0.365826446875 0.6701458890625 0.357933884375 0.6701458890625 0.357933884375 0.76921750625 0.365826446875 0.76921750625 0.365826446875 0.6701458890625
3 0.37191115625000004 0.6410212203125 0.35296487656250003 0.6410212203125 0.35296487656250003 0.6697480109375 0.37191115625000004 0.6697480109375 0.37191115625000004 0.6410212203125
4 0.159212446875 0.4392260875 0.18169664531250002 0.440006240625 0.18169664531250002 0.46341082812499995 0.2126883796875 0.46341082812499995 0.21147301875000002 0.2621313765625 0.1823043265625 0.26291153125 0.1823043265625 0.2816352015625 0.1586047640625 0.2816352015625 0.1586047640625 0.263691684375 0.074744775 0.2644718359375 0.0753524546875 0.4626306765625 0.1586047640625 0.4649711359375 0.159212446875 0.4392260875
6 0.2145114234375 0.46419098124999997 0.11242100156249998 0.46185052187500003 0.11242100156249998 0.4766734265625 0.2145114234375 0.47511312187500004 0.2151191046875 0.4899360265625 0.2266650453125 0.491496334375 0.2266650453125 0.384615384375 0.2132960625 0.38383523125 0.2145114234375 0.46419098124999997
3 0.1799276859375 0.4409946953125 0.1618491734375 0.4409946953125 0.1618491734375 0.46420424374999997 0.1799276859375 0.46420424374999997 0.1799276859375 0.4409946953125
3 0.1799173546875 0.25088859375 0.1601239671875 0.25088859375 0.1601239671875 0.28072944375 0.1799173546875 0.28072944375 0.1799173546875 0.25088859375
3 0.6034779609375 0.7681255515625 0.6034779609375 0.79907161875 0.7059228656250001 0.79907161875 0.7067837453125 0.9814323609375 0.7506887046874999 0.9814323609375 0.7489669421875 0.9482758625000001 0.727444903125 0.9482758625000001 0.725723140625 0.7183908031249999 0.7067837453125 0.7183908031249999 0.7067837453125 0.7681255515625 0.6034779609375 0.7681255515625
3 0.5113636359375 0.592396109375 0.5268595046875 0.592396109375 0.5251377421875 0.6034482765625 0.53374655625 0.6056587078125 0.5311639109375 0.8388594171875001 0.45454545468749996 0.839964634375 0.45626721718749996 0.60123784375 0.4709022046875 0.6034482765625 0.4709022046875 0.5901856765625 0.47692837343749994 0.59129089375 0.47692837343749994 0.5802387265625 0.44249311406249997 0.5802387265625 0.4407713484375 0.76923076875 0.42613636406250005 0.76923076875 0.4269972453125 0.8001768359374999 0.44163223125 0.7979664 0.4407713484375 0.8653846156249999 0.5492424234375 0.8664898328125 0.5509641875 0.7968611859375 0.5655991734375 0.7968611859375 0.564738290625 0.7714412015625001 0.5440771343749999 0.7703359875 0.5440771343749999 0.57802829375 0.5105027546875001 0.579133509375 0.5113636359375 0.592396109375
3 0.3882644625 0.767029178125 0.3262809921875 0.767029178125 0.3262809921875 0.79907161875 0.3882644625 0.79907161875 0.3882644625 0.767029178125
3 0.2608471078125 0.5305039781249999 0.28409090937500003 0.5338196281250001 0.28323002656249996 0.5227674609374999 0.3503787875 0.5227674609374999 0.3503787875 0.4940318296875 0.28323002656249996 0.49292661249999997 0.2806473828125 0.1856763921875 0.338326446875 0.1856763921875 0.3374655640625 0.15583554375 0.28409090937500003 0.15473032656250002 0.28409090937500003 0.0397877984375 0.2410468328125 0.0397877984375 0.2410468328125 0.07294429687500001 0.259986225 0.07294429687500001 0.2608471078125 0.5305039781249999
3 0.07317493124999999 0.069628646875 0.0878099171875 0.0685234296875 0.08867080000000001 0.040893015625 0.052513775 0.0397877984375 0.0499311296875 0.406719715625 0.07317493124999999 0.406719715625 0.07317493124999999 0.069628646875
2 0.8978994484375 0.076259946875 0.8978994484375 0.0906277640625 0.9082300265625 0.091732978125 0.9082300265625 0.10610079531250001 0.9306129484375001 0.10720601249999999 0.929752065625 0.0906277640625 0.9400826453125 0.0906277640625 0.9392217625000001 0.0806808140625 0.9306129484375001 0.0806808140625 0.9288911843750001 0.0652077796875 0.907369146875 0.0652077796875 0.907369146875 0.076259946875 0.8978994484375 0.076259946875
2 0.7589936796875 0.1341863 0.7662858531250001 0.1341863 0.7681088968750001 0.1201435484375 0.7772241140625 0.12248400781249999 0.77783179375 0.10298018281250002 0.7662858531250001 0.101419878125 0.7650704921875 0.07567483281250001 0.760209040625 0.0748946796875 0.7589936796875 0.10298018281250002 0.748055421875 0.10298018281250002 0.745624696875 0.1201435484375 0.7589936796875 0.1201435484375 0.7589936796875 0.1341863
6 0.7535245500000001 0.16071149843750002 0.7535245500000001 0.1739740984375 0.7796548375000001 0.173193946875 0.7814778796875 0.228584803125 0.7231404953125 0.22702449531250002 0.721317453125 0.2457481671875 0.9090909093749999 0.2449680125 0.9109139531249999 0.228584803125 0.792416140625 0.22702449531250002 0.791808459375 0.15681073437499998 0.7802625187500001 0.15759088906250002 0.77904715625 0.161491653125 0.7535245500000001 0.16071149843750002
1 0.77903925625 0.1755305046875 0.7243491734374999 0.1755305046875 0.7243491734374999 0.2278116703125 0.77903925625 0.2278116703125 0.77903925625 0.1755305046875
2 0.7377248437499999 0.1887970046875 0.745624696875 0.1887970046875 0.745624696875 0.1739740984375 0.7541322312500001 0.17631455625 0.7547399125 0.159931346875 0.743801653125 0.15681073437499998 0.7450170140625 0.139647371875 0.7377248437499999 0.139647371875 0.7365094796875 0.15759088906250002 0.7286096265625 0.15759088906250002 0.7298249875 0.173193946875 0.7377248437499999 0.173193946875 0.7377248437499999 0.1887970046875
2 0.7796548375000001 0.1505695125 0.7814778796875 0.159931346875 0.7960622265625 0.16071149843750002 0.7960622265625 0.1443282890625 0.8179387453125001 0.1466687484375 0.8155080203124999 0.1357466078125 0.7942391843750001 0.1357466078125 0.7960622265625 0.1217038546875 0.7796548375000001 0.1248244671875 0.7802625187500001 0.1373069125 0.768716578125 0.136526759375 0.7693242578125 0.1505695125 0.7796548375000001 0.1505695125
1 0.7802582640625 0.12013262656249998 0.72556818125 0.12013262656249998 0.72556818125 0.159920425 0.7802582640625 0.159920425 0.7802582640625 0.12013262656249998
6 0.74623966875 0.10376657812500001 0.72376033125 0.10376657812500001 0.72376033125 0.1193633953125 0.74623966875 0.1193633953125 0.74623966875 0.10376657812500001
4 0.907262396875 0.12092838125000001 0.7930268593750001 0.12092838125000001 0.7930268593750001 0.23015915156250003 0.907262396875 0.23015915156250003 0.907262396875 0.12092838125000001
6 0.90788223125 0.1084482765625 0.7784400828125 0.1084482765625 0.7784400828125 0.12248010625000001 0.90788223125 0.12248010625000001 0.90788223125 0.1084482765625
6 0.7292148765625 0.1614986734375 0.7225206609375 0.1614986734375 0.7225206609375 0.1731962859375 0.7292148765625 0.1731962859375 0.7292148765625 0.1614986734375
5 0.9084814046874999 0.067877984375 0.723130165625 0.067877984375 0.723130165625 0.10299734687499999 0.9084814046874999 0.10299734687499999 0.9084814046874999 0.067877984375
4 0.9084917359375 0.2465119359375 0.7243595046875 0.2465119359375 0.7243595046875 0.4977320953125 0.9084917359375 0.4977320953125 0.9084917359375 0.2465119359375
1 0.9084814046874999 0.519588859375 0.72556818125 0.519588859375 0.72556818125 0.66157825 0.9084814046874999 0.66157825 0.9084814046874999 0.519588859375
3 0.802747934375 0.49851458906249996 0.7237396687500001 0.49851458906249996 0.7237396687500001 0.520371353125 0.802747934375 0.520371353125 0.802747934375 0.49851458906249996
3 0.9103099171875 0.4977188328125 0.83373966875 0.4977188328125 0.83373966875 0.519575596875 0.9103099171875 0.519575596875 0.9103099171875 0.4977188328125
2 0.811861934375 0.5429864249999999 0.8185464281250001 0.5429864249999999 0.8185464281250001 0.5234826015625 0.8319154109375001 0.5234826015625 0.8337384546875001 0.496957403125 0.8167233843749999 0.4953970984375 0.8173310640624999 0.47979403906250007 0.8100388921875 0.47901388593750005 0.8112542546875 0.49383679375 0.800923675 0.49383679375 0.8021390374999999 0.5195818375 0.812469615625 0.518801684375 0.811861934375 0.5429864249999999
2 0.80031599375 0.69199563125 0.80031599375 0.6717116546875 0.8088235296875 0.6717116546875 0.8063928062500001 0.656108596875 0.8015313546874999 0.656108596875 0.7972775890625 0.622562021875 0.791808459375 0.6241223296875 0.792416140625 0.6545482921875 0.7820855625 0.6576689015625 0.7802625187500001 0.6740521140625 0.7930238203125 0.6748322671875 0.791808459375 0.6896551718749999 0.80031599375 0.69199563125
2 0.8471074375000001 0.6990170078125 0.8556149734374999 0.699797159375 0.8531842484375 0.6740521140625 0.8653378703125 0.6724918093750001 0.8677685953125 0.6592292093750001 0.8537919296875 0.65844905625 0.8531842484375 0.625682634375 0.8471074375000001 0.625682634375 0.8495381625 0.65844905625 0.8331307734375001 0.65844905625 0.834346134375 0.6717116546875 0.8471074375000001 0.6732719609375 0.8471074375000001 0.6990170078125
4 0.8142871906250001 0.6709416453125 0.726787190625 0.6709416453125 0.726787190625 0.9510212203125 0.8142871906250001 0.9510212203125 0.8142871906250001 0.6709416453125
6 0.7826859500000001 0.66079575625 0.7249586781249999 0.66079575625 0.7249586781249999 0.67092838125 0.7826859500000001 0.67092838125 0.7826859500000001 0.66079575625
4 0.9097004125 0.6732758624999999 0.8264566109375 0.6732758624999999 0.8264566109375 0.9502254640625001 0.9097004125 0.9502254640625001 0.9097004125 0.6732758624999999
6 0.9121280984375 0.6599999999999999 0.8647314046875 0.6599999999999999 0.8647314046875 0.6732625999999999 0.9121280984375 0.6732625999999999 0.9121280984375 0.6599999999999999
2 0.6720867765625 0.6888859421875 0.6599380171875 0.6888859421875 0.6599380171875 0.738806365625 0.6720867765625 0.738806365625 0.6720867765625 0.6888859421875
1 0.7049173546875 0.6763925734375 0.6739256203124999 0.6763925734375 0.6739256203124999 0.76923076875 0.7049173546875 0.76923076875 0.7049173546875 0.6763925734375
0 0.6593285125 0.588236075 0.546291321875 0.588236075 0.546291321875 0.7668832890624999 0.6593285125 0.7668832890624999 0.6593285125 0.588236075
5 0.5234159765624999 0.593280284375 0.46969696875 0.5941644562499999 0.47176308437500003 0.6065428828125 0.4586776859375 0.6065428828125 0.455922865625 0.8381962859375 0.531680440625 0.8381962859375 0.531680440625 0.6065428828125 0.5227272734375 0.6056587078125 0.5234159765624999 0.593280284375
2 0.5104545453125 0.5773209546875 0.47702479374999995 0.5773209546875 0.47702479374999995 0.593713528125 0.5104545453125 0.593713528125 0.5104545453125 0.5773209546875
4 0.4423863640625 0.5913527843749999 0.3652169421875 0.5913527843749999 0.3652169421875 0.7661007953125 0.4423863640625 0.7661007953125 0.4423863640625 0.5913527843749999
4 0.3567045453125 0.5913527843749999 0.28498966875 0.5913527843749999 0.28498966875 0.7661007953125 0.3567045453125 0.7661007953125 0.3567045453125 0.5913527843749999
6 0.322066115625 0.5773076921875 0.284380165625 0.5773076921875 0.284380165625 0.5898010609375001 0.322066115625 0.5898010609375001 0.322066115625 0.5773076921875
6 0.4429958671875 0.5773076921875 0.41564049531249997 0.5773076921875 0.41564049531249997 0.5913395218749999 0.4429958671875 0.5913395218749999 0.4429958671875 0.5773076921875
6 0.5748760328125 0.5788594171875 0.5457024796875001 0.5788594171875 0.5457024796875001 0.5897877984375001 0.5748760328125 0.5897877984375001 0.5748760328125 0.5788594171875
6 0.6721074375 0.738819628125 0.65933884375 0.738819628125 0.65933884375 0.77157825 0.6721074375 0.77157825 0.6721074375 0.738819628125
6 0.65933398125 0.68887501875 0.672095284375 0.6904353265625 0.672095284375 0.6740521140625 0.706125425 0.6740521140625 0.70551774375 0.65844905625 0.670879921875 0.6592292093750001 0.670879921875 0.58823529375 0.706125425 0.58823529375 0.70551774375 0.5780933046875 0.6040350015625 0.576533 0.6040350015625 0.58823529375 0.6599416625 0.587455140625 0.65933398125 0.68887501875
2 0.5851968890625 0.6108597296875 0.59066601875 0.612420034375 0.5912737 0.5897956 0.6040350015625 0.5897956 0.6040350015625 0.576533 0.5912737 0.5718520828125 0.5937044234375 0.5601497906249999 0.5876276140625001 0.5609299421875 0.58641225 0.5749726953125001 0.576081671875 0.5749726953125001 0.576689353125 0.5897956 0.5858045703125 0.58823529375 0.5851968890625 0.6108597296875
2 0.39681575156250004 0.610079575 0.4053232875 0.61163988125 0.4047156046875 0.5936963640624999 0.413830821875 0.5952566703125 0.41565386562500006 0.5757528484375001 0.4047156046875 0.574192540625 0.4053232875 0.5531284140625 0.39742343125 0.5507879546875001 0.3980311140625 0.5726322359375 0.388308215625 0.5749726953125001 0.387700534375 0.5921360578125 0.39681575156250004 0.5929162125 0.39681575156250004 0.610079575
2 0.3360476421875 0.6092994218750001 0.33787068593749997 0.5913559046875 0.3463782203125 0.5913559046875 0.3469859015625 0.5734123906249999 0.336655321875 0.5734123906249999 0.3360476421875 0.55468871875 0.32997083125 0.5531284140625 0.33118619374999997 0.5718520828125 0.3220709765625 0.5757528484375001 0.3220709765625 0.5944765171874999 0.32997083125 0.5936963640624999 0.32875546875 0.61163988125 0.3360476421875 0.6092994218750001
2 0.3591395234375 0.5398658140625 0.3658240171875 0.54142611875 0.3658240171875 0.5234826015625 0.37736995625 0.5234826015625 0.37736995625 0.49383679375 0.3658240171875 0.49461694375 0.365216334375 0.471992509375 0.3591395234375 0.471992509375 0.3591395234375 0.49305663906249997 0.3518473515625 0.49305663906249997 0.35123966875 0.5234826015625 0.3573164796875 0.5250429078125001 0.3591395234375 0.5398658140625
2 0.2132960625 0.5149009203125 0.2126883796875 0.532064284375 0.2272727265625 0.529723825 0.2272727265625 0.5141207671875 0.2424647546875 0.5149009203125 0.2424647546875 0.5039787796875 0.2272727265625 0.5031986265625 0.2284880890625 0.49227648593750006 0.21572678750000002 0.49071617968750003 0.2151191046875 0.5039787796875 0.20114244062500003 0.5039787796875 0.2023578015625 0.5141207671875 0.2132960625 0.5149009203125
1 0.2151239671875 0.4790185671875 0.0765702484375 0.4790185671875 0.0765702484375 0.5539257296875 0.2151239671875 0.5539257296875 0.2151239671875 0.4790185671875
2 0.0911521625 0.49773755625 0.10026737968749999 0.49773755625 0.0996596984375 0.478233734375 0.1112056390625 0.47979403906250007 0.11242100156249998 0.4626306765625 0.0996596984375 0.46341082812499995 0.1014827421875 0.4376657828125 0.09236752499999999 0.436105478125 0.0917598453125 0.46341082812499995 0.0838599890625 0.4649711359375 0.0838599890625 0.47589327656249997 0.09479825 0.4766734265625 0.0911521625 0.49773755625
6 0.14888186718750002 0.733343734375 0.1482741859375 0.69511624375 0.17622751718750002 0.69511624375 0.175619834375 0.6826337953125 0.14888186718750002 0.68341395 0.1500972296875 0.6459666093750001 0.2151191046875 0.644406303125 0.21572678750000002 0.6974567 0.2266650453125 0.6958963953125 0.22484200156249998 0.6186612578124999 0.2151191046875 0.617881103125 0.2151191046875 0.6358246203125 0.179873603125 0.6358246203125 0.1804812828125 0.622562021875 0.1604278078125 0.622562021875 0.16103548750000002 0.6358246203125 0.1500972296875 0.63504446875 0.1500972296875 0.5702917765625 0.21754983125 0.57107193125 0.2163344671875 0.5858948359375 0.2266650453125 0.5858948359375 0.2266650453125 0.529723825 0.2151191046875 0.5305039781249999 0.2151191046875 0.5562490234374999 0.10755955312500001 0.557029178125 0.10755955312500001 0.57107193125 0.14280505625 0.57107193125 0.14037433125 0.68341395 0.07292173125 0.6841941015625 0.07413709375000001 0.69511624375 0.1421973734375 0.6958963953125 0.14037433125 0.7349040421875 0.104521146875 0.7349040421875 0.106344190625 0.7450460296875 0.2163344671875 0.7458261828125 0.2163344671875 0.7980964265625 0.22544968437500001 0.796536121875 0.22423432187499998 0.7317834296875 0.2151191046875 0.7317834296875 0.2145114234375 0.7349040421875 0.14888186718750002 0.733343734375
4 0.14038223125 0.5718435015625001 0.0753615703125 0.5718435015625001 0.0753615703125 0.68417771875 0.14038223125 0.68417771875 0.14038223125 0.5718435015625001
2 0.0911521625 0.5921360578125 0.09540593124999999 0.5952566703125 0.097228975 0.5702917765625 0.10755955312500001 0.5695116234375 0.1081672328125 0.553908565625 0.09662129375 0.55468871875 0.097228975 0.5398658140625 0.09236752499999999 0.5390856609375 0.0917598453125 0.553908565625 0.080821584375 0.553908565625 0.0796062234375 0.5679513187499999 0.0911521625 0.5695116234375 0.0911521625 0.5921360578125
4 0.16103548750000002 0.8293025437500001 0.1823043265625 0.8293025437500001 0.1823043265625 0.8441254484374999 0.21572678750000002 0.8417849890625 0.21390374374999999 0.7458261828125 0.07596013593749999 0.7458261828125 0.0753524546875 0.8441254484374999 0.16103548750000002 0.8441254484374999 0.16103548750000002 0.8293025437500001
2 0.0917598453125 0.7676704640625001 0.09662129375 0.771571228125 0.097228975 0.7473864875 0.1057365109375 0.74894679375 0.10512882812499999 0.7341238890625 0.09662129375 0.733343734375 0.09662129375 0.7029177718749999 0.0899368015625 0.703697925 0.0899368015625 0.730223125 0.080821584375 0.7317834296875 0.0814292671875 0.7450460296875 0.0917598453125 0.744265875 0.0917598453125 0.7676704640625001
5 0.26373359375 0.858948353125 0.1057365109375 0.8581682015625001 0.1057365109375 0.8675300375000001 0.0771754984375 0.8675300375000001 0.074744775 0.9549071625 0.2613028671875 0.9564674671875 0.26373359375 0.858948353125
2 0.23881866718749997 0.87611171875 0.24611084062500002 0.8768918703124999 0.24611084062500002 0.862068965625 0.2558337375 0.862068965625 0.25644141875000004 0.840224684375 0.24489547968749997 0.840224684375 0.24489547968749997 0.8222811671875 0.23821098749999997 0.823841471875 0.23821098749999997 0.8386643796875 0.22788040937499998 0.8410048375000001 0.22788040937499998 0.8573880484374999 0.23821098749999997 0.8573880484374999 0.23881866718749997 0.87611171875
6 0.226057365625 0.8316430031250001 0.2163344671875 0.8339834609375 0.21572678750000002 0.84334529375 0.1804812828125 0.84334529375 0.18169664531250002 0.8300826953125 0.16285853125 0.8300826953125 0.16346621249999999 0.84334529375 0.074744775 0.8441254484374999 0.07413709375000001 0.8644094250000001 0.104521146875 0.865189578125 0.10512882812499999 0.85660789375 0.2272727265625 0.8558277421874999 0.2284880890625 0.8441254484374999 0.226057365625 0.8441254484374999 0.226057365625 0.8316430031250001
2 0.2145114234375 0.8215010125 0.2145114234375 0.8324231531249999 0.2290957703125 0.8332033078125001 0.2290957703125 0.8215010125 0.24003403125 0.8199407078125001 0.24003403125 0.8113590265624999 0.22544968437500001 0.8121391796875 0.2266650453125 0.7980964265625 0.2145114234375 0.8004368859375001 0.2145114234375 0.81291933125 0.197496353125 0.8113590265624999 0.20053476093749997 0.8215010125 0.2145114234375 0.8215010125
2 0.1987117171875 0.7138399125 0.2151191046875 0.713059759375 0.2145114234375 0.7317834296875 0.22544968437500001 0.7317834296875 0.2272727265625 0.7161803718749999 0.23881866718749997 0.7161803718749999 0.23881866718749997 0.70525823125 0.2272727265625 0.70525823125 0.2272727265625 0.6966765484375 0.21390374374999999 0.6966765484375 0.21694214843749998 0.7044780765625 0.20053476093749997 0.7044780765625 0.1987117171875 0.7138399125
2 0.203573165625 0.6077391171875 0.21390374374999999 0.6077391171875 0.21390374374999999 0.6194414109374999 0.2272727265625 0.617881103125 0.2266650453125 0.6069589625 0.250364609375 0.6077391171875 0.2527953328125 0.5960368218750001 0.2266650453125 0.5944765171874999 0.22788040937499998 0.58433453125 0.2145114234375 0.58511468125 0.2151191046875 0.5968169765625 0.205396209375 0.5968169765625 0.203573165625 0.6077391171875
1 0.259479825 0.20674052031249998 0.226057365625 0.20908097812499998 0.22788040937499998 0.8449056015625 0.26008750625 0.84334529375 0.259479825 0.20674052031249998
2 0.23456490156249998 0.22468403750000002 0.244287796875 0.22546419062499998 0.244287796875 0.2114214375 0.2527953328125 0.2114214375 0.2527953328125 0.19269776875 0.2424647546875 0.191917615625 0.243680115625 0.1692931796875 0.2327418578125 0.1692931796875 0.2327418578125 0.1903573109375 0.2272727265625 0.1903573109375 0.2272727265625 0.20596036875 0.23456490156249998 0.20596036875 0.23456490156249998 0.22468403750000002
2 0.2108653390625 0.2340458734375 0.2126883796875 0.24808862656250003 0.2272727265625 0.24808862656250003 0.2272727265625 0.23326571875000002 0.23881866718749997 0.2340458734375 0.23881866718749997 0.22546419062499998 0.2266650453125 0.22312373281250003 0.226057365625 0.208300828125 0.2126883796875 0.2122015921875 0.21147301875000002 0.22546419062499998 0.20175012187500002 0.22624434531249998 0.20418084531249997 0.2340458734375 0.2108653390625 0.2340458734375
2 0.15374331562500002 0.23326571875000002 0.16225085156250002 0.23326571875000002 0.16225085156250002 0.2449680125 0.17744287812499998 0.2457481671875 0.17622751718750002 0.2324855671875 0.1847350515625 0.2324855671875 0.1847350515625 0.22546419062499998 0.17501215312500001 0.22312373281250003 0.175619834375 0.20908097812499998 0.16346621249999999 0.2075206734375 0.164681575 0.22312373281250003 0.15435099531250002 0.222343578125 0.15374331562500002 0.23326571875000002
2 0.2126883796875 0.3651115625 0.2120807 0.384615384375 0.2266650453125 0.384615384375 0.2272727265625 0.3697924796875 0.244287796875 0.3697924796875 0.244287796875 0.35652988125 0.226057365625 0.354189421875 0.22484200156249998 0.34326728125 0.2126883796875 0.3424871265625 0.2108653390625 0.3557497265625 0.1968886734375 0.3549695734375 0.1968886734375 0.3651115625 0.2126883796875 0.3651115625
6 0.2637293390625 0.8441246687499999 0.25461776875000003 0.8441246687499999 0.25461776875000003 0.8589522546874999 0.2637293390625 0.8589522546874999 0.2637293390625 0.8441246687499999
6 0.0832644625 0.46575596875 0.074752065625 0.46575596875 0.074752065625 0.47588859375 0.0832644625 0.47588859375 0.0832644625 0.46575596875
6 0.0802066109375 0.556259946875 0.07413223125 0.556259946875 0.07413223125 0.569522546875 0.0802066109375 0.569522546875 0.0802066109375 0.556259946875
6 0.08204545468749999 0.7348938984375 0.0735330578125 0.7348938984375 0.0735330578125 0.7442572937499999 0.08204545468749999 0.7442572937499999 0.08204545468749999 0.7348938984375
0 0.176835196875 0.6966765484375 0.149489546875 0.6958963953125 0.149489546875 0.733343734375 0.2145114234375 0.7341238890625 0.2145114234375 0.64518645625 0.149489546875 0.6459666093750001 0.149489546875 0.6841941015625 0.176835196875 0.6826337953125 0.176835196875 0.6966765484375
3 0.1798760328125 0.6233289125 0.1610330578125 0.6233289125 0.1610330578125 0.6459549078125 0.1798760328125 0.6459549078125 0.1798760328125 0.6233289125
0 0.1416012390625 0.6982228109374999 0.0741425625 0.6982228109374999 0.0741425625 0.733342175 0.1416012390625 0.733342175 0.1416012390625 0.6982228109374999
1 0.2145041328125 0.5718567640625001 0.1507024796875 0.5718567640625001 0.1507024796875 0.6335013265625 0.2145041328125 0.6335013265625 0.2145041328125 0.5718567640625001
6 0.1804812828125 0.250429084375 0.1804812828125 0.26291153125 0.21390374374999999 0.263691684375 0.2132960625 0.3424871265625 0.22544968437500001 0.3440474328125 0.22544968437500001 0.24652831874999998 0.2120807 0.24808862656250003 0.2120807 0.25198939062500003 0.1804812828125 0.250429084375
6 0.261301653125 0.19424403125 0.253409090625 0.19424403125 0.253409090625 0.20517241406250003 0.261301653125 0.20517241406250003 0.261301653125 0.19424403125
6 0.1592148765625 0.25198939062500003 0.074752065625 0.25198939062500003 0.074752065625 0.262917771875 0.1592148765625 0.262917771875 0.1592148765625 0.25198939062500003
1 0.21269628125 0.2083023875 0.1762293390625 0.2083023875 0.1762293390625 0.250424403125 0.21269628125 0.250424403125 0.21269628125 0.2083023875
2 0.2825619828125 0.532068965625 0.2619008265625 0.532068965625 0.2619008265625 0.5749867375 0.2825619828125 0.5749867375 0.2825619828125 0.532068965625
2 0.7243491734374999 0.532055703125 0.704907025 0.532055703125 0.704907025 0.5702785140625 0.7243491734374999 0.5702785140625 0.7243491734374999 0.532055703125
6 0.3581267203125 0.6401414671875 0.365013775 0.6419098140624999 0.365013775 0.5897435890625 0.387052340625 0.5888594171875 0.387052340625 0.5773651640625 0.3471074375 0.5773651640625 0.34573002656249996 0.5870910687500001 0.3574380171875 0.58797524375 0.3581267203125 0.6401414671875