7 0.2591911765625 0.10050660781250001 0.2205735296875 0.10050660781250001 0.2205735296875 0.1720925109375 0.2591911765625 0.1720925109375 0.2591911765625 0.10050660781250001
7 0.112132353125 0.33452643125 0.07351470624999999 0.33452643125 0.07351470624999999 0.41987885468749997 0.112132353125 0.41987885468749997 0.112132353125 0.33452643125
7 0.1067794125 0.6499118937499999 0.06816176406249999 0.6499118937499999 0.06816176406249999 0.7813215859375 0.1067794125 0.7813215859375 0.1067794125 0.6499118937499999
7 0.9383382359375 0.384603525 0.8997205875000001 0.384603525 0.8997205875000001 0.49698237812499996 0.9383382359375 0.49698237812499996 0.9383382359375 0.384603525
5 0.576132353125 0.049229075 0.260397059375 0.049229075 0.260397059375 0.2668942734375 0.576132353125 0.2668942734375 0.576132353125 0.049229075
7 0.4398235296875 0.0190308375 0.34223529375 0.0190308375 0.34223529375 0.0480616734375 0.4398235296875 0.0480616734375 0.4398235296875 0.0190308375
4 0.9022500000000001 0.051189426562499994 0.6159264703125 0.051189426562499994 0.6159264703125 0.2798678421875 0.9022500000000001 0.2798678421875 0.9022500000000001 0.051189426562499994
7 0.8555882359375 0.02202643125 0.7285882359375 0.02202643125 0.7285882359375 0.051057268749999996 0.8555882359375 0.051057268749999996 0.8555882359375 0.02202643125
7 0.4545294125 0.8730396468749999 0.2874117640625 0.8730396468749999 0.2874117640625 0.902070484375 0.4545294125 0.902070484375 0.4545294125 0.8730396468749999
7 0.810147059375 0.8760352421875 0.6430294125 0.8760352421875 0.6430294125 0.9050660796875001 0.810147059375 0.9050660796875001 0.810147059375 0.8760352421875
3 0.6430441171875 0.8730506609375001 0.45319117656249996 0.8730506609375001 0.45319117656249996 0.9040859031249999 0.6430441171875 0.9040859031249999 0.6430441171875 0.8730506609375001
3 0.28609625625 0.871045253125 0.1056149734375 0.8700440531250001 0.1069518703125 0.7839407296875 0.0668449203125 0.7839407296875 0.0655080203125 0.8990788937499999 0.28609625625 0.9000800968749999 0.28609625625 0.871045253125
3 0.8983957203124999 0.4975971171875 0.8957219265624999 0.878053665625 0.8114973265625001 0.8770524625 0.8114973265625001 0.90708850625 0.9358288765625 0.9080897078125 0.9371657765625001 0.4975971171875 0.8983957203124999 0.4975971171875
3 0.8997326203125 0.3854625546875 0.9398395734375 0.38646375625 0.9425133671875001 0.02202643125 0.8569518703125001 0.02202643125 0.8542780734375001 0.0500600734375 0.9037433140625 0.0500600734375 0.8997326203125 0.3854625546875
3 0.340897059375 0.0200110125 0.078867646875 0.0200110125 0.078867646875 0.0480506609375 0.340897059375 0.0480506609375 0.340897059375 0.0200110125
3 0.7272794124999999 0.0200220265625 0.4398382359375 0.0200220265625 0.4398382359375 0.0490528640625 0.7272794124999999 0.0490528640625 0.7272794124999999 0.0200220265625
3 0.11229946406249999 0.42150580625 0.0735294125 0.42150580625 0.0695187171875 0.6487785359375 0.1096256671875 0.6487785359375 0.11229946406249999 0.42150580625
3 0.25534759375 0.24329195 0.21925133749999998 0.24329195 0.2205882359375 0.2613135765625 0.076203209375 0.2593111734375 0.074866309375 0.33440128125 0.1136363640625 0.33440128125 0.11497326249999999 0.292350821875 0.25534759375 0.292350821875 0.25534759375 0.24329195
3 0.2580294125 0.0480616734375 0.21926470625 0.0480616734375 0.21926470625 0.0991189421875 0.2580294125 0.0991189421875 0.2580294125 0.0480616734375
2 0.20069204062499998 0.2105467734375 0.21799307968749998 0.2105467734375 0.21799307968749998 0.2422907484375 0.2621107265625 0.2435864203125 0.2612456734375 0.2105467734375 0.27854671249999996 0.2105467734375 0.2794117640625 0.2040684125 0.2603806234375 0.203420575 0.2603806234375 0.17362010781249998 0.21885813281250002 0.17362010781249998 0.21712802656250002 0.203420575 0.20155709375000003 0.203420575 0.20069204062499998 0.2105467734375
2 0.5527681640625 0.21961647968750003 0.5769896203125 0.2209121546875 0.5769896203125 0.252656128125 0.615051903125 0.2533039640625 0.61591695625 0.2209121546875 0.634948096875 0.2209121546875 0.63408304375 0.21378595625000002 0.61591695625 0.21249028124999997 0.6133218 0.1820419796875 0.5778546703125 0.1820419796875 0.5769896203125 0.21249028124999997 0.5527681640625 0.21249028124999997 0.5527681640625 0.21961647968750003
2 0.5320069203125 0.3252137859375 0.5328719734375 0.297356828125 0.5769896203125 0.297356828125 0.5769896203125 0.2688520359375 0.5311418671875 0.2682041984375 0.5311418671875 0.2442342578125 0.520761246875 0.2448820953125 0.520761246875 0.2669085265625 0.47750865 0.2669085265625 0.47837370312500005 0.296708990625 0.521626296875 0.29606115625 0.520761246875 0.3252137859375 0.5320069203125 0.3252137859375
2 0.4256055359375 0.43210676406250004 0.44117647031249996 0.43210676406250004 0.4394463671875 0.462555065625 0.475778546875 0.462555065625 0.47664359999999995 0.4314589265625 0.4896193765625 0.43210676406250004 0.4896193765625 0.4243327296875 0.47837370312500005 0.4243327296875 0.47664359999999995 0.3971236078125 0.4420415234375 0.3977714421875 0.4403114171875 0.4230370578125 0.4247404859375 0.42368489218749994 0.4256055359375 0.43210676406250004
2 0.70674740625 0.608966053125 0.70674740625 0.586939621875 0.7456747406249999 0.586939621875 0.7456747406249999 0.5636175171875 0.70674740625 0.56296968125 0.70674740625 0.5428867578125 0.6972318359375 0.5448302671875 0.6980968859375001 0.561674009375 0.658304496875 0.5623218453125001 0.65916955 0.586939621875 0.6989619375 0.5875874578125 0.6989619375 0.60831821875 0.70674740625 0.608966053125
2 0.5294117640625 0.6102617265625 0.5302768171875 0.5856439499999999 0.5787197234375 0.5849961125 0.5787197234375 0.561026171875 0.5302768171875 0.561026171875 0.5302768171875 0.5409432484375001 0.520761246875 0.5409432484375001 0.521626296875 0.5597305 0.47318339062500003 0.561026171875 0.4714532875 0.5856439499999999 0.520761246875 0.5856439499999999 0.520761246875 0.6115573984375 0.5294117640625 0.6102617265625
4 0.8970588234375001 0.5888831296875 0.612456746875 0.586939621875 0.608996540625 0.8726353984375 0.8944636671874999 0.8758745796875 0.8970588234375001 0.5888831296875
6 0.8970588234375001 0.5655616734375 0.7465294124999999 0.5655616734375 0.7465294124999999 0.586288546875 0.8970588234375001 0.586288546875 0.8970588234375001 0.5655616734375
6 0.6072664359375 0.8732832328125 0.608996540625 0.5849961125 0.657439446875 0.5849961125 0.657439446875 0.5623218453125001 0.5769896203125 0.561674009375 0.5743944640625 0.8726353984375 0.6072664359375 0.8732832328125
6 0.108996540625 0.5811090953125 0.4714532875 0.583700440625 0.47404844375 0.462555065625 0.4437716265625 0.462555065625 0.44117647031249996 0.561674009375 0.109861590625 0.5590826625 0.108996540625 0.5811090953125
4 0.44116176406249996 0.29348017656250003 0.11677941249999998 0.29348017656250003 0.11677941249999998 0.561674009375 0.44116176406249996 0.561674009375 0.44116176406249996 0.29348017656250003
6 0.44290657343750006 0.3971236078125 0.47404844375 0.3971236078125 0.47491349375 0.2688520359375 0.2586505171875 0.2682041984375 0.2569204140625 0.2928219734375 0.4446366796875 0.2934698109375 0.44290657343750006 0.3971236078125
6 0.612456746875 0.2805130859375 0.6133218 0.2539518015625 0.5795847765625 0.2539518015625 0.5787197234375 0.29541331875 0.9013840828124999 0.29541331875 0.8996539796875 0.28310443125 0.612456746875 0.2805130859375
6 0.6124558828125 0.050528634375000006 0.5813088234375 0.050528634375000006 0.5813088234375 0.1807488984375 0.6124558828125 0.1807488984375 0.6124558828125 0.050528634375000006
1 0.21800000000000003 0.049229075 0.0821764703125 0.049229075 0.0821764703125 0.2604185015625 0.21800000000000003 0.2604185015625 0.21800000000000003 0.049229075
4 0.8987889265625 0.297356828125 0.47837370312500005 0.2986525 0.47491349375 0.5603783375 0.8979238765625001 0.5642653546874999 0.8987889265625 0.297356828125
4 0.5743944640625 0.586939621875 0.11159169375 0.58240476875 0.1072664359375 0.8700440531250001 0.572664359375 0.8726353984375 0.5743944640625 0.586939621875