5 0.1489898984375 0.0925925921875 0.103535353125 0.13374485625000002 0.097222221875 0.2952674890625 0.2335858578125 0.2952674890625 0.2335858578125 0.5524691359375 0.34090909062499997 0.5545267484374999 0.3446969703125 0.13374485625000002 0.28661616093750003 0.09465020625000001 0.1489898984375 0.0925925921875
7 0.28113636406250003 0.0534979421875 0.1548737375 0.0534979421875 0.1548737375 0.09465020625000001 0.28113636406250003 0.09465020625000001 0.28113636406250003 0.0534979421875
3 0.3459595953125 0.13374485625000002 0.34090909062499997 0.6018518515625 0.3888888890625 0.6039094656249999 0.3926767671875 0.2572016453125 0.849747475 0.2623456796875 0.849747475 0.32716049375 0.902777778125 0.32716049375 0.902777778125 0.220164609375 0.39393939375000003 0.2160493828125 0.39393939375000003 0.0915637859375 0.36489899062500003 0.0895061734375 0.31944444375000003 0.0534979421875 0.28409090937500003 0.0524691359375 0.28156565625 0.0925925921875 0.2916666671875 0.0936213984375 0.3459595953125 0.13374485625000002
7 0.9023484843749999 0.32647119375 0.851843434375 0.32647119375 0.851843434375 0.415627571875 0.9023484843749999 0.415627571875 0.9023484843749999 0.32647119375
7 0.8972979796875 0.731141975 0.8467929296875001 0.731141975 0.8467929296875001 0.8189403296875 0.8972979796875 0.8189403296875 0.8972979796875 0.731141975
7 0.092601009375 0.7270267484375 0.042095959375000006 0.7270267484375 0.042095959375000006 0.816183128125 0.092601009375 0.816183128125 0.092601009375 0.7270267484375
2 0.31818181874999996 0.6430041156249999 0.3358585859375 0.645061728125 0.3333333328125 0.67283950625 0.390151515625 0.6738683125 0.39393939375000003 0.645061728125 0.40782828281250005 0.6471193421875 0.409090909375 0.6306584359375 0.390151515625 0.6316872421874999 0.39141414218750004 0.6039094656249999 0.3396464640625 0.6008230453125 0.3371212125 0.63271605 0.31944444375000003 0.63271605 0.31818181874999996 0.6430041156249999
2 0.21843434374999998 0.9238683125 0.2626262625 0.9228395062500001 0.2638888890625 0.8796296296874999 0.222222221875 0.8796296296874999 0.2209595953125 0.856995884375 0.20707070781249998 0.8590534984374999 0.20833333281250002 0.8796296296874999 0.1679292921875 0.8786008234375 0.1666666671875 0.9207818937500001 0.203282828125 0.9218107 0.203282828125 0.9434156375 0.21843434374999998 0.9434156375 0.21843434374999998 0.9238683125
2 0.6022727265625 0.9588477359375001 0.616161615625 0.9588477359375001 0.616161615625 0.9290123453125 0.775252525 0.933127571875 0.775252525 0.8847736625 0.6237373734375 0.8806584359375 0.622474746875 0.8549382718749999 0.6111111109375 0.8518518515625001 0.6085858578125001 0.8806584359375 0.4583333328125 0.8786008234375 0.45707070781250003 0.9279835390625 0.6035353531250001 0.931069959375 0.6022727265625 0.9588477359375001
4 0.34090909062499997 0.5555555562500001 0.0959595953125 0.5555555562500001 0.0959595953125 0.8806584359375 0.34090909062499997 0.8806584359375 0.34090909062499997 0.5555555562500001
2 0.1426767671875 0.5833333328125 0.1553030296875 0.585390946875 0.15656565625000002 0.5565843625 0.19444444375 0.55761316875 0.19444444375 0.5339506171874999 0.15656565625000002 0.5349794234374999 0.1578282828125 0.5154320984375 0.146464646875 0.5174897125 0.1452020203125 0.5370370375 0.10984848437500001 0.5360082296875001 0.1073232328125 0.5565843625 0.146464646875 0.5555555562500001 0.1426767671875 0.5833333328125
6 0.09469697031249999 0.297325103125 0.09469697031249999 0.30967078125 0.21338383906249997 0.3106995890625 0.2121212125 0.53806584375 0.19444444375 0.53806584375 0.19444444375 0.5534979421874999 0.23106060624999997 0.5545267484374999 0.2323232328125 0.297325103125 0.09469697031249999 0.297325103125
3 0.0429292921875 0.7283950625 0.09343434375000001 0.72942386875 0.099747475 0.13065843593749998 0.1477272734375 0.0925925921875 0.1578282828125 0.0936213984375 0.1540404046875 0.0524691359375 0.1262626265625 0.051440329687499994 0.08333333281250001 0.087448559375 0.049242425 0.088477365625 0.0429292921875 0.7283950625
6 0.1111111109375 0.53806584375 0.0921717171875 0.53806584375 0.0921717171875 0.5534979421874999 0.1111111109375 0.5534979421874999 0.1111111109375 0.53806584375
3 0.8989898984375 0.41358024687499995 0.8510101015625 0.41358024687499995 0.8510101015625 0.7325102875 0.8989898984375 0.7325102875 0.8989898984375 0.41358024687499995
3 0.7739898984375 0.9300411515624999 0.896464646875 0.9300411515624999 0.8977272734374999 0.8220164609375 0.8446969703124999 0.8209876546875 0.8446969703124999 0.88580246875 0.775252525 0.8837448562500001 0.7739898984375 0.9300411515624999
3 0.3396464640625 0.67283950625 0.33838383906249997 0.8816872421875 0.2626262625 0.8786008234375 0.2613636359375 0.92489711875 0.4583333328125 0.92489711875 0.4583333328125 0.8806584359375 0.3876262625 0.8816872421875 0.3926767671875 0.6748971187499999 0.3396464640625 0.67283950625
3 0.09343434375000001 0.8775720171874999 0.09469697031249999 0.816872428125 0.040404040625 0.8158436218749999 0.039141414062500005 0.9207818937500001 0.1666666671875 0.9238683125 0.1666666671875 0.8786008234375 0.09343434375000001 0.8775720171874999
1 0.2108585859375 0.31172839531249996 0.10101010156250001 0.31172839531249996 0.10101010156250001 0.53806584375 0.2108585859375 0.53806584375 0.2108585859375 0.31172839531249996
4 0.8446969703124999 0.259259259375 0.39141414218750004 0.259259259375 0.39141414218750004 0.8816872421875 0.8446969703124999 0.8816872421875 0.8446969703124999 0.259259259375