4 0.429783878125 0.17818634375 0.3492348125 0.17818634375 0.3492348125 0.276266003125 0.429783878125 0.276266003125 0.429783878125 0.17818634375
7 0.428352803125 0.149836415625 0.3746144859375 0.149836415625 0.3746144859375 0.176394025 0.428352803125 0.176394025 0.428352803125 0.149836415625
3 0.8699376953125 0.45234708437500004 0.9073208734374999 0.45234708437500004 0.9073208734374999 0.431484115625 0.8683800625 0.431484115625 0.8699376953125 0.178283546875 0.8785046734374999 0.178283546875 0.8792834890625001 0.16026552968750002 0.8831775703125 0.1593172125 0.8823987531249999 0.15173067812500002 0.8333333328125001 0.14983404375 0.8333333328125001 0.1593172125 0.8372274140625 0.16216216249999998 0.8364485984375 0.178283546875 0.8528037390625001 0.178283546875 0.8535825546875 0.431484115625 0.5459501546875 0.4324324328125 0.5459501546875 0.42105263125 0.5358255453125 0.42200094843749997 0.5358255453125 0.4324324328125 0.525700934375 0.431484115625 0.525700934375 0.45329540156250003 0.5358255453125 0.45234708437500004 0.537383178125 0.4599336171875 0.546728971875 0.46088193437499997 0.546728971875 0.45139876718750005 0.8543613703125 0.45139876718750005 0.8535825546875 0.7064959703125 0.8364485984375 0.7064959703125 0.8380062296874999 0.7245139875 0.8333333328125001 0.7245139875 0.8333333328125001 0.7330488374999999 0.8839563859374999 0.732100521875 0.8800623046875 0.723565671875 0.8800623046875 0.705547653125 0.8691588781249999 0.702702703125 0.8699376953125 0.45234708437500004
4 0.6369918218749999 0.17892603125 0.5539894859375 0.17892603125 0.5539894859375 0.27700569062499997 0.6369918218749999 0.27700569062499997 0.6369918218749999 0.17892603125
7 0.619158878125 0.1507894734375 0.5654205609375 0.1507894734375 0.5654205609375 0.177347084375 0.619158878125 0.177347084375 0.619158878125 0.1507894734375
4 0.8540303734375 0.17817923125 0.770408878125 0.17817923125 0.770408878125 0.3705832140625 0.8540303734375 0.3705832140625 0.8540303734375 0.17817923125
7 0.8380023359375001 0.1507894734375 0.78426401875 0.1507894734375 0.78426401875 0.177347084375 0.8380023359375001 0.177347084375 0.8380023359375001 0.1507894734375
4 0.6117806203125 0.36684884375000004 0.641908509375 0.366100171875 0.6425233640625 0.4319832296875 0.7642646328125 0.4319832296875 0.7630349234375 0.1781837234375 0.6425233640625 0.1789323953125 0.6425233640625 0.28449502187500003 0.6130103296875 0.28374635000000004 0.6117806203125 0.36684884375000004
7 0.7429906546875 0.1507752484375 0.7102803734375 0.1507752484375 0.7102803734375 0.177332859375 0.7429906546875 0.177332859375 0.7429906546875 0.1507752484375
4 0.9075258234374999 0.2972224296875 0.922282340625 0.2889870484375 0.9216674859375 0.28374635000000004 0.9081406781249999 0.28374635000000004 0.9069109687499999 0.17743505312500002 0.870019675 0.17668638125 0.870019675 0.4327319 0.9062961140624999 0.431234559375 0.9075258234374999 0.2972224296875
7 0.9049883171875001 0.1517354203125 0.8792873828125 0.1517354203125 0.8792873828125 0.177339971875 0.9049883171875001 0.177339971875 0.9049883171875001 0.1517354203125
7 0.9057593453124999 0.705554765625 0.8800584109375 0.705554765625 0.8800584109375 0.733051209375 0.9057593453124999 0.733051209375 0.9057593453124999 0.705554765625
7 0.8372254671875 0.7065007109375 0.7866063078125001 0.7065007109375 0.7866063078125001 0.7321052625 0.8372254671875 0.7321052625 0.8372254671875 0.7065007109375
7 0.6168165890624999 0.7065007109375 0.5661974296875 0.7065007109375 0.5661974296875 0.7321052625 0.6168165890624999 0.7321052625 0.6168165890624999 0.7065007109375
7 0.52180490625 0.7065007109375 0.4711857484375 0.7065007109375 0.4711857484375 0.7321052625 0.52180490625 0.7321052625 0.52180490625 0.7065007109375
7 0.4275642515625 0.705547653125 0.37694509374999996 0.705547653125 0.37694509374999996 0.7311522046875 0.4275642515625 0.7311522046875 0.4275642515625 0.705547653125
1 0.3424766359375 0.7329445234375 0.24102803750000001 0.7329445234375 0.24102803750000001 0.761394025 0.3424766359375 0.761394025 0.3424766359375 0.7329445234375
6 0.34308903125 0.73220034375 0.34308903125 0.762895859375 0.2404082640625 0.7621471890625 0.2404082640625 0.7336976875000001 0.2361042796875 0.7344463578125 0.236719134375 0.7658905453125 0.34800787031249997 0.7673878859375 0.348622725 0.73220034375 0.34308903125 0.73220034375
7 0.3341063078125 0.7064935984375 0.30217873906250003 0.7064935984375 0.30217873906250003 0.733051209375 0.3341063078125 0.733051209375 0.3341063078125 0.7064935984375
1 0.7519626171875 0.733705546875 0.65051401875 0.733705546875 0.65051401875 0.7614011374999999 0.7519626171875 0.7614011374999999 0.7519626171875 0.733705546875
6 0.7519675359375 0.7314516734375001 0.7519675359375 0.762895859375 0.6499016234375 0.762895859375 0.6499016234375 0.7314516734375001 0.644982784375 0.73220034375 0.644982784375 0.7666392140625 0.7575012296875 0.7673878859375 0.7575012296875 0.73220034375 0.7519675359375 0.7314516734375001
7 0.7429848125 0.705540540625 0.71105724375 0.705540540625 0.71105724375 0.7320981515625 0.7429848125 0.7320981515625 0.7429848125 0.705540540625
7 0.228966121875 0.5851137984375 0.20872079375000002 0.5851137984375 0.20872079375000002 0.6486557609375 0.228966121875 0.6486557609375 0.228966121875 0.5851137984375
7 0.228977803125 0.2361379796875 0.2095035046875 0.2361379796875 0.2095035046875 0.3006187765625 0.228977803125 0.3006187765625 0.228977803125 0.2361379796875
4 0.343089953125 0.1774395453125 0.2311857484375 0.1774395453125 0.2311857484375 0.431237553125 0.343089953125 0.431237553125 0.343089953125 0.1774395453125
7 0.33411799062499997 0.152681365625 0.3029614484375 0.152681365625 0.3029614484375 0.177332859375 0.33411799062499997 0.177332859375 0.33411799062499997 0.152681365625
3 0.7873773359375 0.1517354203125 0.741431075 0.1517354203125 0.741431075 0.177339971875 0.7873773359375 0.177339971875 0.7873773359375 0.1517354203125
3 0.6619918218749999 0.1507823609375 0.6160455609375 0.1507823609375 0.6160455609375 0.1763869125 0.6619918218749999 0.1763869125 0.6619918218749999 0.1507823609375
6 0.34800787031249997 0.27775698125 0.34800787031249997 0.17743505312500002 0.34308903125 0.17668638125 0.3424741765625 0.28449502187500003 0.35231185468750004 0.2852436921875 0.35231185468750004 0.277008309375 0.34800787031249997 0.27775698125
3 0.37694509374999996 0.1507823609375 0.33099883124999996 0.1507823609375 0.33099883124999996 0.1763869125 0.37694509374999996 0.1763869125 0.37694509374999996 0.1507823609375
3 0.377727803125 0.705547653125 0.3317815421875 0.705547653125 0.3317815421875 0.7311522046875 0.377727803125 0.7311522046875 0.377727803125 0.705547653125
3 0.4719684578125 0.7065007109375 0.426022196875 0.7065007109375 0.426022196875 0.7321052625 0.4719684578125 0.7321052625 0.4719684578125 0.7065007109375
3 0.6620035046875 0.705547653125 0.61605724375 0.705547653125 0.61605724375 0.7311522046875 0.6620035046875 0.7311522046875 0.6620035046875 0.705547653125
3 0.786617990625 0.7065007109375 0.7406717296875 0.7065007109375 0.7406717296875 0.7321052625 0.786617990625 0.7321052625 0.786617990625 0.7065007109375
3 0.52258566875 0.7045993359375 0.52258566875 0.7226173546875 0.5194704046874999 0.723565671875 0.5186915890625 0.732100521875 0.571651090625 0.7311522046875 0.5708722749999999 0.723565671875 0.5654205609375 0.7226173546875 0.5661993765625 0.705547653125 0.5537383171875 0.7036510203125 0.5545171343749999 0.4997629203125 0.5358255453125 0.4997629203125 0.5358255453125 0.705547653125 0.52258566875 0.7045993359375
3 0.516355140625 0.178283546875 0.5350467296875 0.178283546875 0.5358255453125 0.37932669531249996 0.546728971875 0.38122332812500004 0.546728971875 0.3736367953125 0.5545171343749999 0.3736367953125 0.5537383171875 0.346135609375 0.5475077890625 0.346135609375 0.546728971875 0.3394973921875 0.5537383171875 0.3404457078125 0.5537383171875 0.17733522968749998 0.5669781921875 0.17733522968749998 0.56464174375 0.1593172125 0.571651090625 0.1583688953125 0.569314640625 0.14983404375 0.5155763234374999 0.14983404375 0.5116822437499999 0.16026552968750002 0.5155763234374999 0.1612138453125 0.516355140625 0.178283546875
3 0.4267912765625 0.1763869125 0.4314641734375 0.17733522968749998 0.43068535937499997 0.3394973921875 0.43769470468750005 0.3404457078125 0.43769470468750005 0.34518729375 0.429127725 0.3442389765625 0.43068535937499997 0.3736367953125 0.43847352031250003 0.3745851109375 0.43847352031250003 0.37932669531249996 0.449376946875 0.3802750109375 0.44859813125 0.17733522968749998 0.466510903125 0.1763869125 0.466510903125 0.1593172125 0.47118380000000004 0.1583688953125 0.47118380000000004 0.1507823609375 0.424454828125 0.14983404375 0.4221183796875 0.1593172125 0.42757009375 0.1593172125 0.4267912765625 0.1763869125
3 0.2157320875 0.23613086718749998 0.2305295953125 0.23707918437500003 0.2305295953125 0.17733522968749998 0.2523364484375 0.1763869125 0.2523364484375 0.16026552968750002 0.2562305296875 0.16026552968750002 0.25389408125 0.14983404375 0.207165109375 0.14983404375 0.20872274218750003 0.24087245156249998 0.21495327031250003 0.2389758171875 0.2157320875 0.23613086718749998
3 0.2305295953125 0.5851114265625 0.23130841093750001 0.45234708437500004 0.43847352031250003 0.45139876718750005 0.43769470468750005 0.46088193437499997 0.4478193140625 0.46277856718750005 0.4478193140625 0.45234708437500004 0.4595015578125 0.45329540156250003 0.45872274218750003 0.431484115625 0.4478193140625 0.4305358 0.4478193140625 0.4229492640625 0.43769470468750005 0.42200094843749997 0.4369158875 0.4305358 0.2305295953125 0.431484115625 0.22975077968750002 0.2977714546875 0.2157320875 0.298719771875 0.2157320875 0.293029871875 0.20872274218750003 0.2939781890625 0.207165109375 0.5898530109375 0.2157320875 0.58890469375 0.2172897203125 0.5841631109375001 0.2305295953125 0.5851114265625
3 0.2507788171875 0.7226173546875 0.25155763124999997 0.705547653125 0.22975077968750002 0.705547653125 0.22975077968750002 0.64770033125 0.21651090312500001 0.646752015625 0.21651090312500001 0.64201043125 0.207165109375 0.64201043125 0.207165109375 0.7330488374999999 0.2562305296875 0.7339971546874999 0.2562305296875 0.7245139875 0.2507788171875 0.7226173546875
2 0.25311526562500003 0.7226173546875 0.2554517140625 0.7330488374999999 0.30140186875 0.7330488374999999 0.30140186875 0.7074442859375 0.28816199375 0.7008060703125001 0.25147565156249996 0.7059968546875 0.25311526562500003 0.7226173546875
4 0.3424766359375 0.4529516359375 0.23119158906249998 0.4529516359375 0.23119158906249998 0.7052560453125001 0.3424766359375 0.7052560453125001 0.3424766359375 0.4529516359375
2 0.348130840625 0.558558559375 0.348130840625 0.5234708390625 0.3411214953125 0.522522521875 0.330996884375 0.5604551921875001 0.348130840625 0.558558559375
6 0.348130840625 0.452339971875 0.34345794375 0.452339971875 0.34345794375 0.521571834375 0.348130840625 0.521571834375 0.348130840625 0.452339971875
1 0.4457697984375 0.5966908734375 0.4777422515625 0.5966908734375 0.4771273984375 0.51583439375 0.4303984265625 0.515085721875 0.429783571875 0.5023583140625 0.436546975 0.5031069859375 0.4371618296875 0.452946021875 0.379980325 0.4544433625 0.381210034375 0.5659953578125 0.44515494375 0.5659953578125 0.4457697984375 0.5966908734375
1 0.37567172968749996 0.4521906109375 0.3492348125 0.4521906109375 0.3492348125 0.509089615625 0.37567172968749996 0.509089615625 0.37567172968749996 0.4521906109375
2 0.38084112187499997 0.45898530156249995 0.3753894078125 0.45898530156249995 0.3753894078125 0.5026078703125 0.3816199375 0.5035561875 0.3894081 0.47984826875 0.38084112187499997 0.45898530156249995
6 0.49003935 0.604177584375 0.4894244953125 0.5966908734375 0.48450565624999997 0.5974395453125 0.48450565624999997 0.5457812390625 0.4789719625 0.544283896875 0.4789719625 0.5966908734375 0.4740531234375 0.5966908734375 0.4740531234375 0.605674928125 0.49003935 0.604177584375
2 0.470404984375 0.546230440625 0.483644859375 0.546230440625 0.483644859375 0.5215742062500001 0.47663551406250004 0.51872925625 0.46884735156249996 0.5357989578125 0.470404984375 0.546230440625
4 0.4396203265625 0.57497155 0.3486273359375 0.57497155 0.3486273359375 0.7059957328124999 0.4396203265625 0.7059957328124999 0.4396203265625 0.57497155
2 0.40654205625 0.572783309375 0.432242990625 0.5737316265625 0.432242990625 0.5538169749999999 0.40498442343749996 0.564248459375 0.40654205625 0.572783309375
6 0.44023610468749996 0.7067455265625 0.4445400890625 0.7067455265625 0.4457697984375 0.604177584375 0.451918346875 0.6034289125 0.451918346875 0.598188215625 0.44515494375 0.598188215625 0.4457697984375 0.568241371875 0.4316281359375 0.5667440296875 0.43101327968750003 0.574230740625 0.44146581406249996 0.5734820703125 0.44023610468749996 0.7067455265625
4 0.5361565421875001 0.603421053125 0.44639018750000004 0.603421053125 0.44639018750000004 0.7059957328124999 0.5361565421875001 0.7059957328124999 0.5361565421875001 0.603421053125
2 0.474299065625 0.6145092453125 0.47585669687500004 0.599336178125 0.45093457968750006 0.5974395453125 0.4517133953125 0.6059743953125001 0.4657320875 0.613560928125 0.474299065625 0.6145092453125
1 0.5545991140625001 0.5105936953125 0.644367928125 0.5105936953125 0.64621249375 0.452946021875 0.5472208562499999 0.45219734999999994 0.5472208562499999 0.49861495937500006 0.55275455 0.49786628750000006 0.5545991140625001 0.5105936953125
1 0.6056366828125 0.517332859375 0.5539894859375 0.517332859375 0.5539894859375 0.5966927453124999 0.6056366828125 0.5966927453124999 0.6056366828125 0.517332859375
6 0.58488901875 0.5111450921875 0.5537324765625 0.5111450921875 0.5537324765625 0.518726884375 0.58488901875 0.518726884375 0.58488901875 0.5111450921875
2 0.605919003125 0.5177809390625 0.6051401875 0.5092460875 0.5825545171875001 0.5016595546875 0.5825545171875001 0.516832621875 0.605919003125 0.5177809390625
6 0.6099360546875 0.5173317374999999 0.6160846046875 0.516583065625 0.6154697484375 0.5113423671875 0.6019429421875 0.5113423671875 0.602557796875 0.5173317374999999 0.606246925 0.518829078125 0.606246925 0.598188215625 0.6000983765625 0.5959422015625 0.6000983765625 0.60268024375 0.6154697484375 0.6034289125 0.6154697484375 0.5966908734375 0.610550909375 0.5974395453125 0.6099360546875 0.5173317374999999
4 0.612395475 0.5966908734375 0.6511313328125 0.5966908734375 0.650516478125 0.705248184375 0.7642646328125 0.7037508421875 0.7642646328125 0.453694690625 0.6517461875 0.452946021875 0.65236104375 0.518829078125 0.6117806203125 0.5173317374999999 0.612395475 0.5966908734375
2 0.61448598125 0.516832621875 0.640186915625 0.5177809390625 0.638629284375 0.5092460875 0.6199376953125 0.5007112375 0.61448598125 0.516832621875
4 0.6474474296875 0.6041749640625 0.555216121875 0.6041749640625 0.555216121875 0.704502134375 0.6474474296875 0.704502134375 0.6474474296875 0.6041749640625
2 0.638629284375 0.6050260781250001 0.638629284375 0.5983878625 0.6152647984375 0.5974395453125 0.617601246875 0.6050260781250001 0.6214953265625 0.613560928125 0.638629284375 0.6050260781250001
2 0.707943925 0.7245139875 0.711059190625 0.7254623046875001 0.711059190625 0.702702703125 0.703271028125 0.6932195343750001 0.686137071875 0.7008060703125001 0.6619937703125001 0.7093409203125 0.6619937703125001 0.7216690375 0.6627725859375 0.7311522046875 0.707943925 0.732100521875 0.707943925 0.7245139875
2 0.7640186921875001 0.5064011374999999 0.7694704046874999 0.5035561875 0.7686915890625 0.46088193437499997 0.7616822437499999 0.46372688437500004 0.754672896875 0.48174490312499996 0.7640186921875001 0.5064011374999999
4 0.8546553734375 0.5150924609375 0.7722605140625001 0.5150924609375 0.7722605140625001 0.7052489328125 0.8546553734375 0.7052489328125 0.8546553734375 0.5150924609375
2 0.8442367609374999 0.5101944046875 0.8161993765625001 0.5082977703125 0.8154205609374999 0.5301090562499999 0.8426791265625001 0.5177809390625 0.8442367609374999 0.5101944046875
6 0.77025116875 0.5794238968750001 0.7647955609375 0.5794238968750001 0.7647955609375 0.705554765625 0.77025116875 0.705554765625 0.77025116875 0.5794238968750001
2 0.77258566875 0.5452821234375 0.766355140625 0.543385490625 0.766355140625 0.5765765765624999 0.7749221187499999 0.5813181609375 0.7842679125 0.5822664765625001 0.77258566875 0.5452821234375
2 0.7640186921875001 0.42674253125000006 0.7710280375 0.4248458984375 0.7686915890625 0.38217164531250003 0.763239875 0.38122332812500004 0.754672896875 0.40303461250000006 0.7640186921875001 0.42674253125000006
1 0.8540303734375 0.376578946875 0.7993107484374999 0.376578946875 0.7993107484374999 0.431984353125 0.8540303734375 0.431984353125 0.8540303734375 0.376578946875
2 0.8138629281249999 0.35941204375 0.8154205609374999 0.3764817453125 0.8442367609374999 0.3764817453125 0.8457943921875 0.369843528125 0.8200934578125001 0.35656709375 0.8138629281249999 0.35941204375
6 0.7704131828125 0.37134087031249996 0.7697983265625 0.342142696875 0.7648794890625 0.342142696875 0.7648794890625 0.381822265625 0.7691834734375 0.381822265625 0.76856861875 0.375832896875 0.7931628125 0.37508422656249996 0.79377766875 0.4327319 0.7974667984375 0.4327319 0.798081653125 0.37508422656249996 0.8171421546875001 0.37508422656249996 0.8159124453125 0.3705921984375 0.7704131828125 0.37134087031249996
2 0.7710280375 0.305357990625 0.7647975078125 0.305357990625 0.7647975078125 0.341394025 0.77258566875 0.34518729375 0.7827102796875 0.305357990625 0.7710280375 0.305357990625
2 0.63551401875 0.277856803125 0.6137071640625 0.26552868749999997 0.6137071640625 0.275011853125 0.6152647984375 0.2825983890625 0.6347352015625 0.28449502187500003 0.63551401875 0.277856803125
1 0.635146028125 0.37433854843750003 0.577353971875 0.37433854843750003 0.577353971875 0.431237553125 0.635146028125 0.431237553125 0.635146028125 0.37433854843750003
2 0.6043613703124999 0.366998578125 0.584890965625 0.3660502609375 0.584890965625 0.384068278125 0.6035825546875 0.375533428125 0.6043613703124999 0.366998578125
2 0.6339563859374999 0.366998578125 0.6160436140625001 0.366998578125 0.61448598125 0.384068278125 0.6331775703125 0.375533428125 0.6339563859374999 0.366998578125
2 0.466510903125 0.1763869125 0.5179127718750001 0.17733522968749998 0.51713395625 0.1612138453125 0.5140186921875001 0.16026552968750002 0.5147975078125 0.14983404375 0.48987538906249994 0.13845424374999998 0.46728972031250005 0.148885728125 0.47118380000000004 0.1612138453125 0.466510903125 0.1612138453125 0.466510903125 0.1763869125
2 0.2523364484375 0.178283546875 0.2858255453125 0.18871503125 0.30140186875 0.1792318640625 0.3029595015625 0.15173067812500002 0.25389408125 0.14983404375 0.2570093453125 0.1593172125 0.25155763124999997 0.16026552968750002 0.2523364484375 0.178283546875
2 0.35231308437500003 0.283748221875 0.3424766359375 0.283748221875 0.3424766359375 0.36609530625 0.35231308437500003 0.36609530625 0.35231308437500003 0.283748221875
1 0.3707593453125 0.284487909375 0.351693925 0.284487909375 0.351693925 0.36609530625 0.3707593453125 0.36609530625 0.3707593453125 0.284487909375
2 0.3496884734375 0.275011853125 0.3504672890625 0.281650071875 0.3707165109375 0.2854433390625 0.3699376953125 0.2674253203125 0.3496884734375 0.275011853125
6 0.34800787031249997 0.3735868828125 0.35108214531250004 0.3735868828125 0.35169700000000004 0.3653515 0.34308903125 0.36684884375000004 0.34308903125 0.4327319 0.34800787031249997 0.4327319 0.34800787031249997 0.3735868828125
1 0.40703271093750004 0.3720839265625 0.34862149531250003 0.3720839265625 0.34862149531250003 0.43272403906249995 0.40703271093750004 0.43272403906249995 0.40703271093750004 0.3720839265625
2 0.3699376953125 0.366998578125 0.3496884734375 0.3660502609375 0.3496884734375 0.375533428125 0.3699376953125 0.38217164531250003 0.3699376953125 0.366998578125
2 0.4003115265625 0.3679468953125 0.382398753125 0.3660502609375 0.3816199375 0.3764817453125 0.4003115265625 0.38122332812500004 0.4003115265625 0.3679468953125
6 0.37383177500000003 0.3653515 0.37014264531249996 0.3653515 0.3689129375 0.372089540625 0.3836694546875 0.3728382125 0.38243974375 0.36684884375000004 0.3787506140625 0.36684884375000004 0.3787506140625 0.282997678125 0.3842843078125 0.282997678125 0.38551401875 0.277008309375 0.36952779062499996 0.2762596390625 0.36645351718749997 0.282997678125 0.3732169203125 0.282997678125 0.37383177500000003 0.3653515
1 0.4303984265625 0.345886053125 0.437776684375 0.3466347234375 0.4383915390625 0.3406453546875 0.429783571875 0.3406453546875 0.43101327968750003 0.28374635000000004 0.379980325 0.28374635000000004 0.3793654703125 0.3653515 0.4303984265625 0.3646028296875 0.4303984265625 0.345886053125
2 0.4174415890625 0.277859175 0.3847313078125 0.277859175 0.3847313078125 0.284502134375 0.4174415890625 0.284502134375 0.4174415890625 0.277859175
2 0.4485922890625 0.3793314359375 0.44002920625 0.3793314359375 0.44002920625 0.422005690625 0.4485922890625 0.422005690625 0.4485922890625 0.3793314359375
2 0.5459521031250001 0.3793314359375 0.53738901875 0.3793314359375 0.53738901875 0.422005690625 0.5459521031250001 0.422005690625 0.5459521031250001 0.3793314359375
6 0.537383178125 0.5974324328125 0.5233644859375 0.5974324328125 0.5233644859375 0.604075390625 0.537383178125 0.604075390625 0.537383178125 0.5974324328125
6 0.5693107484375 0.5974395453125 0.5529556078125 0.5974395453125 0.5529556078125 0.6031294453125 0.5693107484375 0.6031294453125 0.5693107484375 0.5974395453125
2 0.601244159375 0.598392603125 0.56775116875 0.598392603125 0.56775116875 0.604082503125 0.601244159375 0.604082503125 0.601244159375 0.598392603125
2 0.5241413546875 0.5974395453125 0.48987733593750005 0.5974395453125 0.48987733593750005 0.6031294453125 0.5241413546875 0.6031294453125 0.5241413546875 0.5974395453125
6 0.3481366828125 0.5604480796875 0.342681075 0.5604480796875 0.342681075 0.7064935984375 0.3481366828125 0.7064935984375 0.3481366828125 0.5604480796875
6 0.7642646328125 0.5038556562500001 0.7648794890625 0.544283896875 0.7704131828125 0.542786553125 0.7704131828125 0.5135883812500001 0.8165272984374999 0.5135883812500001 0.8159124453125 0.5075990109374999 0.798081653125 0.5083476828125 0.798081653125 0.453694690625 0.79377766875 0.453694690625 0.7931628125 0.5090963546875 0.7691834734375 0.5090963546875 0.7691834734375 0.5023583140625 0.7642646328125 0.5038556562500001
6 0.7686857484375 0.452354196875 0.7647955609375 0.452354196875 0.7647955609375 0.4627809390625 0.7686857484375 0.4627809390625 0.7686857484375 0.452354196875
6 0.85591705625 0.5082930296875 0.843452103125 0.5082930296875 0.843452103125 0.5139829296875 0.85591705625 0.5139829296875 0.85591705625 0.5082930296875
6 0.8551401875 0.36983641562499997 0.84345794375 0.36983641562499997 0.84345794375 0.3764793734375 0.8551401875 0.3764793734375 0.8551401875 0.36983641562499997
6 0.77025116875 0.1763798015625 0.7647955609375 0.1763798015625 0.7647955609375 0.30535561875 0.77025116875 0.30535561875 0.77025116875 0.1763798015625
1 0.7919334109375 0.4521977234375 0.7697955609375 0.4521977234375 0.7697955609375 0.5083428171875 0.7919334109375 0.5083428171875 0.7919334109375 0.4521977234375
6 0.771033878125 0.4229516359375 0.7655782703125 0.4229516359375 0.7655782703125 0.433378378125 0.771033878125 0.433378378125 0.771033878125 0.4229516359375
1 0.5472208562499999 0.345886053125 0.5539842593750001 0.345886053125 0.5539842593750001 0.3653515 0.605632071875 0.366100171875 0.605017215625 0.28374635000000004 0.5539842593750001 0.282997678125 0.5539842593750001 0.33989668281249996 0.5478357109374999 0.33989668281249996 0.5472208562499999 0.345886053125
6 0.606246925 0.366100171875 0.6031726500000001 0.3653515 0.6019429421875 0.372089540625 0.6154697484375 0.3728382125 0.6154697484375 0.367597515625 0.611165765625 0.368346184375 0.610550909375 0.28374635000000004 0.61485489375 0.28374635000000004 0.6160846046875 0.278505653125 0.55275455 0.277008309375 0.5539842593750001 0.282997678125 0.606246925 0.28374635000000004 0.606246925 0.366100171875
6 0.584117990625 0.36605263125 0.5529614484375001 0.36605263125 0.5529614484375001 0.37363442343750003 0.584117990625 0.37363442343750003 0.584117990625 0.36605263125
6 0.432242990625 0.36605263125 0.3995327109375 0.36605263125 0.3995327109375 0.37363442343750003 0.432242990625 0.37363442343750003 0.432242990625 0.36605263125
6 0.43146612187500005 0.27690611718749997 0.41666472031249996 0.27690611718749997 0.41666472031249996 0.283549075 0.43146612187500005 0.283549075 0.43146612187500005 0.27690611718749997
6 0.40654205625 0.5670910390625 0.348130840625 0.5670910390625 0.348130840625 0.5737339968749999 0.40654205625 0.5737339968749999 0.40654205625 0.5670910390625
6 0.4838901875 0.5143385484375 0.47835280312500006 0.5143385484375 0.47835280312500006 0.524068278125 0.4838901875 0.524068278125 0.4838901875 0.5143385484375
3 0.5103295625000001 0.5046043265625 0.46974913906250004 0.5053529984375 0.46974913906250004 0.5001123 0.4586817515625 0.500860971875 0.4586817515625 0.5046043265625 0.449458928125 0.5038556562500001 0.449458928125 0.5001123 0.4371618296875 0.5001123 0.437776684375 0.5046043265625 0.4303984265625 0.5046043265625 0.43101327968750003 0.515085721875 0.5355386140625 0.5143370515625 0.5355386140625 0.5053529984375 0.522626659375 0.5046043265625 0.523241515625 0.5001123 0.511559271875 0.5001123 0.5103295625000001 0.5046043265625
2 0.44761098125 0.4604338546875 0.43839369218749996 0.4604338546875 0.43839369218749996 0.501614509375 0.44761098125 0.501614509375 0.44761098125 0.4604338546875
1 0.5361507015625 0.4529516359375 0.449456775 0.4529516359375 0.449456775 0.5038620203125 0.5361507015625 0.5038620203125 0.5361507015625 0.4529516359375
2 0.52632009375 0.431237553125 0.4580724296875 0.431237553125 0.4580724296875 0.4522048359375 0.52632009375 0.4522048359375 0.52632009375 0.431237553125
2 0.54598715 0.4596941671875 0.5373773359375 0.4596941671875 0.5373773359375 0.4993669984375 0.54598715 0.4993669984375 0.54598715 0.4596941671875
6 0.647442203125 0.7037508421875 0.650516478125 0.7044995140625 0.6511313328125 0.5966908734375 0.638834234375 0.5966908734375 0.638834234375 0.604177584375 0.6468273499999999 0.60268024375 0.647442203125 0.7037508421875
6 0.6511313328125 0.518829078125 0.6511313328125 0.452946021875 0.64621249375 0.45219734999999994 0.6455976390625 0.5105936953125 0.638834234375 0.5105936953125 0.6382193796875 0.518829078125 0.6511313328125 0.518829078125
6 0.63514510625 0.27775698125 0.6345302515625 0.28449502187500003 0.641908509375 0.28374635000000004 0.641908509375 0.1789323953125 0.6369896703125 0.17668638125 0.637604525 0.27775698125 0.63514510625 0.27775698125
6 0.636374815625 0.4327319 0.641908509375 0.4349779140625 0.6412936546875 0.367597515625 0.633300540625 0.36684884375000004 0.6314559765625 0.3728382125 0.6369896703125 0.3728382125 0.636374815625 0.4327319
5 0.53676401875 0.1774324328125 0.4488434578125 0.1774324328125 0.4488434578125 0.37958037031249997 0.53676401875 0.37958037031249997 0.53676401875 0.1774324328125
1 0.5355373828125 0.37958037031249997 0.44946261718749997 0.37958037031249997 0.44946261718749997 0.43049075468750003 0.5355373828125 0.43049075468750003 0.5355373828125 0.37958037031249997
6 0.3793633171875 0.45069701249999994 0.37444509375 0.45069701249999994 0.37444509375 0.45968705625000006 0.3793633171875 0.45968705625000006 0.3793633171875 0.45069701249999994
6 0.379980325 0.5016096421875 0.375676340625 0.5016096421875 0.3750614859375 0.509845025 0.34800787031249997 0.5090963546875 0.348622725 0.5143370515625 0.379980325 0.5143370515625 0.379980325 0.5016096421875
1 0.5355373828125 0.5150924609375 0.485116821875 0.5150924609375 0.485116821875 0.5959459453125 0.5355373828125 0.5959459453125 0.5355373828125 0.5150924609375
1 0.7925525703125 0.3758250359375 0.7704147203125 0.3758250359375 0.7704147203125 0.431230440625 0.7925525703125 0.431230440625 0.7925525703125 0.3758250359375
1 0.8540303734375 0.4521977234375 0.7993107484374999 0.4521977234375 0.7993107484374999 0.5076031296875 0.8540303734375 0.5076031296875 0.8540303734375 0.4521977234375
2 0.6609690109375 0.1811784078125 0.69724545 0.1826757515625 0.710157403125 0.179681065625 0.7095425484375 0.15048289374999999 0.6646581406250001 0.1512315640625 0.6658878500000001 0.1594669453125 0.66035415625 0.1594669453125 0.6609690109375 0.1811784078125
1 0.7507418218749999 0.12278093906250001 0.650519859375 0.12278093906250001 0.650519859375 0.1497368421875 0.7507418218749999 0.1497368421875 0.7507418218749999 0.12278093906250001
6 0.7575012296875 0.15048289374999999 0.756886375 0.11679269218749999 0.644982784375 0.1175413640625 0.644367928125 0.151980234375 0.64928676875 0.1482368796875 0.6486719140625 0.122033390625 0.7531972453125 0.122033390625 0.752582390625 0.15048289374999999 0.7575012296875 0.15048289374999999
1 0.3418574765625 0.12128734062499999 0.2410163546875 0.12128734062499999 0.2410163546875 0.1504907546875 0.3418574765625 0.1504907546875 0.3418574765625 0.12128734062499999
6 0.3424741765625 0.122033390625 0.3437038859375 0.1512315640625 0.34800787031249997 0.1512315640625 0.34800787031249997 0.11829003593750001 0.236719134375 0.1175413640625 0.2361042796875 0.1482368796875 0.2404082640625 0.1512315640625 0.24102311875 0.1212847203125 0.3424741765625 0.122033390625
1 0.52140186875 0.11828591718749999 0.46299065468749995 0.11828591718749999 0.46299065468749995 0.1504765296875 0.52140186875 0.1504765296875 0.52140186875 0.11828591718749999
4 0.9087555343749999 0.607920940625 0.9235120515625 0.5959422015625 0.9081406781249999 0.59519353125 0.9069109687499999 0.45144867812499995 0.8694048203125 0.45219734999999994 0.870019675 0.7059968546875 0.9069109687499999 0.705248184375 0.9087555343749999 0.607920940625