4 0.4544673546875 0.0618955515625 0.045532645312499995 0.0618955515625 0.045532645312499995 0.28433268906250003 0.4544673546875 0.28433268906250003 0.4544673546875 0.0618955515625
7 0.181271478125 0.0493230171875 0.0704467359375 0.0493230171875 0.0704467359375 0.0609284328125 0.181271478125 0.0609284328125 0.181271478125 0.0493230171875
7 0.3487972515625 0.0493230171875 0.23797250781249998 0.0493230171875 0.23797250781249998 0.0609284328125 0.3487972515625 0.0609284328125 0.3487972515625 0.0493230171875
4 0.8805841921875001 0.0609284328125 0.471649484375 0.0609284328125 0.471649484375 0.286266925 0.8805841921875001 0.286266925 0.8805841921875001 0.0609284328125
7 0.683848796875 0.0493230171875 0.57474226875 0.0493230171875 0.57474226875 0.06286266874999999 0.683848796875 0.06286266874999999 0.683848796875 0.0493230171875
7 0.8530927828125 0.0502901359375 0.742268040625 0.0502901359375 0.742268040625 0.0609284328125 0.8530927828125 0.0609284328125 0.8530927828125 0.0502901359375
7 0.8908934703125 0.4497098640625 0.88230240625 0.4497098640625 0.88230240625 0.5764023203125 0.8908934703125 0.5764023203125 0.8908934703125 0.4497098640625
4 0.5575601375 0.774661509375 0.88230240625 0.7794970984375 0.8797250859375 0.614119921875 0.5635738828125 0.614119921875 0.565292096875 0.69052224375 0.5575601375 0.6895551249999999 0.5575601375 0.774661509375
7 0.854810996875 0.77852998125 0.742268040625 0.77852998125 0.742268040625 0.790135396875 0.854810996875 0.790135396875 0.854810996875 0.77852998125
7 0.5180412375000001 0.77852998125 0.40549828125 0.77852998125 0.40549828125 0.7872340421875 0.5180412375000001 0.7872340421875 0.5180412375000001 0.77852998125
4 0.3702749140625 0.6895551249999999 0.3625429546875 0.6876208890625 0.3616838484375 0.615087040625 0.0446735390625 0.615087040625 0.0438144328125 0.7775628625000001 0.3694158078125 0.7756286265625 0.3702749140625 0.6895551249999999
7 0.18298969062499998 0.77852998125 0.0704467359375 0.77852998125 0.0704467359375 0.789168278125 0.18298969062499998 0.789168278125 0.18298969062499998 0.77852998125
7 0.0438144328125 0.4497098640625 0.032646048437500005 0.4497098640625 0.032646048437500005 0.5735009671875 0.0438144328125 0.5735009671875 0.0438144328125 0.4497098640625
3 0.3874570453125 0.31818181874999996 0.3874570453125 0.3065764015625 0.5386597937500001 0.30367504843750004 0.5395189 0.31818181874999996 0.55670103125 0.32011605468750004 0.5549828171875 0.286266925 0.471649484375 0.286266925 0.471649484375 0.0618955515625 0.4544673546875 0.0618955515625 0.4544673546875 0.28723404218750004 0.3711340203125 0.286266925 0.3702749140625 0.3191489359375 0.3874570453125 0.31818181874999996
3 0.5644329890625001 0.686653771875 0.5644329890625001 0.61121856875 0.5549828171875 0.61121856875 0.55670103125 0.3781431328125 0.54037800625 0.38007736875 0.5386597937500001 0.7765957453125 0.55670103125 0.7775628625000001 0.55670103125 0.6885880078125 0.5644329890625001 0.686653771875
3 0.3702749140625 0.6895551249999999 0.3694158078125 0.7775628625000001 0.3874570453125 0.7775628625000001 0.3874570453125 0.3781431328125 0.3702749140625 0.38007736875 0.3719931265625 0.61121856875 0.36340206249999996 0.6121856859375 0.3591065296875 0.686653771875 0.3702749140625 0.6895551249999999
2 0.7061855671874999 0.225338490625 0.6855670109374999 0.23210831718749997 0.6701030921875 0.2398452609375 0.6494845359375 0.27272727343750003 0.6477663234375 0.2959381046875 0.6529209625 0.3017408125 0.701030928125 0.297872340625 0.7061855671874999 0.225338490625
4 0.8814432984374999 0.296905221875 0.720790378125 0.296905221875 0.720790378125 0.60251450625 0.8814432984374999 0.60251450625 0.8814432984374999 0.296905221875
2 0.75085910625 0.3597678921875 0.7731958765625 0.3191489359375 0.77061855625 0.30270792968750004 0.7113402062499999 0.305609284375 0.70962199375 0.353965184375 0.7113402062499999 0.361702128125 0.720790378125 0.37330754375 0.75085910625 0.3597678921875
2 0.702749140625 0.6073500968750001 0.664948453125 0.6054158609375 0.6477663234375 0.6073500968750001 0.6563573890625001 0.6441005796875 0.6786941578125 0.6653771765625 0.7061855671874999 0.6740812375 0.702749140625 0.6073500968750001
1 0.6469072171875 0.6044487421875 0.7104811 0.606382978125 0.7104811 0.296905221875 0.555841925 0.2988394578125 0.55670103125 0.4052224375 0.646048109375 0.4061895546875 0.6469072171875 0.6044487421875
2 0.6898625421875 0.4613152796875 0.6340206187499999 0.46228239843749996 0.6357388312500001 0.5087040625 0.654639175 0.5145067703125 0.6821305843750001 0.496131528125 0.6898625421875 0.4613152796875
2 0.6881443296875001 0.5464216640624999 0.63230240625 0.551257253125 0.6340206187499999 0.59574468125 0.6477663234375 0.599613153125 0.6804123718749999 0.58027079375 0.6881443296875001 0.5464216640624999
2 0.5549828171875 0.3752417796875 0.55841924375 0.33268858749999997 0.5515463921875 0.3191489359375 0.48711340156249994 0.31721469999999996 0.489690721875 0.33655705937499997 0.5051546390625 0.36557059999999997 0.529209621875 0.377176015625 0.5549828171875 0.3752417796875
1 0.279209621875 0.4061895546875 0.36769759375 0.4052224375 0.3694158078125 0.2988394578125 0.21649484531250002 0.297872340625 0.21735395156249998 0.60251450625 0.280068728125 0.60251450625 0.279209621875 0.4061895546875
2 0.28865979375 0.5087040625 0.29037800625 0.46228239843749996 0.24054982812499998 0.4603481625 0.24226804062500001 0.487427465625 0.261168384375 0.5029013546875001 0.28865979375 0.5087040625
4 0.2061855671875 0.297872340625 0.0438144328125 0.297872340625 0.0438144328125 0.603481625 0.2061855671875 0.603481625 0.2061855671875 0.297872340625
2 0.28694158125 0.599613153125 0.29037800625 0.5493230171875 0.23883161562500002 0.5454545453125 0.24226804062500001 0.56286266875 0.2568728515625 0.5899419734375 0.28694158125 0.599613153125
2 0.277491409375 0.654738878125 0.27491408906250003 0.61121856875 0.221649484375 0.61121856875 0.2268041234375 0.64216634375 0.24140893437500002 0.6653771765625 0.276632303125 0.67504835625 0.277491409375 0.654738878125
6 0.6486254296875 0.28529980625 0.555841925 0.28529980625 0.555841925 0.297872340625 0.6486254296875 0.297872340625 0.6486254296875 0.28529980625
6 0.3711340203125 0.28529980625 0.2757731953125 0.28529980625 0.2757731953125 0.297872340625 0.3711340203125 0.297872340625 0.3711340203125 0.28529980625
6 0.7121993125 0.3085106390625 0.719072165625 0.3075435203125 0.720790378125 0.296905221875 0.8840206187499999 0.2959381046875 0.88230240625 0.286266925 0.702749140625 0.28723404218750004 0.703608246875 0.296905221875 0.7113402062499999 0.296905221875 0.7121993125 0.3085106390625
6 0.2087628859375 0.3075435203125 0.21563573906250003 0.3075435203125 0.21649484531250002 0.296905221875 0.2250859109375 0.297872340625 0.22336769687500002 0.286266925 0.0438144328125 0.286266925 0.0438144328125 0.2959381046875 0.20790377968749998 0.297872340625 0.2087628859375 0.3075435203125
6 0.222508590625 0.6131528046875 0.22336769687500002 0.6044487421875 0.21649484531250002 0.603481625 0.21477663281249998 0.36557059999999997 0.20790377968749998 0.3675048359375 0.20790377968749998 0.6044487421875 0.0438144328125 0.6054158609375 0.0446735390625 0.615087040625 0.222508590625 0.6131528046875
0 0.3719931265625 0.41972920625 0.29209622031250004 0.41972920625 0.29209622031250004 0.530947775 0.3719931265625 0.530947775 0.3719931265625 0.41972920625
6 0.29037800625 0.4187620890625 0.3711340203125 0.41972920625 0.3702749140625 0.40812379062500004 0.279209621875 0.40715667343749995 0.279209621875 0.4613152796875 0.28951889999999997 0.4613152796875 0.29037800625 0.4187620890625
6 0.2817869421875 0.5483559 0.28951889999999997 0.54738878125 0.29123711406249997 0.5425531921875 0.3711340203125 0.5425531921875 0.3702749140625 0.5328820109375 0.28951889999999997 0.5328820109375 0.28865979375 0.50773694375 0.280068728125 0.5096711796875 0.2817869421875 0.5483559
6 0.2817869421875 0.6015473890624999 0.27491408906250003 0.60251450625 0.276632303125 0.61121856875 0.372852234375 0.6131528046875 0.3694158078125 0.6044487421875 0.29037800625 0.603481625 0.28951889999999997 0.5947775625 0.2817869421875 0.59574468125 0.2817869421875 0.6015473890624999
6 0.6374570453125 0.4603481625 0.6451890031249999 0.4632495171875 0.644329896875 0.40715667343749995 0.5541237109375 0.4061895546875 0.5541237109375 0.415860734375 0.6357388312500001 0.41972920625 0.6374570453125 0.4603481625
0 0.634879725 0.5435203093750001 0.555841925 0.5435203093750001 0.555841925 0.60251450625 0.634879725 0.60251450625 0.634879725 0.5435203093750001
6 0.634879725 0.54738878125 0.646048109375 0.5502901359375 0.646048109375 0.511605415625 0.634879725 0.5096711796875 0.6357388312500001 0.5338491296875 0.555841925 0.5338491296875 0.5549828171875 0.544487428125 0.634879725 0.5415860734375 0.634879725 0.54738878125
6 0.6529209625 0.6044487421875 0.6451890031249999 0.6015473890624999 0.644329896875 0.59574468125 0.6383161515625 0.5928433265625 0.6357388312500001 0.60251450625 0.5532646046874999 0.603481625 0.5549828171875 0.6131528046875 0.6512027484375 0.6131528046875 0.6529209625 0.6044487421875
6 0.88230240625 0.6131528046875 0.8831615125000001 0.60251450625 0.719931271875 0.60251450625 0.720790378125 0.3636363640625 0.7104811 0.36557059999999997 0.70962199375 0.603481625 0.7044673546875 0.60251450625 0.7053264609375 0.6131528046875 0.88230240625 0.6131528046875
2 0.41580755937499997 0.328820115625 0.393470790625 0.3191489359375 0.36597938124999996 0.3230174078125 0.36769759375 0.377176015625 0.4398625421875 0.38007736875 0.43127147812500005 0.35009671249999996 0.41580755937499997 0.328820115625
0 0.634879725 0.41972920625 0.5549828171875 0.41972920625 0.5549828171875 0.530947775 0.634879725 0.530947775 0.634879725 0.41972920625
0 0.3694158078125 0.5435203093750001 0.29037800625 0.5435203093750001 0.29037800625 0.60251450625 0.3694158078125 0.60251450625 0.3694158078125 0.5435203093750001
1 0.5386597937500001 0.305609284375 0.3874570453125 0.305609284375 0.3874570453125 0.42069632500000004 0.5386597937500001 0.42069632500000004 0.5386597937500001 0.305609284375
5 0.5386597937500001 0.42359767968749995 0.3891752578125 0.42359767968749995 0.3891752578125 0.7765957453125 0.5386597937500001 0.7765957453125 0.5386597937500001 0.42359767968749995
3 0.8754295531249999 0.7920696328125 0.8754295531249999 0.7998065765625 0.9003436421875 0.797872340625 0.9012027484375 0.7872340421875 0.895189003125 0.7872340421875 0.8934707906250001 0.6199226312499999 0.9012027484375 0.6179883953124999 0.9020618562499999 0.5976789171875 0.8934707906250001 0.5976789171875 0.8917525765625 0.5764023203125 0.88230240625 0.575435203125 0.8831615125000001 0.7794970984375 0.8530927828125 0.77852998125 0.855670103125 0.789168278125 0.8754295531249999 0.7920696328125
3 0.9012027484375 0.41102514531249995 0.8934707906250001 0.409090909375 0.894329896875 0.2408123796875 0.9029209625 0.2398452609375 0.9012027484375 0.22050290156250002 0.8917525765625 0.21953578281250002 0.8934707906250001 0.052224371874999995 0.9012027484375 0.052224371874999995 0.9020618562499999 0.04061895625 0.877147765625 0.039651837499999995 0.876288659375 0.0483559 0.8513745703125 0.0483559 0.8505154640624999 0.058994196875 0.8840206187499999 0.058027079687500004 0.8814432984374999 0.44777562812499994 0.892611684375 0.448742746875 0.894329896875 0.4294003875 0.9020618562499999 0.4294003875 0.9012027484375 0.41102514531249995
3 0.5386597937500001 0.7988394578125 0.5549828171875 0.8017408125 0.55841924375 0.7911025140625 0.7044673546875 0.790135396875 0.7061855671874999 0.7998065765625 0.7242268046875 0.7998065765625 0.7259450171874999 0.789168278125 0.740549828125 0.789168278125 0.742268040625 0.77852998125 0.5180412375000001 0.77852998125 0.5180412375000001 0.790135396875 0.5378006875 0.7911025140625 0.5386597937500001 0.7988394578125
3 0.201890034375 0.7998065765625 0.2242268046875 0.8007736937500001 0.2242268046875 0.7911025140625 0.36855670156250003 0.7911025140625 0.36855670156250003 0.7988394578125 0.3891752578125 0.8007736937500001 0.3908934703125 0.790135396875 0.4080756015625 0.7911025140625 0.40549828125 0.7756286265625 0.18213058437500002 0.7756286265625 0.18298969062499998 0.789168278125 0.201030928125 0.789168278125 0.201890034375 0.7998065765625
3 0.0335051546875 0.5947775625 0.025773195312500004 0.5976789171875 0.025773195312500004 0.6170212765625 0.0317869421875 0.6189555125 0.0335051546875 0.7872340421875 0.0240549828125 0.786266925 0.026632303125 0.8007736937500001 0.052405498437499996 0.7998065765625 0.053264604687499995 0.789168278125 0.0721649484375 0.7911025140625 0.069587628125 0.7765957453125 0.0438144328125 0.7775628625000001 0.0446735390625 0.575435203125 0.0335051546875 0.5764023203125 0.0335051546875 0.5947775625
3 0.07302405468749999 0.0483559 0.053264604687499995 0.04738878125 0.0541237109375 0.0377176015625 0.0240549828125 0.039651837499999995 0.023195876562500002 0.0483559 0.0317869421875 0.0531914890625 0.0335051546875 0.21760154687500002 0.0223367703125 0.21953578281250002 0.023195876562500002 0.237911025 0.0335051546875 0.2408123796875 0.0317869421875 0.40812379062500004 0.0223367703125 0.409090909375 0.0223367703125 0.4294003875 0.029209621875 0.43133462343750006 0.030927834375 0.448742746875 0.0420962203125 0.448742746875 0.0438144328125 0.0609284328125 0.069587628125 0.0618955515625 0.07302405468749999 0.0483559
3 0.21821305781250003 0.0377176015625 0.203608246875 0.0367504828125 0.201030928125 0.04738878125 0.181271478125 0.0454545453125 0.181271478125 0.059961315625 0.23797250781249998 0.059961315625 0.23797250781249998 0.04738878125 0.22079037812500002 0.04738878125 0.21821305781250003 0.0377176015625
3 0.55841924375 0.039651837499999995 0.536082475 0.0377176015625 0.5352233671875 0.0483559 0.3900343640625 0.04738878125 0.3891752578125 0.0377176015625 0.36855670156250003 0.0367504828125 0.36769759375 0.0464216640625 0.34793814375 0.0454545453125 0.3496563578125 0.059961315625 0.57474226875 0.0609284328125 0.5730240546875 0.04738878125 0.55841924375 0.0464216640625 0.55841924375 0.039651837499999995
3 0.7242268046875 0.0483559 0.723367696875 0.0367504828125 0.703608246875 0.0386847203125 0.7044673546875 0.0493230171875 0.684707903125 0.0483559 0.6855670109374999 0.059961315625 0.741408934375 0.0609284328125 0.741408934375 0.04738878125 0.7242268046875 0.0483559
2 0.21563573906250003 0.36943907187499997 0.21649484531250002 0.3065764015625 0.15206185625 0.30367504843750004 0.15635738906250002 0.32495164375 0.17353951875 0.3558994203125 0.1993127140625 0.36557059999999997 0.21563573906250003 0.36943907187499997
2 0.278350515625 0.226305609375 0.24398625468750001 0.237911025 0.2250859109375 0.264990328125 0.2250859109375 0.297872340625 0.2757731953125 0.2988394578125 0.276632303125 0.2769825921875 0.278350515625 0.226305609375