4 0.43002551093749997 0.0685214453125 0.1120663265625 0.0685214453125 0.1120663265625 0.3756772015625 0.43002551093749997 0.3756772015625 0.43002551093749997 0.0685214453125
7 0.3683163265625 0.040902934375 0.1849489796875 0.040902934375 0.1849489796875 0.06772009062499999 0.3683163265625 0.06772009062499999 0.3683163265625 0.040902934375
6 0.67419825 0.910996453125 0.6915087468750001 0.910996453125 0.69059766875 0.607868428125 0.7015306125 0.6086746203125 0.698797375 0.5973879390625 0.6915087468750001 0.59819413125 0.69059766875 0.154788778125 0.67419825 0.1539825875 0.6769314875 0.4829087375 0.5876457734375 0.4837149296875 0.58673469375 0.49903257187500005 0.677842565625 0.49661399531250006 0.6769314875 0.594969365625 0.520225946875 0.5957755546875 0.5220481046875001 0.6094808125 0.6760204078125 0.6086746203125 0.67419825 0.910996453125
4 0.6751147953125 0.1580022578125 0.45008928593749997 0.1580022578125 0.45008928593749997 0.4829006765625 0.6751147953125 0.4829006765625 0.6751147953125 0.1580022578125
7 0.6473214281249999 0.12980812656250001 0.5022193875000001 0.12980812656250001 0.5022193875000001 0.156602709375 0.6473214281249999 0.156602709375 0.6473214281249999 0.12980812656250001
6 0.918367346875 0.910996453125 0.9347667625 0.910996453125 0.9365889203125001 0.611093196875 0.9475218640625 0.612705578125 0.9447886296875 0.59819413125 0.9338556859375 0.5998065140625 0.9347667625 0.5345049984375 0.9466107875 0.5353111890625 0.9466107875 0.5248307 0.9347667625 0.5256368921875 0.9338556859375 0.4143824578125 0.94843294375 0.4151886484375 0.9456997093749999 0.40148339218749995 0.9338556859375 0.4006772015625 0.9338556859375 0.15720735156250001 0.918367346875 0.15720735156250001 0.9201895046875 0.40148339218749995 0.756195334375 0.4006772015625 0.756195334375 0.4159948390625 0.772594753125 0.4151886484375 0.7707725937500001 0.45791680156250003 0.7826166171875 0.459529184375 0.7826166171875 0.4151886484375 0.9192784265625 0.4151886484375 0.9220116609375 0.5304740406249999 0.7826166171875 0.5312802328124999 0.784438775 0.5127378265625 0.7735058312499999 0.5095130609375 0.772594753125 0.546597871875 0.784438775 0.5457916796875 0.783527696875 0.5385359578125 0.9229227390625001 0.5385359578125 0.9229227390625001 0.5957755546875 0.7826166171875 0.5957755546875 0.7826166171875 0.5901322140625 0.7753279875 0.5901322140625 0.7744169109375 0.5957755546875 0.7653061218749999 0.5973879390625 0.7653061218749999 0.6086746203125 0.9201895046875 0.6086746203125 0.918367346875 0.910996453125
4 0.9183545921875 0.15639954843749998 0.69332908125 0.15639954843749998 0.69332908125 0.402291196875 0.9183545921875 0.402291196875 0.9183545921875 0.15639954843749998
7 0.8705357140625001 0.12980812656250001 0.7318112250000001 0.12980812656250001 0.7318112250000001 0.156602709375 0.8705357140625001 0.156602709375 0.8705357140625001 0.12980812656250001
7 0.3061352046875 0.8253498875 0.15784438750000002 0.8253498875 0.15784438750000002 0.84792325 0.3061352046875 0.84792325 0.3061352046875 0.8253498875
7 0.601084184375 0.9085778781249999 0.4145280609375 0.9085778781249999 0.4145280609375 0.935395034375 0.601084184375 0.935395034375 0.601084184375 0.9085778781249999
7 0.8769260203125 0.9099887140625 0.733431121875 0.9099887140625 0.733431121875 0.9339841984374999 0.8769260203125 0.9339841984374999 0.8769260203125 0.9099887140625
3 0.9470663265624999 0.9085891640625 0.8784948984375 0.9085891640625 0.8784948984375 0.9339841984374999 0.9470663265624999 0.9339841984374999 0.9470663265624999 0.9085891640625
3 0.7334183671875001 0.9099774265624999 0.601071428125 0.9099774265624999 0.601071428125 0.9367945828125 0.7334183671875001 0.9367945828125 0.7334183671875001 0.9099774265624999
6 0.0856414 0.1418897140625 0.084730321875 0.154788778125 0.09657434375 0.15559496875 0.098396503125 0.484521121875 0.08746355624999999 0.484521121875 0.0856414 0.4998387609375 0.0974854234375 0.4998387609375 0.09657434375 0.5062882937500001 0.11206268125 0.5070944859375001 0.1111516046875 0.49742018750000006 0.2678571421875 0.49903257187500005 0.2696793015625 0.4837149296875 0.1111516046875 0.48613350625 0.11206268125 0.3885843265625 0.20863702499999998 0.3885843265625 0.21045918437500002 0.3974524359375 0.2177478140625 0.39825862500000003 0.2177478140625 0.38939051875 0.268768221875 0.3877781359375 0.268768221875 0.376491453125 0.11206268125 0.3772976453125 0.11206268125 0.06852628281249999 0.098396503125 0.0693324734375 0.09657434375 0.1418897140625 0.0856414 0.1418897140625
3 0.18655612187499998 0.0380925515625 0.0860969390625 0.0380925515625 0.0860969390625 0.0677313765625 0.18655612187499998 0.0677313765625 0.18655612187499998 0.0380925515625
3 0.733431121875 0.13121896093750002 0.647334184375 0.13121896093750002 0.647334184375 0.153792325 0.733431121875 0.153792325 0.733431121875 0.13121896093750002
3 0.9454846937499999 0.128397290625 0.8689540812500001 0.128397290625 0.8689540812500001 0.1566139953125 0.9454846937499999 0.1566139953125 0.9454846937499999 0.128397290625
3 0.43048469375 0.156602709375 0.5022321421875 0.156602709375 0.50542091875 0.1283860046875 0.45758928593750003 0.1283860046875 0.45758928593750003 0.040914221875000004 0.36830357187499996 0.040914221875000004 0.36830357187499996 0.06772009062499999 0.42889030625 0.069130925 0.43048469375 0.156602709375
6 0.11206268125 0.59335698125 0.11024052499999999 0.5715898109374999 0.0974854234375 0.5732021921875 0.0974854234375 0.6320541765625001 0.084730321875 0.6328603671875 0.084730321875 0.64414705 0.09566326562500001 0.64414705 0.09657434375 0.8602063859375001 0.106596209375 0.85940019375 0.1129737609375 0.6086746203125 0.1822157421875 0.6094808125 0.1803935875 0.5957755546875 0.11206268125 0.59335698125
3 0.15784438750000002 0.8493227984375 0.15784438750000002 0.8239277656249999 0.1100127546875 0.8253386 0.1084183671875 0.8648419859375001 0.132334184375 0.8676636562500001 0.135522959375 0.8493227984375 0.15784438750000002 0.8493227984375
6 0.3334548109375 0.910996453125 0.3434766765625 0.910996453125 0.3434766765625 0.6102870046875 0.428206996875 0.6102870046875 0.428206996875 0.596581746875 0.2514577265625 0.5957755546875 0.252368803125 0.6086746203125 0.3325437328125 0.6094808125 0.3334548109375 0.910996453125
3 0.412946428125 0.9339729125 0.412946428125 0.9113995484374999 0.333227040625 0.9128103843750001 0.333227040625 0.8253386 0.30612244843749997 0.8239277656249999 0.3077168375 0.8493227984375 0.30612244843749997 0.9339729125 0.412946428125 0.9339729125
4 0.331632653125 0.6094808125 0.11387755156249998 0.6094808125 0.11387755156249998 0.8239277656249999 0.331632653125 0.8239277656249999 0.331632653125 0.6094808125
2 0.21319242031250002 0.6272170265625 0.22230320625000002 0.62802321875 0.22503644375 0.6118993875000001 0.2541909625 0.6118993875000001 0.25327988281249997 0.5957755546875 0.22139212812500003 0.592550790625 0.22139212812500003 0.57803934375 0.21137026250000002 0.576426959375 0.21137026250000002 0.592550790625 0.1822157421875 0.592550790625 0.1803935875 0.611093196875 0.21045918437500002 0.6102870046875 0.21319242031250002 0.6272170265625
4 0.6741964281249999 0.611083521875 0.346211734375 0.611083521875 0.346211734375 0.9101805875 0.6741964281249999 0.9101805875 0.6741964281249999 0.611083521875
2 0.4682944625 0.6328603671875 0.47922740625 0.633666559375 0.480138484375 0.6102870046875 0.5220481046875001 0.6094808125 0.5220481046875001 0.59335698125 0.4810495640625 0.59335698125 0.47922740625 0.5715898109374999 0.47011661718750003 0.5715898109374999 0.47011661718750003 0.59335698125 0.42729591874999995 0.592550790625 0.4263848390625 0.611093196875 0.46647230312500004 0.6094808125 0.4682944625 0.6328603671875
4 0.9174489796874999 0.6094808125 0.6933163265625 0.6094808125 0.6933163265625 0.9085778781249999 0.9174489796874999 0.9085778781249999 0.9174489796874999 0.6094808125
2 0.728862975 0.6272170265625 0.7379737609375 0.6288294109375 0.73979591875 0.6135117703125 0.7662172015625 0.612705578125 0.7662172015625 0.594969365625 0.7361516046875 0.5941631734375 0.7370626812500001 0.5804579171875 0.727040815625 0.5804579171875 0.7261297375 0.5941631734375 0.69697521875 0.5941631734375 0.698797375 0.6118993875000001 0.7279518953124999 0.611093196875 0.728862975 0.6272170265625
2 0.75983965 0.5627217015625 0.7580174921875 0.5699774265625 0.7716836734375 0.5707836187499999 0.7716836734375 0.589326025 0.7880830890625 0.5917445984375 0.7880830890625 0.5723960015625 0.7990160359375 0.5723960015625 0.7990160359375 0.565140278125 0.786260934375 0.5643340859375 0.786260934375 0.5457916796875 0.772594753125 0.5474040625 0.7716836734375 0.5619155109375 0.75983965 0.5627217015625
2 0.7580174921875 0.4804901640625 0.7571064125 0.48855207968750003 0.7689504359375 0.4893582703125 0.7698615156249999 0.510319253125 0.786260934375 0.5111254421875 0.786260934375 0.4893582703125 0.7971938781250001 0.4893582703125 0.7990160359375 0.4821025484375 0.783527696875 0.4796839734375 0.783527696875 0.459529184375 0.7716836734375 0.459529184375 0.772594753125 0.4804901640625 0.7580174921875 0.4804901640625
1 0.77167091875 0.41680586875000003 0.6924107140625 0.41680586875000003 0.6924107140625 0.5949774265625 0.77167091875 0.5949774265625 0.77167091875 0.41680586875000003
2 0.7224854234375 0.38455337031250003 0.7197521859375 0.4006772015625 0.6915087468750001 0.39906481718750003 0.69059766875 0.4151886484375 0.7197521859375 0.41680103125 0.720663265625 0.4288939046875 0.7279518953124999 0.43131248125 0.729774053125 0.4176072234375 0.7580174921875 0.4159948390625 0.75983965 0.39825862500000003 0.728862975 0.4006772015625 0.728862975 0.38535956250000003 0.7224854234375 0.38455337031250003
1 0.43002551093749997 0.3901918734375 0.22048469375000002 0.3901918734375 0.22048469375000002 0.4829006765625 0.43002551093749997 0.4829006765625 0.43002551093749997 0.3901918734375
2 0.3006559765625 0.374879071875 0.2669460640625 0.376491453125 0.2678571421875 0.3885843265625 0.30156705625 0.3901967109375 0.3006559765625 0.40632054218749997 0.3106778421875 0.407932925 0.3115889203125 0.38939051875 0.3443877546875 0.38939051875 0.342565596875 0.374879071875 0.3115889203125 0.3756852625 0.3125 0.3571428578125 0.30156705625 0.3587552390625 0.3006559765625 0.374879071875
2 0.21045918437500002 0.425669140625 0.18677113750000002 0.4232505640625 0.18677113750000002 0.4361496296875 0.2122813421875 0.4353434375 0.21045918437500002 0.449854884375 0.1958819234375 0.449854884375 0.19497084375 0.4619477578125 0.23232507343750003 0.4635601421875 0.2341472296875 0.45146726875 0.2204810484375 0.4506610765625 0.2204810484375 0.4353434375 0.24416909687500002 0.4353434375 0.24416909687500002 0.4248629484375 0.2204810484375 0.42405675625 0.219569971875 0.40954530624999996 0.23050291562499997 0.41035149843749996 0.2314139953125 0.39906481718750003 0.19770408125 0.39825862500000003 0.19497084375 0.4087391171875 0.21045918437500002 0.407932925 0.21045918437500002 0.425669140625
1 0.54573615 0.5611093203124999 0.6751093296875 0.5594969375 0.6760204078125 0.49822637968750005 0.1129737609375 0.49903257187500005 0.1129737609375 0.5941631734375 0.54573615 0.5941631734375 0.54573615 0.5611093203124999
2 0.30612244843749997 0.5216059343749999 0.3170553921875 0.5207997421874999 0.3152332375 0.49903257187500005 0.35076530625 0.49903257187500005 0.35076530625 0.4829087375 0.3143221578125 0.4821025484375 0.3143221578125 0.4651725265625 0.30430029062499997 0.4635601421875 0.3024781359375 0.4837149296875 0.2669460640625 0.4821025484375 0.2678571421875 0.4998387609375 0.30430029062499997 0.4998387609375 0.30612244843749997 0.5216059343749999
2 0.540269678125 0.5175749749999999 0.551202625 0.5183811671874999 0.55302478125 0.49903257187500005 0.5876457734375 0.4998387609375 0.5876457734375 0.4829087375 0.5521137015625001 0.4837149296875 0.551202625 0.464366334375 0.543002915625 0.4619477578125 0.5420918375 0.48129635625 0.5029154515625 0.4804901640625 0.5056486890625 0.4998387609375 0.5411807578125 0.49822637968750005 0.540269678125 0.5175749749999999
1 0.5940178578124999 0.5699887140625 0.553022959375 0.5699887140625 0.553022959375 0.5949774265625 0.5940178578124999 0.5949774265625 0.5940178578124999 0.5699887140625
6 0.5530102046875001 0.5643340859375 0.5475510203125 0.5643340859375 0.5475510203125 0.59819413125 0.5530102046875001 0.59819413125 0.5530102046875001 0.5643340859375
2 0.5666909625 0.5675588515625 0.5657798828125 0.5804579171875 0.5767128296874999 0.5812641078125 0.578534984375 0.5707836187499999 0.5885568515624999 0.574008384375 0.58946793125 0.5554659796875 0.57762390625 0.5546597875 0.5694241984375 0.549016446875 0.5657798828125 0.55627216875 0.5502915453125 0.5546597875 0.5521137015625001 0.5699774265625 0.55940233125 0.569171234375 0.5666909625 0.5675588515625
6 0.6013010203125 0.5675620765625 0.59492346875 0.5675620765625 0.59492346875 0.596591421875 0.6013010203125 0.596591421875 0.6013010203125 0.5675620765625
1 0.675102040625 0.5691760718750001 0.6040306125 0.5691760718750001 0.6040306125 0.5941647859375 0.675102040625 0.5941647859375 0.675102040625 0.5691760718750001
2 0.641399415625 0.583682684375 0.649599125 0.583682684375 0.6505102046875 0.5707836187499999 0.6696428578125 0.5756207671875 0.6705539359375 0.549016446875 0.6577988343750001 0.5498226390625 0.6587099125 0.5586907453125 0.6486880453125 0.5586907453125 0.6477769671875 0.541760721875 0.63866618125 0.541760721875 0.6404883390625 0.55627216875 0.6295553921875 0.5570783609375 0.6277332375 0.546597871875 0.6177113703125 0.5514350203125 0.6204446078125 0.576426959375 0.6304664718749999 0.5715898109374999 0.6395772609375 0.5715898109374999 0.641399415625 0.583682684375
2 0.0947521859375 0.5441792984375 0.09657434375 0.5732021921875 0.1129737609375 0.574008384375 0.11388483906249999 0.5425669140625 0.133928571875 0.5441792984375 0.131195334375 0.5345049984375 0.1129737609375 0.53369880625 0.10932944687499999 0.503063528125 0.09657434375 0.5054821015625001 0.09657434375 0.532892615625 0.077441690625 0.53369880625 0.077441690625 0.5441792984375 0.0947521859375 0.5441792984375
6 0.6204336734375 0.5619187359375 0.5894642859375 0.5619187359375 0.5894642859375 0.5675620765625 0.6204336734375 0.5675620765625 0.6204336734375 0.5619187359375
6 0.6741836734375 0.560304740625 0.6687244890625 0.560304740625 0.6687244890625 0.56836343125 0.6741836734375 0.56836343125 0.6741836734375 0.560304740625
6 0.3443877546875 0.3756852625 0.3434766765625 0.38697194375 0.43094023281249993 0.38697194375 0.4318513109375 0.4853273140625 0.3498542265625 0.4837149296875 0.3498542265625 0.49742018750000006 0.5056486890625 0.49822637968750005 0.504737609375 0.484521121875 0.4500728859375 0.484521121875 0.4482507296875 0.1564011609375 0.4318513109375 0.1564011609375 0.43094023281249993 0.3756852625 0.3443877546875 0.3756852625
0 0.9201913265625 0.4160045140625 0.7826147953125 0.4160045140625 0.7826147953125 0.52887133125 0.9201913265625 0.52887133125 0.9201913265625 0.4160045140625
0 0.92020408125 0.5401467265625 0.7853571421875001 0.5401467265625 0.7853571421875001 0.5949774265625 0.92020408125 0.5949774265625 0.92020408125 0.5401467265625
1 0.21228316249999998 0.3901918734375 0.11389030625 0.3901918734375 0.11389030625 0.48371331875 0.21228316249999998 0.48371331875 0.21228316249999998 0.3901918734375