5 0.5314788734375 0.028846153125000003 0.35982394375000004 0.028846153125000003 0.35982394375000004 0.4120769234375 0.5314788734375 0.4120769234375 0.5314788734375 0.028846153125000003
7 0.298204225 0.9258131875 0.1760563375 0.9258131875 0.1760563375 0.9491758234375001 0.298204225 0.9491758234375001 0.298204225 0.9258131875
7 0.742746478125 0.9271978015625001 0.5941901406250001 0.9271978015625001 0.5941901406250001 0.9505604390625001 0.742746478125 0.9505604390625001 0.742746478125 0.9271978015625001
4 0.33905043125 0.8748670687500001 0.5520218078125 0.8741580984375 0.5520218078125 0.9266217640625 0.8263289421875 0.924494859375 0.8268968640625 0.6104218359375 0.9154929578125 0.6104218359375 0.9166288046875 0.33959588749999997 0.8257610171875 0.3403048578125 0.8268968640625 0.2786246015625 0.6480009078125 0.27933356875 0.6480009078125 0.3403048578125 0.5520218078125 0.3403048578125 0.5525897328125 0.4154555125 0.20502044531250002 0.4147465421875 0.2038845984375 0.1375398796875 0.062471603125 0.13683091249999998 0.062471603125 0.925203828125 0.33961835625000003 0.9230769234375 0.33905043125 0.8748670687500001
7 0.9210035218750001 0.6126263734374999 0.8604753515624999 0.6126263734374999 0.8604753515624999 0.6359890109374999 0.9210035218750001 0.6359890109374999 0.9210035218750001 0.6126263734374999
7 0.9210035218750001 0.3131758234375 0.8604753515624999 0.3131758234375 0.8604753515624999 0.3365384609375 0.9210035218750001 0.3365384609375 0.9210035218750001 0.3131758234375
7 0.846170775 0.7142857140625 0.8274559859374999 0.7142857140625 0.8274559859374999 0.8942417578124999 0.846170775 0.8942417578124999 0.846170775 0.7142857140625
7 0.9353080984375 0.33928571406249997 0.916593309375 0.33928571406249997 0.916593309375 0.6085384609375 0.9353080984375 0.6085384609375 0.9353080984375 0.33928571406249997
3 0.496870109375 0.028083028125 0.5340375578125001 0.028083028125 0.5340375578125001 0.41636141562500006 0.5506651015624999 0.41391941250000003 0.5526212828125 0.03052503125 0.8264866968750001 0.029304028125 0.8264866968750001 0.0622710609375 0.847026603125 0.0622710609375 0.8460485140625 0.00610500625 0.496870109375 0.00610500625 0.496870109375 0.028083028125
7 0.8450704218749999 0.0618131875 0.8274647890625 0.0618131875 0.8274647890625 0.2458791203125 0.8450704218749999 0.2458791203125 0.8450704218749999 0.0618131875
4 0.3396830984375 0.0303956046875 0.2185211265625 0.0303956046875 0.2185211265625 0.2430549453125 0.3396830984375 0.2430549453125 0.3396830984375 0.0303956046875
7 0.315809859375 0.0054835171875 0.2596830984375 0.0054835171875 0.2596830984375 0.028846153125000003 0.315809859375 0.028846153125000003 0.315809859375 0.0054835171875
7 0.49845950781250004 0.00549450625 0.393934859375 0.00549450625 0.393934859375 0.027472528125 0.49845950781250004 0.027472528125 0.49845950781250004 0.00549450625
3 0.26017214375000003 0.00610500625 0.044014084375 0.00610500625 0.044014084375 0.1428571421875 0.06161971875 0.1428571421875 0.06161971875 0.03052503125 0.2582159625 0.029304028125 0.26017214375000003 0.00610500625
2 0.1650528171875 0.11949450625 0.10012323906250001 0.11949450625 0.10012323906250001 0.134615384375 0.1650528171875 0.134615384375 0.1650528171875 0.11949450625
2 0.061628521874999995 0.14286813125 0.0429137328125 0.14286813125 0.0429137328125 0.2445164828125 0.061628521874999995 0.2445164828125 0.061628521874999995 0.14286813125
2 0.216769365625 0.1552197796875 0.20576584531250003 0.1552197796875 0.20576584531250003 0.234890109375 0.216769365625 0.234890109375 0.216769365625 0.1552197796875
2 0.216769365625 0.30907692343750004 0.20576584531250003 0.30907692343750004 0.20576584531250003 0.3873626375 0.216769365625 0.3873626375 0.216769365625 0.30907692343750004
4 0.6338028171875 0.26308984999999996 0.826946975 0.2624434390625 0.8259113499999999 0.030381382812500003 0.5525062125 0.031674209375 0.5514705875 0.3251454421875 0.6348384421875 0.3251454421875 0.6338028171875 0.26308984999999996
2 0.62830105625 0.32554945 0.556769365625 0.32554945 0.556769365625 0.3379230765625 0.62830105625 0.3379230765625 0.62830105625 0.32554945
3 0.9360387328125 0.3138021984375 0.9184330984375 0.3138021984375 0.9184330984375 0.34189010937500003 0.9360387328125 0.34189010937500003 0.9360387328125 0.3138021984375
3 0.9360387328125 0.609274725 0.9184330984375 0.609274725 0.9184330984375 0.6373626375 0.9360387328125 0.6373626375 0.9360387328125 0.609274725
3 0.8460485140625 0.3125763125 0.8489827859375 0.24664224687499997 0.8274647890625 0.2478632484375 0.8274647890625 0.3382173390625 0.86267605625 0.3382173390625 0.860719875 0.3125763125 0.8460485140625 0.3125763125
3 0.3403755859375 0.4126984125 0.3589593109375 0.4126984125 0.3589593109375 0.028083028125 0.3941705796875 0.028083028125 0.39514866875 0.00610500625 0.3188575890625 0.00610500625 0.3169014078125 0.029304028125 0.339397496875 0.03052503125 0.3403755859375 0.4126984125
3 0.1760563375 0.9267399281250001 0.06161971875 0.9267399281250001 0.06259780937500001 0.24420024375 0.044014084375 0.24420024375 0.0430359921875 0.9523809515625 0.1760563375 0.9523809515625 0.1760563375 0.9267399281250001
3 0.5956572765625 0.9267399281250001 0.5526212828125 0.9267399281250001 0.5506651015624999 0.875457875 0.3403755859375 0.875457875 0.341353678125 0.9255189250000001 0.29636150156249996 0.9255189250000001 0.2983176828125 0.9511599515625001 0.5956572765625 0.9511599515625001 0.5956572765625 0.9267399281250001
3 0.8480046953124999 0.8937728937499999 0.8274647890625 0.89499389375 0.8284428796875 0.9267399281250001 0.7443270734375 0.9267399281250001 0.7423708921875 0.9511599515625001 0.8489827859375 0.9523809515625 0.8480046953124999 0.8937728937499999
3 0.847026603125 0.6373626375 0.8616979640625001 0.6385836390625 0.860719875 0.6117216109375 0.8274647890625 0.6117216109375 0.8264866968750001 0.7142857140625 0.8480046953124999 0.7155067171875 0.847026603125 0.6373626375
6 0.0997623234375 0.11965934062500001 0.061610915625 0.11965934062500001 0.061610915625 0.13431868125 0.0997623234375 0.13431868125 0.0997623234375 0.11965934062500001
1 0.1967341546875 0.0317582421875 0.063582746875 0.0317582421875 0.063582746875 0.11843956093750001 0.1967341546875 0.11843956093750001 0.1967341546875 0.0317582421875
6 0.2044209703125 0.15506715625 0.21713615000000003 0.15628815625 0.21713615000000003 0.029304028125 0.20148669687499998 0.028083028125 0.199530515625 0.11843711875 0.1662754296875 0.11965811875000001 0.1652973390625 0.1355311359375 0.2044209703125 0.1355311359375 0.2044209703125 0.15506715625
0 0.3402112671875 0.26050549375 0.2185211265625 0.26050549375 0.2185211265625 0.3969010984375 0.3402112671875 0.3969010984375 0.3402112671875 0.26050549375
6 0.21748135937500002 0.25921137656250004 0.3407207953125 0.2598577890625 0.3412386078125 0.2443438921875 0.219034796875 0.2424046546875 0.219034796875 0.23594052968749998 0.205571665625 0.23594052968749998 0.206089478125 0.30898513125 0.21851698437499997 0.3083387203125 0.21748135937500002 0.25921137656250004
6 0.33968516875 0.3975436328125 0.21851698437499997 0.3975436328125 0.219034796875 0.388493859375 0.205571665625 0.388493859375 0.205571665625 0.41370394218750006 0.3402029828125 0.41241111874999997 0.33968516875 0.3975436328125
6 0.5566549296875001 0.32643956093750004 0.5509507046875 0.32643956093750004 0.5509507046875 0.33742857187499997 0.5566549296875001 0.33742857187499997 0.5566549296875001 0.32643956093750004
6 0.6457125109375 0.2766645125 0.8285004140625001 0.27601809843749997 0.8285004140625001 0.2637362640625 0.6363918796875 0.26308984999999996 0.6353562546875 0.3251454421875 0.6291425015625001 0.32643826875 0.6291425015625001 0.3374272796875 0.6457125109375 0.33807369062500003 0.6457125109375 0.2766645125