4 0.0660136921875 0.3282758625 0.13025803125 0.3282758625 0.1309601546875 0.06344827656249999 0.0252905046875 0.0625287359375 0.0231841328125 0.1931034484375 0.0660136921875 0.19586206875 0.0660136921875 0.3282758625
7 0.06544760468750001 0.017731034375 0.0383649296875 0.017731034375 0.0383649296875 0.061082759375 0.06544760468750001 0.061082759375 0.06544760468750001 0.017731034375
6 0.13798139375000001 0.22896551718749997 0.1390345796875 0.0625287359375 0.1313112171875 0.059770114062500004 0.1309601546875 0.3301149421875 0.0660136921875 0.3282758625 0.06425838125 0.19586206875 0.052322274999999994 0.19586206875 0.051971212499999996 0.21241379375 0.060045637500000006 0.211494253125 0.058641390625 0.3301149421875 0.052322274999999994 0.3282758625 0.051269089062499995 0.34390804531249997 0.1435843421875 0.34666666562500004 0.1442864671875 0.3328735625 0.1376162890625 0.3310344828125 0.1379673515625 0.24091954062499998 0.181850096875 0.24183907968749999 0.18009478750000002 0.33195402343749997 0.1702650515625 0.3282758625 0.16921186562499999 0.3457471265625 0.230296646875 0.3457471265625 0.230296646875 0.356781609375 0.23626470156249998 0.3595402296875 0.23696682500000002 0.31448275937500003 0.23064770937499998 0.3135632171875 0.230998771875 0.3310344828125 0.18746708750000002 0.3310344828125 0.1881692109375 0.2436781609375 0.230296646875 0.2427586203125 0.230998771875 0.261149425 0.2366157625 0.26022988593749996 0.23696682500000002 0.160919540625 0.231363875 0.15908045937499998 0.22995962812499998 0.232643678125 0.13798139375000001 0.22896551718749997
3 0.0742496046875 0.019310345312499998 0.0642443390625 0.019310345312499998 0.0642443390625 0.060689654687500004 0.0742496046875 0.060689654687500004 0.0742496046875 0.019310345312499998
7 0.10155608281249999 0.0197034484375 0.0729673515625 0.0197034484375 0.0729673515625 0.06305517187500001 0.10155608281249999 0.06305517187500001 0.10155608281249999 0.0197034484375
0 0.229957871875 0.0652896546875 0.1393838859375 0.0652896546875 0.1393838859375 0.229882759375 0.229957871875 0.229882759375 0.229957871875 0.0652896546875
7 0.173775671875 0.0216758625 0.1391679828125 0.0216758625 0.1391679828125 0.0650275859375 0.173775671875 0.0650275859375 0.173775671875 0.0216758625
7 0.2143970515625 0.0216758625 0.17904160156249999 0.0216758625 0.17904160156249999 0.061082759375 0.2143970515625 0.061082759375 0.2143970515625 0.0216758625
1 0.278406178125 0.0671264375 0.23838511406250001 0.066206896875 0.2373319296875 0.47172413750000003 0.27700193125 0.472643678125 0.278406178125 0.0671264375
7 0.2790916265625 0.0236482765625 0.24824907812500002 0.0236482765625 0.24824907812500002 0.06305517187500001 0.2790916265625 0.06305517187500001 0.2790916265625 0.0236482765625
6 0.283307003125 0.3604597703125 0.283658065625 0.21517241406249998 0.278041075 0.2142528734375 0.27733895 0.3871264375 0.284009128125 0.3880459765625 0.283307003125 0.37057471249999996 0.3496577140625 0.37241379375 0.3496577140625 0.3604597703125 0.3422854140625 0.3604597703125 0.3422854140625 0.0680459765625 0.3373705453125 0.0689655171875 0.336668421875 0.3595402296875 0.283307003125 0.3604597703125
4 0.335629278125 0.066206896875 0.28507635625 0.066206896875 0.28507635625 0.3586206890625 0.335629278125 0.3586206890625 0.335629278125 0.066206896875
7 0.3204713 0.0236413796875 0.28661664062500003 0.0236413796875 0.28661664062500003 0.0650206890625 0.3204713 0.0650206890625 0.3204713 0.0236413796875
7 0.388172721875 0.0236482765625 0.355071090625 0.0236482765625 0.355071090625 0.067 0.388172721875 0.067 0.388172721875 0.0236482765625
4 0.5402843609375 0.072643678125 0.3924872734375 0.0689655171875 0.3907319640625 0.43126436874999996 0.5409864843750001 0.43402298906250003 0.5402843609375 0.072643678125
7 0.4280437078125 0.0256206890625 0.3972011578125 0.0256206890625 0.3972011578125 0.0689724140625 0.4280437078125 0.0689724140625 0.4280437078125 0.0256206890625
7 0.4912348609375 0.027586206250000002 0.46039231249999996 0.027586206250000002 0.46039231249999996 0.0689655171875 0.4912348609375 0.0689655171875 0.4912348609375 0.027586206250000002
7 0.5318615062500001 0.027586206250000002 0.49951290156250006 0.027586206250000002 0.49951290156250006 0.0729103453125 0.5318615062500001 0.0729103453125 0.5318615062500001 0.027586206250000002
0 0.6441995781250001 0.0689655171875 0.5560847812499999 0.0689655171875 0.5560847812499999 0.3034482765625 0.6441995781250001 0.3034482765625 0.6441995781250001 0.0689655171875
7 0.6003185890625 0.0295517234375 0.566463928125 0.0295517234375 0.566463928125 0.0689586203125 0.6003185890625 0.0689586203125 0.6003185890625 0.0295517234375
6 0.610145690625 0.298850575 0.6090925046875 0.3181609203125 0.6452518875 0.320919540625 0.6434965765625 0.4781609203125 0.651219940625 0.48 0.6522731265624999 0.32183907968750003 0.661049675 0.32183907968750003 0.6614007375 0.3043678171875 0.651219940625 0.3025287359375 0.6519220640625 0.072643678125 0.6459540109375 0.0735632171875 0.644900825 0.3034482765625 0.610145690625 0.298850575
7 0.6416903640625 0.0295586203125 0.60858873125 0.0295586203125 0.60858873125 0.07093793125 0.6416903640625 0.07093793125 0.6416903640625 0.0295586203125
0 0.7052843609375 0.0735655171875 0.6529778828125 0.0735655171875 0.6529778828125 0.301606896875 0.7052843609375 0.301606896875 0.7052843609375 0.0735655171875
7 0.7078909953125 0.0315241375 0.678554503125 0.0315241375 0.678554503125 0.07093103437500001 0.7078909953125 0.07093103437500001 0.7078909953125 0.0315241375
0 0.7582938390625 0.07448965468749999 0.711953659375 0.07448965468749999 0.711953659375 0.3052896546875 0.7582938390625 0.3052896546875 0.7582938390625 0.07448965468749999
7 0.747759346875 0.035468965625 0.7169167984375 0.035468965625 0.7169167984375 0.0748758625 0.747759346875 0.0748758625 0.747759346875 0.035468965625
4 0.8544839390625001 0.0763241375 0.764610321875 0.0763241375 0.764610321875 0.355868965625 0.8544839390625001 0.355868965625 0.8544839390625001 0.0763241375
7 0.8162190624999999 0.0334965515625 0.7846234859375001 0.0334965515625 0.7846234859375001 0.07290344843749999 0.8162190624999999 0.07290344843749999 0.8162190624999999 0.0334965515625
6 0.8239424265625 0.3577011484375 0.8242934875 0.37241379375 0.8544848171874999 0.371494253125 0.8548358781250001 0.37793103437500003 0.8604528703125001 0.37793103437500003 0.8608039328125001 0.3540229890625 0.900122871875 0.3577011484375 0.900473934375 0.3383908046875 0.8608039328125001 0.33471264375 0.8618571171875 0.0763218390625 0.8562401265625 0.0735632171875 0.855538003125 0.3586206890625 0.8239424265625 0.3577011484375
7 0.8568430749999999 0.035468965625 0.8244944703125 0.035468965625 0.8244944703125 0.0748758625 0.8568430749999999 0.0748758625 0.8568430749999999 0.035468965625
4 0.92329120625 0.0763241375 0.8622064249999999 0.0763241375 0.8622064249999999 0.3365586203125 0.92329120625 0.3365586203125 0.92329120625 0.0763241375
7 0.9245444968750001 0.031531034375 0.8929489203125 0.031531034375 0.8929489203125 0.07685517187499999 0.9245444968750001 0.07685517187499999 0.9245444968750001 0.031531034375
7 0.9659241703125 0.033489654687499995 0.9343285937499999 0.033489654687499995 0.9343285937499999 0.07881379375 0.9659241703125 0.07881379375 0.9659241703125 0.033489654687499995
7 0.9576487625000001 0.9280758625000001 0.9268062140625 0.9280758625000001 0.9268062140625 0.9714275859375 0.9576487625000001 0.9714275859375 0.9576487625000001 0.9280758625000001
7 0.91702475 0.9300551718750001 0.8854291734374999 0.9300551718750001 0.8854291734374999 0.9714344828125 0.91702475 0.9714344828125 0.91702475 0.9300551718750001
3 0.8214849921875 0.9255172406250001 0.8125329125 0.9255172406250001 0.8125329125 0.9696551718749999 0.8214849921875 0.9696551718749999 0.8214849921875 0.9255172406250001
7 0.8538335968749999 0.9261034484374999 0.8207319640625 0.9261034484374999 0.8207319640625 0.9694551718750001 0.8538335968749999 0.9694551718750001 0.8538335968749999 0.9261034484374999
7 0.8132095843749999 0.9261034484374999 0.7793549234375 0.9261034484374999 0.7793549234375 0.9694551718750001 0.8132095843749999 0.9694551718750001 0.8132095843749999 0.9261034484374999
3 0.7135334390625 0.9255172406250001 0.70563454375 0.9255172406250001 0.70563454375 0.9696551718749999 0.7135334390625 0.9696551718749999 0.7135334390625 0.9255172406250001
7 0.74400210625 0.924131034375 0.7124065296875 0.924131034375 0.7124065296875 0.9714275859375 0.74400210625 0.9714275859375 0.74400210625 0.924131034375
7 0.70563454375 0.9261034484374999 0.6725329125 0.9261034484374999 0.6725329125 0.9694551718750001 0.70563454375 0.9694551718750001 0.70563454375 0.9261034484374999
7 0.6341679828125 0.9261034484374999 0.604831490625 0.9261034484374999 0.604831490625 0.9694551718750001 0.6341679828125 0.9694551718750001 0.6341679828125 0.9261034484374999
7 0.593546603125 0.9221655171875 0.5627040546875001 0.9221655171875 0.5627040546875001 0.9674896546875 0.593546603125 0.9674896546875 0.593546603125 0.9221655171875
7 0.52659294375 0.9221655171875 0.4949973671875 0.9221655171875 0.4949973671875 0.963544828125 0.52659294375 0.963544828125 0.52659294375 0.9221655171875
7 0.48672195937499996 0.9202 0.458133228125 0.9202 0.458133228125 0.9635517234375 0.48672195937499996 0.9635517234375 0.48672195937499996 0.9202
7 0.42353080624999995 0.9182206890625 0.39268825625 0.9182206890625 0.39268825625 0.963544828125 0.42353080624999995 0.963544828125 0.42353080624999995 0.9182206890625
7 0.38441548124999997 0.9182275859375 0.3520668765625 0.9182275859375 0.3520668765625 0.9655241374999999 0.38441548124999997 0.9655241374999999 0.38441548124999997 0.9182275859375
7 0.31445234375000003 0.9162482765625001 0.28360979531249997 0.9162482765625001 0.28360979531249997 0.9615724140624999 0.31445234375000003 0.9615724140624999 0.31445234375000003 0.9162482765625001
7 0.0236966828125 0.2317241375 0.0073723015625 0.2317241375 0.0073723015625 0.30620689687499997 0.0236966828125 0.30620689687499997 0.0236966828125 0.2317241375
7 0.0236966828125 0.35724137968749997 0.0068457078125 0.35724137968749997 0.0068457078125 0.44413793124999995 0.0236966828125 0.44413793124999995 0.0236966828125 0.35724137968749997
7 0.022643496875 0.5172413796875001 0.006319115625000001 0.5172413796875001 0.006319115625000001 0.5972413796875 0.022643496875 0.5972413796875 0.022643496875 0.5172413796875001
7 0.022116903125 0.6813793109375 0.005792521875 0.6813793109375 0.005792521875 0.769655171875 0.022116903125 0.769655171875 0.022116903125 0.6813793109375
7 0.06108478125 0.9117241375 0.030542390625 0.9117241375 0.030542390625 0.954482759375 0.06108478125 0.954482759375 0.06108478125 0.9117241375
7 0.09952606562500001 0.914482759375 0.0679304890625 0.914482759375 0.0679304890625 0.954482759375 0.09952606562500001 0.954482759375 0.09952606562500001 0.914482759375
7 0.169562928125 0.914482759375 0.1353343859375 0.914482759375 0.1353343859375 0.9572413796875001 0.169562928125 0.9572413796875001 0.169562928125 0.914482759375
7 0.2095839921875 0.9131034484375 0.17535545 0.9131034484375 0.17535545 0.9572413796875001 0.2095839921875 0.9572413796875001 0.2095839921875 0.9131034484375
7 0.275408109375 0.914482759375 0.24539231250000001 0.914482759375 0.24539231250000001 0.96 0.275408109375 0.96 0.275408109375 0.914482759375
3 0.0231700890625 0.59586206875 0.005792521875 0.59586206875 0.005792521875 0.68413793125 0.0231700890625 0.68413793125 0.0231700890625 0.59586206875
3 0.022643496875 0.3048275859375 0.00789889375 0.3048275859375 0.00789889375 0.3586206890625 0.022643496875 0.3586206890625 0.022643496875 0.3048275859375
3 0.18009478750000002 0.022068965625 0.1721958921875 0.022068965625 0.1721958921875 0.06344827656249999 0.18009478750000002 0.06344827656249999 0.18009478750000002 0.022068965625
6 0.284726171875 0.06437241406250001 0.27910742499999996 0.06437241406250001 0.27910742499999996 0.1526482765625 0.284726171875 0.1526482765625 0.284726171875 0.06437241406250001
3 0.28699315468750003 0.022068965625 0.279094259375 0.022068965625 0.279094259375 0.06344827656249999 0.28699315468750003 0.06344827656249999 0.28699315468750003 0.022068965625
3 0.39757767187500004 0.023448276562500002 0.3891521859375 0.023448276562500002 0.3891521859375 0.0648275859375 0.39757767187500004 0.0648275859375 0.39757767187500004 0.023448276562500002
3 0.49973670312499996 0.026206896875000003 0.49131121718750004 0.026206896875000003 0.49131121718750004 0.06758620625 0.49973670312499996 0.06758620625 0.49973670312499996 0.026206896875000003
3 0.609794628125 0.030344828125 0.6013691421875 0.030344828125 0.6013691421875 0.0717241375 0.609794628125 0.0717241375 0.609794628125 0.030344828125
3 0.6055818859375 0.9268965515625001 0.5929436546875 0.9268965515625001 0.5929436546875 0.9682758625 0.6055818859375 0.9682758625 0.6055818859375 0.9268965515625001
3 0.56292785625 0.92413793125 0.5250131640625 0.92413793125 0.5250131640625 0.9655172406249999 0.56292785625 0.9655172406249999 0.56292785625 0.92413793125
3 0.495523959375 0.92413793125 0.4870984734375 0.92413793125 0.4870984734375 0.9655172406249999 0.495523959375 0.9655172406249999 0.495523959375 0.92413793125
3 0.45760926875 0.9199999999999999 0.422327540625 0.9199999999999999 0.422327540625 0.9613793109375001 0.45760926875 0.9613793109375001 0.45760926875 0.9199999999999999
3 0.3928383359375 0.9227586203125 0.3844128484375 0.9227586203125 0.3844128484375 0.96413793125 0.3928383359375 0.96413793125 0.3928383359375 0.9227586203125
3 0.283833596875 0.9158620687499999 0.275408109375 0.9158620687499999 0.275408109375 0.9572413796875001 0.283833596875 0.9572413796875001 0.283833596875 0.9158620687499999
3 0.1769352296875 0.914482759375 0.16850974218749998 0.914482759375 0.16850974218749998 0.9558620687499999 0.1769352296875 0.9558620687499999 0.1769352296875 0.914482759375
3 0.068983675 0.914482759375 0.060558189062500004 0.914482759375 0.060558189062500004 0.9558620687499999 0.068983675 0.9558620687499999 0.068983675 0.914482759375
3 0.3522906796875 0.9158620687499999 0.31384939375 0.9158620687499999 0.31384939375 0.9572413796875001 0.3522906796875 0.9572413796875001 0.3522906796875 0.9158620687499999
3 0.1374407578125 0.019310345312499998 0.10163243749999999 0.019310345312499998 0.10163243749999999 0.060689654687500004 0.1374407578125 0.060689654687500004 0.1374407578125 0.019310345312499998
3 0.2496050546875 0.023448276562500002 0.21379673437500002 0.023448276562500002 0.21379673437500002 0.0648275859375 0.2496050546875 0.0648275859375 0.2496050546875 0.023448276562500002
3 0.35545023750000004 0.026206896875000003 0.3196419171875 0.026206896875000003 0.3196419171875 0.06758620625 0.35545023750000004 0.06758620625 0.35545023750000004 0.026206896875000003
3 0.46287519687499995 0.026206896875000003 0.42706687656250003 0.026206896875000003 0.42706687656250003 0.06758620625 0.46287519687499995 0.06758620625 0.46287519687499995 0.026206896875000003
3 0.67772511875 0.0317241375 0.6419167984375 0.0317241375 0.6419167984375 0.0731034484375 0.67772511875 0.0731034484375 0.67772511875 0.0317241375
3 0.7835702999999999 0.034482759375 0.7477619796874999 0.034482759375 0.7477619796874999 0.07586206875 0.7835702999999999 0.07586206875 0.7835702999999999 0.034482759375
3 0.8920484468750001 0.034482759375 0.8551869406250001 0.034482759375 0.8551869406250001 0.07586206875 0.8920484468750001 0.07586206875 0.8920484468750001 0.034482759375
6 0.9310163250000001 0.07907586250000001 0.9236440234375 0.07907586250000001 0.9236440234375 0.23631724062499998 0.9310163250000001 0.23631724062499998 0.9310163250000001 0.07907586250000001
3 0.9347024749999999 0.03586206875 0.9236440234375 0.03586206875 0.9236440234375 0.0772413796875 0.9347024749999999 0.0772413796875 0.9347024749999999 0.03586206875
3 0.8251711421874999 0.0331034484375 0.8141126906249999 0.0331034484375 0.8141126906249999 0.074482759375 0.8251711421874999 0.074482759375 0.8251711421874999 0.0331034484375
6 0.71230384375 0.0735655171875 0.7056319109375 0.0735655171875 0.7056319109375 0.18483448281249998 0.71230384375 0.18483448281249998 0.71230384375 0.0735655171875
3 0.7177461828125 0.030344828125 0.7066877296875 0.030344828125 0.7066877296875 0.0717241375 0.7177461828125 0.0717241375 0.7177461828125 0.030344828125
3 0.9678778296875 0.9296551718750001 0.9578725640625001 0.9268965515625001 0.9573459718749999 0.9751724140625001 0.9836756187500001 0.9751724140625001 0.9878883625 0.0317241375 0.9647182734375 0.0317241375 0.965244865625 0.074482759375 0.973143759375 0.07586206875 0.9678778296875 0.9296551718750001
3 0.5397577671875 0.38344827656249997 0.5539757765625 0.38344827656249997 0.5550289625 0.0689655171875 0.5681937859375 0.06758620625 0.5681937859375 0.030344828125 0.5313322796875 0.030344828125 0.532385465625 0.0731034484375 0.540810953125 0.0717241375 0.5397577671875 0.38344827656249997
3 0.8867825171874999 0.9255172406250001 0.8536071609375 0.9255172406250001 0.8536071609375 0.973793103125 0.8867825171874999 0.973793103125 0.8867825171874999 0.9255172406250001
3 0.67298578125 0.92413793125 0.6340179046875 0.92413793125 0.6340179046875 0.9696551718749999 0.67298578125 0.9696551718749999 0.67298578125 0.92413793125
3 0.777777778125 0.9268965515625001 0.7435492359375 0.9268965515625001 0.7435492359375 0.973793103125 0.777777778125 0.973793103125 0.777777778125 0.9268965515625001
3 0.02474986875 0.0648275859375 0.0379146921875 0.060689654687500004 0.0373880984375 0.019310345312499998 0.0073723015625 0.017931034375 0.0068457078125 0.2331034484375 0.0236966828125 0.234482759375 0.02474986875 0.0648275859375
3 0.022643496875 0.5006896546874999 0.058978409375 0.49793103437499997 0.0600315953125 0.46758620625 0.024223275 0.466206896875 0.0258030546875 0.4468965515625 0.00789889375 0.4427586203125 0.006319115625000001 0.5186206890625 0.022643496875 0.52 0.022643496875 0.5006896546874999
3 0.022116903125 0.9131034484375 0.022643496875 0.7737931031249999 0.0047393359375 0.7682758625 0.0031595578125000003 0.9558620687499999 0.030542390625 0.9586206890625 0.031068984375000004 0.9131034484375 0.022116903125 0.9131034484375
3 0.1353343859375 0.914482759375 0.1279620859375 0.914482759375 0.128488678125 0.5006896546874999 0.145339653125 0.5048275859375 0.1458662453125 0.46896551718749996 0.0895208 0.466206896875 0.0889942078125 0.5006896546874999 0.11637704062500001 0.4993103453125 0.11427066875 0.9131034484375 0.09952606562500001 0.914482759375 0.100052659375 0.954482759375 0.1358609796875 0.96 0.1353343859375 0.914482759375
3 0.222748815625 0.9131034484375 0.21011058437500002 0.914482759375 0.2095839921875 0.96 0.24539231250000001 0.9613793109375001 0.24486571875 0.9158620687499999 0.2374934171875 0.9131034484375 0.2380200109375 0.506206896875 0.2564507640625 0.5048275859375 0.25750395 0.474482759375 0.2090573984375 0.47172413750000003 0.2090573984375 0.5048275859375 0.22380200156250002 0.506206896875 0.222748815625 0.9131034484375
3 0.5602948921875 0.4772413796875 0.5539757765625 0.47586206875 0.5529225906249999 0.44000000000000006 0.540810953125 0.44000000000000006 0.540810953125 0.4772413796875 0.279094259375 0.474482759375 0.27856766718750003 0.5089655171875 0.55924170625 0.5089655171875 0.5602948921875 0.4772413796875
4 0.86150605625 0.5094275859375 0.6066350703125 0.5094275859375 0.6066350703125 0.924144828125 0.86150605625 0.924144828125 0.86150605625 0.5094275859375
3 0.67772511875 0.4813793109375 0.5918904687500001 0.47586206875 0.591363875 0.50758620625 0.6766719328125 0.510344828125 0.67772511875 0.4813793109375
3 0.7993680890625 0.48275862031249994 0.699842021875 0.4813793109375 0.699842021875 0.510344828125 0.79989468125 0.5131034484375 0.7993680890625 0.48275862031249994
3 0.8620326484374999 0.92413793125 0.8746708796875 0.9227586203125 0.8778304374999999 0.514482759375 0.8899420750000001 0.51586206875 0.8904686671875 0.4868965515625 0.82411795625 0.48413793125 0.82464455 0.514482759375 0.8641390203125001 0.51586206875 0.8620326484374999 0.92413793125
3 0.9715639812499999 0.48275862031249994 0.9583991578125 0.48275862031249994 0.9583991578125 0.5172413796875001 0.9715639812499999 0.5172413796875001 0.9715639812499999 0.48275862031249994
2 0.91837809375 0.5498850578125001 0.9239950859375 0.5517241375 0.9246972093749999 0.5186206890625 0.9580480953125001 0.5177011484375 0.957697034375 0.48 0.924346146875 0.4781609203125 0.9236440234375 0.451494253125 0.9197823421875 0.45057471250000003 0.9201334031249999 0.480919540625 0.8899420750000001 0.480919540625 0.8895910125000001 0.5177011484375 0.91802703125 0.5186206890625 0.91837809375 0.5498850578125001
2 0.8084956999999999 0.5397701140625 0.8134105671875 0.5416091953125 0.814463753125 0.5177011484375 0.8242934875 0.5177011484375 0.8239424265625 0.48 0.8134105671875 0.48 0.8141126906249999 0.44965517187500004 0.810251009375 0.44965517187500004 0.8091978234375 0.48 0.7997191499999999 0.48 0.7997191499999999 0.5177011484375 0.8091978234375 0.5177011484375 0.8084956999999999 0.5397701140625
2 0.6845708265625 0.537931034375 0.6887835703125 0.5397701140625 0.68983675625 0.516781609375 0.700017553125 0.514942528125 0.700017553125 0.4772413796875 0.6891346328125 0.4754023 0.6884325078125 0.45057471250000003 0.68527295 0.44965517187500004 0.6856240125 0.479080459375 0.677198525 0.479080459375 0.677198525 0.514942528125 0.6845708265625 0.51586206875 0.6845708265625 0.537931034375
2 0.5873266625 0.6078160921875 0.5992627703125 0.6078160921875 0.597858521875 0.6482758625 0.6069861328124999 0.649195403125 0.6073371953125 0.609655171875 0.6238371078125 0.6078160921875 0.6238371078125 0.594942528125 0.6073371953125 0.596781609375 0.60768825625 0.5609195406249999 0.5992627703125 0.559080459375 0.5992627703125 0.5940229890625 0.587677725 0.5921839078125 0.5873266625 0.6078160921875
2 0.5743373703125 0.537931034375 0.5803054234375 0.537931034375 0.581358609375 0.51126436875 0.5911883453125 0.5131034484375 0.59153940625 0.47356321718750005 0.5796033 0.47172413750000003 0.5792522375 0.4478160921875 0.57574161875 0.44505747187500005 0.5746884328124999 0.470804596875 0.5602948921875 0.46988505781249995 0.5599438296875 0.510344828125 0.5739863078125 0.510344828125 0.5743373703125 0.537931034375
2 0.5395822359375 0.41655172343749997 0.5399332984375 0.4377011484375 0.5536247140625 0.4404597703125 0.5557310859375 0.41931034531250005 0.5662629453125 0.41747126406249996 0.5662629453125 0.40643678281250006 0.5550289625 0.4036781609375 0.5546779 0.3825287359375 0.5388801125 0.3816091953125 0.5381779890625 0.4027586203125 0.53115675 0.4018390796875 0.5315078109375 0.413793103125 0.5395822359375 0.41655172343749997
1 0.6438493937499999 0.31999310312499996 0.5553817796875 0.31999310312499996 0.5553817796875 0.47539999999999993 0.6438493937499999 0.47539999999999993 0.6438493937499999 0.31999310312499996
2 0.593996840625 0.34298850625 0.59961383125 0.34482758593749996 0.59961383125 0.3227586203125 0.6094435671875 0.3245977 0.609794628125 0.29701149375 0.5989117078125 0.2960919546875 0.59961383125 0.2694252875 0.5946989640625 0.270344828125 0.5932947171875 0.2951724140625 0.585922415625 0.2951724140625 0.5862734765625001 0.3181609203125 0.593645778125 0.32 0.593996840625 0.34298850625
2 0.7488151656250001 0.40643678281250006 0.748464103125 0.41931034531250005 0.75548534375 0.41747126406249996 0.7558364046875 0.4422988515625 0.7642618921875 0.4422988515625 0.7642618921875 0.41839080468749995 0.7751448125 0.4156321828125 0.7740916265625 0.4036781609375 0.76320870625 0.4036781609375 0.7628576453125 0.3880459765625 0.7568895906249999 0.3871264375 0.7568895906249999 0.40735632187500004 0.7488151656250001 0.40643678281250006
2 0.81200631875 0.3917241375 0.8162190624999999 0.392643678125 0.8169211859375001 0.373333334375 0.82464455 0.37057471249999996 0.8242934875 0.3577011484375 0.8172722484375001 0.3577011484375 0.8169211859375001 0.3181609203125 0.81235738125 0.3181609203125 0.8127084421875 0.354942528125 0.8011233984375 0.3531034484375 0.8007723359375 0.3742528734375 0.81235738125 0.3742528734375 0.81200631875 0.3917241375
2 0.9155695984375001 0.261149425 0.9152185359375 0.27494252812500003 0.9236440234375 0.2740229890625 0.9236440234375 0.298850575 0.9320695109375 0.30068965468750003 0.9317184484375 0.2731034484375 0.9426013687499999 0.27494252812500003 0.9426013687499999 0.2639080453125 0.9324205718749999 0.26298850625000003 0.9313673859374999 0.2363218390625 0.9239950859375 0.234482759375 0.9236440234375 0.261149425 0.9155695984375001 0.261149425
2 0.9461119890624999 0.37793103437500003 0.9513779187500001 0.37793103437500003 0.95102685625 0.3586206890625 0.960856590625 0.3577011484375 0.961207653125 0.3365517234375 0.95067579375 0.333793103125 0.9503247328125 0.298850575 0.9457609265625001 0.297931034375 0.9457609265625001 0.3356321828125 0.9345269437500001 0.33471264375 0.9355801296875 0.3595402296875 0.9457609265625001 0.356781609375 0.9461119890624999 0.37793103437500003
2 0.9088994203125 0.378850575 0.9134632265624999 0.378850575 0.9138142874999999 0.356781609375 0.9222397750000001 0.35586206875 0.920835528125 0.3356321828125 0.9138142874999999 0.3328735625 0.9127611015625 0.2951724140625 0.9088994203125 0.2942528734375 0.908197296875 0.33195402343749997 0.899771809375 0.3356321828125 0.8994207484375 0.3577011484375 0.908548359375 0.3577011484375 0.9088994203125 0.378850575
2 0.8460593296875001 0.4 0.8453572046875 0.413793103125 0.8541337546875001 0.4128735625 0.8530805687499999 0.43586206875 0.8618571171875 0.43586206875 0.8618571171875 0.4128735625 0.871335790625 0.4156321828125 0.8706336671875 0.4027586203125 0.8608039328125001 0.400919540625 0.8608039328125001 0.3760919546875 0.8551869406250001 0.37701149375 0.8544848171874999 0.4018390796875 0.8460593296875001 0.4
1 0.7561901 0.32184137968750004 0.711603475 0.32184137968750004 0.711603475 0.480006896875 0.7561901 0.480006896875 0.7561901 0.32184137968750004
2 0.7484649812499999 0.30621379375 0.7224881515625 0.30621379375 0.7224881515625 0.31908275937499997 0.7484649812499999 0.31908275937499997 0.7484649812499999 0.30621379375
1 0.7031753546874999 0.32184137968750004 0.6515692468750001 0.32184137968750004 0.6515692468750001 0.4781586203125 0.7031753546874999 0.4781586203125 0.7031753546874999 0.32184137968750004
2 0.690892575 0.3052896546875 0.661050553125 0.3052896546875 0.661050553125 0.320006896875 0.690892575 0.320006896875 0.690892575 0.3052896546875
2 0.7105476562499999 0.1839103453125 0.7063349125 0.1839103453125 0.7063349125 0.2519517234375 0.7105476562499999 0.2519517234375 0.7105476562499999 0.1839103453125
2 0.7642601375 0.1793103453125 0.757941021875 0.1793103453125 0.757941021875 0.2427586203125 0.7642601375 0.2427586203125 0.7642601375 0.1793103453125
1 0.0579392671875 0.2142528734375 0.02423731875 0.21241379375 0.0231841328125 0.327356321875 0.0579392671875 0.3282758625 0.0579392671875 0.2142528734375
2 0.036861506249999995 0.2363218390625 0.0417763734375 0.2381609203125 0.042829559375 0.21517241406249998 0.050903984375 0.213333334375 0.0523082328125 0.19586206875 0.0414253125 0.1931034484375 0.042478496875 0.1645977 0.0382657546875 0.1636781609375 0.0375636296875 0.1931034484375 0.0277338953125 0.1931034484375 0.0277338953125 0.21517241406249998 0.03721256875 0.213333334375 0.036861506249999995 0.2363218390625
1 0.23066175156250002 0.34758620625000003 0.023886256249999998 0.3457471265625 0.02353519375 0.4634482765625 0.22960856562499998 0.47172413750000003 0.23066175156250002 0.34758620625000003
2 0.036861506249999995 0.36505747187500004 0.042478496875 0.36873563125 0.042829559375 0.34482758593749996 0.051255046875 0.34666666562500004 0.0516061078125 0.3282758625 0.0417763734375 0.3264367828125 0.0417763734375 0.30528735625 0.038967878125 0.3034482765625 0.036861506249999995 0.3245977 0.0277338953125 0.3236781609375 0.0277338953125 0.3457471265625 0.036861506249999995 0.34482758593749996 0.036861506249999995 0.36505747187500004
2 0.071616640625 0.5351724140624999 0.0765315078125 0.5351724140624999 0.0765315078125 0.5048275859375 0.0895208 0.5039080453125 0.0891697390625 0.466206896875 0.0765315078125 0.4634482765625 0.0768825703125 0.4413793109375 0.071967703125 0.4404597703125 0.07126557812499999 0.4625287359375 0.059329471875 0.4616091953125 0.0596805328125 0.5057471265625 0.071616640625 0.5039080453125 0.071616640625 0.5351724140624999
2 0.17342460937499998 0.529655171875 0.177988415625 0.5342528734374999 0.177988415625 0.506666665625 0.2095839921875 0.5057471265625 0.2095839921875 0.46988505781249995 0.17939266250000002 0.4643678171875 0.17904160156249999 0.4404597703125 0.17447779531250002 0.4386206890625 0.173775671875 0.4625287359375 0.145339653125 0.4625287359375 0.1460417765625 0.5048275859375 0.173775671875 0.5048275859375 0.17342460937499998 0.529655171875
2 0.263647534375 0.53241379375 0.2682113390625 0.531494253125 0.2689134640625 0.510344828125 0.2787431984375 0.5085057468749999 0.2783921359375 0.46988505781249995 0.2689134640625 0.46804597656249997 0.2689134640625 0.434942528125 0.263647534375 0.436781609375 0.263296471875 0.46896551718749996 0.25592417031250003 0.46804597656249997 0.25697735625 0.506666665625 0.26399859531250003 0.5094252874999999 0.263647534375 0.53241379375
2 0.2299455859375 0.4027586203125 0.2299455859375 0.451494253125 0.2366157625 0.451494253125 0.2376689484375 0.4027586203125 0.24855186875 0.4018390796875 0.2478497453125 0.3917241375 0.2373178875 0.390804596875 0.2376689484375 0.3613793109375 0.22924346093749998 0.3595402296875 0.22924346093749998 0.3880459765625 0.218711603125 0.390804596875 0.21941372656250002 0.40551724062499994 0.2299455859375 0.4027586203125
2 0.2682113390625 0.42482758593750003 0.2766368265625 0.42390804531250004 0.2766368265625 0.44413793124999995 0.2826048796875 0.44413793124999995 0.283307003125 0.42482758593750003 0.29770054375 0.42390804531250004 0.29840266875 0.4128735625 0.283658065625 0.4110344828125 0.283658065625 0.3889655171875 0.2762857640625 0.3871264375 0.2769878890625 0.41471264375 0.2682113390625 0.41471264375 0.2682113390625 0.42482758593750003
2 0.36299806874999996 0.40551724062499994 0.36334913125 0.3751724140625 0.3721256796875 0.3742528734375 0.37107249375 0.356781609375 0.3644023171875 0.354942528125 0.36299806874999996 0.3172413796875 0.3577321390625 0.3236781609375 0.3577321390625 0.3540229890625 0.34895559062500003 0.35586206875 0.34895559062500003 0.3742528734375 0.35878532500000004 0.3742528734375 0.35948745 0.40735632187500004 0.36299806874999996 0.40551724062499994
2 0.2685624015625 0.1774712640625 0.2682113390625 0.1894252875 0.27733895 0.188505746875 0.2766368265625 0.21241379375 0.2857644375 0.213333334375 0.2857644375 0.1921839078125 0.299806915625 0.18758620625 0.2994558546875 0.1802298859375 0.2847112515625 0.17471264375 0.2847112515625 0.1517241375 0.2776900125 0.152643678125 0.278041075 0.1783908046875 0.2685624015625 0.1774712640625
2 0.22397753125 0.11586206875 0.2236264703125 0.1278160921875 0.23064770937499998 0.12873563125 0.2299455859375 0.1581609203125 0.2380200109375 0.1581609203125 0.23837107343750003 0.12873563125 0.2478497453125 0.1268965515625 0.247147621875 0.11586206875 0.2380200109375 0.11494252812500001 0.2373178875 0.0919540234375 0.230998771875 0.09287356249999999 0.2299455859375 0.11770114843749999 0.22397753125 0.11586206875
2 0.22432859375 0.28045977031249997 0.22432859375 0.2951724140625 0.2299455859375 0.2960919546875 0.22924346093749998 0.3135632171875 0.23696682500000002 0.31448275937500003 0.23837107343750003 0.29241379375 0.246445496875 0.2942528734375 0.2460944359375 0.2813793109375 0.23696682500000002 0.2795402296875 0.2373178875 0.26206896562500004 0.2299455859375 0.26206896562500004 0.22924346093749998 0.28045977031249997 0.22432859375 0.28045977031249997
2 0.156924696875 0.3678160921875 0.16289275 0.3668965515625 0.1632438125 0.348505746875 0.169562928125 0.34666666562500004 0.169562928125 0.329195403125 0.16289275 0.327356321875 0.16289275 0.31448275937500003 0.15868000625 0.3117241375 0.1579778828125 0.3282758625 0.144637528125 0.3264367828125 0.1435843421875 0.348505746875 0.1576268203125 0.34758620625000003 0.156924696875 0.3678160921875
2 0.5255397578125 0.43034482812499997 0.5251886953125 0.4027586203125 0.5209759515625 0.400919540625 0.519922765625 0.43034482812499997 0.5150078984375 0.4294252875 0.514305775 0.422068965625 0.51009303125 0.42022988593750005 0.51044409375 0.44965517187500004 0.5153589609375 0.453333334375 0.5150078984375 0.4413793109375 0.520624890625 0.4422988515625 0.520624890625 0.470804596875 0.524486571875 0.472643678125 0.5258908203125 0.4478160921875 0.5339652453125 0.45057471250000003 0.5350184312499999 0.4257471265625 0.5301035640625 0.422068965625 0.5294014390624999 0.43034482812499997 0.5255397578125 0.43034482812499997
2 0.4735825875 0.44505747187500005 0.47779533125 0.4422988515625 0.47849745468749993 0.4634482765625 0.48446550781250003 0.4643678171875 0.4841144453125 0.4468965515625 0.49464630468750004 0.45609195468749997 0.496050553125 0.426666665625 0.4827101984375 0.4257471265625 0.4841144453125 0.40459769999999995 0.479550640625 0.4036781609375 0.47849745468749993 0.42482758593750003 0.46796559687499995 0.42298850625 0.46936984375 0.45241379375 0.4735825875 0.45609195468749997 0.4735825875 0.44505747187500005
2 0.4514656828125 0.4294252875 0.4497103734375 0.4027586203125 0.44444444375 0.4018390796875 0.44374232031250005 0.4294252875 0.44058276249999995 0.43126436874999996 0.4374232046875 0.426666665625 0.4335615234375 0.428505746875 0.4356678953125 0.45057471250000003 0.43882745312500004 0.44965517187500004 0.439178515625 0.44321839062499996 0.44514656874999997 0.4413793109375 0.4458486921875 0.4606896546875 0.4497103734375 0.4625287359375 0.4542741796875 0.44597701093750003 0.46059329531250004 0.45057471250000003 0.46129541874999996 0.42390804531250004 0.4563805515625 0.42022988593750005 0.45673161249999994 0.43218390781249993 0.4514656828125 0.4294252875
1 0.4072327546875 0.4413793109375 0.390734596875 0.4413793109375 0.390734596875 0.474482759375 0.4072327546875 0.474482759375 0.4072327546875 0.4413793109375
6 0.41003949375 0.43309655156250004 0.4072327546875 0.43309655156250004 0.4072327546875 0.47539999999999993 0.41003949375 0.47539999999999993 0.41003949375 0.43309655156250004
2 0.40968931093750005 0.4478160921875 0.4149552390625 0.44321839062499996 0.41600842499999996 0.4551724140625 0.4195190453125 0.4551724140625 0.4209232921875 0.4422988515625 0.4233807265625 0.4422988515625 0.4233807265625 0.453333334375 0.4279445328125 0.451494253125 0.42864665625000004 0.4257471265625 0.42443391249999995 0.426666665625 0.42057223125 0.428505746875 0.41987010625 0.3981609203125 0.4156573640625 0.43034482812499997 0.413902053125 0.4294252875 0.41179568125 0.422068965625 0.408636125 0.4257471265625 0.40968931093750005 0.4478160921875
6 0.3900289625 0.43677931093750005 0.3865165875 0.43677931093750005 0.3865165875 0.4735655171875 0.3900289625 0.4735655171875 0.3900289625 0.43677931093750005
2 0.3952957703125 0.4478160921875 0.40688081406250004 0.45057471250000003 0.4075829390625 0.42298850625 0.401965946875 0.42482758593750003 0.40091276093749995 0.413793103125 0.4002106375 0.4036781609375 0.39670001718750003 0.40643678281250006 0.39599789375 0.428505746875 0.3910830265625 0.42482758593750003 0.3903809015625 0.4468965515625 0.3952957703125 0.4478160921875
1 0.9713902046875 0.35677931093750004 0.8608056875000001 0.35677931093750004 0.8608056875000001 0.4818413796875 0.9713902046875 0.4818413796875 0.9713902046875 0.35677931093750004
6 0.9720905734375 0.3356344828125 0.961558715625 0.3356344828125 0.961558715625 0.35677931093750004 0.9720905734375 0.35677931093750004 0.9720905734375 0.3356344828125
6 0.8608030546875 0.43586206875 0.8537835703125 0.43586206875 0.8537835703125 0.48275862031249994 0.8608030546875 0.48275862031249994 0.8608030546875 0.43586206875
6 0.7639125859375 0.44321379375000003 0.756540284375 0.44321379375000003 0.756540284375 0.4818344828125 0.7639125859375 0.4818344828125 0.7639125859375 0.44321379375000003
6 0.586271721875 0.30161379374999997 0.5546761453125 0.30161379374999997 0.5546761453125 0.3181655171875 0.586271721875 0.3181655171875 0.586271721875 0.30161379374999997
6 0.7649631390625 0.07448965468749999 0.7579436546875 0.07448965468749999 0.7579436546875 0.178393103125 0.7649631390625 0.178393103125 0.7649631390625 0.07448965468749999
6 0.9211865890625001 0.3374712640625 0.9215376515625 0.35218390781250003 0.9359311921875 0.3531034484375 0.9355801296875 0.33931034531250004 0.9310163250000001 0.33931034531250004 0.9299631390625 0.297931034375 0.9239950859375 0.297931034375 0.9239950859375 0.3356321828125 0.9211865890625001 0.3374712640625
6 0.7477619796874999 0.3043678171875 0.7474109171875 0.3181609203125 0.757591715625 0.31908045937499996 0.7561874671875 0.386206896875 0.7625065828125 0.3871264375 0.7628576453125 0.373333334375 0.800421275 0.371494253125 0.8007723359375 0.3577011484375 0.7639108296875 0.3586206890625 0.76355976875 0.24643678281249998 0.7582938390625 0.2427586203125 0.7579427765625 0.3043678171875 0.7477619796874999 0.3043678171875
6 0.6912410046875 0.3025287359375 0.6908899421875 0.320919540625 0.704581359375 0.32 0.7042302968749999 0.47632183906250003 0.7098472874999999 0.4772413796875 0.7109004734375 0.32 0.7210812703125 0.32183907968750003 0.72213445625 0.30528735625 0.7112515359375 0.30068965468750003 0.7116025984375 0.2528735625 0.7049324203125 0.2519540234375 0.7042302968749999 0.3016091953125 0.6912410046875 0.3025287359375
4 0.9710400203124999 0.08184137968750001 0.9317193265625001 0.08184137968750001 0.9317193265625001 0.3365586203125 0.9710400203124999 0.3365586203125 0.9710400203124999 0.08184137968750001
1 0.853430753125 0.3751655171875 0.7635571359375 0.3751655171875 0.7635571359375 0.480917240625 0.853430753125 0.480917240625 0.853430753125 0.3751655171875
5 0.96612164375 0.51493793125 0.876248025 0.51493793125 0.876248025 0.9259724140625 0.96612164375 0.9259724140625 0.96612164375 0.51493793125
6 0.6062822531250001 0.50758620625 0.5999631390625 0.50758620625 0.5999631390625 0.5599999999999999 0.6062822531250001 0.5599999999999999 0.6062822531250001 0.50758620625
6 0.6052317015625001 0.649193103125 0.599265403125 0.649193103125 0.599265403125 0.924131034375 0.6052317015625001 0.924131034375 0.6052317015625001 0.649193103125
4 0.59961383125 0.510344828125 0.2376689484375 0.5057471265625 0.23696682500000002 0.9140229890624999 0.598560646875 0.92413793125 0.59961383125 0.510344828125
5 0.223978409375 0.50206206875 0.1288388625 0.50206206875 0.1288388625 0.9140206890625 0.223978409375 0.9140206890625 0.223978409375 0.50206206875
4 0.11409425937499999 0.50206206875 0.02316745625 0.50206206875 0.02316745625 0.9112620687499999 0.11409425937499999 0.9112620687499999 0.11409425937499999 0.50206206875
6 0.2366140078125 0.44965517187500004 0.23029489218750002 0.44965517187500004 0.23029489218750002 0.474482759375 0.2366140078125 0.474482759375 0.2366140078125 0.44965517187500004
6 0.2829541859375 0.44413793124999995 0.27768825625 0.44413793124999995 0.27768825625 0.47172413750000003 0.2829541859375 0.47172413750000003 0.2829541859375 0.44413793124999995
6 0.433209584375 0.43402068906249996 0.42934965781249995 0.43402068906249996 0.42934965781249995 0.47632413749999997 0.433209584375 0.47632413749999997 0.433209584375 0.43402068906249996
6 0.46708794062500003 0.47862068906250005 0.46831665781250004 0.44413793124999995 0.4707740921875 0.4386206890625 0.4602422328125 0.4372413796875 0.46410391406249996 0.44505747187500005 0.46375285312500003 0.4643678171875 0.46410391406249996 0.48 0.46708794062500003 0.47862068906250005
6 0.500614359375 0.4754023 0.504124978125 0.4754023 0.504476040625 0.4404597703125 0.50974196875 0.4413793109375 0.51009303125 0.434942528125 0.4953484296875 0.43310344843750004 0.49640161562499996 0.4404597703125 0.500263296875 0.4422988515625 0.500614359375 0.4754023
2 0.37668948593749996 0.4101149421875 0.3844128484375 0.4110344828125 0.3847639109375 0.436781609375 0.3907319640625 0.4377011484375 0.3910830265625 0.4110344828125 0.40442338125 0.4101149421875 0.40477444218749997 0.39908045937500003 0.3910830265625 0.39908045937500003 0.39213621249999997 0.3806896546875 0.385114971875 0.3797701140625 0.38335966250000003 0.4 0.3770405484375 0.4 0.37668948593749996 0.4101149421875
1 0.5399315421875001 0.44045517187499994 0.5241337546875 0.44045517187499994 0.5241337546875 0.47631724062499997 0.5399315421875001 0.47631724062499997 0.5399315421875001 0.44045517187499994
6 0.5402843609375 0.43311034531250003 0.532912059375 0.43311034531250003 0.532912059375 0.4432206890625 0.5402843609375 0.4432206890625 0.5402843609375 0.43311034531250003
6 0.37107249375 0.3595402296875 0.37142355625 0.37241379375 0.3847639109375 0.37241379375 0.3847639109375 0.3806896546875 0.3903809015625 0.3806896546875 0.39178514999999997 0.0680459765625 0.38616815781249997 0.0680459765625 0.3847639109375 0.3613793109375 0.37107249375 0.3595402296875
6 0.2376856234375 0.06344827656249999 0.23101369218749998 0.06344827656249999 0.23101369218749998 0.0910344828125 0.2376856234375 0.0910344828125 0.2376856234375 0.06344827656249999
6 0.027748815625 0.1940275859375 0.022835703125000002 0.1940275859375 0.022835703125000002 0.21057931093749999 0.027748815625 0.21057931093749999 0.027748815625 0.1940275859375
6 0.0281016328125 0.3292 0.0224828859375 0.3292 0.0224828859375 0.34299310312500003 0.0281016328125 0.34299310312500003 0.0281016328125 0.3292
1 0.38372476718750004 0.3751724140625 0.2836721078125 0.373333334375 0.2840231703125 0.472643678125 0.384777953125 0.4754023 0.38372476718750004 0.3751724140625
1 0.18046076875 0.2427655171875 0.13868615 0.2427655171875 0.13868615 0.33011724062500003 0.18046076875 0.33011724062500003 0.18046076875 0.2427655171875
1 0.22996050625 0.2446 0.1881858875 0.2446 0.1881858875 0.33104137968749997 0.22996050625 0.33104137968749997 0.22996050625 0.2446
4 0.3851316484375 0.0680482765625 0.3426513953125 0.0680482765625 0.3426513953125 0.3586275859375 0.3851316484375 0.3586275859375 0.3851316484375 0.0680482765625
1 0.463751975 0.4413793109375 0.43356240156250003 0.4413793109375 0.43356240156250003 0.474482759375 0.463751975 0.474482759375 0.463751975 0.4413793109375
1 0.4289994734375 0.4413793109375 0.41074776249999995 0.4413793109375 0.41074776249999995 0.474482759375 0.4289994734375 0.474482759375 0.4289994734375 0.4413793109375
1 0.49991047968749996 0.4413793109375 0.46796735156249997 0.4413793109375 0.46796735156249997 0.474482759375 0.49991047968749996 0.474482759375 0.49991047968749996 0.4413793109375
1 0.5206240125 0.4413793109375 0.5051790421875 0.4413793109375 0.5051790421875 0.474482759375 0.5206240125 0.474482759375 0.5206240125 0.4413793109375