4 0.25944584375 0.0403682484375 0.110831234375 0.0403682484375 0.110831234375 0.36552373125000004 0.25944584375 0.36552373125000004 0.25944584375 0.0403682484375
7 0.2166183875 0.0163666125 0.1519710328125 0.0163666125 0.1519710328125 0.0425531921875 0.2166183875 0.0425531921875 0.2166183875 0.0163666125
4 0.4172984890625 0.0403682484375 0.2695277078125 0.0403682484375 0.2695277078125 0.36552373125000004 0.4172984890625 0.36552373125000004 0.4172984890625 0.0403682484375
7 0.376996221875 0.018543371875 0.31066120937499997 0.018543371875 0.31066120937499997 0.041456628125 0.376996221875 0.041456628125 0.376996221875 0.018543371875
4 0.6196473546875 0.0425531921875 0.4282115875 0.0425531921875 0.4282115875 0.3666121109375 0.6196473546875 0.3666121109375 0.6196473546875 0.0425531921875
7 0.4853085640625 0.0174549921875 0.4382934515625 0.0174549921875 0.4382934515625 0.041464812499999996 0.4853085640625 0.041464812499999996 0.4853085640625 0.0174549921875
3 0.6364399656249999 0.3862520453125 0.6364399656249999 0.0403709765625 0.6204869859375 0.0403709765625 0.6213266156249999 0.3666121109375 0.5591939546875 0.36770321875 0.560873215625 0.38516093749999997 0.6364399656249999 0.3862520453125
7 0.6095717890625 0.0185515546875 0.561712846875 0.0185515546875 0.561712846875 0.0403682484375 0.6095717890625 0.0403682484375 0.6095717890625 0.0185515546875
4 0.8866498734375 0.041464812499999996 0.7808564234375 0.041464812499999996 0.7808564234375 0.2433142390625 0.8866498734375 0.2433142390625 0.8866498734375 0.041464812499999996
7 0.8572607046874999 0.017463175 0.8102455921875 0.017463175 0.8102455921875 0.0403764328125 0.8572607046874999 0.0403764328125 0.8572607046874999 0.017463175
7 0.905119646875 0.16040098125 0.888331234375 0.16040098125 0.888331234375 0.21822422187499999 0.905119646875 0.21822422187499999 0.905119646875 0.16040098125
7 0.905119646875 0.282602290625 0.8858123421874999 0.282602290625 0.8858123421874999 0.338248771875 0.905119646875 0.338248771875 0.905119646875 0.282602290625
5 0.9504596984375 0.3862438625 0.7220843828125 0.3862438625 0.7220843828125 0.518273321875 0.9504596984375 0.518273321875 0.9504596984375 0.3862438625
7 0.9529848859375001 0.36552373125000004 0.9051259453125 0.36552373125000004 0.9051259453125 0.3862602296875 0.9529848859375001 0.3862602296875 0.9529848859375001 0.36552373125000004
7 0.9706108312499999 0.410261865625 0.9521347609375 0.410261865625 0.9521347609375 0.49536824843750005 0.9706108312499999 0.49536824843750005 0.9706108312499999 0.410261865625
7 0.9529848859375001 0.5204582656250001 0.9026070531249999 0.5204582656250001 0.9026070531249999 0.5433715218749999 0.9529848859375001 0.5433715218749999 0.9529848859375001 0.5204582656250001
7 0.9042884125 0.640482815625 0.8858123421874999 0.640482815625 0.8858123421874999 0.6950327328125 0.9042884125 0.6950327328125 0.9042884125 0.640482815625
7 0.905119646875 0.74303600625 0.8858123421874999 0.74303600625 0.8858123421874999 0.7997790499999999 0.905119646875 0.7997790499999999 0.905119646875 0.74303600625
7 0.19311712812499998 0.8925286421875 0.14693325 0.8925286421875 0.14693325 0.919811784375 0.19311712812499998 0.919811784375 0.19311712812499998 0.8925286421875
7 0.28715995 0.891432078125 0.24097607031249998 0.891432078125 0.24097607031249998 0.9197954171875 0.28715995 0.9197954171875 0.28715995 0.891432078125
7 0.3820277078125 0.8925286421875 0.334168765625 0.8925286421875 0.334168765625 0.919811784375 0.3820277078125 0.919811784375 0.3820277078125 0.8925286421875
7 0.48613979843750005 0.8936088375000001 0.439124684375 0.8936088375000001 0.439124684375 0.9208919796874999 0.48613979843750005 0.9208919796874999 0.48613979843750005 0.8936088375000001
7 0.6070466 0.8925286421875 0.5600314859375 0.8925286421875 0.5600314859375 0.9208919796874999 0.6070466 0.9208919796874999 0.6070466 0.8925286421875
5 0.888331234375 0.9176186578125 0.6355982375 0.9176186578125 0.6355982375 0.9721685765625001 0.888331234375 0.9721685765625001 0.888331234375 0.9176186578125
1 0.8858123421874999 0.855433715625 0.6398047859375 0.855433715625 0.6398047859375 0.9176268406249999 0.8858123421874999 0.9176268406249999 0.8858123421874999 0.855433715625
7 0.8866561718750001 0.830335515625 0.712008815625 0.830335515625 0.712008815625 0.852152209375 0.8866561718750001 0.852152209375 0.8866561718750001 0.830335515625
3 0.6095717890625 0.916530278125 0.6188077234375 0.916530278125 0.6204869859375 0.92416803125 0.6389588578125001 0.9230769234375 0.637279596875 0.8314238953125 0.6204869859375 0.8303327875000001 0.6196473546875 0.89143480625 0.6095717890625 0.8925259125 0.6095717890625 0.916530278125
7 0.6540743078125 0.8292389531250001 0.638117128125 0.8292389531250001 0.638117128125 0.8532487718749999 0.6540743078125 0.8532487718749999 0.6540743078125 0.8292389531250001
7 0.1091498734375 0.6775777421875 0.090673803125 0.6775777421875 0.090673803125 0.733224221875 0.1091498734375 0.733224221875 0.1091498734375 0.6775777421875
7 0.10999370312500001 0.7888625203124999 0.0915176328125 0.7888625203124999 0.0915176328125 0.8456055640625 0.10999370312500001 0.8456055640625 0.10999370312500001 0.7888625203124999
7 0.10999370312500001 0.42335515625 0.0915176328125 0.42335515625 0.0915176328125 0.48227495937500003 0.10999370312500001 0.48227495937500003 0.10999370312500001 0.42335515625
1 0.7229219140625001 0.7255864703125 0.7204030234375 0.3666121109375 0.767422334375 0.364429896875 0.7649034421875001 0.25531914843750003 0.638119228125 0.2575013640625 0.637279596875 0.38516093749999997 0.11167086562499999 0.3862520453125 0.110831234375 0.5171849421875 0.6288832906249999 0.51827605 0.629722921875 0.7234042546875 0.7229219140625001 0.7255864703125
2 0.201511334375 0.41243862499999995 0.20780856406249998 0.39116202968749997 0.20780856406249998 0.368248771875 0.1700251890625 0.3666121109375 0.1700251890625 0.4304418984375 0.17632241875000002 0.432078559375 0.19143576874999998 0.425531915625 0.201511334375 0.41243862499999995
2 0.361880771875 0.404800871875 0.362720403125 0.36770321875 0.3224181359375 0.368248771875 0.3224181359375 0.4304418984375 0.336272040625 0.4304418984375 0.347607053125 0.423895253125 0.361880771875 0.404800871875
2 0.5566750625 0.409165303125 0.561712846875 0.3862520453125 0.561712846875 0.365521003125 0.523089840625 0.3666121109375 0.5205709484375001 0.4102564109375 0.5214105796874999 0.4353518828125 0.546599496875 0.425531915625 0.5566750625 0.409165303125
0 0.7657493703125 0.1352945984375 0.636442065625 0.1352945984375 0.636442065625 0.2444108015625 0.7657493703125 0.2444108015625 0.7657493703125 0.1352945984375
2 0.6687657437500001 0.12438625156250001 0.6360201515624999 0.12111292968750001 0.6397984890624999 0.1489361703125 0.653232578125 0.1691216578125 0.667506296875 0.1685761046875 0.6687657437500001 0.12438625156250001
2 0.7145256078125 0.1723949796875 0.7145256078125 0.15057283125 0.713685978125 0.12329514374999999 0.6813602015625 0.12274959062499999 0.6851385390625 0.142389525 0.68765743125 0.1522094921875 0.698572628125 0.1680305515625 0.7145256078125 0.1723949796875
2 0.7598656593750001 0.174577196875 0.7607052890625 0.162029459375 0.7607052890625 0.12274959062499999 0.7279596984375 0.12274959062499999 0.728799328125 0.1374795421875 0.739714525 0.16584833593749998 0.7598656593750001 0.174577196875
6 0.659943325 0.2444108015625 0.6355982375 0.2444108015625 0.6355982375 0.2553273328125 0.659943325 0.2553273328125 0.659943325 0.2444108015625
2 0.6738035265625 0.20621931249999997 0.659949621875 0.20185488281250002 0.659949621875 0.25641025625 0.69521410625 0.2536824875 0.6889168765625 0.2193126015625 0.6738035265625 0.20621931249999997
4 0.88748740625 0.2596808515625 0.7749811078125 0.2596808515625 0.7749811078125 0.36552373125000004 0.88748740625 0.36552373125000004 0.88748740625 0.2596808515625
2 0.824937028125 0.2438625203125 0.78967254375 0.24549918124999998 0.790092359375 0.27386797500000004 0.806045340625 0.29459901875 0.8261964734375 0.3022367703125 0.824937028125 0.2438625203125
3 0.905121746875 0.38406983125 0.905121746875 0.337152209375 0.888329134375 0.33933442343750003 0.8866498734375 0.364429896875 0.721242653125 0.3666121109375 0.721242653125 0.3862520453125 0.905121746875 0.38406983125
2 0.7741393796875 0.308783415625 0.74433249375 0.314238953125 0.72921914375 0.34206219375 0.7279596984375 0.3584288046875 0.754156171875 0.3584288046875 0.7724601171875001 0.3589743578125 0.7741393796875 0.308783415625
3 0.8874895046875 0.5400982 0.8866498734375 0.6415711953125001 0.9042821156249999 0.6404800875000001 0.903442484375 0.5193671578125 0.7229219140625001 0.51827605 0.7237615453124999 0.5390070921875 0.8874895046875 0.5400982
0 0.8866561718750001 0.5411865796875001 0.734678840625 0.5411865796875001 0.734678840625 0.6022831421875 0.8866561718750001 0.6022831421875 0.8866561718750001 0.5411865796875001
2 0.8463476078125 0.570649209375 0.8329135171875001 0.6142935078125 0.8757346765625 0.6132024015625 0.8765743078125 0.554282596875 0.8589420656250001 0.5564648125 0.8463476078125 0.570649209375
4 0.8858060453125001 0.7364975453125 0.7321536531249999 0.7364975453125 0.7321536531249999 0.8281505734374999 0.8858060453125001 0.8281505734374999 0.8858060453125001 0.7364975453125
2 0.8681780015625 0.78559738125 0.8765743078125 0.7877795953125 0.874895046875 0.7255864703125 0.836272040625 0.7255864703125 0.8379513015625 0.7572285875 0.850545759375 0.7725040921875 0.8681780015625 0.78559738125
4 0.6188035265625 0.5390098203125 0.42736775781249997 0.5390098203125 0.42736775781249997 0.891432078125 0.6188035265625 0.891432078125 0.6188035265625 0.5390098203125
2 0.5894206546875 0.6819421718750001 0.5827036109375 0.6961265671875 0.5827036109375 0.715766503125 0.629722921875 0.7146753953125 0.6280436609375 0.6644844515624999 0.6129303109375 0.665575559375 0.600335853125 0.67430441875 0.5894206546875 0.6819421718750001
2 0.058774139062499994 0.5935624671874999 0.065491184375 0.609929078125 0.08396305625 0.6164757234375 0.109991603125 0.6186579375 0.10915197343750001 0.5673758875 0.05373635624999999 0.5651936703125 0.052896725 0.5728314234375 0.058774139062499994 0.5935624671874999
4 0.4172984890625 0.5411865796875001 0.11166876562500001 0.5411865796875001 0.11166876562500001 0.8925286421875 0.4172984890625 0.8925286421875 0.4172984890625 0.5411865796875001
2 0.3459277921875 0.5619203484375 0.35264483593749996 0.5531914890625 0.354324096875 0.5619203484375 0.362720403125 0.57937806875 0.3761544921875 0.588106928125 0.392107471875 0.5946535734375 0.392107471875 0.51827605 0.32829555 0.5193671578125 0.3266162890625 0.5750136390625 0.33921074687499997 0.5695581015625 0.3459277921875 0.5619203484375
1 0.72376574375 0.7354091656249999 0.6305667500000001 0.7354091656249999 0.6305667500000001 0.8292389531250001 0.72376574375 0.8292389531250001 0.72376574375 0.7354091656249999
2 0.683459278125 0.7757774140625 0.691015953125 0.761593015625 0.69521410625 0.7572285875 0.7044500421875 0.765957446875 0.7178841312500001 0.7703218765625001 0.7170445 0.7234042546875 0.653232578125 0.7244953640625 0.6498740546875 0.788870703125 0.668345928125 0.78559738125 0.683459278125 0.7757774140625
2 0.681780015625 0.8957992359375 0.690176321875 0.8848881625 0.69521410625 0.865248228125 0.697732996875 0.872885978125 0.706129303125 0.8805237312499999 0.7145256078125 0.8805237312499999 0.713685978125 0.8292416812500001 0.6540722078125001 0.8292416812500001 0.6507136859375 0.9056192031249999 0.6616288828125 0.9078014187500001 0.681780015625 0.8957992359375
6 0.7313161203125 0.7910556468750001 0.7220843828125 0.7910556468750001 0.7220843828125 0.832512275 0.7313161203125 0.832512275 0.7313161203125 0.7910556468750001
2 0.7598656593750001 0.777959628125 0.769941225 0.755046371875 0.769941225 0.7441352984375 0.72544080625 0.7441352984375 0.72544080625 0.7921440265624999 0.7363560031249999 0.794326240625 0.7531486140625 0.7877795953125 0.7598656593750001 0.777959628125
6 0.5600314859375 0.8925286421875 0.4853085640625 0.8925286421875 0.4853085640625 0.9176186578125 0.5600314859375 0.9176186578125 0.5600314859375 0.8925286421875
3 0.5600314859375 0.8925286421875 0.4853085640625 0.8925286421875 0.4853085640625 0.9176186578125 0.5600314859375 0.9176186578125 0.5600314859375 0.8925286421875
3 0.4391309828125 0.8925286421875 0.3811964734375 0.8925286421875 0.3811964734375 0.9176186578125 0.4391309828125 0.9176186578125 0.4391309828125 0.8925286421875
3 0.3341750625 0.8925204578124999 0.28715995 0.8925204578124999 0.28715995 0.9219803593749999 0.3341750625 0.9219803593749999 0.3341750625 0.8925204578124999
3 0.24013224218749998 0.8925204578124999 0.1939483625 0.8925204578124999 0.1939483625 0.9219803593749999 0.24013224218749998 0.9219803593749999 0.24013224218749998 0.8925204578124999
3 0.10999370312500001 0.7321358421874999 0.0915176328125 0.7321358421874999 0.0915176328125 0.7888788875 0.10999370312500001 0.7888788875 0.10999370312500001 0.7321358421874999
3 0.1108249375 0.6175695578125 0.0915176328125 0.6175695578125 0.0915176328125 0.678666121875 0.1108249375 0.678666121875 0.1108249375 0.6175695578125
3 0.1116750625 0.48336333906249995 0.0915239296875 0.48336333906249995 0.0915239296875 0.567373159375 0.1116750625 0.567373159375 0.1116750625 0.48336333906249995
3 0.10999370312500001 0.010916529687499999 0.0915176328125 0.010916529687499999 0.0915176328125 0.42662847812500004 0.10999370312500001 0.42662847812500004 0.10999370312500001 0.010916529687499999
3 0.31066750625 0.016358428124999998 0.21746851406249998 0.016358428124999998 0.21746851406249998 0.0403682484375 0.31066750625 0.0403682484375 0.31066750625 0.016358428124999998
3 0.439124684375 0.0163666125 0.376996221875 0.0163666125 0.376996221875 0.0425531921875 0.439124684375 0.0425531921875 0.439124684375 0.0163666125
3 0.561712846875 0.016374795312500003 0.4861460953125 0.016374795312500003 0.4861460953125 0.041464812499999996 0.561712846875 0.041464812499999996 0.561712846875 0.016374795312500003
3 0.8094017625 0.017463175 0.609565490625 0.017463175 0.609565490625 0.0403764328125 0.8094017625 0.0403764328125 0.8094017625 0.017463175
3 0.1528085640625 0.0174549921875 0.10998740625 0.0174549921875 0.10998740625 0.041464812499999996 0.1528085640625 0.041464812499999996 0.1528085640625 0.0174549921875
3 0.9059634765625001 0.2193207859375 0.88748740625 0.2193207859375 0.88748740625 0.2836906703125 0.9059634765625001 0.2836906703125 0.9059634765625001 0.2193207859375
3 0.9714546593750001 0.3589770875 0.9529785890625 0.3589770875 0.9529785890625 0.4102536828125 0.9714546593750001 0.4102536828125 0.9714546593750001 0.3589770875
3 0.969779596875 0.49318330625 0.9513035265625 0.49318330625 0.9513035265625 0.5444599015625 0.969779596875 0.5444599015625 0.969779596875 0.49318330625
6 0.888331234375 0.7255810140625 0.8765806046875 0.7255810140625 0.8765806046875 0.73540098125 0.888331234375 0.73540098125 0.888331234375 0.7255810140625
3 0.9051259453125 0.6950327328125 0.8874937031250001 0.6950327328125 0.8874937031250001 0.74303600625 0.9051259453125 0.74303600625 0.9051259453125 0.6950327328125
3 0.905119646875 0.7997790499999999 0.8866435765625 0.7997790499999999 0.8866435765625 0.9230687390625001 0.905119646875 0.9230687390625001 0.905119646875 0.7997790499999999
3 0.88581024375 0.159301690625 0.905121746875 0.16148390625 0.9059613765625001 0.010911075000000001 0.88581024375 0.010911075000000001 0.8866498734375 0.0174577203125 0.8564231734375 0.0152755046875 0.8572628046874999 0.0425531921875 0.8849706140625001 0.0403709765625 0.88581024375 0.159301690625
3 0.3282997484375 0.518273321875 0.1116750625 0.518273321875 0.1116750625 0.5390098203125 0.3282997484375 0.5390098203125 0.3282997484375 0.518273321875
3 0.6280415609375 0.5182815062499999 0.392109571875 0.5182815062499999 0.392109571875 0.537921440625 0.6280415609375 0.537921440625 0.6280415609375 0.5182815062499999
3 0.170447103125 0.3666202953125 0.1091498734375 0.3666202953125 0.1091498734375 0.38516366562500004 0.170447103125 0.38516366562500004 0.170447103125 0.3666202953125
3 0.3232556671875 0.366603928125 0.2090617125 0.366603928125 0.2090617125 0.387340425 0.3232556671875 0.387340425 0.3232556671875 0.366603928125
3 0.5222544078125 0.3666121109375 0.361045340625 0.3666121109375 0.361045340625 0.3862520453125 0.5222544078125 0.3862520453125 0.5222544078125 0.3666121109375
3 0.7791750625 0.0403764328125 0.7657367765624999 0.0403764328125 0.7657367765624999 0.2465957453125 0.7791750625 0.2465957453125 0.7791750625 0.0403764328125
6 0.7153652390625 0.7244953640625 0.7153652390625 0.733224221875 0.724601175 0.73431533125 0.724601175 0.7441352984375 0.7313182203124999 0.7463175125 0.7304785890625001 0.73431533125 0.8404701921875001 0.73431533125 0.8404701921875001 0.7255864703125 0.73215785 0.726677578125 0.73299748125 0.615384615625 0.8396305625 0.6121112921874999 0.8396305625 0.604473540625 0.73215785 0.604473540625 0.73215785 0.5411893078125 0.7237615453124999 0.5400982 0.7237615453124999 0.7244953640625 0.7153652390625 0.7244953640625
6 0.6523929468749999 0.7255864703125 0.6288832906249999 0.7234042546875 0.6280436609375 0.7135842875 0.6213266156249999 0.7124931796875 0.6213266156249999 0.8292416812500001 0.629722921875 0.8303327875000001 0.629722921875 0.733224221875 0.6549118390625 0.73431533125 0.6523929468749999 0.7255864703125
4 0.8858060453125001 0.6153927984374999 0.73467254375 0.6153927984374999 0.73467254375 0.7255891984375 0.8858060453125001 0.7255891984375 0.8858060453125001 0.6153927984374999
6 0.88916246875 0.6022831421875 0.874892946875 0.6022831421875 0.874892946875 0.6131996734375 0.88916246875 0.6131996734375 0.88916246875 0.6022831421875
6 0.42569269531250004 0.537921440625 0.4181360203125 0.537921440625 0.4181360203125 0.8979869062500001 0.42569269531250004 0.8979869062500001 0.42569269531250004 0.537921440625
6 0.267846346875 0.0403682484375 0.26028967187499996 0.0403682484375 0.26028967187499996 0.366603928125 0.267846346875 0.366603928125 0.267846346875 0.0403682484375
6 0.42569269531250004 0.0425450078125 0.4181360203125 0.0425450078125 0.4181360203125 0.36878068750000004 0.42569269531250004 0.36878068750000004 0.42569269531250004 0.0425450078125
6 0.8866498734375 0.24549918124999998 0.8261964734375 0.24549918124999998 0.8261964734375 0.25531914843750003 0.8866498734375 0.25531914843750003 0.8866498734375 0.24549918124999998
6 0.7741372796875 0.3557037640625 0.7649055421875001 0.3557037640625 0.7649055421875001 0.367700490625 0.7741372796875 0.367700490625 0.7741372796875 0.3557037640625
6 0.73215785 0.1352973265625 0.73299748125 0.12547735937499999 0.7279596984375 0.12329514374999999 0.7271200671875 0.0414620828125 0.7204030234375 0.0403709765625 0.7204030234375 0.12329514374999999 0.713685978125 0.12438625156250001 0.713685978125 0.1352973265625 0.73215785 0.1352973265625
6 0.7674181359375 0.123297871875 0.7598614609375 0.123297871875 0.7598614609375 0.134214403125 0.7674181359375 0.134214403125 0.7674181359375 0.123297871875
6 0.6406360203125 0.122201309375 0.636442065625 0.122201309375 0.636442065625 0.1363911625 0.6406360203125 0.1363911625 0.6406360203125 0.122201309375
0 0.6725377828125 0.041464812499999996 0.638117128125 0.041464812499999996 0.638117128125 0.12112111249999999 0.6725377828125 0.12112111249999999 0.6725377828125 0.041464812499999996
6 0.68765743125 0.13420621875 0.68765743125 0.12329514374999999 0.682619646875 0.12329514374999999 0.681780015625 0.0414620828125 0.6733837109375 0.0403709765625 0.674223340625 0.12547735937499999 0.666666665625 0.12438625156250001 0.666666665625 0.130932896875 0.68765743125 0.13420621875
6 0.7657430734374999 0.31096562968749997 0.7732997484374999 0.309874521875 0.774979009375 0.25641025625 0.79261125 0.2575013640625 0.7917716203125 0.24549918124999998 0.6943744749999999 0.24440807343749998 0.6935348453125 0.25641025625 0.7649034421875001 0.25531914843750003 0.7657430734374999 0.31096562968749997
0 0.7178778343750001 0.041464812499999996 0.6834571781250001 0.041464812499999996 0.6834571781250001 0.12112111249999999 0.7178778343750001 0.12112111249999999 0.7178778343750001 0.041464812499999996
0 0.763217884375 0.041464812499999996 0.7287972296875 0.041464812499999996 0.7287972296875 0.12112111249999999 0.763217884375 0.12112111249999999 0.763217884375 0.041464812499999996
5 0.0915176328125 0.5564729953125 0.025182620312499997 0.5564729953125 0.025182620312499997 0.679762684375 0.0915176328125 0.679762684375 0.0915176328125 0.5564729953125
6 0.6280415609375 0.53791325625 0.621328715625 0.53791325625 0.621328715625 0.66666939375 0.6280415609375 0.66666939375 0.6280415609375 0.53791325625