6 0.798375184375 0.31392045468749996 0.6765140328125 0.3167613640625 0.677252584375 0.3011363640625 0.6698670609375 0.3011363640625 0.6706056125 0.31818181874999996 0.53988183125 0.31960227343750003 0.540620384375 0.0667613640625 0.527326440625 0.065340909375 0.527326440625 0.1321022734375 0.519940915625 0.1363636359375 0.519940915625 0.15625 0.531019203125 0.15482954531249998 0.529542096875 0.46875 0.53988183125 0.46732954531250004 0.53988183125 0.33522727343750003 0.7968980796875 0.3323863640625 0.7968980796875 0.36789772656249997 0.8035450515625 0.36505681874999996 0.8035450515625 0.3323863640625 0.9290989656249999 0.3323863640625 0.9283604140625 0.31534090937500003 0.8035450515625 0.31392045468749996 0.8035450515625 0.2926136359375 0.7968980796875 0.2926136359375 0.798375184375 0.31392045468749996
4 0.9313146234375 0.06392045468749999 0.807976365625 0.06392045468749999 0.807976365625 0.1875 0.9313146234375 0.1875 0.9313146234375 0.06392045468749999
7 0.89217134375 0.02130681875 0.8308714921875 0.02130681875 0.8308714921875 0.0625 0.89217134375 0.0625 0.89217134375 0.02130681875
7 0.9519940921875 0.5113636359375 0.92983751875 0.5113636359375 0.92983751875 0.6434659093749999 0.9519940921875 0.6434659093749999 0.9519940921875 0.5113636359375
4 0.7976366328125 0.065340909375 0.6802067953125001 0.065340909375 0.6802067953125001 0.31392045468749996 0.7976366328125 0.31392045468749996 0.7976366328125 0.065340909375
7 0.764401771875 0.018465909375 0.7008862625 0.018465909375 0.7008862625 0.0625 0.764401771875 0.0625 0.764401771875 0.018465909375
4 0.6691285078125 0.06818181875 0.542836040625 0.06818181875 0.542836040625 0.31392045468749996 0.6691285078125 0.31392045468749996 0.6691285078125 0.06818181875
7 0.63441654375 0.0241477265625 0.57754800625 0.0241477265625 0.57754800625 0.06392045468749999 0.63441654375 0.06392045468749999 0.63441654375 0.0241477265625
4 0.53028065 0.15625 0.5184638109375 0.15625 0.5192023640625 0.13494318125 0.5265878875000001 0.1335227265625 0.5265878875000001 0.0738636359375 0.2998522890625 0.0710227265625 0.30132939375 0.465909090625 0.5280649921875 0.46448863593749995 0.53028065 0.15625
7 0.5214180203125001 0.0227272734375 0.45937961562499996 0.0227272734375 0.45937961562499996 0.0667613640625 0.5214180203125001 0.0667613640625 0.5214180203125001 0.0227272734375
7 0.38404726718750004 0.02556818125 0.3197932046875 0.02556818125 0.3197932046875 0.0696022734375 0.38404726718750004 0.0696022734375 0.38404726718750004 0.02556818125
4 0.29025110781249996 0.0696022734375 0.15583456406250001 0.0696022734375 0.1528803546875 0.33096590937500003 0.22156573124999998 0.32954545468749996 0.2237813890625 0.109375 0.288774003125 0.1079545453125 0.29025110781249996 0.0696022734375
7 0.2592319046875 0.0227272734375 0.1971935 0.0227272734375 0.1971935 0.0667613640625 0.2592319046875 0.0667613640625 0.2592319046875 0.0227272734375
7 0.148449040625 0.9190340906250001 0.0886262921875 0.9190340906250001 0.0886262921875 0.96875 0.148449040625 0.96875 0.148449040625 0.9190340906250001
7 0.2695716390625 0.9204545453125 0.2090103390625 0.9204545453125 0.2090103390625 0.96875 0.2695716390625 0.96875 0.2695716390625 0.9204545453125
7 0.40029542031250004 0.9204545453125 0.338257015625 0.9204545453125 0.338257015625 0.9673295453125 0.40029542031250004 0.9673295453125 0.40029542031250004 0.9204545453125
7 0.5288035453125 0.9176136359375 0.466765140625 0.9176136359375 0.466765140625 0.9644886359375 0.5288035453125 0.9644886359375 0.5288035453125 0.9176136359375
7 0.6587887734375 0.9176136359375 0.593796159375 0.9176136359375 0.593796159375 0.96306818125 0.6587887734375 0.96306818125 0.6587887734375 0.9176136359375
7 0.7769571640625 0.9176136359375 0.71787296875 0.9176136359375 0.71787296875 0.96306818125 0.7769571640625 0.96306818125 0.7769571640625 0.9176136359375
7 0.8966026593749999 0.9147727265625001 0.8330871484375001 0.9147727265625001 0.8330871484375001 0.9602272734374999 0.8966026593749999 0.9602272734374999 0.8966026593749999 0.9147727265625001
3 0.2097488921875 0.9204545453125 0.1491875921875 0.9204545453125 0.1491875921875 0.9673295453125 0.2097488921875 0.9673295453125 0.2097488921875 0.9204545453125
3 0.338257015625 0.9190340906250001 0.27104874375 0.9190340906250001 0.27104874375 0.96875 0.338257015625 0.96875 0.338257015625 0.9190340906250001
3 0.46602658750000003 0.9190340906250001 0.40029542031250004 0.9190340906250001 0.40029542031250004 0.9673295453125 0.46602658750000003 0.9673295453125 0.46602658750000003 0.9190340906250001
3 0.593796159375 0.91619318125 0.529542096875 0.91619318125 0.529542096875 0.9659090906250001 0.593796159375 0.9659090906250001 0.593796159375 0.91619318125
3 0.7171344171875 0.91619318125 0.6580502218750001 0.91619318125 0.6580502218750001 0.9644886359375 0.7171344171875 0.9644886359375 0.7171344171875 0.91619318125
3 0.8330871484375001 0.9176136359375 0.777695715625 0.9176136359375 0.777695715625 0.96306818125 0.8330871484375001 0.96306818125 0.8330871484375001 0.9176136359375
3 0.9519940921875 0.42329545468749996 0.9313146234375 0.42329545468749996 0.9313146234375 0.5113636359375 0.9519940921875 0.5113636359375 0.9519940921875 0.42329545468749996
3 0.9519940921875 0.27414772656249997 0.9305760703124999 0.27414772656249997 0.9305760703124999 0.35795454531250004 0.9519940921875 0.35795454531250004 0.9519940921875 0.27414772656249997
3 0.9519940921875 0.96306818125 0.9519940921875 0.6434659093749999 0.9305760703124999 0.6434659093749999 0.9283604140625 0.9147727265625001 0.8966026593749999 0.9133522734374999 0.8973412109375 0.96306818125 0.9519940921875 0.96306818125
3 0.9320531750000001 0.2144886359375 0.9519940921875 0.215909090625 0.9527326437499999 0.019886364062500002 0.8914327921874999 0.018465909375 0.89217134375 0.061079545312500004 0.9320531750000001 0.0625 0.9320531750000001 0.2144886359375
3 0.8316100437499999 0.018465909375 0.764401771875 0.018465909375 0.764401771875 0.0625 0.8316100437499999 0.0625 0.8316100437499999 0.018465909375
3 0.701624815625 0.02130681875 0.63441654375 0.02130681875 0.63441654375 0.0625 0.701624815625 0.0625 0.701624815625 0.02130681875
3 0.576809453125 0.0241477265625 0.5214180203125001 0.0241477265625 0.5214180203125001 0.0667613640625 0.576809453125 0.0667613640625 0.576809453125 0.0241477265625
3 0.46011816874999995 0.0241477265625 0.383308715625 0.0241477265625 0.383308715625 0.0696022734375 0.46011816874999995 0.0696022734375 0.46011816874999995 0.0241477265625
3 0.3212703109375 0.0241477265625 0.2592319046875 0.0241477265625 0.2592319046875 0.0710227265625 0.3212703109375 0.0710227265625 0.3212703109375 0.0241477265625
3 0.050221565625 0.0696022734375 0.08124076875 0.0710227265625 0.080502215625 0.028409090625 0.0288035453125 0.026988635937499998 0.03028065 0.36647727343750003 0.05169867031249999 0.36789772656249997 0.050221565625 0.0696022734375
3 0.0886262921875 0.921875 0.053175775 0.9204545453125 0.053914328125 0.6292613640625 0.044313146875 0.6278409093749999 0.045051698437499996 0.5298295453125 0.053914328125 0.5298295453125 0.0524372234375 0.434659090625 0.031019203125 0.434659090625 0.031019203125 0.96875 0.0893648453125 0.9673295453125 0.0886262921875 0.921875
4 0.0546528796875 0.9176136359375 0.16986706093749998 0.91619318125 0.1706056125 0.49005681875 0.1085672078125 0.48863636406250005 0.107090103125 0.6619318187500001 0.055391432812499995 0.6605113640625 0.0546528796875 0.9176136359375
2 0.144017725 0.5184659093749999 0.15214180156249998 0.5227272734375 0.1528803546875 0.487215909375 0.16322008906250002 0.487215909375 0.16322008906250002 0.465909090625 0.15214180156249998 0.46306818125 0.15214180156249998 0.44602272656249997 0.1454948296875 0.44460227343750003 0.14327917343750002 0.46448863593749995 0.1329394390625 0.46448863593749995 0.13220088593749998 0.487215909375 0.144756278125 0.487215909375 0.144017725 0.5184659093749999
6 0.1816839 0.5227272734375 0.17208271718749998 0.5227272734375 0.17208271718749998 0.9204545453125 0.1816839 0.9204545453125 0.1816839 0.5227272734375
3 0.19128508125000002 0.46875 0.16469719375 0.46875 0.16469719375 0.5227272734375 0.19128508125000002 0.5227272734375 0.19128508125000002 0.46875
3 0.31757754843749997 0.47017045468749996 0.2909896609375 0.47017045468749996 0.2909896609375 0.5241477265625 0.31757754843749997 0.5241477265625 0.31757754843749997 0.47017045468749996
4 0.4350073859375 0.49005681875 0.3138847859375 0.49005681875 0.3138847859375 0.6534090906250001 0.4350073859375 0.6534090906250001 0.4350073859375 0.49005681875
3 0.442392909375 0.471590909375 0.41580502187499996 0.471590909375 0.41580502187499996 0.5255681812499999 0.442392909375 0.5255681812499999 0.442392909375 0.471590909375
4 0.5561299859375 0.515625 0.531019203125 0.5184659093749999 0.529542096875 0.487215909375 0.44091580468749997 0.48579545468749996 0.44091580468749997 0.5184659093749999 0.446824225 0.5213068187500001 0.4453471203125 0.8664772734374999 0.440177253125 0.86505681875 0.440177253125 0.9176136359375 0.7865583453125 0.9147727265625001 0.78581979375 0.46306818125 0.7961595265625 0.46164772656249997 0.7954209750000001 0.33522727343750003 0.5413589359375 0.33664772656249997 0.5413589359375 0.47017045468749996 0.5553914328125 0.471590909375 0.5561299859375 0.515625
3 0.5568685375 0.46875 0.53028065 0.46875 0.53028065 0.5198863640625 0.5568685375 0.5198863640625 0.5568685375 0.46875
3 0.6853766625 0.46875 0.6610044312500001 0.46875 0.6610044312500001 0.515625 0.6853766625 0.515625 0.6853766625 0.46875
6 0.7961595265625 0.5042613640625 0.7872968984375001 0.5042613640625 0.7872968984375001 0.91619318125 0.7961595265625 0.91619318125 0.7961595265625 0.5042613640625
3 0.8101920234375 0.46306818125 0.78803545 0.46306818125 0.78803545 0.5071022734375 0.8101920234375 0.5071022734375 0.8101920234375 0.46306818125
2 0.9187592312499999 0.2357954546875 0.9180206796875 0.25 0.9276218609375 0.25 0.9283604140625 0.27272727343750003 0.9527326437499999 0.27414772656249997 0.9527326437499999 0.247159090625 0.9652880359375 0.2457386359375 0.966765140625 0.2386363640625 0.9542097484375001 0.2386363640625 0.953471196875 0.2173295453125 0.9276218609375 0.215909090625 0.92983751875 0.2357954546875 0.9187592312499999 0.2357954546875
2 0.9209748890625 0.38494318125000004 0.9209748890625 0.40056818125 0.92983751875 0.39914772656249997 0.92983751875 0.42329545468749996 0.9519940921875 0.42613636406250005 0.9519940921875 0.39914772656249997 0.966765140625 0.39772727343750003 0.9660265875 0.3863636359375 0.9527326437499999 0.38494318125000004 0.9527326437499999 0.36079545468749996 0.9283604140625 0.359375 0.9290989656249999 0.38494318125000004 0.9209748890625 0.38494318125000004
6 0.8183161 0.200284090625 0.819054653125 0.18892045468750002 0.8064992609375 0.18892045468750002 0.8050221562500001 0.0625 0.7961595265625 0.061079545312500004 0.7968980796875 0.221590909375 0.8057607093750001 0.22443181874999998 0.8057607093750001 0.2017045453125 0.8183161 0.200284090625
1 0.9283604140625 0.2045454546875 0.8072378140625001 0.2045454546875 0.8072378140625001 0.31392045468749996 0.9283604140625 0.31392045468749996 0.9283604140625 0.2045454546875
2 0.8308714921875 0.22443181874999998 0.8375184640625 0.22443181874999998 0.8367799109374999 0.2017045453125 0.8522895125 0.2017045453125 0.8522895125 0.18892045468750002 0.8382570156250001 0.18607954531249998 0.836041359375 0.15767045468750002 0.8293943875 0.15909090937499998 0.8308714921875 0.18607954531249998 0.8197932046874999 0.18607954531249998 0.819054653125 0.203125 0.8316100437499999 0.203125 0.8308714921875 0.22443181874999998
2 0.7946824218749999 0.26420454531250004 0.7968980796875 0.29403409062499997 0.8072378140625001 0.2926136359375 0.8072378140625001 0.2698863640625 0.8227474156250001 0.26846590937500003 0.8227474156250001 0.2542613640625 0.8072378140625001 0.25142045468749996 0.8072378140625001 0.2230113640625 0.7961595265625 0.22443181874999998 0.7961595265625 0.25284090937500003 0.7850812406250001 0.25142045468749996 0.7850812406250001 0.26420454531250004 0.7946824218749999 0.26420454531250004
2 0.777695715625 0.38352272656249997 0.777695715625 0.40056818125 0.792466765625 0.40056818125 0.7932053171875 0.424715909375 0.8050221562500001 0.42755681875 0.8042836046874999 0.39914772656249997 0.8205317578125 0.40056818125 0.8205317578125 0.3863636359375 0.8035450515625 0.38352272656249997 0.802067946875 0.36505681874999996 0.7968980796875 0.36505681874999996 0.7968980796875 0.38494318125000004 0.777695715625 0.38352272656249997
4 0.92983751875 0.48011363593749995 0.7968980796875 0.48011363593749995 0.7968980796875 0.9133522734374999 0.92983751875 0.9133522734374999 0.92983751875 0.48011363593749995
2 0.8677991140625 0.5042613640625 0.8774002953125001 0.5056818187500001 0.8774002953125001 0.48295454531250004 0.889217134375 0.487215909375 0.88847858125 0.46022727343750003 0.87666174375 0.45880681875 0.8759231906249999 0.43607954531250004 0.8692762187499999 0.43607954531250004 0.8692762187499999 0.46164772656249997 0.8552437218750001 0.46022727343750003 0.8552437218750001 0.48579545468749996 0.8692762187499999 0.48295454531250004 0.8677991140625 0.5042613640625
2 0.6565731171875 0.26420454531250004 0.65731166875 0.27982954531250004 0.667651403125 0.27840909062499997 0.6691285078125 0.29971590937500003 0.680945346875 0.3011363640625 0.680945346875 0.2769886359375 0.694239290625 0.2769886359375 0.694239290625 0.2613636359375 0.6787296890625 0.25994318125000004 0.677252584375 0.2428977265625 0.6691285078125 0.24431818125000002 0.667651403125 0.26420454531250004 0.6565731171875 0.26420454531250004
2 0.27252584999999996 0.40056818125 0.2732644015625 0.41477272656249997 0.285081240625 0.41619318125 0.28803545 0.4375 0.302067946875 0.44176136406250005 0.2998522890625 0.41761363593749995 0.31536189062500003 0.419034090625 0.3146233375 0.40625 0.2998522890625 0.40198863593749995 0.2976366328125 0.375 0.2865583453125 0.38068181874999996 0.28581979375 0.40056818125 0.27252584999999996 0.40056818125
1 0.288774003125 0.34943181874999996 0.053914328125 0.34943181874999996 0.053914328125 0.46875 0.288774003125 0.46875 0.288774003125 0.34943181874999996
2 0.177252584375 0.37784090937500003 0.18316100468750002 0.37784090937500003 0.184638109375 0.35085227343750003 0.1957163953125 0.35085227343750003 0.1957163953125 0.33096590937500003 0.1824224515625 0.328125 0.18389955625 0.30539772656249997 0.1787296890625 0.30539772656249997 0.177252584375 0.328125 0.1654357453125 0.32670454531250004 0.1661742984375 0.35227272656249997 0.177252584375 0.35085227343750003 0.177252584375 0.37784090937500003
6 0.1964549484375 0.33096590937500003 0.19497784375 0.3480113640625 0.29025110781249996 0.3480113640625 0.28951255468750003 0.33522727343750003 0.23559822812500003 0.33380681874999996 0.23559822812500003 0.2457386359375 0.2230428359375 0.24431818125000002 0.222304284375 0.33380681874999996 0.1964549484375 0.33096590937500003
2 0.21196454999999997 0.2073863640625 0.2104874453125 0.2201704546875 0.222304284375 0.2230113640625 0.2230428359375 0.24431818125000002 0.2370753328125 0.2457386359375 0.2370753328125 0.22443181874999998 0.251107828125 0.22443181874999998 0.251107828125 0.2116477265625 0.237813884375 0.20880681874999998 0.23855243750000002 0.19318181875 0.222304284375 0.19318181875 0.2230428359375 0.2073863640625 0.21196454999999997 0.2073863640625
2 0.12703101875 0.36931818125000004 0.13367799062500002 0.36789772656249997 0.13589364843750001 0.3480113640625 0.1462333828125 0.34943181874999996 0.1462333828125 0.32670454531250004 0.13441654375 0.32528409062499997 0.13589364843750001 0.3011363640625 0.13072378125 0.3011363640625 0.1285081234375 0.32670454531250004 0.120384046875 0.328125 0.1189069421875 0.35085227343750003 0.1285081234375 0.35085227343750003 0.12703101875 0.36931818125000004
2 0.09010339687499999 0.0980113640625 0.09084195 0.1136363640625 0.10339734062499999 0.1136363640625 0.10339734062499999 0.1321022734375 0.1159527328125 0.1335227265625 0.1159527328125 0.11505681875 0.12703101875 0.1136363640625 0.1262924671875 0.09943181875 0.11225997031249998 0.096590909375 0.113737075 0.07954545468749999 0.10487444531250001 0.08380681875 0.10339734062499999 0.0980113640625 0.09010339687499999 0.0980113640625
1 0.144756278125 0.07244318125 0.1152141796875 0.07244318125 0.1152141796875 0.3323863640625 0.144756278125 0.3323863640625 0.144756278125 0.07244318125
6 0.1669128515625 0.34659090937500003 0.1661742984375 0.3323863640625 0.1528803546875 0.33380681874999996 0.154357459375 0.0738636359375 0.146971934375 0.0696022734375 0.1454948296875 0.34659090937500003 0.1669128515625 0.34659090937500003
3 0.19867060625 0.0241477265625 0.146971934375 0.0241477265625 0.146971934375 0.0696022734375 0.19867060625 0.0696022734375 0.19867060625 0.0241477265625
7 0.146971934375 0.02556818125 0.080502215625 0.02556818125 0.080502215625 0.0696022734375 0.146971934375 0.0696022734375 0.146971934375 0.02556818125
1 0.10561299843750001 0.22869318125000002 0.0524372234375 0.22869318125000002 0.0524372234375 0.33522727343750003 0.10561299843750001 0.33522727343750003 0.10561299843750001 0.22869318125000002
6 0.050960118750000005 0.21306818125000002 0.050960118750000005 0.22443181874999998 0.10561299843750001 0.2272727265625 0.10561299843750001 0.25142045468749996 0.11225997031249998 0.25568181874999996 0.11299852343750001 0.2073863640625 0.10635155156250001 0.203125 0.10635155156250001 0.2144886359375 0.050960118750000005 0.21306818125000002
2 0.0915805015625 0.19034090937499998 0.10413589375000001 0.1875 0.10487444531250001 0.2045454546875 0.114475628125 0.2045454546875 0.113737075 0.1875 0.12186115156249999 0.1832386359375 0.12186115156249999 0.1761363640625 0.1159527328125 0.17471590937499998 0.1159527328125 0.15767045468750002 0.10561299843750001 0.15767045468750002 0.10413589375000001 0.1761363640625 0.0930576078125 0.17329545468750002 0.0915805015625 0.19034090937499998
6 0.050960118750000005 0.33522727343750003 0.050960118750000005 0.34943181874999996 0.1189069421875 0.34659090937500003 0.11964549531249999 0.3323863640625 0.114475628125 0.3323863640625 0.114475628125 0.3082386359375 0.107090103125 0.30255681874999996 0.107090103125 0.33522727343750003 0.050960118750000005 0.33522727343750003
2 0.0893648453125 0.27130681874999996 0.09010339687499999 0.2855113640625 0.10487444531250001 0.28409090937500003 0.10339734062499999 0.3011363640625 0.11299852343750001 0.30397727343750003 0.114475628125 0.28693181874999996 0.1262924671875 0.28835227343750003 0.1248153625 0.27130681874999996 0.1159527328125 0.27130681874999996 0.11669128437500001 0.2542613640625 0.10561299843750001 0.2542613640625 0.10487444531250001 0.2698863640625 0.0893648453125 0.27130681874999996
4 0.3005908421875 0.48579545468749996 0.1816839 0.48579545468749996 0.1816839 0.9176136359375 0.3005908421875 0.9176136359375 0.3005908421875 0.48579545468749996
2 0.21787296875 0.5198863640625 0.22525849375 0.5198863640625 0.22451994062499997 0.49005681875 0.237813884375 0.49005681875 0.237813884375 0.465909090625 0.22599704531249998 0.46306818125 0.22451994062499997 0.44318181875 0.21935007343750001 0.44176136406250005 0.218611521875 0.46306818125 0.207533234375 0.46306818125 0.205317578125 0.48863636406250005 0.21787296875 0.48863636406250005 0.21787296875 0.5198863640625
6 0.10635155156250001 0.6576704546875 0.10635155156250001 0.6136363640625 0.0982274734375 0.6136363640625 0.0982274734375 0.6434659093749999 0.0524372234375 0.6420454546875 0.053914328125 0.6576704546875 0.10635155156250001 0.6576704546875
2 0.0827178734375 0.5696022734375 0.08124076875 0.5838068187500001 0.09675036875000001 0.5880681812499999 0.097488921875 0.6122159093749999 0.10782865625 0.6136363640625 0.107090103125 0.5852272734375 0.1174298375 0.5852272734375 0.1174298375 0.5710227265625 0.1085672078125 0.5724431812499999 0.10782865625 0.5568181812499999 0.0982274734375 0.5568181812499999 0.09675036875000001 0.5710227265625 0.0827178734375 0.5696022734375
4 0.4350073859375 0.8678977265625001 0.429098965625 0.8636363640625 0.429098965625 0.6690340906250001 0.3138847859375 0.6647727265625 0.31166912812500003 0.9190340906250001 0.4342688328125 0.9190340906250001 0.4350073859375 0.8678977265625001
2 0.372230428125 0.6846590906250001 0.3803545046875 0.6875 0.37961595312499996 0.6704545453125 0.3943870015625 0.671875 0.3951255546875 0.6477272734375 0.3803545046875 0.6463068187500001 0.3803545046875 0.625 0.3737075328125 0.6235795453125 0.3714918765625 0.6448863640625 0.35745937968749997 0.6463068187500001 0.358936484375 0.671875 0.3714918765625 0.6704545453125 0.372230428125 0.6846590906250001
6 0.44091580468749997 0.6661931812499999 0.442392909375 0.6477272734375 0.4350073859375 0.6448863640625 0.4342688328125 0.65625 0.396602659375 0.65625 0.39734121093749997 0.6661931812499999 0.43353028125000004 0.6661931812499999 0.44091580468749997 0.6661931812499999
2 0.42245199375000003 0.6079545453125 0.42097488906249997 0.6321022734375 0.43353028125000004 0.6278409093749999 0.43205317499999996 0.6463068187500001 0.4416543578125 0.6491477265625 0.442392909375 0.6278409093749999 0.45420974843749995 0.6278409093749999 0.45494830156250005 0.6107954546875 0.442392909375 0.6107954546875 0.442392909375 0.5980113640625 0.4342688328125 0.5965909093749999 0.43353028125000004 0.6107954546875 0.42245199375000003 0.6079545453125
7 0.44387001406250004 0.6690340906250001 0.4305760703125 0.6690340906250001 0.4305760703125 0.86505681875 0.44387001406250004 0.86505681875 0.44387001406250004 0.6690340906250001
6 0.4453471203125 0.5241477265625 0.4350073859375 0.5241477265625 0.4350073859375 0.59375 0.4453471203125 0.59375 0.4453471203125 0.5241477265625
6 0.4394387 0.8636363640625 0.4342688328125 0.8636363640625 0.4342688328125 0.9204545453125 0.4394387 0.9204545453125 0.4394387 0.8636363640625
6 0.3596750375 0.6661931812499999 0.3596750375 0.6576704546875 0.31166912812500003 0.6534090906250001 0.31166912812500003 0.5227272734375 0.30132939375 0.5255681812499999 0.30132939375 0.921875 0.3109305765625 0.9204545453125 0.3109305765625 0.6633522734375 0.3596750375 0.6661931812499999
6 0.0982274734375 0.5553977265625 0.10782865625 0.5582386359375 0.107090103125 0.48863636406250005 0.13220088593749998 0.487215909375 0.13220088593749998 0.46732954531250004 0.05169867031249999 0.46732954531250004 0.05169867031249999 0.48863636406250005 0.0982274734375 0.48863636406250005 0.0982274734375 0.5553977265625
2 0.0184638109375 0.3948863640625 0.0177252578125 0.41051136406250005 0.0280649921875 0.41051136406250005 0.027326440624999997 0.434659090625 0.053175775 0.434659090625 0.05169867031249999 0.40482954531250004 0.06646971874999999 0.40625 0.0657311671875 0.39772727343750003 0.05169867031249999 0.39630681874999996 0.053175775 0.36647727343750003 0.029542096875 0.36647727343750003 0.0288035453125 0.39346590937500003 0.0184638109375 0.3948863640625
6 0.20679468281250002 0.47017045468749996 0.19128508125000002 0.47017045468749996 0.19128508125000002 0.484375 0.20679468281250002 0.484375 0.20679468281250002 0.47017045468749996
6 0.29025110781249996 0.46732954531250004 0.237813884375 0.46732954531250004 0.237813884375 0.487215909375 0.29025110781249996 0.487215909375 0.29025110781249996 0.46732954531250004
6 0.41654357500000005 0.46875 0.3183161 0.46875 0.3183161 0.48863636406250005 0.41654357500000005 0.48863636406250005 0.41654357500000005 0.46875
6 0.53028065 0.46732954531250004 0.44313146249999996 0.46732954531250004 0.44313146249999996 0.487215909375 0.53028065 0.487215909375 0.53028065 0.46732954531250004
6 0.855982275 0.46306818125 0.8109305765625001 0.46306818125 0.8109305765625001 0.47869318125 0.855982275 0.47869318125 0.855982275 0.46306818125
6 0.9305760703124999 0.46306818125 0.889217134375 0.46306818125 0.889217134375 0.48011363593749995 0.9305760703124999 0.48011363593749995 0.9305760703124999 0.46306818125
6 0.2976366328125 0.0696022734375 0.29025110781249996 0.0696022734375 0.29025110781249996 0.375 0.2976366328125 0.375 0.2976366328125 0.0696022734375
6 0.9305760703124999 0.19034090937499998 0.8537666171874999 0.19034090937499998 0.8537666171874999 0.1988636359375 0.9305760703124999 0.1988636359375 0.9305760703124999 0.19034090937499998
6 0.8028065 0.424715909375 0.7961595265625 0.424715909375 0.7961595265625 0.46306818125 0.8028065 0.46306818125 0.8028065 0.424715909375
6 0.29911373750000003 0.43892045468749996 0.28951255468750003 0.43892045468749996 0.28951255468750003 0.47017045468749996 0.29911373750000003 0.47017045468749996 0.29911373750000003 0.43892045468749996
4 0.288774003125 0.1321022734375 0.237813884375 0.1321022734375 0.237813884375 0.3323863640625 0.288774003125 0.3323863640625 0.288774003125 0.1321022734375
6 0.2363367796875 0.1321022734375 0.28951255468750003 0.1335227265625 0.28951255468750003 0.1079545453125 0.2230428359375 0.109375 0.2237813890625 0.1946022734375 0.23559822812500003 0.1946022734375 0.2363367796875 0.1321022734375
0 0.10561299843750001 0.1477272734375 0.0524372234375 0.1477272734375 0.0524372234375 0.2102272734375 0.10561299843750001 0.2102272734375 0.10561299843750001 0.1477272734375
6 0.05169867031249999 0.1477272734375 0.10561299843750001 0.14630681875 0.10561299843750001 0.15482954531249998 0.11225997031249998 0.15625 0.113737075 0.13494318125 0.1085672078125 0.13778409062500002 0.05169867031249999 0.13778409062500002 0.05169867031249999 0.1477272734375
0 0.10487444531250001 0.0710227265625 0.0524372234375 0.0710227265625 0.0524372234375 0.1335227265625 0.10487444531250001 0.1335227265625 0.10487444531250001 0.0710227265625
4 0.0457902515625 0.625 0.055391432812499995 0.6278409093749999 0.053914328125 0.6392045453125 0.0960118171875 0.640625 0.09675036875000001 0.49147727343750003 0.053175775 0.49005681875 0.0546528796875 0.53125 0.046528803125000004 0.5326704546875 0.0457902515625 0.625
1 0.9290989656249999 0.33664772656249997 0.8050221562500001 0.33664772656249997 0.8050221562500001 0.46164772656249997 0.9290989656249999 0.46164772656249997 0.9290989656249999 0.33664772656249997
6 0.6779911375000001 0.06392045468749999 0.6706056125 0.06392045468749999 0.6706056125 0.2414772734375 0.6779911375000001 0.2414772734375 0.6779911375000001 0.06392045468749999