5 0.9655227203125 0.06170203125 0.7411011984375 0.06170203125 0.7411011984375 0.190370203125 0.9655227203125 0.190370203125 0.9655227203125 0.06170203125
7 0.8159088375 0.027085778124999998 0.7582924453125 0.027085778124999998 0.7582924453125 0.061699775 0.8159088375 0.061699775 0.8159088375 0.027085778124999998
7 0.9125536656250001 0.02709029375 0.854008921875 0.02709029375 0.854008921875 0.060196387500000004 0.9125536656250001 0.060196387500000004 0.9125536656250001 0.02709029375
7 0.9859673828125001 0.0857810390625 0.9673808203125001 0.0857810390625 0.9673808203125001 0.1730632046875 0.9859673828125001 0.1730632046875 0.9859673828125001 0.0857810390625
1 0.2495121265625 0.5 0.25439085625 0.5022573359375 0.2536938953125 0.53611738125 0.2516030109375 0.53611738125 0.25439085625 0.8318284421875 0.29620853125 0.830699775 0.297602453125 0.5158013546875 0.934625034375 0.51241535 0.9353219968750001 0.44130925468750004 0.788263171875 0.44243792343750005 0.7880308515625 0.20917983437499998 0.7383142828125 0.21143717031249998 0.7383142828125 0.44093303281249996 0.2495121265625 0.4401805875 0.2495121265625 0.5
4 0.73111235 0.20767494375 0.5443267359374999 0.20767494375 0.5443267359374999 0.43227990937499994 0.73111235 0.43227990937499994 0.73111235 0.20767494375
7 0.7183356562500001 0.1805891640625 0.6570030671875 0.1805891640625 0.6570030671875 0.2091805875 0.7183356562500001 0.2091805875 0.7183356562500001 0.1805891640625
7 0.617042096875 0.177577878125 0.5584973515625 0.177577878125 0.5584973515625 0.2076772015625 0.617042096875 0.2076772015625 0.617042096875 0.177577878125
4 0.5366601609375 0.2099322796875 0.4446612765625 0.2099322796875 0.4446612765625 0.4300225734375 0.5366601609375 0.4300225734375 0.5366601609375 0.2099322796875
7 0.5203972671875 0.177577878125 0.463712015625 0.177577878125 0.463712015625 0.2076772015625 0.5203972671875 0.2076772015625 0.5203972671875 0.177577878125
6 0.47811541718750006 0.4311512421875 0.4428027140625 0.4296463515625 0.4432673546875 0.2099322796875 0.4372270234375 0.2084273890625 0.4372270234375 0.43039879531249997 0.342904934375 0.43039879531249997 0.3415110125 0.4401805875 0.47718613593750003 0.439428140625 0.47811541718750006 0.4311512421875
4 0.436994703125 0.2099322796875 0.2516030109375 0.2099322796875 0.2516030109375 0.4288939046875 0.436994703125 0.4288939046875 0.436994703125 0.2099322796875
7 0.4237538328125 0.177577878125 0.3633495953125 0.177577878125 0.3633495953125 0.2076772015625 0.4237538328125 0.2076772015625 0.4237538328125 0.177577878125
6 0.3136325625 0.4401805875 0.313167921875 0.43039879531249997 0.24997676875 0.4296463515625 0.24997676875 0.2069224984375 0.24440107812499998 0.20767494375 0.24440107812499998 0.44620015 0.24997676875 0.44620015 0.25090605 0.439428140625 0.3136325625 0.4401805875
7 0.3261778640625 0.177577878125 0.26763312031250003 0.177577878125 0.26763312031250003 0.2076772015625 0.3261778640625 0.2076772015625 0.3261778640625 0.177577878125
4 0.24393783125000001 0.2076726859375 0.1445037640625 0.2076726859375 0.1445037640625 0.5086523703125 0.24393783125000001 0.5086523703125 0.24393783125000001 0.2076726859375
7 0.22302620625 0.1790812640625 0.16355310781250001 0.1790812640625 0.16355310781250001 0.2076726859375 0.22302620625 0.2076726859375 0.22302620625 0.1790812640625
7 0.14403819375 0.24078329531249998 0.126382771875 0.24078329531249998 0.126382771875 0.33408803593749997 0.14403819375 0.33408803593749997 0.14403819375 0.24078329531249998
7 0.14403819375 0.407826184375 0.12545163125 0.407826184375 0.12545163125 0.501130925 0.14403819375 0.501130925 0.14403819375 0.407826184375
7 0.42282269375 0.8306975171875 0.3633495953125 0.8306975171875 0.3633495953125 0.8607968390625 0.42282269375 0.8607968390625 0.42282269375 0.8306975171875
7 0.5203972671875 0.8322031609374999 0.462780875 0.8322031609374999 0.462780875 0.859291196875 0.5203972671875 0.859291196875 0.5203972671875 0.8322031609374999
7 0.617043490625 0.8322054171875 0.5575703937500001 0.8322054171875 0.5575703937500001 0.8623047406250001 0.617043490625 0.8623047406250001 0.617043490625 0.8322054171875
7 0.7146180656250001 0.8322054171875 0.6570016734374999 0.8322054171875 0.6570016734374999 0.8623047406250001 0.7146180656250001 0.8623047406250001 0.7146180656250001 0.8322054171875
7 0.8112642875 0.8322054171875 0.7536478953125 0.8322054171875 0.7536478953125 0.8607968390625 0.8112642875 0.8607968390625 0.8112642875 0.8322054171875
7 0.907909115625 0.830699775 0.849364371875 0.830699775 0.849364371875 0.8623024828125001 0.907909115625 0.8623024828125001 0.907909115625 0.830699775
3 0.1440386578125 0.8291948828125 0.1431093765625 0.5011286687500001 0.125453025 0.5011286687500001 0.12638230625 0.8592927015624999 0.3642784125 0.8623024828125001 0.36334913125 0.830699775 0.1440386578125 0.8291948828125
3 0.852150821875 0.027085778124999998 0.816837190625 0.027085778124999998 0.816837190625 0.061699775 0.852150821875 0.061699775 0.852150821875 0.027085778124999998
3 0.6570016734374999 0.1790812640625 0.617043490625 0.1790812640625 0.617043490625 0.2091805875 0.6570016734374999 0.2091805875 0.6570016734374999 0.1790812640625
3 0.5575676046875 0.177577878125 0.5203972671875 0.177577878125 0.5203972671875 0.2076772015625 0.5575676046875 0.2076772015625 0.5575676046875 0.177577878125
3 0.4646417625 0.1790812640625 0.4228240875 0.1790812640625 0.4228240875 0.2091805875 0.4646417625 0.2091805875 0.4646417625 0.1790812640625
3 0.36241985 0.176072234375 0.3261778640625 0.176072234375 0.3261778640625 0.20767494375 0.36241985 0.20767494375 0.36241985 0.176072234375
3 0.26949121875 0.1790812640625 0.22302620625 0.1790812640625 0.22302620625 0.2076726859375 0.26949121875 0.2076726859375 0.26949121875 0.1790812640625
3 0.14403819375 0.3355891640625 0.126382771875 0.3355891640625 0.126382771875 0.407823928125 0.14403819375 0.407823928125 0.14403819375 0.3355891640625
3 0.46278226875 0.8322054171875 0.42375243906250004 0.8322054171875 0.42375243906250004 0.8607968390625 0.46278226875 0.8607968390625 0.46278226875 0.8322054171875
3 0.5575676046875 0.8322031609374999 0.5203972671875 0.8322031609374999 0.5203972671875 0.8638058687499999 0.5575676046875 0.8638058687499999 0.5575676046875 0.8322031609374999
3 0.6560733203125 0.8322054171875 0.6179718421875 0.8322054171875 0.6179718421875 0.8623047406250001 0.6560733203125 0.8623047406250001 0.6560733203125 0.8322054171875
3 0.7536478953125 0.8337110609374999 0.7155464171875 0.8337110609374999 0.7155464171875 0.8653137703124999 0.7536478953125 0.8653137703124999 0.7536478953125 0.8337110609374999
3 0.848434625 0.8307020312500001 0.8112642875 0.8307020312500001 0.8112642875 0.8638081265625001 0.848434625 0.8638081265625001 0.848434625 0.8307020312500001
3 0.7452838953125 0.189616253125 0.7406374875 0.189616253125 0.7397082046875 0.061700526562500004 0.7564352750000001 0.0632054171875 0.7564352750000001 0.027088035937499998 0.7220518546875 0.027088035937499998 0.7201932906249999 0.206170053125 0.7462131765625 0.20917983437499998 0.7452838953125 0.189616253125
3 0.9655236500000001 0.084273890625 0.9859678468749999 0.08276899843749999 0.9850385656249999 0.0285929265625 0.9134838765625 0.0255831453125 0.914413159375 0.061700526562500004 0.96459436875 0.060195635937500006 0.9655236500000001 0.084273890625
3 0.9079081875 0.8322046656250001 0.90883746875 0.8623024828125001 0.9525137062500001 0.8623024828125001 0.9543722703125 0.22272385312499998 0.98550320625 0.2234762984375 0.987826409375 0.173062453125 0.9673822140624999 0.17456734375 0.96459436875 0.192626034375 0.9357866375 0.19112114375 0.93671591875 0.8367193374999999 0.9079081875 0.8322046656250001
3 0.1440386578125 0.206170053125 0.1589071640625 0.206170053125 0.16355357343750002 0.177577125 0.12638230625 0.176072234375 0.1235944609375 0.2362678703125 0.1431093765625 0.2377727609375 0.1440386578125 0.206170053125
3 0.1561193203125 0.53611738125 0.14287705625 0.53611738125 0.14287705625 0.830699775 0.1561193203125 0.830699775 0.1561193203125 0.53611738125
3 0.1575132421875 0.5033882625 0.1435740171875 0.5033882625 0.1435740171875 0.53649435625 0.1575132421875 0.53649435625 0.1575132421875 0.5033882625
3 0.25090465625 0.53574040625 0.24161276874999998 0.53574040625 0.24161276874999998 0.739654628125 0.25090465625 0.739654628125 0.25090465625 0.53574040625
3 0.253228325 0.5033882625 0.2392891 0.5033882625 0.2392891 0.53649435625 0.253228325 0.53649435625 0.253228325 0.5033882625
4 0.440480903125 0.525961625 0.30480485156250003 0.525961625 0.30480485156250003 0.8322054171875 0.440480903125 0.8322054171875 0.440480903125 0.525961625
3 0.35080290000000003 0.5041422125 0.336863675 0.5041422125 0.336863675 0.53724830625 0.35080290000000003 0.53724830625 0.35080290000000003 0.5041422125
3 0.5454864796875001 0.5041422125 0.5315472546875 0.5041422125 0.5315472546875 0.53724830625 0.5454864796875001 0.53724830625 0.5454864796875001 0.5041422125
3 0.54641483125 0.8006072234375001 0.53247560625 0.8006072234375001 0.53247560625 0.8337133187499999 0.54641483125 0.8337133187499999 0.54641483125 0.8006072234375001
3 0.3517312515625 0.8013611734375001 0.33779202656249996 0.8013611734375001 0.33779202656249996 0.8344672687499999 0.3517312515625 0.8344672687499999 0.3517312515625 0.8013611734375001
3 0.25369110625 0.8006072234375001 0.23975188125 0.8006072234375001 0.23975188125 0.8337133187499999 0.25369110625 0.8337133187499999 0.25369110625 0.8006072234375001
3 0.35126846875 0.206927765625 0.33732924375 0.206927765625 0.33732924375 0.240033859375 0.35126846875 0.240033859375 0.35126846875 0.206927765625
6 0.636557940625 0.44093303281249996 0.6360933 0.4326561328125 0.5413065703125 0.43039879531249997 0.5422358515625 0.239277653125 0.5357308796875 0.23852520625 0.537124803125 0.4311512421875 0.5050645859375 0.43039879531249997 0.5055292265625 0.439428140625 0.636557940625 0.44093303281249996
3 0.5459520484375 0.206173815625 0.5320128234375 0.206173815625 0.5320128234375 0.239279909375 0.5459520484375 0.239279909375 0.5459520484375 0.206173815625
6 0.7383142828125 0.24078254375000002 0.7313446703125 0.23852520625 0.7313446703125 0.4311512421875 0.6644363906249999 0.4311512421875 0.6644363906249999 0.44093303281249996 0.7378496421875 0.44093303281249996 0.7383142828125 0.24078254375000002
3 0.74156676875 0.2084311515625 0.7276275437499999 0.2084311515625 0.7276275437499999 0.24153724531249998 0.74156676875 0.24153724531249998 0.74156676875 0.2084311515625
3 0.7411011984375 0.5041422125 0.7271619734375 0.5041422125 0.7271619734375 0.53724830625 0.7411011984375 0.53724830625 0.7411011984375 0.5041422125
3 0.7420295515625 0.8021106093749999 0.7280903265625 0.8021106093749999 0.7280903265625 0.8352167046875 0.7420295515625 0.8352167046875 0.7420295515625 0.8021106093749999
4 0.9353219968750001 0.6124898421875 0.8516866468750001 0.6124898421875 0.8516866468750001 0.8322054171875 0.9353219968750001 0.8322054171875 0.9353219968750001 0.6124898421875
3 0.9357847781249999 0.8013566593749999 0.9218455531249999 0.8013566593749999 0.9218455531249999 0.8344627546875 0.9357847781249999 0.8344627546875 0.9357847781249999 0.8013566593749999
0 0.935323390625 0.5267110609375 0.8972219125 0.5267110609375 0.8972219125 0.600449209375 0.935323390625 0.600449209375 0.935323390625 0.5267110609375
3 0.9362503484375001 0.5056455984375 0.9223111234375001 0.5056455984375 0.9223111234375001 0.53875169375 0.9362503484375001 0.53875169375 0.9362503484375001 0.5056455984375
0 0.9348573546875001 0.239277653125 0.9213827718750001 0.239277653125 0.92277669375 0.210684725 0.8990800109375 0.20917983437499998 0.8981507296875 0.283671934375 0.9343927140625 0.2844243796875 0.9348573546875001 0.239277653125
3 0.93671591875 0.2076772015625 0.92277669375 0.2076772015625 0.92277669375 0.24078329531249998 0.93671591875 0.24078329531249998 0.93671591875 0.2076772015625
6 0.7945358234375 0.4319036875 0.7940711828125 0.2889390515625 0.798717590625 0.2889390515625 0.7996468734375 0.283671934375 0.7940711828125 0.2821670421875 0.7936065421875 0.2069224984375 0.7884954921875 0.2084273890625 0.7884954921875 0.44243792343750005 0.82520211875 0.441685478125 0.825666759375 0.4311512421875 0.7945358234375 0.4319036875
3 0.9362517421875 0.191121896875 0.786636465625 0.191121896875 0.786636465625 0.2076772015625 0.9362517421875 0.2076772015625 0.9362517421875 0.191121896875
0 0.824273765625 0.2091805875 0.79500139375 0.2091805875 0.79500139375 0.2844266359375 0.824273765625 0.2844266359375 0.824273765625 0.2091805875
3 0.8159088375 0.1798352140625 0.8038291046875001 0.1798352140625 0.8038291046875001 0.1926252828125 0.8159088375 0.1926252828125 0.8159088375 0.1798352140625
6 0.9051203421875 0.29044394218749997 0.9051203421875 0.2844243796875 0.8976860890625 0.285176825 0.8976860890625 0.2084273890625 0.8939689625 0.20917983437499998 0.894433603125 0.285176825 0.8888579125 0.2844243796875 0.8897871953125 0.2911963875 0.9051203421875 0.29044394218749997
3 0.9232408703124999 0.18058464999999999 0.912555059375 0.18058464999999999 0.912555059375 0.1926252828125 0.9232408703124999 0.1926252828125 0.9232408703124999 0.18058464999999999
2 0.7731623453124999 0.17456734375 0.7647988109375 0.173062453125 0.7443546140625 0.18510157968750002 0.7448192546875 0.206170053125 0.7871015703124999 0.2099322796875 0.7875662109375 0.1888638078125 0.7731623453124999 0.17456734375
0 0.8572609421875 0.2896930015625 0.795 0.2896930015625 0.795 0.361927765625 0.8572609421875 0.361927765625 0.8572609421875 0.2896930015625
2 0.8196264281250001 0.2859292703125 0.79732366875 0.2844243796875 0.7963943875 0.2911963875 0.816838584375 0.300225734375 0.8196264281250001 0.2859292703125
6 0.8572623359374999 0.29044394218749997 0.8581916171874999 0.364183596875 0.8149800203125 0.3619262609375 0.8149800203125 0.3702031609375 0.8628380265625 0.37170805156250003 0.8633026671874999 0.29044394218749997 0.8674844343749999 0.289691496875 0.8674844343749999 0.283671934375 0.8628380265625 0.2844243796875 0.8633026671874999 0.2084273890625 0.8577269765625 0.2099322796875 0.8577269765625 0.2844243796875 0.8526159281250001 0.285176825 0.8526159281250001 0.29044394218749997 0.8572623359374999 0.29044394218749997
2 0.8372827796875001 0.301730625 0.8526159281250001 0.29270127968750004 0.8526159281250001 0.283671934375 0.8312424500000001 0.2874341609375 0.8312424500000001 0.2957110609375 0.8372827796875001 0.301730625
2 0.889322553125 0.29044394218749997 0.8897871953125 0.2859292703125 0.8684137156249999 0.285176825 0.8684137156249999 0.29270127968750004 0.886534709375 0.3009781796875 0.889322553125 0.29044394218749997
2 0.9264938203125 0.29194883437499997 0.9264938203125 0.2859292703125 0.9041910609375 0.2844243796875 0.9051203421875 0.293453725 0.909302109375 0.300225734375 0.9264938203125 0.29194883437499997
6 0.8846761453124999 0.4319036875 0.8526159281250001 0.4311512421875 0.8526159281250001 0.4401805875 0.9357866375 0.44093303281249996 0.9353219968750001 0.43416102343749996 0.8897871953125 0.433408578125 0.8897871953125 0.41911211406250004 0.8846761453124999 0.419864559375 0.8846761453124999 0.4319036875
2 0.8846761453124999 0.41911211406250004 0.8897871953125 0.416854778125 0.8907164765625 0.38299473281249996 0.8842115046875 0.38374717812500003 0.8758479703125 0.39653875156249996 0.8846761453124999 0.41911211406250004
1 0.884675215625 0.370954853125 0.794070253125 0.370954853125 0.794070253125 0.43114898437500004 0.884675215625 0.43114898437500004 0.884675215625 0.370954853125
2 0.81126289375 0.38374717812500003 0.8145153796875 0.37170805156250003 0.8149800203125 0.3619262609375 0.7940711828125 0.36267870625 0.7936065421875 0.372460496875 0.81126289375 0.38374717812500003
2 0.8851407859375 0.3634311515625 0.8633026671874999 0.3634311515625 0.8637673078124999 0.38374717812500003 0.8846761453124999 0.3739653875 0.8851407859375 0.3634311515625
2 0.85400985 0.44093303281249996 0.8535452093749999 0.4326561328125 0.82520211875 0.4311512421875 0.8242728375 0.441685478125 0.831707090625 0.45974416875 0.85400985 0.44093303281249996
2 0.665365671875 0.4319036875 0.6351640187500001 0.4311512421875 0.6351640187500001 0.441685478125 0.66397175 0.45974416875 0.665365671875 0.4319036875
4 0.7318093109375 0.523699775 0.6272651234375 0.523699775 0.6272651234375 0.8314514671875 0.7318093109375 0.8314514671875 0.7318093109375 0.523699775
2 0.6937087625 0.5018811140625 0.665365671875 0.51542513125 0.66490103125 0.5244544765625 0.6937087625 0.5229495859375 0.6937087625 0.5018811140625
6 0.8465755968750001 0.644093303125 0.8512220046874999 0.6425884125 0.8516866468750001 0.610985703125 0.8591209 0.6102332578125 0.8595855406249999 0.6012039125 0.8516866468750001 0.6004514671875001 0.8516866468750001 0.525206921875 0.8897871953125 0.525206921875 0.8902518359375 0.6012039125 0.881423659375 0.6012039125 0.8832822234375 0.6087283671875 0.900938575 0.6087283671875 0.9000092921875 0.6004514671875001 0.895362884375 0.6004514671875001 0.8967568078125 0.525206921875 0.922312053125 0.525206921875 0.9213827718750001 0.5161775765625001 0.740172846875 0.516930021875 0.74156676875 0.525206921875 0.8451816750000001 0.525206921875 0.8465755968750001 0.644093303125
2 0.922312053125 0.6117381484375 0.923241334375 0.6019563578125 0.8995446515625 0.6012039125 0.9000092921875 0.60647103125 0.9037264203125 0.62302483125 0.922312053125 0.6117381484375
2 0.8809590187499999 0.6094808125 0.8818883 0.6019563578125 0.8591209 0.6004514671875001 0.8581916171874999 0.6102332578125 0.879565096875 0.62302483125 0.8809590187499999 0.6094808125
2 0.7378496421875 0.6132430390625 0.7378496421875 0.5680963125 0.7322739515625 0.566591421875 0.721122571875 0.6102332578125 0.7378496421875 0.6132430390625
4 0.8461095625 0.525961625 0.7392431 0.525961625 0.7392431 0.8322054171875 0.8461095625 0.8322054171875 0.8461095625 0.525961625
2 0.8507573640625001 0.689992475 0.8502927234375001 0.6433408578125 0.83914134375 0.644093303125 0.8461109562500001 0.689992475 0.8507573640625001 0.689992475
2 0.622154075 0.5658389765625 0.62122479375 0.6124905953125 0.6402750671875 0.6057185859375 0.6272651234375 0.56508653125 0.622154075 0.5658389765625
2 0.5064585078125 0.441685478125 0.5055292265625 0.4311512421875 0.47718613593750003 0.4311512421875 0.47765077656250005 0.439428140625 0.482297184375 0.45598194062499997 0.5064585078125 0.441685478125
2 0.343369575 0.4326561328125 0.313167921875 0.4296463515625 0.313167921875 0.4574868328125 0.343369575 0.441685478125 0.343369575 0.4326561328125
2 0.25090605 0.444695259375 0.24486571875 0.44544770468749995 0.24486571875 0.49586155 0.2495121265625 0.49586155 0.25880494375 0.4853273140625 0.25090605 0.444695259375
2 0.23929002812500003 0.802106846875 0.253229253125 0.7998495109375 0.252299971875 0.739653875 0.24207787343749998 0.7404063203125 0.23092649375000002 0.7787810390625001 0.23929002812500003 0.802106846875
2 0.3805408421875 0.5131677953125 0.38147012343750003 0.522197140625 0.41120713750000004 0.5229495859375 0.4107424953125 0.51241535 0.38332868750000004 0.499623778125 0.3805408421875 0.5131677953125
4 0.53666155625 0.525207675 0.44559102343749996 0.525207675 0.44559102343749996 0.8307020312500001 0.53666155625 0.8307020312500001 0.53666155625 0.525207675
2 0.475327571875 0.51542513125 0.47579221250000003 0.52370203125 0.504135303125 0.52370203125 0.5055292265625 0.51542513125 0.48043862031250006 0.5003762218750001 0.475327571875 0.51542513125
6 0.2495107328125 0.4966117375 0.2444006140625 0.4966117375 0.2444006140625 0.504137696875 0.2495107328125 0.504137696875 0.2495107328125 0.4966117375
6 0.5324783937500001 0.5154266359374999 0.50459994375 0.5154266359374999 0.50459994375 0.52445598125 0.5324783937500001 0.52445598125 0.5324783937500001 0.5154266359374999
6 0.7280917203125 0.5161783296875 0.694172009375 0.5161783296875 0.694172009375 0.524453725 0.7280917203125 0.524453725 0.7280917203125 0.5161783296875
6 0.5413061046875 0.5372437921875 0.5366587671875 0.5372437921875 0.5366587671875 0.8021060953125 0.5413061046875 0.8021060953125 0.5413061046875 0.5372437921875
6 0.7378491781250001 0.53649435625 0.7318079171874999 0.53649435625 0.7318079171874999 0.5665936796875 0.7378491781250001 0.5665936796875 0.7378491781250001 0.53649435625
6 0.7378505718749999 0.6124898421875 0.7322748812500001 0.6124898421875 0.7322748812500001 0.80135214375 0.7378505718749999 0.80135214375 0.7378505718749999 0.6124898421875
5 0.23975467031250003 0.5282189609375 0.1575132421875 0.5282189609375 0.1575132421875 0.8299480812500001 0.23975467031250003 0.8299480812500001 0.23975467031250003 0.5282189609375
6 0.239753275 0.5109119640625 0.1565834953125 0.5109119640625 0.1565834953125 0.5267133187499999 0.239753275 0.5267133187499999 0.239753275 0.5109119640625
6 0.8516880406249999 0.688487584375 0.8456467796875 0.688487584375 0.8456467796875 0.8329571109374999 0.8516880406249999 0.8329571109374999 0.8516880406249999 0.688487584375
6 0.935786171875 0.6012031609374999 0.9227753 0.6012031609374999 0.9227753 0.61098645625 0.935786171875 0.61098645625 0.935786171875 0.6012031609374999
1 0.8897881234374999 0.5259571109375 0.8521522156250001 0.5259571109375 0.8521522156250001 0.6012031609374999 0.8897881234374999 0.6012031609374999 0.8897881234374999 0.5259571109375
4 0.6221536109375 0.524453725 0.5431655984375 0.524453725 0.5431655984375 0.8322054171875 0.6221536109375 0.8322054171875 0.6221536109375 0.524453725
6 0.6267995546875 0.6124898421875 0.6226177859375001 0.6124898421875 0.6226177859375001 0.8322054171875 0.6267995546875 0.8322054171875 0.6267995546875 0.6124898421875
6 0.621689434375 0.563581640625 0.6263358421875 0.5658389765625 0.6268004828125 0.52370203125 0.665365671875 0.525206921875 0.6662949546875 0.516930021875 0.545023696875 0.5146726859374999 0.545023696875 0.522197140625 0.622618715625 0.5229495859375 0.621689434375 0.563581640625
6 0.44047950937499997 0.8329571109374999 0.4460552 0.83370955625 0.4451259171875 0.5244544765625 0.47579221250000003 0.52370203125 0.47486293125 0.5161775765625001 0.40934857343750003 0.5161775765625001 0.4084192921875 0.5244544765625 0.44001486874999995 0.5244544765625 0.44047950937499997 0.8329571109374999
6 0.3038751046875 0.5244544765625 0.3377938859375 0.52370203125 0.33732924375 0.51542513125 0.29783477343750003 0.51542513125 0.29876405625 0.8329571109374999 0.3038751046875 0.8322046656250001 0.3038751046875 0.5244544765625
6 0.3814705875 0.5154243796875 0.3517326453125 0.5154243796875 0.3517326453125 0.525207675 0.3814705875 0.525207675 0.3814705875 0.5154243796875
3 0.157049065625 0.2061693 0.14403819375 0.2061693 0.14403819375 0.23852595937499999 0.157049065625 0.23852595937499999 0.157049065625 0.2061693
6 0.8312424500000001 0.29194883437499997 0.831707090625 0.2844243796875 0.8275253234375001 0.2844243796875 0.8270606828125 0.20917983437499998 0.8238081968750001 0.20917983437499998 0.8242728375 0.2859292703125 0.8196264281250001 0.285176825 0.8191617875 0.29044394218749997 0.8312424500000001 0.29194883437499997
6 0.935787565625 0.2844266359375 0.926030109375 0.2844266359375 0.926030109375 0.2904446953125 0.935787565625 0.2904446953125 0.935787565625 0.2844266359375
0 0.8567995546875 0.2099345375 0.82752718125 0.2099345375 0.82752718125 0.2851805875 0.8567995546875 0.2851805875 0.8567995546875 0.2099345375
0 0.8930401453125001 0.2099345375 0.8628394203124999 0.2099345375 0.8628394203124999 0.2851805875 0.8930401453125001 0.2851805875 0.8930401453125001 0.2099345375
0 0.93439085625 0.2911963875 0.8642319484375 0.2911963875 0.8642319484375 0.3634311515625 0.93439085625 0.3634311515625 0.93439085625 0.2911963875
0 0.935323390625 0.371706546875 0.8902523 0.371706546875 0.8902523 0.432654628125 0.935323390625 0.432654628125 0.935323390625 0.371706546875
6 0.8911811171874999 0.37170805156250003 0.9357866375 0.37095560625 0.9357866375 0.364183596875 0.8851407859375 0.3634311515625 0.8856054265625 0.38299473281249996 0.8902518359375 0.38299473281249996 0.8911811171874999 0.37170805156250003