3 0.9480320359375 0.5476673421875 0.902265446875 0.5476673421875 0.902265446875 0.715740365625 0.9480320359375 0.715740365625 0.9480320359375 0.5476673421875
7 0.9480320359375 0.4824746453125 0.902265446875 0.4824746453125 0.902265446875 0.5491277890624999 0.9480320359375 0.5491277890624999 0.9480320359375 0.4824746453125
7 0.9480205953124999 0.71427991875 0.905526315625 0.71427991875 0.905526315625 0.7809330625 0.9480205953124999 0.7809330625 0.9480205953124999 0.71427991875
7 0.8581235703125 0.8982961453125 0.784576659375 0.8982961453125 0.784576659375 0.9388640968749999 0.8581235703125 0.9388640968749999 0.8581235703125 0.8982961453125
7 0.6946681921875 0.9011866124999999 0.619473684375 0.9011866124999999 0.619473684375 0.9388539546875 0.6946681921875 0.9388539546875 0.6946681921875 0.9011866124999999
7 0.5197711671875 0.902647059375 0.44622425625 0.902647059375 0.44622425625 0.9403144015624999 0.5197711671875 0.9403144015624999 0.5197711671875 0.902647059375
3 0.1405688125 0.9055346265625 0.09643674375 0.9069834828125 0.093167703125 0.44914517500000006 0.4184373984375 0.4419008984375 0.4184373984375 0.41002607968750004 0.05067015312499999 0.412923790625 0.04903563125 0.9461025781249999 0.142203334375 0.947551434375 0.1405688125 0.9055346265625
3 0.274610984375 0.9040770796875 0.21413043437499998 0.9040770796875 0.21413043437499998 0.9446450296875 0.274610984375 0.9446450296875 0.274610984375 0.9040770796875
7 0.34488558281250004 0.902647059375 0.27296338750000004 0.902647059375 0.27296338750000004 0.9446551718749999 0.34488558281250004 0.9446551718749999 0.34488558281250004 0.902647059375
7 0.215766590625 0.9055273828124999 0.1405720828125 0.9055273828124999 0.1405720828125 0.9446551718749999 0.215766590625 0.9446551718749999 0.215766590625 0.9055273828124999
3 0.78618993125 0.9011764703124999 0.6930320359375 0.9011764703124999 0.6930320359375 0.9374036515625 0.78618993125 0.9374036515625 0.78618993125 0.9011764703124999
3 0.62112128125 0.899726165625 0.518146453125 0.899726165625 0.518146453125 0.9388539546875 0.62112128125 0.9388539546875 0.62112128125 0.899726165625
3 0.4478604125 0.904087221875 0.3432608703125 0.904087221875 0.3432608703125 0.943215009375 0.4478604125 0.943215009375 0.4478604125 0.904087221875
4 0.9008792015625 0.5989110703125 0.531133325 0.602113803125 0.5275201734375 0.4473150421875 0.3986510890625 0.44624746406250004 0.3998554734375 0.902103128125 0.9056967374999999 0.8999679734375 0.9008792015625 0.5989110703125
3 0.90552468125 0.48101999375000004 0.9496567499999999 0.48101999375000004 0.9447531874999999 0.402781803125 0.5083360578125 0.40712836875 0.5083360578125 0.4447986078125 0.9022556390625001 0.4419008984375 0.90552468125 0.48101999375000004
6 0.3504757328125 0.0437706828125 0.3528844984375 0.21138037656250003 0.3697458734375 0.21138037656250003 0.3661327234375 0.045905839062499995 0.596170059375 0.0416355296875 0.5997832109375001 0.10782534531250001 0.61182705 0.1099604984375 0.6130314343750001 0.0256218640625 0.045766590625 0.03202733125 0.0493797421875 0.4110174015625 0.0662411171875 0.4120849796875 0.062627965625 0.0469734171875 0.3504757328125 0.0437706828125
2 0.35168011718750003 0.2572862171875 0.3540888828125 0.296786590625 0.37576779375 0.2957190140625 0.3745634125 0.2583537953125 0.396242321875 0.2583537953125 0.396242321875 0.24767801875 0.373359028125 0.24661044062499998 0.3697458734375 0.21031280156249998 0.3504757328125 0.21031280156249998 0.3504757328125 0.24661044062499998 0.323979284375 0.24661044062499998 0.3275924375 0.2604889515625 0.35168011718750003 0.2572862171875
2 0.596170059375 0.254083484375 0.5973744437499999 0.2925162796875 0.6166445859375 0.2925162796875 0.6178489703125 0.2562186390625 0.6467541859375 0.2562186390625 0.640732265625 0.2434077078125 0.6178489703125 0.2434077078125 0.6166445859375 0.2081776453125 0.5973744437499999 0.2081776453125 0.5973744437499999 0.24447528593749998 0.5720823796875 0.2455428640625 0.5732867640625 0.2551510625 0.596170059375 0.254083484375
2 0.457665903125 0.469734171875 0.46850535937500004 0.469734171875 0.46850535937500004 0.4483826203125 0.5094544140624999 0.4473150421875 0.5106587984375001 0.4056795125 0.46850535937500004 0.40354435625 0.46970974375 0.3853955375 0.46127905468749997 0.38326038125 0.457665903125 0.4056795125 0.4179212328125 0.4056795125 0.41912561718749997 0.4473150421875 0.45646151875 0.44624746406250004 0.457665903125 0.469734171875
2 0.8057328671875 0.624532934375 0.8177767078124999 0.6213302015625 0.8177767078124999 0.5999786484375 0.8539082265625 0.6010462249999999 0.8563169937499999 0.589302871875 0.8189810921875 0.583964984375 0.8177767078124999 0.566883740625 0.8069372515625 0.566883740625 0.8069372515625 0.58823529375 0.7647838124999999 0.58823529375 0.7623750453125 0.5999786484375 0.8057328671875 0.5989110703125 0.8057328671875 0.624532934375
2 0.379380946875 0.7291555453125 0.379380946875 0.7654531859375 0.4022642421875 0.7643856078125 0.403468625 0.7291555453125 0.42273876875000005 0.7291555453125 0.421534384375 0.71847976875 0.3998554734375 0.71847976875 0.3974467078125 0.682182128125 0.38058532968750003 0.682182128125 0.38058532968750003 0.7174121921875 0.3540888828125 0.7163446140625 0.3528844984375 0.7291555453125 0.379380946875 0.7291555453125
6 0.39863844375 0.44410750468750004 0.3805835234375 0.44410750468750004 0.3805835234375 0.682180528125 0.39863844375 0.682180528125 0.39863844375 0.44410750468750004
6 0.9044965671874999 0.58823529375 0.8563272312500001 0.58823529375 0.8563272312500001 0.5978498984375 0.9044965671874999 0.5978498984375 0.9044965671874999 0.58823529375
6 0.3986498859375 0.7665212984374999 0.3829977109375 0.7665212984374999 0.3829977109375 0.904229209375 0.3986498859375 0.904229209375 0.3986498859375 0.7665212984374999
6 0.37094965625 0.2967748484375 0.3528947375 0.2967748484375 0.3528947375 0.40780933125 0.37094965625 0.40780933125 0.37094965625 0.2967748484375
6 0.6142334093749999 0.2914503046875 0.5985812359375 0.2914503046875 0.5985812359375 0.4088742390625 0.6142334093749999 0.4088742390625 0.6142334093749999 0.2914503046875
6 0.6118306640625 0.171886409375 0.5973684203125 0.171886409375 0.5973684203125 0.20924949218750002 0.6118306640625 0.20924949218750002 0.6118306640625 0.171886409375
2 0.610629290625 0.107819471875 0.5973798625 0.107819471875 0.5973798625 0.17295131875 0.610629290625 0.17295131875 0.610629290625 0.107819471875
4 0.3504805484375 0.045912778125 0.06384439374999999 0.045912778125 0.06384439374999999 0.40674442187500004 0.3504805484375 0.40674442187500004 0.3504805484375 0.045912778125
1 0.5985697937500001 0.048042596874999996 0.37094965625 0.048042596874999996 0.37094965625 0.407819471875 0.5985697937500001 0.407819471875 0.5985697937500001 0.048042596874999996
4 0.3805835234375 0.449442190625 0.092734553125 0.449442190625 0.092734553125 0.904229209375 0.3805835234375 0.904229209375 0.3805835234375 0.449442190625
4 0.900869565625 0.44304259687499997 0.7214187640625 0.44304259687499997 0.7214187640625 0.58823529375 0.900869565625 0.58823529375 0.900869565625 0.44304259687499997
3 0.857521378125 0.937333190625 0.9502589421875 0.9351980359375001 0.9478501734375 0.7825344296875001 0.904492353125 0.7825344296875001 0.9069011187499999 0.902103128125 0.857521378125 0.8999679734375 0.857521378125 0.937333190625
6 0.7682265453125 0.5890669374999999 0.72088100625 0.5890669374999999 0.72088100625 0.59916835625 0.7682265453125 0.59916835625 0.7682265453125 0.5890669374999999