5 0.9401268109375 0.347942271875 0.87338768125 0.347942271875 0.87338768125 0.5517970203125 0.9401268109375 0.5517970203125 0.9401268109375 0.347942271875
7 0.5377536234375 0.6439292359375 0.44050724687500004 0.6439292359375 0.44050724687500004 0.68411545625 0.5377536234375 0.68411545625 0.5377536234375 0.6439292359375
7 0.25361412968749997 0.643919925 0.15826992812500001 0.643919925 0.15826992812500001 0.685093109375 0.25361412968749997 0.685093109375 0.25361412968749997 0.643919925
3 0.2879481296875 0.26266784374999996 0.322273075 0.2616877390625 0.32131960312499996 0.12055277812500001 0.609267734375 0.12055277812500001 0.6102212046875 0.2656081546875 0.6178489703125 0.2695285703125 0.6178489703125 0.260707634375 0.6493135015625 0.2616877390625 0.6493135015625 0.0813486234375 0.0486270015625 0.0803685203125 0.04767353125 0.21562285625 0.086765828125 0.21562285625 0.08581235625 0.12055277812500001 0.2879481296875 0.12055277812500001 0.2879481296875 0.26266784374999996
7 0.0848641296875 0.2156238359375 0.049592390624999996 0.2156238359375 0.049592390624999996 0.2803165734375 0.0848641296875 0.2803165734375 0.0848641296875 0.2156238359375
3 0.609267734375 0.3459766734375 0.609267734375 0.6429481531250001 0.5377574359375 0.6429481531250001 0.5387109078125001 0.673331371875 0.5291762015625 0.6821523078125 0.64836003125 0.6850926203125 0.64836003125 0.34499657031250003 0.6178489703125 0.3459766734375 0.609267734375 0.3459766734375
3 0.443369565625 0.6439292359375 0.2536231890625 0.6439292359375 0.2536231890625 0.68411545625 0.443369565625 0.68411545625 0.443369565625 0.6439292359375
3 0.0572082375 0.2803097125 0.055301296874999996 0.27442908906249996 0.04767353125 0.273448984375 0.0467200609375 0.6850926203125 0.1620900078125 0.6841125156250001 0.158276125 0.6723512703125001 0.1592295953125 0.6429481531250001 0.08771929843750001 0.6429481531250001 0.08485888593749999 0.279329609375 0.0572082375 0.2803097125
4 0.2889016015625 0.3557777125 0.2240656 0.3587180234375 0.223112128125 0.378320103125 0.08771929843750001 0.3773399984375 0.08771929843750001 0.6419680484375 0.2879481296875 0.6429481531250001 0.2889016015625 0.3557777125
3 0.2212051859375 0.35675781562500003 0.22787948125000002 0.35675781562500003 0.22787948125000002 0.34499657031250003 0.086765828125 0.34499657031250003 0.086765828125 0.3773399984375 0.223112128125 0.378320103125 0.2212051859375 0.35675781562500003
3 0.2879481296875 0.6419680484375 0.322273075 0.64098794375 0.322273075 0.344016465625 0.28508771875 0.3459766734375 0.28318077656249996 0.3557777125 0.2889016015625 0.3538175046875 0.2879481296875 0.6419680484375
1 0.9372644921875001 0.1871973921875 0.750380434375 0.1871973921875 0.750380434375 0.3469553078125 0.9372644921875001 0.3469553078125 0.9372644921875001 0.1871973921875
2 0.7522883296875 0.2675683625 0.736079328125 0.266588259375 0.7379862703125 0.3391159453125 0.74942791875 0.342056259375 0.7866132718750001 0.27442908906249996 0.7522883296875 0.2675683625
1 0.223112128125 0.344016465625 0.6083142640625 0.3430363609375 0.6083142640625 0.260707634375 0.546338671875 0.2616877390625 0.545385203125 0.1970008828125 0.32131960312499996 0.1970008828125 0.32131960312499996 0.2636479453125 0.2240656 0.260707634375 0.223112128125 0.344016465625
2 0.5739893203124999 0.2832500234375 0.6083142640625 0.34009605 0.6178489703125 0.3381358421875 0.6168955 0.268548465625 0.609267734375 0.2695285703125 0.5787566734375 0.27442908906249996 0.5739893203124999 0.2832500234375
5 0.545385203125 0.2587474265625 0.609267734375 0.2587474265625 0.6083142640625 0.1215328828125 0.3241800140625 0.1215328828125 0.32131960312499996 0.185239634375 0.5482456140624999 0.1862197390625 0.545385203125 0.2587474265625
2 0.390922959375 0.19602077812500002 0.390922959375 0.18719984375 0.340389015625 0.1862197390625 0.3413424875 0.2009212984375 0.387109078125 0.227384103125 0.390922959375 0.19602077812500002
0 0.20976354062499997 0.24992649218750002 0.2879481296875 0.2509065953125 0.2889016015625 0.1215328828125 0.08771929843750001 0.1215328828125 0.08581235625 0.34499657031250003 0.21167047968750002 0.34499657031250003 0.20976354062499997 0.24992649218750002
6 0.2240656 0.2616877390625 0.229786421875 0.2616877390625 0.2288329515625 0.24992649218750002 0.2126239515625 0.24992649218750002 0.21167047968750002 0.34499657031250003 0.223112128125 0.34499657031250003 0.2240656 0.2616877390625
2 0.280320365625 0.2616877390625 0.27936689531250003 0.2518867 0.22692601093749998 0.2509065953125 0.225972540625 0.2636479453125 0.270785659375 0.29305106406250003 0.280320365625 0.2616877390625
2 0.28318077656249996 0.354797609375 0.28318077656249996 0.344016465625 0.22787948125000002 0.3430363609375 0.22787948125000002 0.354797609375 0.235507246875 0.3881211421875 0.28318077656249996 0.354797609375
4 0.6092753625 0.35772811875 0.32228260937500003 0.35772811875 0.32228260937500003 0.642942271875 0.6092753625 0.642942271875 0.6092753625 0.35772811875
2 0.49771167031249997 0.3587180234375 0.49771167031249997 0.3469567765625 0.43382913749999996 0.34793688125 0.4405034328125 0.380280309375 0.44241037343749995 0.3949818671875 0.49771167031249997 0.3587180234375
4 0.6960335609375 0.5939429578125 0.64836003125 0.5929628546875 0.6464530890625 0.660590021875 0.8657513343750001 0.658629815625 0.8657513343750001 0.35675781562500003 0.64836003125 0.35675781562500003 0.6493135015625 0.583161815625 0.6950800921875 0.5812016078125 0.6960335609375 0.5939429578125
6 0.8657513343750001 0.660590021875 0.8390541578124999 0.6615701265625 0.840007628125 0.6694109578125 0.87719298125 0.6684308531250001 0.8743325703125 0.34793688125 0.8390541578124999 0.3469567765625 0.837147215625 0.354797609375 0.8667048062499999 0.3557777125 0.8657513343750001 0.660590021875
2 0.84191456875 0.3577379203125 0.840007628125 0.34793688125 0.7732646828124999 0.3459766734375 0.7742181546875 0.354797609375 0.78089245 0.3949818671875 0.84191456875 0.3577379203125
1 0.618802440625 0.344016465625 0.7379862703125 0.3469567765625 0.7370327984375 0.19406057031249999 0.6502669703125 0.1970008828125 0.6493135015625 0.26462805 0.6216628531249999 0.2616877390625 0.618802440625 0.344016465625
6 0.7379862703125 0.266588259375 0.7475209765625 0.2675683625 0.7475209765625 0.185239634375 0.64836003125 0.185239634375 0.64836003125 0.19602077812500002 0.7379862703125 0.19602077812500002 0.7379862703125 0.266588259375
6 0.7761250953125 0.3459766734375 0.7475209765625 0.3469567765625 0.7475209765625 0.3381358421875 0.7398932125 0.3381358421875 0.738939740625 0.3469567765625 0.6464530890625 0.3459766734375 0.6464530890625 0.35675781562500003 0.775171625 0.3557777125 0.7761250953125 0.3459766734375
6 0.6626721015625 0.660595903125 0.6464583328125 0.660595903125 0.6464583328125 0.66942271875 0.6626721015625 0.66942271875 0.6626721015625 0.660595903125
6 0.694130434375 0.5851210421874999 0.648369565625 0.5851210421874999 0.648369565625 0.5919739296875 0.694130434375 0.5919739296875 0.694130434375 0.5851210421874999
6 0.6102264500000001 0.345977653125 0.49770833281250004 0.345977653125 0.49770833281250004 0.35480446875 0.6102264500000001 0.35480446875 0.6102264500000001 0.345977653125
6 0.434782609375 0.3459683421875 0.32322463749999997 0.3459683421875 0.32322463749999997 0.356750465625 0.434782609375 0.356750465625 0.434782609375 0.3459683421875
6 0.2879528984375 0.25091247656250004 0.27556159375 0.25091247656250004 0.27556159375 0.260707634375 0.2879528984375 0.260707634375 0.2879528984375 0.25091247656250004
6 0.3432518109375 0.186210428125 0.3203713765625 0.186210428125 0.3203713765625 0.1969925515625 0.3432518109375 0.1969925515625 0.3432518109375 0.186210428125
6 0.5463405796874999 0.1862197390625 0.38996376875 0.1862197390625 0.38996376875 0.1950465546875 0.5463405796874999 0.1950465546875 0.5463405796874999 0.1862197390625
7 0.8400090578125001 0.66157355625 0.6607518109375 0.66157355625 0.6607518109375 0.6694134078125 0.8400090578125001 0.6694134078125 0.8400090578125001 0.66157355625