7 0.95874581875 0.1243709328125 0.9386789296875 0.1243709328125 0.9386789296875 0.2530694140625 0.95874581875 0.2530694140625 0.95874581875 0.1243709328125
7 0.1237374578125 0.12291757031249999 0.1047909703125 0.12291757031249999 0.1047909703125 0.2545227765625 0.1237374578125 0.2545227765625 0.1237374578125 0.12291757031249999
7 0.21403846093749998 0.728861171875 0.1950919734375 0.728861171875 0.1950919734375 0.7881453359374999 0.21403846093749998 0.7881453359374999 0.21403846093749998 0.728861171875
7 0.06340579843750001 0.40220535156250004 0.0606187296875 0.4175704984375 0.055741359375 0.44016630625 0.055741359375 0.46095444687500003 0.0592251953125 0.484454084375 0.0661928640625 0.5124728843749999 0.07525083593750001 0.528741865625 0.08500557343750001 0.5477223421875 0.09197324375 0.55404916875 0.107998884375 0.53687635625 0.10103121562499999 0.5314533625 0.09336677812500001 0.5124728843749999 0.087095875 0.49981923437500003 0.08221850625 0.47903109062500004 0.07943143750000001 0.45914678281250004 0.08012820625 0.4464931296875 0.07943143750000001 0.42660882187500004 0.0843088078125 0.40943600937499997 0.0912764765625 0.3922631953125 0.09824414687500001 0.3787057109375 0.10521181718749999 0.36876355781250003 0.0912764765625 0.3524945765625 0.0787346703125 0.367859725 0.07037346718750001 0.3850325375 0.06340579843750001 0.40220535156250004
3 0.1226309921875 0.353398409375 0.121934225 0.3136297890625 0.20624303125000001 0.312725959375 0.205546265625 0.2901301515625 0.1226309921875 0.2883224875 0.1226309921875 0.25488069375 0.10590858437499999 0.2539768609375 0.10590858437499999 0.3398409265625 0.0940635453125 0.35159074375 0.10660535156249999 0.36876355781250003 0.1226309921875 0.353398409375
3 0.10521181718749999 0.614605928125 0.1957915265625 0.6155097609375 0.1957915265625 0.7284887921875 0.2146042359375 0.729392625 0.215301003125 0.6155097609375 0.47310479375 0.6155097609375 0.47171125937499997 0.5965292843750001 0.1226309921875 0.5947216203125001 0.123327759375 0.551337671875 0.10730211875 0.5386840187499999 0.0926700109375 0.554953 0.10521181718749999 0.568510484375 0.10521181718749999 0.614605928125
3 0.40342809375 0.9047360796874999 0.4027313265625 0.8233911781250001 0.374860646875 0.8233911781250001 0.374860646875 0.9029284171875 0.2139074703125 0.9029284171875 0.2139074703125 0.8459869843750001 0.19439799375 0.8441793203125 0.1971850625 0.930043384375 0.47798216250000003 0.930043384375 0.477285396875 0.906543746875 0.40342809375 0.9047360796874999
3 0.5783166109375 0.35791757031250004 0.9580546265625 0.358821403125 0.960144928125 0.2530730296875 0.93924191875 0.2539768609375 0.93924191875 0.33170643593750004 0.5588071359375 0.33170643593750004 0.5581103671875 0.5956254515625 0.5392976593750001 0.5974331171875 0.5399944265625 0.614605928125 0.5588071359375 0.61641359375 0.5588071359375 0.906543746875 0.535813825 0.9056399125000001 0.5351170562500001 0.9318510484375 0.579013378125 0.93275488125 0.5783166109375 0.35791757031250004
3 0.1240245265625 0.12382501718750001 0.1240245265625 0.08947939218749999 0.93924191875 0.088575559375 0.93854515 0.12382501718750001 0.9594481609375001 0.12201735312499999 0.9594481609375001 0.065075921875 0.10521181718749999 0.065075921875 0.10451505000000001 0.12382501718750001 0.1240245265625 0.12382501718750001
1 0.48217391249999997 0.0894902390625 0.389498328125 0.0894902390625 0.389498328125 0.21601952343750003 0.48217391249999997 0.21601952343750003 0.48217391249999997 0.0894902390625
6 0.45638238593749997 0.2331887203125 0.45847268750000003 0.22686189375 0.48982720156250004 0.2277657265625 0.49052396875 0.17353579218749998 0.4814659984375 0.17353579218749998 0.4814659984375 0.21782357343749997 0.38809921875 0.2169197390625 0.3887959859375 0.08947939218749999 0.3804347828125 0.09128705625 0.38113155 0.2259580625 0.4487179484375 0.2277657265625 0.4501114828125 0.2331887203125 0.45638238593749997 0.2331887203125
1 0.45800817499999996 0.3036876359375 0.5574136000000001 0.3036876359375 0.5583426234375 0.090383225 0.4923820140625 0.089178115625 0.49145299218750005 0.2289708375 0.45800817499999996 0.2277657265625 0.45800817499999996 0.3036876359375
2 0.48913879531250004 0.1229284171875 0.4821655515625 0.1229284171875 0.4821655515625 0.1717353578125 0.48913879531250004 0.1717353578125 0.48913879531250004 0.1229284171875
6 0.4898244140625 0.0885683296875 0.4835535109375 0.0885683296875 0.4835535109375 0.127440346875 0.4898244140625 0.127440346875 0.4898244140625 0.0885683296875
2 0.5671739125 0.11206073750000001 0.5588127093749999 0.11206073750000001 0.5588127093749999 0.1672017359375 0.5671739125 0.1672017359375 0.5671739125 0.11206073750000001
6 0.5671571906249999 0.088579175 0.559498328125 0.088579175 0.559498328125 0.112982646875 0.5671571906249999 0.112982646875 0.5671571906249999 0.088579175
2 0.7037374578125 0.0976138828125 0.6974665546875001 0.0976138828125 0.6974665546875001 0.1636008671875 0.7037374578125 0.1636008671875 0.7037374578125 0.0976138828125
6 0.7037374578125 0.0876572671875 0.6974665546875001 0.0876572671875 0.6974665546875001 0.0994143171875 0.7037374578125 0.0994143171875 0.7037374578125 0.0876572671875
6 0.6319676703125 0.17986261875 0.6326644359375 0.1681127984375 0.5595039015625 0.167208965625 0.5581103671875 0.30459146875 0.5190914156249999 0.30459146875 0.5183946484375 0.314533621875 0.5595039015625 0.31543745625 0.5602006687500001 0.330802603125 0.5657748046875 0.33170643593750004 0.5657748046875 0.1807664484375 0.6319676703125 0.17986261875
1 0.737182275 0.1825704984375 0.56786789375 0.1825704984375 0.56786789375 0.3326138828125 0.737182275 0.3326138828125 0.737182275 0.1825704984375
6 0.7371794859375 0.33261026718750003 0.7455406906250001 0.3344179328125 0.7455406906250001 0.16901663125 0.7037346703125 0.16901663125 0.7044314375 0.160882140625 0.6988573031249999 0.161785971875 0.6974637671874999 0.16901663125 0.6751672234375 0.16901663125 0.6765607578124999 0.17986261875 0.738573021875 0.17986261875 0.7371794859375 0.33261026718750003
4 0.1031215171875 0.37328271874999996 0.0947603125 0.3886478671875 0.0843088078125 0.404013015625 0.07943143750000001 0.43564714374999997 0.0780379046875 0.45733911718750003 0.080824971875 0.4808387578125 0.086399109375 0.500723065625 0.0947603125 0.5169920453125 0.1024247484375 0.5296456984375 0.1093924203125 0.539587853125 0.1177536234375 0.546818509375 0.12541806093750002 0.554953 0.1240245265625 0.5947216203125001 0.5574136000000001 0.5956254515625 0.5574136000000001 0.3163412859375 0.1240245265625 0.312725959375 0.1240245265625 0.3552060734375 0.1031215171875 0.37328271874999996
4 0.2076365671875 0.302783803125 0.4473244140625 0.3036876359375 0.44802118281250003 0.229573390625 0.3804347828125 0.22686189375 0.3804347828125 0.08947939218749999 0.12472129218750001 0.088575559375 0.12472129218750001 0.2883224875 0.20624303125000001 0.2883224875 0.2076365671875 0.302783803125
6 0.4696209578125 0.30459146875 0.4570791515625 0.30549529999999997 0.45638238593749997 0.297360809375 0.4487179484375 0.297360809375 0.4501114828125 0.30549529999999997 0.20624303125000001 0.30459146875 0.20624303125000001 0.314533621875 0.46892419218750003 0.3136297890625 0.4696209578125 0.30459146875
4 0.3741638796875 0.7673535796875 0.394370121875 0.7637382500000001 0.3950668890625 0.676970353125 0.431995540625 0.6760665234375 0.431995540625 0.61641359375 0.2159977703125 0.617317425 0.2146042359375 0.9020245828125001 0.3741638796875 0.9020245828125001 0.3741638796875 0.7673535796875
1 0.40482162656250004 0.765545915625 0.47519509531250004 0.7646420828125 0.47519509531250004 0.9056399125000001 0.5588071359375 0.9056399125000001 0.5588071359375 0.617317425 0.4424470453125 0.61641359375 0.44314381249999996 0.6905278375 0.40342809375 0.6896240062500001 0.40482162656250004 0.765545915625
6 0.39367335625 0.676970353125 0.394370121875 0.6995661609375 0.4013377921875 0.70046999375 0.4020345609375 0.687816340625 0.4424470453125 0.687816340625 0.4424470453125 0.61641359375 0.434085840625 0.614605928125 0.434085840625 0.676970353125 0.39367335625 0.676970353125
1 0.40342809375 0.8658712953125001 0.4661371234375 0.8667751265625 0.46544035624999996 0.7791033984375 0.38391861718750003 0.778199565625 0.38600891875 0.8224873468749999 0.4027313265625 0.8233911781250001 0.40342809375 0.8658712953125001
6 0.46683389062499997 0.9074475765625 0.474498328125 0.9056399125000001 0.47380156093750003 0.7673535796875 0.45638238593749997 0.765545915625 0.45638238593749997 0.7772957328125 0.4661371234375 0.7772957328125 0.46683389062499997 0.9074475765625
6 0.41318283125 0.766449746875 0.4027313265625 0.7673535796875 0.4020345609375 0.757411425 0.3957636578125 0.755603759375 0.3950668890625 0.7682574125 0.37555741249999997 0.7673535796875 0.374860646875 0.8215835140625 0.38391861718750003 0.8224873468749999 0.3832218515625 0.7772957328125 0.41178929843749995 0.7772957328125 0.41318283125 0.766449746875
1 0.1957943140625 0.6155097609375 0.11427257500000002 0.6155097609375 0.11427257500000002 0.9182863343750001 0.1957943140625 0.9182863343750001 0.1957943140625 0.6155097609375
6 0.10590858437499999 0.6155097609375 0.10521181718749999 0.9318510484375 0.19648829375000001 0.9318510484375 0.1971850625 0.9201012296875 0.1128762546875 0.9201012296875 0.1121794859375 0.6155097609375 0.10590858437499999 0.6155097609375
2 0.5190802671875 0.305498915625 0.46961538437500006 0.305498915625 0.46961538437500006 0.31454446875 0.5190802671875 0.31454446875 0.5190802671875 0.305498915625
2 0.4556772578125 0.2322776578125 0.45010869531250003 0.2322776578125 0.45010869531250003 0.29826464218750004 0.4556772578125 0.29826464218750004 0.4556772578125 0.2322776578125
2 0.5399916390625 0.597440346875 0.47101170625 0.597440346875 0.47101170625 0.613709328125 0.5399916390625 0.613709328125 0.5399916390625 0.597440346875
2 0.40204013437499997 0.6977548812500001 0.3943812703125 0.6977548812500001 0.3943812703125 0.7556073750000001 0.40204013437499997 0.7556073750000001 0.40204013437499997 0.6977548812500001
2 0.457073578125 0.7673427328125 0.41178929843749995 0.7673427328125 0.41178929843749995 0.7763882859375 0.457073578125 0.7763882859375 0.457073578125 0.7673427328125
2 0.5365050171875 0.9074403468750001 0.4786789296875 0.9074403468750001 0.4786789296875 0.930043384375 0.5365050171875 0.930043384375 0.5365050171875 0.9074403468750001
2 0.21460702343750002 0.78724511875 0.1957943140625 0.78724511875 0.1957943140625 0.8459869843750001 0.21460702343750002 0.8459869843750001 0.21460702343750002 0.78724511875
1 0.6974665546875001 0.0903687640625 0.569255853125 0.0903687640625 0.569255853125 0.1672017359375 0.6974665546875001 0.1672017359375 0.6974665546875001 0.0903687640625
2 0.675869565625 0.1690238609375 0.6333612046875 0.1690238609375 0.6333612046875 0.1798698484375 0.675869565625 0.1798698484375 0.675869565625 0.1690238609375
4 0.7469342250000001 0.33261026718750003 0.9399386843749999 0.33261026718750003 0.9399386843749999 0.087671728125 0.7044314375 0.088575559375 0.7051282062500001 0.1681127984375 0.7462374578125 0.1681127984375 0.7469342250000001 0.33261026718750003