1 0.5067567562499999 0.92014093125 0.347490346875 0.92014093125 0.347490346875 0.9609865203125001 0.5067567562499999 0.9609865203125001 0.5067567562499999 0.92014093125
6 0.524453025 0.9701797390625 0.5260617765625 0.919117646875 0.5067567562499999 0.9201388890625 0.50514800625 0.9599673203125001 0.347490346875 0.9609885625000001 0.347490346875 0.9201388890625 0.32979407968749996 0.9201388890625 0.3314028328125 0.9701797390625 0.524453025 0.9701797390625
4 0.353925353125 0.90073529375 0.5083655078125 0.8993736390624999 0.5083655078125 0.8272058828125 0.5308880312500001 0.8265250546875 0.5319605328125 0.8993736390624999 0.9116259109374999 0.8993736390624999 0.908408409375 0.659722221875 0.49978550000000005 0.661083878125 0.49871299843749994 0.500408496875 0.15765765781250002 0.5010893249999999 0.1587301578125 0.8278867109375 0.3517803515625 0.8272058828125 0.353925353125 0.90073529375
3 0.3265765765625 0.902777778125 0.159266409375 0.902777778125 0.1544401546875 0.48100490156250003 0.1174388671875 0.48100490156250003 0.123873875 0.9201388890625 0.3635778625 0.919117646875 0.3619691125 0.9017565359375 0.3507078515625 0.8997140531250001 0.3507078515625 0.8282271234374999 0.324967825 0.8282271234374999 0.3265765765625 0.902777778125
7 0.1544305015625 0.43198529375000005 0.1190444015625 0.43198529375000005 0.1190444015625 0.48100490156250003 0.1544305015625 0.48100490156250003 0.1544305015625 0.43198529375000005
3 0.1544401546875 0.3268014703125 0.11583011562500001 0.3268014703125 0.11583011562500001 0.4309681375 0.1544401546875 0.4309681375 0.1544401546875 0.3268014703125
7 0.1528281859375 0.293100490625 0.117442084375 0.293100490625 0.117442084375 0.3268014703125 0.1528281859375 0.3268014703125 0.1528281859375 0.293100490625
3 0.15122586875 0.1797365203125 0.11421814687500001 0.1797365203125 0.11421814687500001 0.2491850484375 0.15122586875 0.2491850484375 0.15122586875 0.1797365203125
7 0.1496235515625 0.1307230390625 0.11261582968749999 0.1307230390625 0.11261582968749999 0.179742646875 0.1496235515625 0.179742646875 0.1496235515625 0.1307230390625
4 0.9030501937500001 0.09395220625 0.521235521875 0.09395220625 0.521235521875 0.3839889703125 0.9030501937500001 0.3839889703125 0.9030501937500001 0.09395220625
7 0.8365540546875 0.0725122546875 0.7673841703125001 0.0725122546875 0.7673841703125001 0.0939583328125 0.8365540546875 0.0939583328125 0.8365540546875 0.0725122546875
3 0.939507721875 0.2716544125 0.904121621875 0.2716544125 0.904121621875 0.30841911718750004 0.939507721875 0.30841911718750004 0.939507721875 0.2716544125
7 0.939507721875 0.22773284375 0.9025000000000001 0.22773284375 0.9025000000000001 0.270625 0.939507721875 0.270625 0.939507721875 0.22773284375
3 0.9411293437499999 0.351311275 0.904121621875 0.351311275 0.904121621875 0.40339460781250003 0.9411293437499999 0.40339460781250003 0.9411293437499999 0.351311275
7 0.939517375 0.3073958328125 0.9057335906249999 0.3073958328125 0.9057335906249999 0.35233455937499997 0.939517375 0.35233455937499997 0.939517375 0.3073958328125
3 0.9411100390625 0.447303921875 0.9057239375 0.447303921875 0.9057239375 0.4993872546875 0.9411100390625 0.4993872546875 0.9411100390625 0.447303921875
7 0.9378957531250001 0.4033884796875 0.90411196875 0.4033884796875 0.90411196875 0.44729779374999995 0.9378957531250001 0.44729779374999995 0.9378957531250001 0.4033884796875
3 0.9443436296875 0.5433026953125 0.9057335906249999 0.5433026953125 0.9057335906249999 0.5821139703125 0.9443436296875 0.5821139703125 0.9443436296875 0.5433026953125
7 0.9427316609374999 0.4993933828125 0.9073455593749999 0.4993933828125 0.9073455593749999 0.5433026953125 0.9427316609374999 0.5433026953125 0.9427316609374999 0.4993933828125
3 0.94593629375 0.624993871875 0.9057239375 0.624993871875 0.9057239375 0.6699325984375 0.94593629375 0.6699325984375 0.94593629375 0.624993871875
7 0.9443339765625 0.581084559375 0.9073262546875001 0.581084559375 0.9073262546875001 0.624993871875 0.9443339765625 0.624993871875 0.9443339765625 0.581084559375
3 0.5003217515625 0.5964052296875 0.503539253125 0.659722221875 0.5308880312500001 0.6587009796875 0.5308880312500001 0.5964052296875 0.5003217515625 0.5964052296875
7 0.5292857140625 0.5606556375 0.5003281859375 0.5606556375 0.5003281859375 0.5964031859375 0.5292857140625 0.5964031859375 0.5292857140625 0.5606556375
7 0.9475579156249999 0.6709558828125 0.91055019375 0.6709558828125 0.91055019375 0.8884803921875 0.9475579156249999 0.8884803921875 0.9475579156249999 0.6709558828125
7 0.8912548265625 0.90073529375 0.5534169890625 0.90073529375 0.5534169890625 0.919117646875 0.8912548265625 0.919117646875 0.8912548265625 0.90073529375
3 0.151216215625 0.281868871875 0.1174324328125 0.281868871875 0.1174324328125 0.29207720625 0.151216215625 0.29207720625 0.151216215625 0.281868871875
3 0.89446589375 0.8986928093750001 0.8928571421875 0.919117646875 0.947554696875 0.919117646875 0.94916345 0.8895016328124999 0.9137709125000001 0.8884803921875 0.9137709125000001 0.8986928093750001 0.89446589375 0.8986928093750001
3 0.5083655078125 0.8272058828125 0.5083655078125 0.8997140531250001 0.49710424687500004 0.8997140531250001 0.49710424687500004 0.919117646875 0.5550193046875 0.9180964062499999 0.5534105546875 0.8997140531250001 0.53249678125 0.8997140531250001 0.5308880312500001 0.8272058828125 0.5083655078125 0.8272058828125
4 0.400038609375 0.094632353125 0.150154440625 0.094632353125 0.150154440625 0.214460784375 0.400038609375 0.214460784375 0.400038609375 0.094632353125
3 0.426319175 0.094975490625 0.426319175 0.074550653125 0.11261261250000001 0.074550653125 0.11261261250000001 0.1286764703125 0.14961390000000002 0.1307189546875 0.15122265 0.09599673125 0.426319175 0.094975490625
3 0.49388674374999997 0.22263071874999998 0.524453025 0.22263071874999998 0.522844271875 0.0939542484375 0.7673745171874999 0.0939542484375 0.76898326875 0.0735294125 0.47940797812499997 0.074550653125 0.47940797812499997 0.09293300625 0.49227799218749996 0.09293300625 0.49388674374999997 0.22263071874999998
3 0.902509653125 0.227736928125 0.9395109406250001 0.227736928125 0.9346846859375001 0.0725081703125 0.8381595890625 0.0725081703125 0.8397683390624999 0.0939542484375 0.902509653125 0.09293300625 0.902509653125 0.227736928125
3 0.5308880312500001 0.5606617640625 0.524453025 0.2583741828125 0.495495496875 0.2553104578125 0.5003217515625 0.5606617640625 0.5308880312500001 0.5606617640625
3 0.4327541828125 0.487132353125 0.1560489046875 0.487132353125 0.15283140312500001 0.5014297390625 0.4327541828125 0.500408496875 0.4327541828125 0.487132353125
2 0.45366795312499997 0.5208333328125 0.46332046406250005 0.5208333328125 0.4669401546875 0.5032169125 0.48383204687500003 0.504748775 0.4862451734375 0.48483455937500003 0.4645270265625 0.48483455937500003 0.4645270265625 0.47104779375000005 0.4548745171875 0.4702818625 0.45366795312499997 0.48483455937500003 0.43074324375 0.48483455937500003 0.43194980625 0.5016850484375001 0.45366795312499997 0.5032169125 0.45366795312499997 0.5208333328125
3 0.5003281859375 0.48611519531249997 0.4858494203125 0.48611519531249997 0.4858494203125 0.5014338234375 0.5003281859375 0.5014338234375 0.5003281859375 0.48611519531249997
2 0.42712355156250004 0.9428615203125 0.4367760625 0.9428615203125 0.4331563703125 0.922181371875 0.4983108109375 0.922181371875 0.4983108109375 0.90073529375 0.434362934375 0.8999693625 0.4331563703125 0.8808210781250001 0.42591698906250003 0.880055146875 0.42471042499999995 0.8999693625 0.3619691125 0.8999693625 0.36317567500000003 0.9214154406249999 0.42471042499999995 0.922181371875 0.42712355156250004 0.9428615203125
2 0.240106178125 0.8655024515624999 0.240106178125 0.8731617640625 0.2545849421875 0.8731617640625 0.2521718140625 0.8861825984375 0.2702702703125 0.8861825984375 0.2702702703125 0.8716299015625 0.2823359078125 0.8723958328125001 0.28112934375 0.8662683828125 0.26906370625 0.8662683828125 0.26906370625 0.85554534375 0.2521718140625 0.85554534375 0.25337837812499997 0.8662683828125 0.240106178125 0.8655024515624999
2 0.7142857140625 0.6740196078125 0.7263513515625 0.6732536765625 0.7263513515625 0.66176470625 0.7480694984375 0.6625306375 0.7480694984375 0.647212009375 0.7263513515625 0.647212009375 0.7251447875 0.6380208328125 0.7154922781249999 0.6372549015625 0.7166988421875 0.6479779406249999 0.691361003125 0.647212009375 0.691361003125 0.660998775 0.7142857140625 0.66023284375 0.7142857140625 0.6740196078125
1 0.32603281875 0.8408210781250001 0.2702606171875 0.8408210781250001 0.2702606171875 0.9014093140625 0.32603281875 0.9014093140625 0.32603281875 0.8408210781250001
2 0.290781853125 0.8532475484375001 0.3004343625 0.8547794124999999 0.3016409265625 0.840226715625 0.3209459453125 0.840226715625 0.31973938281250003 0.8256740203125 0.3004343625 0.8249080875000001 0.302847490625 0.8149509796875 0.29319498125 0.8134191171875 0.2919884171875 0.8272058828125 0.271476834375 0.8264399515624999 0.2726833984375 0.840226715625 0.28957528906249996 0.840226715625 0.290781853125 0.8532475484375001
2 0.3885135140625 0.412837009375 0.3885135140625 0.4197303921875 0.40178571406249997 0.4197303921875 0.402992278125 0.43504902031250003 0.42229729687499995 0.43504902031250003 0.41867760625 0.4197303921875 0.434362934375 0.4204963234375 0.4355694984375 0.412071078125 0.41867760625 0.411305146875 0.41988417031249997 0.3990502453125 0.3993725875 0.3998161765625 0.40178571406249997 0.414368871875 0.3885135140625 0.412837009375
4 0.2638352640625 0.275054465625 0.403260403125 0.27573529375 0.4021879015625 0.223311546875 0.152295153125 0.2246732015625 0.1544401546875 0.3376906328125 0.2649077640625 0.3376906328125 0.2638352640625 0.275054465625
0 0.398976834375 0.28799019531250003 0.2820656375 0.28799019531250003 0.2820656375 0.337696078125 0.398976834375 0.337696078125 0.398976834375 0.28799019531250003
2 0.33542471093750004 0.29794730468749997 0.3486969109375 0.2994791671875 0.347490346875 0.289522059375 0.36800193124999997 0.292585784375 0.36800193124999997 0.27420343125 0.3426640921875 0.2734375 0.346283784375 0.26194852968750004 0.334218146875 0.26194852968750004 0.3330115828125 0.2734375 0.3125 0.2734375 0.314913128125 0.289522059375 0.3366312734375 0.2872242640625 0.33542471093750004 0.29794730468749997
2 0.072393821875 0.26194852968750004 0.072393821875 0.26960784375 0.10979729687499999 0.2688419125 0.112210425 0.2826286765625 0.15564671875 0.2833946078125 0.15564671875 0.27037377500000004 0.19787644843750002 0.26960784375 0.1990830109375 0.2627144609375 0.15564671875 0.26194852968750004 0.1544401546875 0.249693628125 0.11583011562500001 0.250459559375 0.1134169890625 0.26194852968750004 0.072393821875 0.26194852968750004
2 0.383687259375 0.2435661765625 0.38610038593749996 0.253523284375 0.402992278125 0.253523284375 0.40178571406249997 0.2665441171875 0.4210907328125 0.2673100484375 0.4210907328125 0.251991421875 0.428330115625 0.252757353125 0.43194980625 0.2450980390625 0.4174710421875 0.2450980390625 0.4174710421875 0.231311275 0.40419884218749996 0.23284313750000002 0.40178571406249997 0.2428002453125 0.383687259375 0.2435661765625
2 0.44937794999999997 0.118464053125 0.45795795781250004 0.11914487968750001 0.459030459375 0.09599673125 0.47940797812499997 0.0946350765625 0.48048048125 0.07284858281249999 0.4568854578125 0.07080610000000001 0.45795795781250004 0.0490196078125 0.4483054484375 0.0483387796875 0.4461604453125 0.07216775625 0.42578292656250005 0.07216775625 0.427927928125 0.0946350765625 0.45045045000000006 0.0953159046875 0.44937794999999997 0.118464053125
2 0.3828828828125 0.170206971875 0.3818103828125 0.17701525 0.3978978984375 0.1763344234375 0.3989704 0.18995097968750002 0.41720291718749997 0.1913126359375 0.4161304171875 0.1763344234375 0.429000428125 0.1763344234375 0.429000428125 0.1681644875 0.415057915625 0.168845315625 0.41398541250000004 0.15590958593749998 0.3968253984375 0.1545479296875 0.3978978984375 0.170206971875 0.3828828828125 0.170206971875
2 0.46868296875000004 0.23556644843750002 0.46868296875000004 0.24441721093750002 0.495495496875 0.2430555546875 0.49442299375000004 0.2580337703125 0.525525525 0.2580337703125 0.5265980265625 0.24441721093750002 0.55662805625 0.2430555546875 0.5587730578125 0.23692810468749997 0.5276705265625 0.23692810468749997 0.525525525 0.22263071874999998 0.496567996875 0.223992375 0.496567996875 0.23624727656250002 0.46868296875000004 0.23556644843750002
6 0.41291505781250004 0.093946078125 0.398976834375 0.093946078125 0.398976834375 0.15590686250000002 0.41291505781250004 0.15590686250000002 0.41291505781250004 0.093946078125
4 0.40540540468749997 0.3479105390625 0.1544401546875 0.3479105390625 0.1544401546875 0.48679534375 0.40540540468749997 0.48679534375 0.40540540468749997 0.3479105390625
6 0.400038609375 0.3390502453125 0.1533590734375 0.3390502453125 0.1533590734375 0.3472242640625 0.400038609375 0.3472242640625 0.400038609375 0.3390502453125
4 0.9073262546875001 0.393523284375 0.5287355218750001 0.393523284375 0.5287355218750001 0.6495159312500001 0.9073262546875001 0.6495159312500001 0.9073262546875001 0.393523284375
6 0.9051833984375 0.3853431375 0.5265926640624999 0.3853431375 0.5265926640624999 0.3921568625 0.9051833984375 0.3921568625 0.9051833984375 0.3853431375
6 0.41934362968750005 0.4336825984375 0.40540540468749997 0.4336825984375 0.40540540468749997 0.4874693625 0.41934362968750005 0.4874693625 0.41934362968750005 0.4336825984375
6 0.9094787640625001 0.6495159312500001 0.74646718125 0.6495159312500001 0.74646718125 0.6597242640625 0.9094787640625001 0.6597242640625 0.9094787640625001 0.6495159312500001
6 0.69175675625 0.6501899515625 0.5287451734374999 0.6501899515625 0.5287451734374999 0.660398284375 0.69175675625 0.660398284375 0.69175675625 0.6501899515625
6 0.2681274125 0.8850735296875 0.25310810781250004 0.8850735296875 0.25310810781250004 0.9034558828125 0.2681274125 0.9034558828125 0.2681274125 0.8850735296875
0 0.2552606171875 0.840147059375 0.160878378125 0.840147059375 0.160878378125 0.90142156875 0.2552606171875 0.90142156875 0.2552606171875 0.840147059375
6 0.25632775625000004 0.8551198265625001 0.2670527671875 0.854438996875 0.2670527671875 0.8401416125000001 0.271342771875 0.8401416125000001 0.27241527187500003 0.8285675375 0.1598026609375 0.8292483671875001 0.15765765781250002 0.839460784375 0.2552552546875 0.8401416125000001 0.25632775625000004 0.8551198265625001
6 0.3989704 0.34381808281250004 0.403260403125 0.3451797390625 0.40540540468749997 0.3989651421875 0.41720291718749997 0.39964596874999997 0.415057915625 0.26688453125 0.4075504078125 0.26688453125 0.40647790781250004 0.27709695 0.36894036875 0.27573529375 0.36786786875 0.2859477125 0.40111540156250003 0.2859477125 0.3989704 0.34381808281250004
6 0.28099528125 0.2859477125 0.3120978125 0.286628540625 0.3120978125 0.275054465625 0.2638352640625 0.276416121875 0.2659802671875 0.3390522875 0.2799227796875 0.338371459375 0.28099528125 0.2859477125
6 0.15015015 0.21650326875 0.15122265 0.223992375 0.4021879015625 0.221949890625 0.403260403125 0.232162309375 0.41398541250000004 0.232162309375 0.41398541250000004 0.1913126359375 0.4021879015625 0.18995097968750002 0.40111540156250003 0.2151416125 0.15015015 0.21650326875
5 0.11583011562500001 0.2376041671875 0.048262548437500004 0.2376041671875 0.048262548437500004 0.3220281859375 0.11583011562500001 0.3220281859375 0.11583011562500001 0.2376041671875
1 0.490132990625 0.0939542484375 0.415057915625 0.0953159046875 0.41934791875000005 0.4861111109375 0.49764049843749997 0.4861111109375 0.490132990625 0.0939542484375
1 0.51050193125 0.030643382812499998 0.380733590625 0.030643382812499998 0.380733590625 0.0748958328125 0.51050193125 0.0748958328125 0.51050193125 0.030643382812499998