4 0.22084805625 0.5705915187499999 0.30666329999999997 0.5719866062500001 0.30666329999999997 0.6166294640625 0.3886925796875 0.6138392859375 0.38995456875 0.25251116093750003 0.0820292796875 0.2511160703125 0.0820292796875 0.625 0.2233720359375 0.625 0.22084805625 0.5705915187499999
7 0.3356890453125 0.20927734375 0.22084805625 0.20927734375 0.22084805625 0.25251953125000004 0.3356890453125 0.25251953125000004 0.3356890453125 0.20927734375
4 0.6095406359375 0.966796875 0.8556284703125 0.966796875 0.8518425046875 0.25251116093750003 0.41771832499999995 0.25251116093750003 0.41393235625 0.7659040187499999 0.6095406359375 0.7631138390625 0.6095406359375 0.966796875
3 0.8846542156250001 0.99609375 0.8833922265625 0.2511160703125 0.856890459375 0.2497209796875 0.8594144375000001 0.9695870546875 0.387430590625 0.9681919640625001 0.387430590625 0.9974888390625001 0.8846542156250001 0.99609375
7 0.6789399296874999 0.20787109374999999 0.5212014140625 0.20787109374999999 0.5212014140625 0.25111328125 0.6789399296874999 0.25111328125 0.6789399296874999 0.20787109374999999
3 0.2877334671875 0.9974888390625001 0.28647148125 0.9695870546875 0.0757193328125 0.97237723125 0.0807672890625 0.2511160703125 0.0555275125 0.2455357140625 0.0580514875 0.97098214375 0.040383643749999996 0.9695870546875 0.0530035328125 1 0.2877334671875 0.9974888390625001
2 0.1703685015625 0.29157366093750003 0.17920242343749998 0.2957589296875 0.1817264 0.2566964296875 0.224634025 0.25530133906249997 0.2221100453125 0.2092633953125 0.1855123671875 0.2064732140625 0.18298838906249998 0.167410715625 0.1678445234375 0.1702008953125 0.1665825328125 0.2078683046875 0.1299848546875 0.2078683046875 0.13124684375 0.25390625 0.1678445234375 0.2566964296875 0.1703685015625 0.29157366093750003
2 0.7142857140625 0.2901785703125 0.7256436140625 0.29157366093750003 0.7256436140625 0.2566964296875 0.7660272578125 0.25530133906249997 0.76476526875 0.205078125 0.7294295796875 0.2064732140625 0.7294295796875 0.1688058046875 0.715547703125 0.167410715625 0.7104997484375 0.205078125 0.6814740031250001 0.2022879453125 0.678950025 0.25251116093750003 0.7142857140625 0.25390625 0.7142857140625 0.2901785703125
1 0.5199394234375 0.7854352687499999 0.39121655781250003 0.7854352687499999 0.38995456875 0.6361607140625 0.28647148125 0.6375558046875 0.28899545625 0.966796875 0.5262493671875 0.966796875 0.5199394234375 0.7854352687499999
2 0.357142859375 0.6752232140625 0.359666834375 0.6375558046875 0.39121655781250003 0.6361607140625 0.3924785484375 0.615234375 0.359666834375 0.6124441953125 0.35588086875 0.5747767859375 0.33947501406249997 0.576171875 0.34452296875 0.6096540187499999 0.3117112578125 0.6110491062500001 0.3117112578125 0.6361607140625 0.338213025 0.634765625 0.34199898906250004 0.6780133937499999 0.357142859375 0.6752232140625
6 0.0896012125 0.95703125 0.088339221875 0.7589285703125 0.2725896 0.7589285703125 0.270065621875 0.82449776875 0.28647148125 0.82589285625 0.28647148125 0.7338169640625 0.273851590625 0.7338169640625 0.2688036359375 0.7421875 0.14512872500000001 0.7463727687499999 0.1476527 0.64453125 0.2713276109375 0.6417410703125 0.2713276109375 0.6529017859375 0.285209490625 0.6515066953125 0.28268551249999996 0.6333705359375 0.30918727968750004 0.6319754453125 0.3117112578125 0.615234375 0.3028773359375 0.615234375 0.304139325 0.5733816953125 0.22084805625 0.5733816953125 0.2233720359375 0.6277901796875 0.0795053 0.6291852687499999 0.0782433109375 0.97098214375 0.28647148125 0.9695870546875 0.2877334671875 0.91378348125 0.2713276109375 0.91238839375 0.270065621875 0.9584263390625001 0.0896012125 0.95703125
2 0.24230186874999998 0.6821986609375 0.2410398796875 0.703125 0.267541646875 0.7003348203125 0.270065621875 0.7366071437499999 0.2877334671875 0.7366071437499999 0.28647148125 0.7003348203125 0.3180212015625 0.6961495546875 0.3180212015625 0.6849888390625 0.2877334671875 0.6821986609375 0.28647148125 0.6501116062500001 0.270065621875 0.6501116062500001 0.2688036359375 0.6821986609375 0.24230186874999998 0.6821986609375
2 0.229681978125 0.8579799109374999 0.233467946875 0.87472098125 0.270065621875 0.87332589375 0.2713276109375 0.9109933046875 0.28899545625 0.91238839375 0.29025744531250003 0.87472098125 0.32054517968749996 0.87472098125 0.32054517968749996 0.859375 0.28899545625 0.8579799109374999 0.29025744531250003 0.8217075890625001 0.2688036359375 0.8217075890625001 0.2688036359375 0.8579799109374999 0.229681978125 0.8579799109374999
2 0.4618879359375 0.830078125 0.4757698125 0.8286830359374999 0.4782937921875 0.7840401796875 0.5098435125 0.7882254453125 0.512367490625 0.7686941953125 0.4757698125 0.7686941953125 0.47703180156249997 0.7212611609375 0.4618879359375 0.7170758937499999 0.460625946875 0.7659040187499999 0.42655224687500004 0.7645089296875 0.42655224687500004 0.7868303562500001 0.4618879359375 0.7840401796875 0.4618879359375 0.830078125
2 0.34704694687500004 1 0.3483089359375 0.99609375 0.3886925796875 0.9988839296875 0.3886925796875 0.9640066953125 0.34199898906250004 0.96261160625 0.34199898906250004 0.9388950890625001 0.3331650671875 0.9375 0.3306410921875 0.9654017859374999 0.2877334671875 0.9654017859374999 0.28899545625 0.99609375 0.3331650671875 0.9946986609374999 0.3331650671875 1 0.34704694687500004 1
6 0.5931347812500001 0.8426339296875 0.5237253921875 0.8412388390625001 0.522463403125 0.8677455359374999 0.5401312468749999 0.869140625 0.53760726875 0.8565848203125 0.5931347812500001 0.85518973125 0.5943967703124999 0.97098214375 0.6095406359375 0.97098214375 0.6070166578125 0.7700892859375 0.51362948125 0.7672991062500001 0.512367490625 0.7826450890625 0.5918727921875 0.78125 0.5931347812500001 0.8426339296875
2 0.494699646875 0.80636160625 0.4934376578125 0.8217075890625001 0.5199394234375 0.8217075890625001 0.5212014140625 0.84402901875 0.5388692578125001 0.8426339296875 0.5401312468749999 0.8203125 0.550227159375 0.8203125 0.5514891484375 0.80636160625 0.5413932375 0.8035714296875 0.5401312468749999 0.78125 0.522463403125 0.7826450890625 0.5237253921875 0.80636160625 0.494699646875 0.80636160625
2 0.4871277140625 0.90262276875 0.484603734375 0.92354910625 0.5212014140625 0.92215401875 0.5237253921875 0.9584263390625001 0.5363452796875 0.9598214296875 0.5401312468749999 0.9193638390625001 0.55906108125 0.9165736609374999 0.56158505625 0.908203125 0.5401312468749999 0.9095982140625001 0.5401312468749999 0.8663504453125 0.52498738125 0.8677455359374999 0.52498738125 0.8998325890625001 0.4871277140625 0.90262276875
6 0.053021201562499995 0.06833984374999999 0.037862190625 0.06833984374999999 0.037862190625 0.08509765625 0.053021201562499995 0.08509765625 0.053021201562499995 0.06833984374999999
1 0.38996466406249997 0.087890625 0.0795053 0.087890625 0.0795053 0.206484375 0.38996466406249997 0.206484375 0.38996466406249997 0.087890625
6 0.3950176671875 0.07115234375 0.0769964671875 0.07115234375 0.0769964671875 0.08509765625 0.3950176671875 0.08509765625 0.3950176671875 0.07115234375
1 0.8543639578125 0.08650390625 0.41899293281250005 0.08650390625 0.41899293281250005 0.21068359375 0.8543639578125 0.21068359375 0.8543639578125 0.08650390625
6 0.85816254375 0.06974609375 0.415194346875 0.06974609375 0.415194346875 0.08650390625 0.85816254375 0.08650390625 0.85816254375 0.06974609375
3 0.8846643109375 0.07115234375 0.85816254375 0.07115234375 0.85816254375 0.21345703125 0.8846643109375 0.21345703125 0.8846643109375 0.07115234375
6 0.8985512375000001 0.06974609375 0.8808833921874999 0.06974609375 0.8808833921874999 0.08650390625 0.8985512375000001 0.08650390625 0.8985512375000001 0.06974609375
3 0.41646643125000005 0.24970703125 0.3912367484375 0.24970703125 0.3912367484375 0.78404296875 0.41646643125000005 0.78404296875 0.41646643125000005 0.24970703125
6 0.429098940625 0.77009765625 0.41393992968750004 0.77009765625 0.41393992968750004 0.78263671875 0.429098940625 0.78263671875 0.429098940625 0.77009765625
3 0.519929328125 0.20927734375 0.3356890453125 0.20927734375 0.3356890453125 0.25111328125 0.519929328125 0.25111328125 0.519929328125 0.20927734375
3 0.1312367484375 0.20787109374999999 0.0504593640625 0.20787109374999999 0.0504593640625 0.25111328125 0.1312367484375 0.25111328125 0.1312367484375 0.20787109374999999
3 0.9035865718749999 0.20787109374999999 0.7647526499999999 0.20787109374999999 0.7647526499999999 0.25251953125000004 0.9035865718749999 0.25251953125000004 0.9035865718749999 0.20787109374999999
3 0.41644876249999996 0.07115234375 0.393727915625 0.07115234375 0.393727915625 0.21064453125 0.41644876249999996 0.21064453125 0.41644876249999996 0.07115234375
3 0.0820494703125 0.06974609375 0.05427561875 0.06974609375 0.05427561875 0.21205078125000001 0.0820494703125 0.21205078125000001 0.0820494703125 0.06974609375
6 0.0479555796875 0.7449776796875 0.035335689062499995 0.7421875 0.036597678125 0.7561383937499999 0.046693590624999996 0.7589285703125 0.0479555796875 0.9584263390625001 0.0391216578125 0.9556361609374999 0.0378596671875 0.97098214375 0.0580514875 0.97098214375 0.0567895015625 0.6319754453125 0.0416456328125 0.6291852687499999 0.0378596671875 0.64453125 0.0479555796875 0.6431361609375 0.0479555796875 0.7449776796875
0 0.27132508906249997 0.64732421875 0.1501590109375 0.64732421875 0.1501590109375 0.74080078125 0.27132508906249997 0.74080078125 0.27132508906249997 0.64732421875
0 0.270053003125 0.7603125000000001 0.090865725 0.7603125000000001 0.090865725 0.9556250000000001 0.270053003125 0.9556250000000001 0.270053003125 0.7603125000000001
1 0.5918727921875 0.78404296875 0.5388692578125001 0.78404296875 0.5388692578125001 0.8398632812500001 0.5918727921875 0.8398632812500001 0.5918727921875 0.78404296875
1 0.5918727921875 0.8579687500000001 0.5401413421875 0.8579687500000001 0.5401413421875 0.966796875 0.5918727921875 0.966796875 0.5918727921875 0.8579687500000001