6 0.518716578125 0.30492424218749997 0.516934046875 0.3219696984375 0.5819964359375 0.3191287875 0.58467023125 0.392992425 0.598039215625 0.39393939375000003 0.5971479515625 0.12215909218750001 0.5828877 0.12215909218750001 0.5828877 0.3058712125 0.518716578125 0.30492424218749997
4 0.5820000000000001 0.12690625 0.43137254843750006 0.12690625 0.43137254843750006 0.3049270828125 0.5820000000000001 0.3049270828125 0.5820000000000001 0.12690625
7 0.5607941171874999 0.0819479171875 0.5085 0.0819479171875 0.5085 0.12221875 0.5607941171874999 0.12221875 0.5607941171874999 0.0819479171875
7 0.9450882359375001 0.24028125 0.9032647062500001 0.24028125 0.9032647062500001 0.40834374999999995 0.9450882359375001 0.40834374999999995 0.9450882359375001 0.24028125
7 0.9477058828124999 0.5180520828125 0.9045686281249999 0.5180520828125 0.9045686281249999 0.7111145828125001 0.9477058828124999 0.7111145828125001 0.9477058828124999 0.5180520828125
7 0.819617646875 0.8916562499999999 0.6928137249999999 0.8916562499999999 0.6928137249999999 0.9305520828124999 0.819617646875 0.9305520828124999 0.819617646875 0.8916562499999999
7 0.34640196093750003 0.7861145828125 0.16340196093749998 0.7861145828125 0.16340196093749998 0.8305520828124999 0.34640196093750003 0.8305520828124999 0.34640196093750003 0.7861145828125
7 0.090196078125 0.18611458281249998 0.05490196093750001 0.18611458281249998 0.05490196093750001 0.35834375 0.090196078125 0.35834375 0.090196078125 0.18611458281249998
3 0.8522875828125 0.9291666671875 0.871895425 0.9083333328125001 0.8457516328124999 0.88055555625 0.8326797390625 0.8902777765625001 0.8209150328125 0.8888888890625 0.8222222218749999 0.9291666671875 0.8522875828125 0.9291666671875
7 0.9228758171875 0.85555555625 0.89281045625 0.8291666671875 0.8483660140625 0.88055555625 0.8732026140625001 0.9083333328125001 0.9228758171875 0.85555555625
4 0.8377896609375 0.8863636359375 0.903743315625 0.81818181875 0.903743315625 0.12310606093750001 0.5989304796875 0.12215909218750001 0.598039215625 0.7840909078125 0.679144384375 0.8920454546875 0.8377896609375 0.8863636359375
7 0.6705882359374999 0.8791666671874999 0.6313725484375 0.83055555625 0.6039215687499999 0.8625 0.6457516328125 0.9069444437499999 0.6705882359374999 0.8791666671874999
3 0.69150326875 0.9291666671875 0.69150326875 0.89305555625 0.67581699375 0.89444444375 0.6705882359374999 0.8847222234375 0.6457516328125 0.9083333328125001 0.6588235296875 0.9305555562500001 0.69150326875 0.9291666671875
3 0.53202614375 0.7861111109375 0.5333333328125 0.8291666671875 0.5764705875 0.8277777765625001 0.6039215687499999 0.8583333328125 0.630065359375 0.8277777765625001 0.5986928093749999 0.7847222234375 0.53202614375 0.7861111109375
3 0.0535947703125 0.83194444375 0.1633986921875 0.83194444375 0.1633986921875 0.7861111109375 0.094117646875 0.7847222234375 0.09281045624999999 0.35694444375 0.0535947703125 0.35972222343750004 0.0535947703125 0.83194444375
3 0.92418300625 0.8527777765625 0.9477124171875 0.8263888890625 0.9477124171875 0.7125 0.9058823531250001 0.7111111109375 0.903267975 0.8152777765625 0.896732025 0.8277777765625001 0.92418300625 0.8527777765625
3 0.0535947703125 0.08194444375 0.0535947703125 0.1861111109375 0.09150326875 0.1875 0.094117646875 0.1277777765625 0.50849673125 0.125 0.50718954375 0.08055555625000001 0.0535947703125 0.08194444375
3 0.8339901953125001 0.0819479171875 0.5607941171874999 0.0819479171875 0.5607941171874999 0.12084375 0.8339901953125001 0.12084375 0.8339901953125001 0.0819479171875
3 0.9450980390625 0.08055208281250001 0.9058823531250001 0.08055208281250001 0.9058823531250001 0.24028125 0.9450980390625 0.24028125 0.9450980390625 0.08055208281250001
3 0.9477156859375 0.40833333281249995 0.9032647062500001 0.40833333281249995 0.9032647062500001 0.5166666671875 0.9477156859375 0.5166666671875 0.9477156859375 0.40833333281249995
3 0.44967647031249997 0.7875 0.34640196093750003 0.7875 0.34640196093750003 0.8291666671875 0.44967647031249997 0.8291666671875 0.44967647031249997 0.7875
2 0.4875222828125 0.7859848484375 0.450089128125 0.7869318187500001 0.45187165625 0.8304924249999999 0.48573975156250004 0.83143939375 0.4875222828125 0.8513257578125 0.495543671875 0.8513257578125 0.495543671875 0.8304924249999999 0.534759359375 0.8304924249999999 0.5320855609375 0.7859848484375 0.49286987499999996 0.7850378796874999 0.49286987499999996 0.7736742421875 0.486631015625 0.7736742421875 0.4875222828125 0.7859848484375
1 0.5846666671875 0.6240520828125 0.4304705875 0.6240520828125 0.4304705875 0.7850312500000001 0.5846666671875 0.7850312500000001 0.5846666671875 0.6240520828125
2 0.49286987499999996 0.63731060625 0.5026737953125 0.6363636359375 0.5026737953125 0.62594696875 0.5401069515625 0.62405303125 0.5392156859375 0.6051136359375 0.50178253125 0.6051136359375 0.5008912640625 0.59280303125 0.49376114062500004 0.59280303125 0.49286987499999996 0.6041666671875 0.45454545468749996 0.6041666671875 0.4527629234375 0.625 0.49376114062500004 0.62405303125 0.49286987499999996 0.63731060625
2 0.39572192500000003 0.5151515140625 0.396613190625 0.5265151515625 0.4135472375 0.5265151515625 0.4126559703125 0.5606060609375 0.4295900171875 0.5606060609375 0.43137254843750006 0.53030303125 0.4438502671875 0.5293560609375 0.4438502671875 0.5170454546875 0.4295900171875 0.5170454546875 0.43137254843750006 0.47727272656249997 0.4171123 0.4782196984375 0.4171123 0.5151515140625 0.39572192500000003 0.5151515140625
2 0.5659536546874999 0.4375 0.5659536546874999 0.4469696984375 0.58110516875 0.4450757578125 0.5819964359375 0.5028409078125 0.5989304796875 0.5028409078125 0.599821746875 0.44886363593749995 0.61319073125 0.4469696984375 0.6140819953125 0.43655303125 0.5989304796875 0.43844696875 0.5989304796875 0.38920454531250004 0.5828877 0.3901515140625 0.5828877 0.43465909218750004 0.5659536546874999 0.4375
1 0.582882353125 0.3210104171875 0.4322549015625 0.3210104171875 0.4322549015625 0.6079479171875 0.582882353125 0.6079479171875 0.582882353125 0.3210104171875
2 0.4759358296875 0.3399621203125 0.48841354687500005 0.3409090921875 0.4875222828125 0.32102272656249997 0.516934046875 0.3219696984375 0.51960784375 0.30681818125000004 0.486631015625 0.30681818125000004 0.48573975156250004 0.2878787875 0.47771836093750003 0.2878787875 0.47771836093750003 0.30397727343750003 0.4509803921875 0.3030303015625 0.450089128125 0.3229166671875 0.47771836093750003 0.32007575781250003 0.4759358296875 0.3399621203125
2 0.40196078437500005 0.3768939390625 0.4028520484375 0.3901515140625 0.41532976875000005 0.3901515140625 0.4135472375 0.42518939375000003 0.430481284375 0.42613636406250005 0.430481284375 0.38731060624999997 0.44474153281250006 0.388257575 0.44474153281250006 0.38068181874999996 0.43226381406250003 0.3787878796875 0.43226381406250003 0.3418560609375 0.4171123 0.3399621203125 0.41800356406250005 0.37594696875 0.40196078437500005 0.3768939390625
6 0.430481284375 0.34280303125 0.430481284375 0.3191287875 0.45187165625 0.32007575781250003 0.45187165625 0.3058712125 0.4295900171875 0.3058712125 0.42869875312500005 0.12594696875 0.4171123 0.12594696875 0.4171123 0.3418560609375 0.430481284375 0.34280303125
4 0.41710784375000004 0.4526458328125 0.094460784375 0.4526458328125 0.094460784375 0.7831458328124999 0.41710784375000004 0.7831458328124999 0.41710784375000004 0.4526458328125
6 0.09269162187499999 0.4327651515625 0.0935828875 0.44981060624999997 0.41889483125 0.450757575 0.41800356406250005 0.4782196984375 0.42869875312500005 0.4791666671875 0.430481284375 0.424242425 0.4197860953125 0.42329545468749996 0.42067736250000004 0.4327651515625 0.09269162187499999 0.4327651515625
6 0.45454545468749996 0.6221590921875 0.45454545468749996 0.6079545453125 0.4295900171875 0.6079545453125 0.430481284375 0.5596590921875 0.4162210328125 0.5596590921875 0.41889483125 0.7888257578125 0.4295900171875 0.7869318187500001 0.4295900171875 0.6221590921875 0.45454545468749996 0.6221590921875
6 0.58467023125 0.7869318187500001 0.5953654203125 0.7869318187500001 0.596256684375 0.5037878796874999 0.5837789671875 0.5028409078125 0.5837789671875 0.6089015140625 0.5401069515625 0.6079545453125 0.5392156859375 0.6231060609375 0.5837789671875 0.6221590921875 0.58467023125 0.7869318187500001
2 0.8663101609374999 0.142992425 0.877005346875 0.14204545468750002 0.877005346875 0.12405303125 0.905525846875 0.12405303125 0.9046345796875 0.07859848593749999 0.8778966140625 0.075757575 0.878787878125 0.0606060609375 0.8698752234375 0.0596590921875 0.8698752234375 0.07765151406250001 0.8351158640625 0.07765151406250001 0.8360071296875 0.1268939390625 0.867201425 0.1278409078125 0.8663101609374999 0.142992425
4 0.41710784375000004 0.1297395828125 0.094460784375 0.1297395828125 0.094460784375 0.43088541718749995 0.41710784375000004 0.43088541718749995 0.41710784375000004 0.1297395828125