4 0.455970428125 0.0973735 0.2288018359375 0.0973735 0.2288018359375 0.42427490937499995 0.455970428125 0.42427490937499995 0.455970428125 0.0973735
7 0.294017675 0.06781429375 0.25662814375 0.06781429375 0.25662814375 0.09650495625 0.294017675 0.09650495625 0.294017675 0.06781429375
3 0.32121006093750004 0.066510171875 0.2931679125 0.066510171875 0.2931679125 0.09650495625 0.32121006093750004 0.09650495625 0.32121006093750004 0.066510171875
7 0.3594493546875 0.066510171875 0.32036029843749997 0.066510171875 0.32036029843749997 0.0978090765625 0.3594493546875 0.0978090765625 0.3594493546875 0.066510171875
7 0.422331746875 0.06781429375 0.38409245468750003 0.06781429375 0.38409245468750003 0.09650495625 0.422331746875 0.09650495625 0.422331746875 0.06781429375
4 0.6956050312500001 0.0973735 0.462770225 0.0973735 0.462770225 0.4251408453125 0.6956050312500001 0.4251408453125 0.6956050312500001 0.0973735
7 0.534500340625 0.066510171875 0.49626104687500006 0.066510171875 0.49626104687500006 0.09650495625 0.534500340625 0.09650495625 0.534500340625 0.066510171875
7 0.5982324953125 0.06781429375 0.5599932015625 0.06781429375 0.5599932015625 0.09650495625 0.5982324953125 0.09650495625 0.5982324953125 0.06781429375
7 0.66196465 0.066510171875 0.6245751187499999 0.066510171875 0.6245751187499999 0.09650495625 0.66196465 0.09650495625 0.66196465 0.066510171875
4 0.9692952640625 0.0956355421875 0.7019034671875 0.09650495625 0.7019034671875 0.877238740625 0.969861771875 0.8781081546875 0.9692952640625 0.0956355421875
7 0.77328348125 0.066510171875 0.73589395 0.066510171875 0.73589395 0.095200834375 0.77328348125 0.095200834375 0.77328348125 0.066510171875
7 0.8370156359375001 0.066510171875 0.7996261046875001 0.066510171875 0.7996261046875001 0.095200834375 0.8370156359375001 0.095200834375 0.8370156359375001 0.066510171875
7 0.901597553125 0.066510171875 0.8633582593750001 0.066510171875 0.8633582593750001 0.09650495625 0.901597553125 0.09650495625 0.901597553125 0.066510171875
3 0.9882732828125 0.249087115625 0.96872875625 0.249087115625 0.96872875625 0.296035471875 0.9882732828125 0.296035471875 0.9882732828125 0.249087115625
7 0.9882732828125 0.195618153125 0.96957851875 0.195618153125 0.96957851875 0.25430359999999996 0.9882732828125 0.25430359999999996 0.9882732828125 0.195618153125
7 0.9882732828125 0.29212310937499997 0.96957851875 0.29212310937499997 0.96957851875 0.3521126765625 0.9882732828125 0.3521126765625 0.9882732828125 0.29212310937499997
7 0.9882732828125 0.40949400156250004 0.9704282796875001 0.40949400156250004 0.9704282796875001 0.46817944687499996 0.9882732828125 0.46817944687499996 0.9882732828125 0.40949400156250004
7 0.987423521875 0.507303078125 0.96957851875 0.507303078125 0.96957851875 0.564684403125 0.987423521875 0.564684403125 0.987423521875 0.507303078125
7 0.9882732828125 0.6246739703124999 0.9704282796875001 0.6246739703124999 0.9704282796875001 0.683359415625 0.9882732828125 0.683359415625 0.9882732828125 0.6246739703124999
7 0.9891230453125001 0.7198748046875 0.9704282796875001 0.7198748046875 0.9704282796875001 0.779864371875 0.9891230453125001 0.779864371875 0.9891230453125001 0.7198748046875
7 0.901597553125 0.8776734484375 0.8633582593750001 0.8776734484375 0.8633582593750001 0.90766823125 0.901597553125 0.90766823125 0.901597553125 0.8776734484375
7 0.8378653984375 0.880281690625 0.7996261046875001 0.880281690625 0.7996261046875001 0.90766823125 0.8378653984375 0.90766823125 0.8378653984375 0.880281690625
7 0.77328348125 0.8789775687500001 0.7350441875 0.8789775687500001 0.7350441875 0.9063641109375 0.77328348125 0.9063641109375 0.77328348125 0.8789775687500001
7 0.6611148874999999 0.880281690625 0.62372535625 0.880281690625 0.62372535625 0.90766823125 0.6611148874999999 0.90766823125 0.6611148874999999 0.880281690625
7 0.5973827328125 0.8789775687500001 0.5591434390625001 0.8789775687500001 0.5591434390625001 0.90766823125 0.5973827328125 0.90766823125 0.5973827328125 0.8789775687500001
7 0.534500340625 0.8776734484375 0.495411284375 0.8776734484375 0.495411284375 0.908972353125 0.534500340625 0.908972353125 0.534500340625 0.8776734484375
7 0.422331746875 0.8789775687500001 0.38494221562500003 0.8789775687500001 0.38494221562500003 0.9063641109375 0.422331746875 0.9063641109375 0.422331746875 0.8789775687500001
7 0.3594493546875 0.8776734484375 0.31951053749999997 0.8776734484375 0.31951053749999997 0.90766823125 0.3594493546875 0.90766823125 0.3594493546875 0.8776734484375
7 0.2948674375 0.8789775687500001 0.2557783828125 0.8789775687500001 0.2557783828125 0.9063641109375 0.2948674375 0.9063641109375 0.2948674375 0.8789775687500001
3 0.07987763437499999 0.262128325 0.10452073437500001 0.2595200828125 0.10452073437500001 0.1760563375 0.20904146875000001 0.177360459375 0.21244051718749998 0.453834115625 0.2285859953125 0.4564423578125 0.2285859953125 0.0978090765625 0.25662814375 0.10041731875 0.25832766875 0.066510171875 0.20394289531249998 0.06781429375 0.202243371875 0.1408450703125 0.07987763437499999 0.13954095 0.07987763437499999 0.262128325
7 0.103670971875 0.2582159625 0.080727396875 0.2582159625 0.080727396875 0.3482003125 0.103670971875 0.3482003125 0.103670971875 0.2582159625
3 0.9704282796875001 0.195618153125 0.9882732828125 0.19692227499999998 0.9891230453125001 0.0639019296875 0.8998980281250001 0.0652060515625 0.9007477906249999 0.0978090765625 0.96957851875 0.09650495625 0.9704282796875001 0.195618153125
3 0.9474847046875 0.14866979687499998 0.9287899390625001 0.14866979687499998 0.9287899390625001 0.177360459375 0.9474847046875 0.177360459375 0.9474847046875 0.14866979687499998
3 0.9483344656250001 0.367762128125 0.9296397015625001 0.367762128125 0.9296397015625001 0.396452790625 0.9483344656250001 0.396452790625 0.9483344656250001 0.367762128125
3 0.9466349421875 0.5777256125 0.9279401765624999 0.5777256125 0.9279401765624999 0.6064162750000001 0.9466349421875 0.6064162750000001 0.9466349421875 0.5777256125
3 0.9474847046875 0.7968179453124999 0.9287899390625001 0.7968179453124999 0.9287899390625001 0.8255086078125 0.9474847046875 0.8255086078125 0.9474847046875 0.7968179453124999
6 0.7019034671875 0.82811685 0.6951053703125 0.82811685 0.6951053703125 0.8789775687500001 0.7019034671875 0.8789775687500001 0.7019034671875 0.82811685
3 0.7078518015624999 0.798122065625 0.6891570359375 0.798122065625 0.6891570359375 0.8268127281250001 0.7078518015624999 0.8268127281250001 0.7078518015624999 0.798122065625
1 0.6956378875 0.43383759375000003 0.2283027421875 0.43383759375000003 0.2294357578125 0.8781081546875 0.29848175781249997 0.877238740625 0.29848175781249997 0.54164493125 0.6956378875 0.539906103125 0.6956378875 0.43383759375000003
6 0.4622705640625 0.8268127281250001 0.45632222968749997 0.8268127281250001 0.45632222968749997 0.8776734484375 0.4622705640625 0.8776734484375 0.4622705640625 0.8268127281250001
3 0.4690686609375 0.7994261875 0.45037389531249994 0.7994261875 0.45037389531249994 0.82811685 0.4690686609375 0.82811685 0.4690686609375 0.7994261875
6 0.4622705640625 0.6051121546875 0.45632222968749997 0.6051121546875 0.45632222968749997 0.7994261875 0.4622705640625 0.7994261875 0.4622705640625 0.6051121546875
3 0.4690686609375 0.5764214921875 0.45037389531249994 0.5764214921875 0.45037389531249994 0.6051121546875 0.4690686609375 0.6051121546875 0.4690686609375 0.5764214921875
6 0.7010537046875001 0.6051121546875 0.6951053703125 0.6051121546875 0.6951053703125 0.7994261875 0.7010537046875001 0.7994261875 0.7010537046875001 0.6051121546875
3 0.7078518015624999 0.5777256125 0.6891570359375 0.5777256125 0.6891570359375 0.6064162750000001 0.7078518015624999 0.6064162750000001 0.7078518015624999 0.5777256125
6 0.6951053703125 0.45905060000000003 0.7019034671875 0.4603547203125 0.7010537046875001 0.3977569125 0.6951053703125 0.3977569125 0.6951053703125 0.425143453125 0.656866078125 0.4238393328125 0.655166553125 0.43427230000000006 0.6951053703125 0.43296817968749995 0.6951053703125 0.45905060000000003
3 0.7087015640625001 0.36906625000000004 0.6900067984375 0.36906625000000004 0.6900067984375 0.3977569125 0.7087015640625001 0.3977569125 0.7087015640625001 0.36906625000000004
6 0.7010537046875001 0.1760563375 0.6968048953125 0.1760563375 0.6968048953125 0.3703703703125 0.7010537046875001 0.3703703703125 0.7010537046875001 0.1760563375
3 0.7078518015624999 0.147365675 0.6891570359375 0.147365675 0.6891570359375 0.1760563375 0.7078518015624999 0.1760563375 0.7078518015624999 0.147365675
6 0.4614208015625 0.1760563375 0.45632222968749997 0.1760563375 0.45632222968749997 0.36906625000000004 0.4614208015625 0.36906625000000004 0.4614208015625 0.1760563375
3 0.4690686609375 0.14866979687499998 0.45037389531249994 0.14866979687499998 0.45037389531249994 0.177360459375 0.4690686609375 0.177360459375 0.4690686609375 0.14866979687499998
6 0.619476546875 0.425143453125 0.4631203265625 0.425143453125 0.4614208015625 0.3977569125 0.45717199218750004 0.396452790625 0.45632222968749997 0.4238393328125 0.41468388906250003 0.42253521093749996 0.41468388906250003 0.43296817968749995 0.620326309375 0.43427230000000006 0.619476546875 0.425143453125
3 0.46821889843750003 0.36906625000000004 0.44952413281250003 0.36906625000000004 0.44952413281250003 0.3977569125 0.46821889843750003 0.3977569125 0.46821889843750003 0.36906625000000004
3 0.38494221562500003 0.066510171875 0.35690006875 0.066510171875 0.35690006875 0.09650495625 0.38494221562500003 0.09650495625 0.38494221562500003 0.066510171875
3 0.5608429640625 0.066510171875 0.532800815625 0.066510171875 0.532800815625 0.09650495625 0.5608429640625 0.09650495625 0.5608429640625 0.066510171875
3 0.6245751187499999 0.066510171875 0.5965329703125 0.066510171875 0.5965329703125 0.09650495625 0.6245751187499999 0.09650495625 0.6245751187499999 0.066510171875
3 0.8004758671875001 0.0652060515625 0.77243371875 0.0652060515625 0.77243371875 0.095200834375 0.8004758671875001 0.095200834375 0.8004758671875001 0.0652060515625
3 0.8633582593750001 0.066510171875 0.8353161109375 0.066510171875 0.8353161109375 0.09650495625 0.8633582593750001 0.09650495625 0.8633582593750001 0.066510171875
3 0.5608429640625 0.8789775687500001 0.532800815625 0.8789775687500001 0.532800815625 0.908972353125 0.5608429640625 0.908972353125 0.5608429640625 0.8789775687500001
3 0.6245751187499999 0.8776734484375 0.5965329703125 0.8776734484375 0.5965329703125 0.90766823125 0.6245751187499999 0.90766823125 0.6245751187499999 0.8776734484375
3 0.8004758671875001 0.8776734484375 0.77243371875 0.8776734484375 0.77243371875 0.90766823125 0.8004758671875001 0.90766823125 0.8004758671875001 0.8776734484375
3 0.8642080218749999 0.880281690625 0.8361658734375 0.880281690625 0.8361658734375 0.9102764734375001 0.8642080218749999 0.9102764734375001 0.8642080218749999 0.880281690625
3 0.38494221562500003 0.8789775687500001 0.35690006875 0.8789775687500001 0.35690006875 0.908972353125 0.38494221562500003 0.908972353125 0.38494221562500003 0.8789775687500001
3 0.32121006093750004 0.8789775687500001 0.2931679125 0.8789775687500001 0.2931679125 0.908972353125 0.32121006093750004 0.908972353125 0.32121006093750004 0.8789775687500001
3 0.4979605703125 0.8776734484375 0.42063222343750006 0.8776734484375 0.42063222343750006 0.908972353125 0.4979605703125 0.908972353125 0.4979605703125 0.8776734484375
3 0.7375934734375 0.8763693265624999 0.660265125 0.8763693265624999 0.660265125 0.90766823125 0.7375934734375 0.90766823125 0.7375934734375 0.8763693265624999
3 0.7367437125 0.0652060515625 0.6594153640625 0.0652060515625 0.6594153640625 0.09650495625 0.7367437125 0.09650495625 0.7367437125 0.0652060515625
3 0.49711080937499996 0.0652060515625 0.4197824609375 0.0652060515625 0.4197824609375 0.09650495625 0.49711080937499996 0.09650495625 0.49711080937499996 0.0652060515625
3 0.9891230453125001 0.464267084375 0.96957851875 0.464267084375 0.96957851875 0.511215440625 0.9891230453125001 0.511215440625 0.9891230453125001 0.464267084375
3 0.9899728078125 0.56338028125 0.9704282796875001 0.56338028125 0.9704282796875001 0.625978090625 0.9899728078125 0.625978090625 0.9899728078125 0.56338028125
3 0.9899728078125 0.3482003125 0.9704282796875001 0.3482003125 0.9704282796875001 0.410798121875 0.9899728078125 0.410798121875 0.9899728078125 0.3482003125
3 0.9891230453125001 0.67814293125 0.96957851875 0.67814293125 0.96957851875 0.7250912890625 0.9891230453125001 0.7250912890625 0.9891230453125001 0.67814293125
3 0.25832766875 0.90766823125 0.25662814375 0.8776734484375 0.2285859953125 0.8776734484375 0.2285859953125 0.6755346890625 0.2107409921875 0.6755346890625 0.2107409921875 0.7994261875 0.10452073437500001 0.798122065625 0.10452073437500001 0.5529473140625 0.2107409921875 0.554251434375 0.2107409921875 0.6233698484375 0.227736234375 0.6246739703124999 0.2285859953125 0.5086071984375 0.2107409921875 0.511215440625 0.2115907546875 0.5333854984374999 0.10452073437500001 0.5333854984374999 0.10452073437500001 0.3468961921875 0.079027871875 0.3455920703125 0.079027871875 0.8372456968750001 0.20394289531249998 0.835941575 0.20479265781249997 0.908972353125 0.25832766875 0.90766823125
2 0.24983004687500002 0.45513823750000004 0.227736234375 0.453834115625 0.2115907546875 0.4512258734375 0.20819170625 0.507303078125 0.227736234375 0.511215440625 0.24983004687500002 0.45513823750000004
2 0.2472807609375 0.629890453125 0.2107409921875 0.6233698484375 0.2107409921875 0.67814293125 0.2294357578125 0.67814293125 0.2472807609375 0.629890453125
4 0.45540448749999995 0.5512102249999999 0.30584636249999997 0.5512102249999999 0.30584636249999997 0.8772404796875 0.45540448749999995 0.8772404796875 0.45540448749999995 0.5512102249999999
6 0.30506458125 0.5516431921875 0.325458871875 0.54903495 0.324609109375 0.539906103125 0.2982664859375 0.539906103125 0.2982664859375 0.8789775687500001 0.30506458125 0.8828899328125001 0.30506458125 0.5516431921875
2 0.35605030625 0.5816379765625 0.36114887812499996 0.5425143453125 0.3229095859375 0.541210225 0.324609109375 0.5555555562500001 0.349252209375 0.5777256125 0.35605030625 0.5816379765625
2 0.41723317499999996 0.43296817968749995 0.4163834125 0.42123109062499997 0.3823929296875 0.392540428125 0.3781441203125 0.43296817968749995 0.41723317499999996 0.43296817968749995
2 0.619476546875 0.392540428125 0.617777021875 0.43296817968749995 0.656016315625 0.435576421875 0.656016315625 0.42123109062499997 0.619476546875 0.392540428125
4 0.6956050312500001 0.5512102249999999 0.462770225 0.5512102249999999 0.462770225 0.8772404796875 0.6956050312500001 0.8772404796875 0.6956050312500001 0.5512102249999999
6 0.5412984359374999 0.541210225 0.53874915 0.54903495 0.6959551328125 0.54903495 0.6951053703125 0.5764214921875 0.7010537046875001 0.5777256125 0.7019034671875 0.516431925 0.6959551328125 0.5151278031250001 0.6959551328125 0.541210225 0.5412984359374999 0.541210225
2 0.7002039421874999 0.5151278031250001 0.7010537046875001 0.45774647812499997 0.693405846875 0.45905060000000003 0.67471108125 0.511215440625 0.7002039421874999 0.5151278031250001
2 0.5412984359374999 0.541210225 0.5022093812499999 0.539906103125 0.50135961875 0.5529473140625 0.5353501015625 0.5816379765625 0.5412984359374999 0.541210225
6 0.7019034671875 0.0978090765625 0.6968048953125 0.0978090765625 0.6968048953125 0.1499739171875 0.7019034671875 0.1499739171875 0.7019034671875 0.0978090765625
6 0.4614208015625 0.09650495625 0.45632222968749997 0.09650495625 0.45632222968749997 0.14866979687499998 0.4614208015625 0.14866979687499998 0.4614208015625 0.09650495625
6 0.37899388125 0.4238393328125 0.227736234375 0.4238393328125 0.227736234375 0.43296817968749995 0.37899388125 0.43296817968749995 0.37899388125 0.4238393328125
6 0.45462270625 0.5751173703125 0.4622705640625 0.5764214921875 0.4639700890625 0.5529473140625 0.5064581921875 0.5516431921875 0.5047586671875 0.541210225 0.3594493546875 0.5425143453125 0.3594493546875 0.5516431921875 0.45632222968749997 0.5516431921875 0.45462270625 0.5751173703125
5 0.2107409921875 0.1760563375 0.10452073437500001 0.1760563375 0.10452073437500001 0.5320813765625 0.2107409921875 0.5320813765625 0.2107409921875 0.1760563375
0 0.14318490781249998 0.6859676578125 0.2098912296875 0.68661971875 0.2098912296875 0.5529473140625 0.104095853125 0.554251434375 0.103670971875 0.7974700046875001 0.1440346703125 0.798122065625 0.14318490781249998 0.6859676578125
2 0.1623045546875 0.7629107984375 0.1614547921875 0.7563901937499999 0.152107409375 0.7498695875 0.1427600265625 0.7485654671875 0.14106050312500001 0.7902973390625 0.146159075 0.7955138234375 0.1623045546875 0.7629107984375
0 0.21031611093749997 0.6931429312499999 0.14743371875 0.6931429312499999 0.14743371875 0.7420474703125 0.21031611093749997 0.7420474703125 0.21031611093749997 0.6931429312499999
2 0.1572059828125 0.6950965046875 0.1436097890625 0.693792384375 0.141910265625 0.740740740625 0.1495581234375 0.736828378125 0.1614547921875 0.7029212312500001 0.1572059828125 0.6950965046875
6 0.1470088375 0.6911841421875 0.2111658734375 0.6931403234375 0.21031611093749997 0.68661971875 0.1436097890625 0.6879238390625 0.14318490781249998 0.6996609281249999 0.1470088375 0.6964006265625 0.1470088375 0.6911841421875
6 0.141910265625 0.7557381328125 0.14743371875 0.7537819515625 0.1478586 0.7472613453125 0.2107409921875 0.74791340625 0.2098912296875 0.7413928015625 0.14658395625 0.7413928015625 0.14743371875 0.7361763171875 0.141910265625 0.73552425625 0.141910265625 0.7557381328125
0 0.21031611093749997 0.7479186234374999 0.14658395625 0.7479186234374999 0.14658395625 0.7987793421875 0.21031611093749997 0.7987793421875 0.21031611093749997 0.7479186234374999
6 0.14658395625 0.7922561296875 0.14318490781249998 0.7922561296875 0.14318490781249998 0.7994287953125 0.14658395625 0.7994287953125 0.14658395625 0.7922561296875