7 0.3060380484375 0.2054655875 0.2605459046875 0.2054655875 0.2536531578125 0.31680162031250003 0.2991453 0.3157894734375 0.3060380484375 0.2054655875
7 0.1171767296875 0.4433198375 0.062034740624999994 0.44230769218750005 0.055141990625000005 0.5414979765625 0.10752688125000001 0.5435222671875 0.1171767296875 0.4433198375
7 0.23435346093749998 0.694331984375 0.22746071093750003 0.780364371875 0.277088503125 0.7823886640625 0.28122415156249997 0.6933198375 0.23435346093749998 0.694331984375
3 0.8698649015625 0.1356275296875 0.308795146875 0.1366396765625 0.310173696875 0.12145748906250001 0.33085194375000004 0.11538461562499999 0.3239591953125 0.1113360328125 0.3046594984375 0.1133603234375 0.282602703125 0.112348178125 0.25778880625 0.1224696359375 0.2633030046875 0.1275303640625 0.2605459046875 0.20647773281249998 0.3060380484375 0.20647773281249998 0.308795146875 0.1680161953125 0.8933002468750001 0.1680161953125 0.9029500968749999 0.16093117343750002 0.8933002468750001 0.15182186250000002 0.8753791 0.13259109375 0.8698649015625 0.1356275296875
3 0.2508960578125 0.3582995953125 0.130962228125 0.3582995953125 0.0703060375 0.39271255 0.0647918390625 0.4412955453125 0.11855527968749999 0.4433198375 0.1199338296875 0.42206477812500004 0.161290321875 0.3957489875 0.645161290625 0.3947368421875 0.645161290625 0.3603238875 0.2963881984375 0.3562753046875 0.2977667484375 0.31680162031250003 0.25503170625 0.31680162031250003 0.2508960578125 0.3582995953125
3 0.916729390625 0.3593157890625 0.7058154125 0.3593157890625 0.7058154125 0.3967631578125 0.916729390625 0.3967631578125 0.916729390625 0.3593157890625
4 0.5726621062499999 0.6991626796875 0.61013359375 0.6973684203125 0.609318996875 0.607057415625 0.2867383515625 0.6052631578125001 0.2761485828125 0.835526315625 0.5677745203125 0.8361244015624999 0.5726621062499999 0.6991626796875
3 0.6231003578125 0.6983815796874999 0.5720967734375 0.6983815796874999 0.5720967734375 0.8360394734375 0.6231003578125 0.8360394734375 0.6231003578125 0.6983815796874999
3 0.1213123796875 0.631578946875 0.16956162187499998 0.6305668015625 0.1723187203125 0.5941295546875 0.1461262765625 0.5951417 0.10476978125 0.5576923078125 0.10752688125000001 0.545546559375 0.053763440625000006 0.5445344125 0.053763440625000006 0.584008096875 0.1213123796875 0.631578946875
3 0.2357320109375 0.6599190296875 0.282602703125 0.6599190296875 0.28535980156249996 0.5941295546875 0.22746071093750003 0.593117409375 0.2233250625 0.6285425109375 0.2357320109375 0.631578946875 0.2357320109375 0.6599190296875
3 0.03584229375 0.8582995953125 0.0482492421875 0.8755060718750001 0.0661703890625 0.9018218625 0.056520540625000004 0.9149797562499999 0.0661703890625 0.9149797562499999 0.07582023593750001 0.9028340078125 0.4273504265625 0.9028340078125 0.4273504265625 0.9149797562499999 0.39840088125 0.9170040484375 0.47559966875 0.92712550625 0.47697821874999996 0.9170040484375 0.46181417187499996 0.9129554656250001 0.4631927203125 0.898785425 0.62861869375 0.8997975703125001 0.62861869375 0.9170040484375 0.5927764 0.9230769234375 0.5969120484375 0.9301619437499999 0.69754618125 0.9281376515625 0.69616763125 0.9170040484375 0.682382134375 0.915991903125 0.679625034375 0.898785425 0.9415494890625 0.9018218625 0.9663633859375 0.8370445343749999 0.9525778890625001 0.827935221875 0.9456851390625 0.834008096875 0.27433140312500004 0.8360323875000001 0.277088503125 0.7793522265624999 0.22746071093750003 0.780364371875 0.22608216093750003 0.834008096875 0.1199338296875 0.8350202437500001 0.11579818125 0.8603238875000001 0.03584229375 0.8582995953125
6 0.132340778125 0.8370445343749999 0.147504825 0.631578946875 0.1350978765625 0.6305668015625 0.1213123796875 0.8370445343749999 0.132340778125 0.8370445343749999
1 0.7893450625 0.710526315625 0.62724014375 0.7129186609375 0.6256109484375 0.835526315625 0.7950472468750001 0.835526315625 0.7893450625 0.710526315625
6 0.711335125 0.7004078953125 0.6258691749999999 0.7004078953125 0.6258691749999999 0.7115394734375 0.711335125 0.7115394734375 0.711335125 0.7004078953125
6 0.7968017656249999 0.8360323875000001 0.8105872609375 0.8360323875000001 0.8050730625 0.710526315625 0.8202371109375 0.7095141703125 0.8188585609375 0.6993927125 0.7623380203125001 0.6983805671875001 0.7650951203125 0.7095141703125 0.791287565625 0.7115384625 0.7968017656249999 0.8360323875000001
1 0.8629721546875 0.7125506078125 0.8078301625 0.7115384625 0.8092087125 0.834008096875 0.8698649015625 0.8329959515625 0.8629721546875 0.7125506078125
3 0.9015715468750001 0.7004048578125001 0.868486353125 0.6993927125 0.8740005515625 0.8380566796875 0.9125999437500001 0.8370445343749999 0.9015715468750001 0.7004048578125001
2 0.84642955625 0.7115384625 0.8588365031249999 0.7115384625 0.8574579531250001 0.6963562750000001 0.8450510078125 0.6953441296875 0.84367245625 0.685222671875 0.8367797078124999 0.685222671875 0.8367797078124999 0.6983805671875001 0.8202371109375 0.6973684203125 0.8202371109375 0.7115384625 0.8354011578125 0.7115384625 0.8395368062499999 0.726720646875 0.84918665625 0.725708503125 0.84642955625 0.7115384625
6 0.8657347671875 0.700401315625 0.857455196875 0.700401315625 0.857455196875 0.7084934203125 0.8657347671875 0.7084934203125 0.8657347671875 0.700401315625
6 0.8781361999999999 0.5910931171875 0.8822718500000001 0.6983805671875001 0.9057071953125 0.6993927125 0.900192996875 0.5900809703125 0.8781361999999999 0.5910931171875
6 0.625860215625 0.6528421046874999 0.610698925 0.6528421046874999 0.610698925 0.6993947375 0.625860215625 0.6993947375 0.625860215625 0.6528421046874999
6 0.6231003578125 0.3947434203125 0.6051792109374999 0.3947434203125 0.6051792109374999 0.4463618421875 0.6231003578125 0.4463618421875 0.6231003578125 0.3947434203125
6 0.8340226078124999 0.1670040484375 0.8450510078125 0.3582995953125 0.868486353125 0.35931174062500004 0.8588365031249999 0.1639676125 0.8340226078124999 0.1670040484375
6 0.8712434515625 0.3947368421875 0.8753791 0.5313765187499999 0.8988144484375 0.533400809375 0.8891645984375 0.3957489875 0.8712434515625 0.3947368421875
6 0.28535980156249996 0.5921052625 0.2839812515625 0.6042510125 0.610697546875 0.6082995953125 0.609318996875 0.618421053125 0.6231044953125 0.6194331984375 0.6231044953125 0.5273279359374999 0.609318996875 0.5253036437499999 0.607940446875 0.5941295546875 0.28535980156249996 0.5921052625
2 0.8659172359375 0.5544258375 0.8642880406250001 0.56279904375 0.8781361999999999 0.56279904375 0.8773216046875 0.5903110046875 0.9017595296875 0.5903110046875 0.8993157390625001 0.56279904375 0.919680678125 0.5598086125 0.91886608125 0.5532296640625 0.9001303343749999 0.5532296640625 0.8993157390625001 0.5305023921875 0.8781361999999999 0.5311004796875001 0.8781361999999999 0.5544258375 0.8659172359375 0.5544258375
2 0.7323232328125 0.721889953125 0.74128380625 0.721291865625 0.74128380625 0.710526315625 0.7640925375000001 0.7135167453125 0.7640925375000001 0.69856459375 0.74128380625 0.69796650625 0.74128380625 0.6848086125 0.7331378296875 0.6830143546875 0.7331378296875 0.69856459375 0.7119582921875 0.69856459375 0.7111436953125 0.7129186609375 0.7323232328125 0.7123205734375 0.7323232328125 0.721889953125
2 0.5897686546875 0.6279904296875001 0.5865102640625001 0.6345693781249999 0.6068752046875 0.6363636374999999 0.6068752046875 0.653110046875 0.626425546875 0.6543062203125001 0.62724014375 0.637559809375 0.6435320953125 0.637559809375 0.64434669375 0.629186603125 0.62724014375 0.6285885171875 0.628054740625 0.6166267953125 0.609318996875 0.6178229671875 0.6076898015625 0.6285885171875 0.5897686546875 0.6279904296875001
2 0.206093190625 0.6740430625 0.20527859375 0.68241626875 0.231345715625 0.68241626875 0.23053111875 0.6955741625 0.2826653640625 0.6949760765625 0.28510915625 0.6830143546875 0.31606386406250003 0.6836124406249999 0.31687846249999996 0.6758373203125 0.28429455937500003 0.6740430625 0.2867383515625 0.66028708125 0.2337895078125 0.66028708125 0.231345715625 0.675239234375 0.206093190625 0.6740430625
2 0.191430434375 0.647727271875 0.2012056046875 0.647727271875 0.20202020312500002 0.6321770328125 0.22482893437499998 0.6321770328125 0.2289019234375 0.5921052625 0.20283479999999998 0.5909090906250001 0.20446399531249998 0.5777511953125 0.1979472125 0.5765550234375 0.195503421875 0.591507178125 0.1743238828125 0.5909090906250001 0.17025089531249998 0.6309808625 0.19305962968749998 0.6309808625 0.191430434375 0.647727271875
2 0.59139785 0.47966507187499996 0.5905832531249999 0.48684210468750005 0.605246009375 0.4856459328125 0.6036168140625 0.528110046875 0.6247963515625 0.528110046875 0.626425546875 0.487440190625 0.65249266875 0.48624402031249997 0.6541218640625 0.47846890000000003 0.626425546875 0.477272728125 0.6256109484375 0.44796650624999995 0.6076898015625 0.4461722484375 0.60606060625 0.47787081249999996 0.59139785 0.47966507187499996
2 0.6712284140625 0.4114832546875 0.6818181812499999 0.4114832546875 0.6793743890624999 0.39952153125 0.7078853046875 0.3989234453125 0.706256109375 0.357655503125 0.6801889875 0.35705741562500004 0.6793743890624999 0.34389952031250004 0.670413815625 0.34389952031250004 0.66959921875 0.3564593296875 0.6459758875 0.35705741562500004 0.645161290625 0.398325359375 0.670413815625 0.398325359375 0.6712284140625 0.4114832546875
4 0.8333333328125001 0.1680622015625 0.3111762796875 0.1692583734375 0.298957315625 0.3564593296875 0.8422939062499999 0.360047846875 0.8333333328125001 0.1680622015625
4 0.1474421625 0.5938995203124999 0.605246009375 0.5933014359375 0.6044314109375 0.3971291875 0.16210491875 0.39653109999999997 0.1221896375 0.42105263125 0.1099706734375 0.5604066984375 0.1474421625 0.5938995203124999
1 0.870804821875 0.3971291875 0.6247963515625 0.39653109999999997 0.62724014375 0.69856459375 0.881394590625 0.69796650625 0.870804821875 0.3971291875
1 0.2337895078125 0.6321770328125 0.14988595625 0.6321770328125 0.1335940046875 0.8349282296875 0.22482893437499998 0.8349282296875 0.2337895078125 0.6321770328125