1 0.45944220468749997 0.909790640625 0.49640457031249996 0.9090209359375001 0.4972446234375 0.9421182265624999 0.6719758062500001 0.9421182265624999 0.6702956984374999 0.9105603453125 0.7089381718750001 0.909790640625 0.7089381718750001 0.94519704375 0.877788978125 0.9428879312499999 0.877788978125 0.909790640625 0.9130712359375 0.9105603453125 0.9113911296874999 0.7797105906249999 0.8761088703125001 0.777401478125 0.876948925 0.7489224140624999 0.49472446249999996 0.7489224140624999 0.49472446249999996 0.7766317734375 0.4602822578125 0.7766317734375 0.45944220468749997 0.909790640625
3 0.49619623593749995 0.9092733984375 0.45923387031249996 0.9092733984375 0.45923387031249996 0.9441748765625 0.49619623593749995 0.9441748765625 0.49619623593749995 0.9092733984375
3 0.707889784375 0.9092733984375 0.6709274187500001 0.9092733984375 0.6709274187500001 0.9441748765625 0.707889784375 0.9441748765625 0.707889784375 0.9092733984375
3 0.912862903125 0.9092733984375 0.8759005375 0.9092733984375 0.8759005375 0.9441748765625 0.912862903125 0.9441748765625 0.912862903125 0.9092733984375
4 0.75432795625 0.06619458125 0.4183064515625 0.06619458125 0.4183064515625 0.27479064062499997 0.75432795625 0.27479064062499997 0.75432795625 0.06619458125
7 0.68212365625 0.0318103453125 0.547715053125 0.0318103453125 0.547715053125 0.065677340625 0.68212365625 0.065677340625 0.68212365625 0.0318103453125
7 0.066088709375 0.169347290625 0.02912634375 0.169347290625 0.02912634375 0.294544334375 0.066088709375 0.294544334375 0.066088709375 0.169347290625
7 0.3304301078125 0.7142980296875 0.1948924734375 0.7142980296875 0.1948924734375 0.748165025 0.3304301078125 0.748165025 0.3304301078125 0.7142980296875
7 0.6395564515625 0.7152955671875 0.5073790328125 0.7152955671875 0.5073790328125 0.7471182265625 0.6395564515625 0.7471182265625 0.6395564515625 0.7152955671875
7 0.91287634375 0.48646551718750003 0.8781451609375001 0.48646551718750003 0.8781451609375001 0.5747167484375 0.91287634375 0.5747167484375 0.91287634375 0.48646551718750003
7 0.9131451609375001 0.162401478125 0.8795430109375 0.162401478125 0.8795430109375 0.2208990140625 0.9131451609375001 0.2208990140625 0.9131451609375001 0.162401478125
3 0.8786962359375 0.163177340625 0.9148185484375 0.163177340625 0.9139784953125 0.0323275859375 0.68212365625 0.0323275859375 0.68212365625 0.0669642859375 0.8770161296874999 0.064655171875 0.8786962359375 0.163177340625
3 0.06552419375 0.06619458125 0.547715053125 0.0654248765625 0.5485551078124999 0.030788176562500002 0.028561828125 0.033097290625 0.02940188125 0.1701046796875 0.066364246875 0.169334975 0.06552419375 0.06619458125
3 0.9139919359374999 0.22013546874999998 0.8786962359375 0.22013546874999998 0.8786962359375 0.48646551718750003 0.9139919359374999 0.48646551718750003 0.9139919359374999 0.22013546874999998
3 0.723286290625 0.7473830046875001 0.8770161296874999 0.7473830046875001 0.8778561828125 0.7797105906249999 0.9139784953125 0.7781711828125 0.9139784953125 0.575738915625 0.8778561828125 0.5749692125 0.8786962359375 0.71505541875 0.723286290625 0.7135160093749999 0.723286290625 0.7473830046875001
3 0.4578293015625 0.7781711828125 0.4947916671875 0.7781711828125 0.49395161249999997 0.7473830046875001 0.5082325265625001 0.7466133 0.5082325265625001 0.7135160093749999 0.3309811828125 0.7135160093749999 0.3292842734375 0.748152709375 0.4578293015625 0.7473830046875001 0.4578293015625 0.7781711828125
3 0.027721773437500003 0.2947967984375 0.027721773437500003 0.748152709375 0.19657258125 0.7489224140624999 0.19657258125 0.7142857140625 0.0672043015625 0.7142857140625 0.0672043015625 0.29402709374999997 0.027721773437500003 0.2947967984375
2 0.7232661296875 0.7142980296875 0.64092741875 0.7142980296875 0.64092741875 0.748165025 0.7232661296875 0.748165025 0.7232661296875 0.7142980296875
2 0.4158064515625 0.4187192125 0.4040322578125 0.4187192125 0.4040322578125 0.49029556718749995 0.4158064515625 0.49029556718749995 0.4158064515625 0.4187192125
2 0.4158064515625 0.2970935953125 0.4040322578125 0.2970935953125 0.4040322578125 0.3633004921875 0.4158064515625 0.3633004921875 0.4158064515625 0.2970935953125
1 0.8744287640625 0.6096059109375 0.8786290328125 0.3225061578125 0.7921034953125 0.3240455671875 0.79462365625 0.610375615625 0.7593413984375 0.611915025 0.7610215046875 0.2886391625 0.41659946249999996 0.2878694578125 0.41827957031249996 0.7135160093749999 0.8752688171875 0.7127463046875 0.8744287640625 0.6096059109375
2 0.65860215 0.2755541875 0.57962365625 0.2755541875 0.57962365625 0.28863300468749997 0.65860215 0.28863300468749997 0.65860215 0.2755541875
6 0.79297715 0.6096059109375 0.792137096875 0.3232758625 0.8543010750000001 0.3225061578125 0.7837365593750001 0.30480295625 0.7854166671875 0.2855603453125 0.76357526875 0.2886391625 0.7644153218749999 0.611915025 0.79297715 0.6096059109375
1 0.8534274187499999 0.2871059109375 0.7870564515625 0.2871059109375 0.7870564515625 0.3048152703125 0.8534274187499999 0.3048152703125 0.8534274187499999 0.2871059109375
2 0.8568279562500001 0.27633005 0.7854301078125 0.27633005 0.7854301078125 0.28633005 0.8568279562500001 0.28633005 0.8568279562500001 0.27633005
6 0.8811962359375001 0.274766009375 0.8526209671875 0.274766009375 0.8526209671875 0.323263546875 0.8811962359375001 0.323263546875 0.8811962359375001 0.274766009375
6 0.41665322656250003 0.49029556718749995 0.4023790328125 0.49029556718749995 0.4023790328125 0.7158128078125 0.41665322656250003 0.7158128078125 0.41665322656250003 0.49029556718749995
6 0.6560315859375 0.2755541875 0.6560315859375 0.2886391625 0.78623991875 0.28633005 0.7879200265625 0.27632389218750003 0.7702788984375 0.2755541875 0.7711189515625 0.0654248765625 0.7585181453125001 0.0654248765625 0.7543178765625 0.2747844828125 0.6560315859375 0.2755541875
6 0.4174563171875 0.29633620625 0.4166162640625 0.287099753125 0.580426746875 0.2878694578125 0.5795866937499999 0.27632389218750003 0.415776209375 0.2755541875 0.4174563171875 0.06619458125 0.403175403125 0.06388546875 0.40233535 0.29633620625 0.4174563171875 0.29633620625
4 0.40231182812500005 0.4025492609375 0.066290321875 0.4025492609375 0.066290321875 0.7135098515625 0.40231182812500005 0.7135098515625 0.40231182812500005 0.4025492609375
6 0.0637936828125 0.386391625 0.0637936828125 0.40024630468750005 0.403175403125 0.401016009375 0.40401545624999996 0.42025862031249994 0.4166162640625 0.419488915625 0.4174563171875 0.3648399015625 0.4048555109375 0.36407019687500003 0.403175403125 0.386391625 0.0637936828125 0.386391625
4 0.4031586015625 0.066182265625 0.0663037640625 0.066182265625 0.0663037640625 0.3848522171875 0.4031586015625 0.3848522171875 0.4031586015625 0.066182265625
4 0.8777956984375 0.066206896875 0.7727956984375 0.066206896875 0.7727956984375 0.275566503125 0.8777956984375 0.275566503125 0.8777956984375 0.066206896875