7 0.3229990671875 0.9179245281249999 0.26586287343750004 0.9179245281249999 0.26586287343750004 0.95 0.3229990671875 0.95 0.3229990671875 0.9179245281249999
7 0.1982276125 0.918867925 0.1399253734375 0.918867925 0.1399253734375 0.9509433968750001 0.1982276125 0.9509433968750001 0.1982276125 0.918867925
7 0.4745848875 0.139626415625 0.2915158578125 0.139626415625 0.2915158578125 0.17075849062499998 0.4745848875 0.17075849062499998 0.4745848875 0.139626415625
7 0.7451026125 0.04811698125 0.5608675375 0.04811698125 0.5608675375 0.0811358484375 0.7451026125 0.0811358484375 0.7451026125 0.04811698125
2 0.8527674125000001 0.1018867921875 0.8620957718750001 0.1025157234375 0.8620957718750001 0.0805031453125 0.891635571875 0.0798742140625 0.8924129359374999 0.04654088125 0.8628731343749999 0.04591195 0.8620957718750001 0.025157232812500003 0.8566542281249999 0.023899371875 0.855099503125 0.0471698109375 0.820118159375 0.0471698109375 0.8224502484375 0.0798742140625 0.855099503125 0.0792452828125 0.8527674125000001 0.1018867921875
5 0.93050373125 0.19308301875 0.7999067171875 0.19308301875 0.7999067171875 0.420124528125 0.93050373125 0.420124528125 0.93050373125 0.19308301875
2 0.855099503125 0.2157232703125 0.8613184078125 0.2157232703125 0.8620957718750001 0.194968553125 0.891635571875 0.194339621875 0.891635571875 0.1830188671875 0.863650496875 0.1830188671875 0.863650496875 0.1603773578125 0.8535447765624999 0.159119496875 0.8496579593750001 0.181132075 0.8232276125 0.181132075 0.8224502484375 0.1930817609375 0.855099503125 0.1924528296875 0.855099503125 0.2157232703125
6 0.522388059375 0.178773584375 0.5229710828125 0.1716981125 0.511310634375 0.1716981125 0.511310634375 0.17924528281250002 0.5048973875 0.17924528281250002 0.5054804109375 0.191509434375 0.5130597015625 0.191509434375 0.5107276125 0.283490565625 0.43201958906250004 0.283490565625 0.43201958906250004 0.277358490625 0.42269123124999997 0.277358490625 0.42269123124999997 0.28301886718749997 0.32007929062499996 0.28490566093749997 0.31949626875 0.2948113203125 0.511310634375 0.29528301875 0.5130597015625 0.5278301890625 0.5241371265625 0.5268867921875 0.522388059375 0.1910377359375 0.529384328125 0.1910377359375 0.5305503734375 0.1783018875 0.522388059375 0.178773584375
2 0.39179104531250003 0.2578616359375 0.41977611875000004 0.2578616359375 0.41977611875000004 0.277358490625 0.43376865625 0.277358490625 0.43454602031249995 0.259119496875 0.4570895515625 0.258490565625 0.45631218906250004 0.2515723265625 0.43454602031249995 0.2522012578125 0.43376865625 0.231446540625 0.4205534828125 0.231446540625 0.41899875625 0.250314465625 0.3925684078125 0.24968553437500002 0.39179104531250003 0.2578616359375
2 0.8512126859375 0.5660377359375001 0.8582089546875 0.5660377359375001 0.8582089546875 0.55408805 0.88774875625 0.5528301890625 0.8869713921875 0.5333333328125 0.8582089546875 0.532075471875 0.8582089546875 0.5194968546875 0.8504353234375 0.5194968546875 0.8504353234375 0.532075471875 0.820118159375 0.5327044015625 0.820118159375 0.5528301890625 0.8504353234375 0.5522012578125 0.8512126859375 0.5660377359375001
2 0.2285447765625 0.972955975 0.23787313437500002 0.9742138359375 0.23709577187500003 0.9522012578125001 0.26585820937500004 0.9522012578125001 0.26663557187500003 0.9176100625 0.23631840781250002 0.9163522015625001 0.23554104531250003 0.8981132078125 0.2277674125 0.8968553453125001 0.2285447765625 0.9157232703125 0.1982276125 0.9150943390625 0.1974502484375 0.9515723265625 0.2285447765625 0.9515723265625 0.2285447765625 0.972955975
4 0.10785914218749999 0.7528301890625 0.1020289171875 0.7533018874999999 0.10261194062500001 0.8462264156250001 0.10902518593749999 0.8466981125 0.10785914218749999 0.86084905625 0.13292910468750002 0.86084905625 0.1323460828125 0.8759433968750001 0.106110075 0.8759433968750001 0.1084421640625 0.919339621875 0.348064365625 0.9179245281249999 0.34748134375 0.8683962265625 0.3713852609375 0.8679245281249999 0.36963619375 0.8589622640625001 0.37896455156250003 0.8594339625 0.377215484375 0.73584905625 0.384211753125 0.73584905625 0.384211753125 0.5566037734375 0.373134328125 0.557075471875 0.3708022390625 0.5542452828125 0.290928171875 0.553773584375 0.290928171875 0.557075471875 0.25769589531250003 0.5575471703125 0.255946828125 0.553773584375 0.10261194062500001 0.5542452828125 0.10144589531249999 0.7433962265625 0.1084421640625 0.742924528125 0.10785914218749999 0.7528301890625
2 0.37158115625 0.5322377359375 0.28918376874999996 0.5322377359375 0.28918376874999996 0.5540867921875 0.37158115625 0.5540867921875 0.37158115625 0.5322377359375
1 0.9180690296874999 0.079875471875 0.7991324625 0.079875471875 0.7991324625 0.1823886796875 0.9180690296874999 0.1823886796875 0.9180690296874999 0.079875471875
3 0.9289458953124999 0.047799999999999995 0.8916324625 0.047799999999999995 0.8916324625 0.07861509375 0.9289458953124999 0.07861509375 0.9289458953124999 0.047799999999999995
3 0.821674440625 0.046539621875 0.7416091421875 0.046539621875 0.7416091421875 0.079875471875 0.821674440625 0.079875471875 0.821674440625 0.046539621875
3 0.293064365625 0.1396226421875 0.2168796640625 0.1396226421875 0.2168796640625 0.1716981125 0.293064365625 0.1716981125 0.293064365625 0.1396226421875
3 0.47263681562500004 0.1704402515625 0.523165421875 0.1704402515625 0.5239427859375 0.0798742140625 0.5628109453125 0.0805031453125 0.5620335828125 0.0477987421875 0.47730099531250003 0.0484276734375 0.47807835781249997 0.1389937109375 0.4734141796875 0.1389937109375 0.47263681562500004 0.1704402515625
3 0.131374378125 0.86289308125 0.1080534828125 0.8622641515625 0.1080534828125 0.8496855343749999 0.088619403125 0.8503144656250001 0.088619403125 0.8578616359375 0.08162313437499999 0.8597484281250001 0.080845771875 0.9201257859374999 0.067630596875 0.9201257859374999 0.066853234375 0.9509433968750001 0.1407027359375 0.9528301890625 0.1399253734375 0.9201257859374999 0.10727611875000001 0.918867925 0.10572139218750001 0.8742138359375 0.131374378125 0.8742138359375 0.131374378125 0.86289308125
3 0.4065609453125 0.91823899375 0.4065609453125 0.8616352203125001 0.41433457812499996 0.8622641515625 0.41433457812499996 0.8465408812499999 0.380907959375 0.8471698109375 0.380907959375 0.8603773578125 0.37157960156250003 0.8603773578125 0.3700248765625 0.8685534593750001 0.34748134375 0.869182390625 0.3490360703125 0.9169811328125 0.3226057203125 0.91823899375 0.32338308437499996 0.9509433968750001 0.415111940625 0.9503144656250001 0.4166666671875 0.91823899375 0.4065609453125 0.91823899375
6 0.7835820890625 0.64858490625 0.9345848875 0.6471698109374999 0.9322527984375 0.55 0.920009328125 0.55 0.9205923500000001 0.6396226421875 0.7964085828125 0.6405660375 0.795825559375 0.5528301890625 0.7864972015625 0.5509433968749999 0.7829990671875 0.5528301890625 0.7835820890625 0.64858490625
3 0.9320615671875 0.5352226421874999 0.8877518656250001 0.5352226421874999 0.8877518656250001 0.5503169812500001 0.9320615671875 0.5503169812500001 0.9320615671875 0.5352226421874999
3 0.621890546875 0.5553459109375 0.6483208953124999 0.5566037734375 0.6490982578125 0.549685534375 0.6584266171875 0.5484276734375 0.66075870625 0.5553459109375 0.785136815625 0.55345911875 0.784359453125 0.550314465625 0.820118159375 0.550314465625 0.8193407953125 0.5352201265625001 0.664645521875 0.53584905625 0.6630907953125 0.5251572328125 0.621890546875 0.5264150937500001 0.621890546875 0.5553459109375
3 0.42832711406249996 0.532075471875 0.37157960156250003 0.5327044015625 0.37157960156250003 0.55597484375 0.387904228125 0.5572327046875001 0.39023631875000003 0.549685534375 0.4975124375 0.549685534375 0.49828980156249997 0.55597484375 0.5332711453125001 0.5553459109375 0.5317164171875 0.52767295625 0.5130597015625 0.52767295625 0.5122823390625 0.5352201265625001 0.429104478125 0.5364779875 0.42832711406249996 0.532075471875
3 0.0691853234375 0.5377358484375 0.0691853234375 0.5528301890625 0.2573072140625 0.55345911875 0.258861940625 0.5578616359375 0.2899564671875 0.5566037734375 0.28917910468749997 0.532075471875 0.23709577187500003 0.531446540625 0.23709577187500003 0.5383647796875 0.0691853234375 0.5377358484375
3 0.23320895468749997 0.17295597499999998 0.23631840781250002 0.531446540625 0.259639303125 0.532075471875 0.2573072140625 0.17232704375000002 0.23320895468749997 0.17295597499999998
4 0.2646921640625 0.1905660375 0.2646921640625 0.20801886718749998 0.25769589531250003 0.208490565625 0.25944496250000004 0.282075471875 0.42035914218750003 0.282075471875 0.41977611875000004 0.1731132078125 0.2571128734375 0.1721698109375 0.25769589531250003 0.1900943390625 0.2646921640625 0.1905660375
6 0.26411380625 0.1915132078125 0.2571175375 0.1915132078125 0.2571175375 0.20755094375 0.26411380625 0.20755094375 0.26411380625 0.1915132078125
4 0.26410914218750003 0.4325471703125 0.258861940625 0.4325471703125 0.2606110078125 0.5103773578124999 0.26644123125 0.5103773578124999 0.2652751859375 0.525943396875 0.25944496250000004 0.5254716984375001 0.260027984375 0.5316037734375 0.4308535453125 0.532075471875 0.43201958906250004 0.53584905625 0.5130597015625 0.533490565625 0.5107276125 0.29528301875 0.258861940625 0.2966981125 0.25769589531250003 0.42028301875 0.2646921640625 0.419339621875 0.26410914218750003 0.4325471703125
6 0.2646921640625 0.2825471703125 0.25769589531250003 0.2825471703125 0.25769589531250003 0.2966981125 0.2646921640625 0.2966981125 0.2646921640625 0.2825471703125
6 0.26352611875 0.41981132031249996 0.25652985 0.41981132031249996 0.25652985 0.43255094375 0.26352611875 0.43255094375 0.26352611875 0.41981132031249996
6 0.26410914218750003 0.5113207546874999 0.2582789171875 0.5113207546874999 0.2582789171875 0.5264150937500001 0.26410914218750003 0.5264150937500001 0.26410914218750003 0.5113207546874999
3 0.38537779843750003 0.7349056609375 0.37663246250000004 0.736792453125 0.37663246250000004 0.749056603125 0.41103078281250005 0.74858490625 0.4098647390625 0.7353773578125 0.4028684703125 0.7344339625 0.404034515625 0.6301886796875 0.397038246875 0.6292452828124999 0.3964552234375 0.575 0.4028684703125 0.5745283015625 0.4022854484375 0.5495283015625 0.390625 0.549056603125 0.38945895468749997 0.5561320750000001 0.38304570937500004 0.5561320750000001 0.38537779843750003 0.7349056609375
6 0.388297575 0.748109434375 0.377803171875 0.748109434375 0.377803171875 0.8466981125 0.388297575 0.8466981125 0.388297575 0.748109434375
6 0.1008628734375 0.742924528125 0.10144589531249999 0.553773584375 0.0874533578125 0.553773584375 0.0897854484375 0.742924528125 0.084538246875 0.7433962265625 0.0833722015625 0.7518867921875 0.0903684703125 0.752358490625 0.088619403125 0.85 0.10261194062500001 0.85 0.1020289171875 0.752358490625 0.10727611875000001 0.7518867921875 0.1084421640625 0.743867925 0.1008628734375 0.742924528125
6 0.664645521875 0.525 0.6640625 0.44716981093749997 0.7999067171875 0.44716981093749997 0.7975746265625 0.1924528296875 0.8232276125 0.1924528296875 0.8220615671875 0.1839622640625 0.79815765 0.1844339625 0.7969916046875001 0.0801886796875 0.7824160453125 0.07971698125 0.7841651125 0.4386792453125 0.6454057828125 0.4396226421875 0.6448227609375 0.5254716984375001 0.664645521875 0.525
6 0.892024253125 0.1924528296875 0.931086753125 0.1919811328125 0.9293376859375 0.07971698125 0.9188432828125 0.07971698125 0.9194263062499999 0.1839622640625 0.8926072765624999 0.1844339625 0.892024253125 0.1924528296875
6 0.4296875 0.17122641562500002 0.42210354531250005 0.17122641562500002 0.42210354531250005 0.2325471703125 0.4296875 0.2325471703125 0.4296875 0.17122641562500002
0 0.511310634375 0.1924528296875 0.5048973875 0.191509434375 0.504314365625 0.1783018875 0.5101445890625 0.1783018875 0.5101445890625 0.1716981125 0.4308535453125 0.1716981125 0.43143656718749995 0.2825471703125 0.5107276125 0.28301886718749997 0.511310634375 0.1924528296875
2 0.32007929062499996 0.2830226421875 0.2652751859375 0.2830226421875 0.2652751859375 0.2952867921875 0.32007929062499996 0.2952867921875 0.32007929062499996 0.2830226421875
1 0.664645521875 0.5363207546875 0.931086753125 0.5344339625 0.929920709375 0.42028301875 0.8004897390625001 0.4207547171875 0.8010727609374999 0.4481132078125 0.6640625 0.447641509375 0.664645521875 0.5363207546875
4 0.52996735 0.191509434375 0.5235541046875001 0.1919811328125 0.5235541046875001 0.5268867921875 0.6442397390625 0.5268867921875 0.6442397390625 0.438207546875 0.7835820890625 0.438207546875 0.78125 0.0792452828125 0.522388059375 0.07971698125 0.522388059375 0.17924528281250002 0.5328824625 0.17924528281250002 0.52996735 0.191509434375
2 0.622672575 0.527358490625 0.5328871265624999 0.527358490625 0.5328871265624999 0.555192453125 0.622672575 0.555192453125 0.622672575 0.527358490625