7 0.8110566453124999 0.8733284171875001 0.698159040625 0.8733284171875001 0.698159040625 0.89746804375 0.8110566453124999 0.89746804375 0.8110566453124999 0.8733284171875001
4 0.1662599859375 0.334972140625 0.28826434375 0.33366109375 0.28826434375 0.3520157328125 0.228714596875 0.351360209375 0.22798837968750002 0.4949196984375 0.28826434375 0.4942641765625 0.28826434375 0.513929859375 0.2294408140625 0.5132743359374999 0.2294408140625 0.656833825 0.289716775 0.6574893484375 0.28826434375 0.6738774171874999 0.2613943359375 0.672566371875 0.2613943359375 0.8095706328125001 0.27010893281250004 0.8161258609375001 0.2780973125 0.8200589968750001 0.2911692078125 0.8213700421875 0.289716775 0.81743690625 0.3449092234375 0.8167813828125 0.34418300625 0.8213700421875 0.3630646328125 0.822025565625 0.36233841718750004 0.785316290625 0.44076978906250003 0.78400524375 0.44149600468749994 0.8200589968750001 0.46473493125000004 0.8207145203125 0.46328249843749997 0.8161258609375001 0.5184749453124999 0.8167813828125 0.5184749453124999 0.8207145203125 0.657908496875 0.8207145203125 0.6564560640625 0.78400524375 0.6767901234375 0.783349721875 0.6767901234375 0.8731563421875 0.8198547578125 0.8744673875 0.8198547578125 0.85807931875 0.7864488015625 0.8587348406249999 0.78499636875 0.7630285156250001 0.8438198984374999 0.7610619468750001 0.84164125 0.597836775 0.9135366749999999 0.5991478203125 0.911358025 0.57751556875 0.8808569359374999 0.5781710921875 0.88013071875 0.41560144218749995 0.912084240625 0.41494591875 0.9128104578125 0.27007538593749997 0.6593609296875 0.2694198625 0.6593609296875 0.0281874796875 0.580203340625 0.0281874796875 0.580203340625 0.0530973453125 0.5344517062499999 0.0530973453125 0.5351779234375 0.028843001562499998 0.29552650625 0.029498524999999998 0.294800290625 0.1894460828125 0.1669862015625 0.19010160625 0.1662599859375 0.334972140625
7 0.6298202609375 0.8205899703125 0.5367374734375 0.8205899703125 0.5367374734375 0.8438348078125 0.6298202609375 0.8438348078125 0.6298202609375 0.8205899703125
7 0.22776688437499998 0.5390167156250001 0.20399782187499998 0.5390167156250001 0.20399782187499998 0.6257227140625 0.22776688437499998 0.6257227140625 0.22776688437499998 0.5390167156250001
7 0.22776688437499998 0.3843756140625 0.20399782187499998 0.3843756140625 0.20399782187499998 0.4692920359375 0.22776688437499998 0.4692920359375 0.22776688437499998 0.3843756140625
7 0.1653758171875 0.21364306718749998 0.14061546875 0.21364306718749998 0.14061546875 0.311076696875 0.1653758171875 0.311076696875 0.1653758171875 0.21364306718749998
7 0.23866112031250003 0.821489228125 0.2455931859375 0.8308751234375 0.2540106953125 0.8380262796875 0.264903940625 0.8424957546874999 0.27332144999999997 0.8442835437499999 0.27814088593749997 0.8449688625 0.2926652140625 0.8443133406250001 0.2919389984375 0.8207145203125 0.2810457515625 0.8213700421875 0.2737835875 0.8194034734375 0.268865121875 0.8174667015624999 0.26440879375000004 0.8121033343749999 0.2614379078125 0.8056374953125 0.2614379078125 0.7302523765625 0.23602033437499997 0.7302523765625 0.23602033437499997 0.8095706328125001 0.23866112031250003 0.821489228125
3 0.5366721140624999 0.8213667656249999 0.291214596875 0.8213667656249999 0.291214596875 0.8429990171874999 0.5366721140624999 0.8429990171874999 0.5366721140624999 0.8213667656249999
6 0.954931009375 0.2694198625 0.954931009375 0.18223533281249998 0.7552214953124999 0.1828908546875 0.7559477125 0.0170435921875 0.23452432812500001 0.017699115625 0.23452432812500001 0.02753195625 0.289716775 0.0281874796875 0.289716775 0.0511307765625 0.294800290625 0.050475253124999994 0.2962527234375 0.0281874796875 0.5351779234375 0.0281874796875 0.53663035625 0.052441821875 0.5787509078124999 0.0530973453125 0.5787509078124999 0.02753195625 0.6600871453125 0.0281874796875 0.6600871453125 0.2694198625 0.7094698609375001 0.26876433906249997 0.7094698609375001 0.258275975 0.6717066093749999 0.2595870203125 0.672432825 0.024254343749999997 0.7465068984375 0.0255653890625 0.747233115625 0.1914126515625 0.9454901953125001 0.1920681734375 0.9440377640625 0.2595870203125 0.7494117640625 0.258931496875 0.75013798125 0.27073090781250003 0.9128104578125 0.26876433906249997 0.9128104578125 0.41625696406249996 0.88013071875 0.41625696406249996 0.8815831515625 0.57751556875 0.9135366749999999 0.5781710921875 0.9128104578125 0.5991478203125 0.842367465625 0.5984922984375001 0.8430936812500001 0.7623729921875 0.85620915 0.7617174703125 0.8547567171875 0.609636184375 0.925199709375 0.6089806624999999 0.9259259265625 0.26876433906249997 0.954931009375 0.2694198625
3 0.501083878125 0.6325811203125 0.4800272328125 0.6325811203125 0.4800272328125 0.69878564375 0.501083878125 0.69878564375 0.501083878125 0.6325811203125
3 0.6833605671874999 0.6325811203125 0.662303921875 0.6325811203125 0.662303921875 0.69878564375 0.6833605671874999 0.69878564375 0.6833605671874999 0.6325811203125
3 0.496007625 0.49557030468749996 0.4255610015625 0.49557030468749996 0.4255610015625 0.5139282203125 0.496007625 0.5139282203125 0.496007625 0.49557030468749996
3 0.4967374734375 0.33300393281249996 0.42629085 0.33300393281249996 0.42629085 0.35136184843749996 0.4967374734375 0.35136184843749996 0.4967374734375 0.33300393281249996
3 0.6811928109375 0.3625024578125 0.6579575156249999 0.3625024578125 0.6579575156249999 0.4575565390625 0.6811928109375 0.4575565390625 0.6811928109375 0.3625024578125
3 0.5003594765625 0.17371189843749998 0.42628540312499996 0.17371189843749998 0.42628540312499996 0.19075221250000002 0.5003594765625 0.19075221250000002 0.5003594765625 0.17371189843749998
3 0.34277233125 0.8167797437500001 0.291214596875 0.8167797437500001 0.291214596875 0.8220206484375 0.34277233125 0.8220206484375 0.34277233125 0.8167797437500001
3 0.5192429187500001 0.8161258609375001 0.464046840625 0.8161258609375001 0.464046840625 0.822025565625 0.5192429187500001 0.822025565625 0.5192429187500001 0.8161258609375001
3 0.8119099484375001 0.8960996390625 0.8685548296875 0.8960996390625 0.8671023968749999 0.7617174703125 0.843863471875 0.7617174703125 0.8431372546875 0.8744673875 0.8111837328125 0.873811865625 0.8119099484375001 0.8960996390625
3 0.657225853125 0.78400524375 0.657225853125 0.8207145203125 0.6289034124999999 0.8207145203125 0.6296296296875 0.84300229375 0.6521423390625001 0.84300229375 0.651416121875 0.8967551625000001 0.6986201890625 0.8967551625000001 0.6993464046875 0.8731563421875 0.6782861296875 0.8731563421875 0.6768336953125 0.78400524375 0.657225853125 0.78400524375
3 0.28903413125 0.6574893484375 0.22948438593749998 0.6574893484375 0.22948438593749998 0.6260242546875 0.20479302812500003 0.6260242546875 0.20406681093749998 0.68108816875 0.23674654999999997 0.6817436906250001 0.23529411718749998 0.729596853125 0.2614379078125 0.729596853125 0.2614379078125 0.6738774171874999 0.288307915625 0.674532940625 0.28903413125 0.6574893484375
3 0.2875817 0.513929859375 0.28903413125 0.4949196984375 0.22948438593749998 0.4949196984375 0.228031953125 0.4686987875 0.20406681093749998 0.469354309375 0.20406681093749998 0.5394952484375 0.22875817031249998 0.5401507703124999 0.23021060312500002 0.513929859375 0.2875817 0.513929859375
3 0.22875817031249998 0.3861029171875 0.22948438593749998 0.3507046875 0.288307915625 0.3520157328125 0.28903413125 0.3343166171875 0.16630355937500002 0.3343166171875 0.167029775 0.310062275 0.14161220000000002 0.310062275 0.14161220000000002 0.3539823015625 0.20551924531250002 0.3539823015625 0.20479302812500003 0.3861029171875 0.22875817031249998 0.3861029171875
3 0.140885984375 0.2143559484375 0.16630355937500002 0.21501147187499997 0.16630355937500002 0.19010160625 0.2955700796875 0.19010160625 0.2948438640625 0.165191740625 0.23529411718749998 0.1638806953125 0.23529411718749998 0.1330711234375 0.20987654375 0.1330711234375 0.20987654375 0.1645362171875 0.140885984375 0.165191740625 0.140885984375 0.2143559484375
3 0.23529956406250002 0.0170403140625 0.210604575 0.0170403140625 0.210604575 0.052438545312499994 0.23529956406250002 0.052438545312499994 0.23529956406250002 0.0170403140625
2 0.726942628125 0.2753195671875 0.73420479375 0.27728613593749996 0.73202614375 0.27073090781250003 0.7501815546875 0.27007538593749997 0.7487291203125 0.258275975 0.7298474953125 0.2549983609375 0.709513434375 0.2563094078125 0.7087872187500001 0.2694198625 0.726942628125 0.2694198625 0.726942628125 0.2753195671875
2 0.20043572968749998 0.088495575 0.1997095125 0.09701737187500001 0.20987654375 0.09832841718749999 0.20915032656250002 0.133726646875 0.23456790156250001 0.1343821703125 0.23602033437499997 0.09570632500000001 0.2425562828125 0.09570632500000001 0.2432824984375 0.0871845296875 0.23747276718750002 0.08652900625 0.23747276718750002 0.0511307765625 0.210602759375 0.05178629999999999 0.20987654375 0.09046214375 0.20043572968749998 0.088495575
2 0.2810457515625 0.088495575 0.2810457515625 0.0943952796875 0.28903413125 0.095050803125 0.2875817 0.13176007812499999 0.2970225125 0.13176007812499999 0.296296296875 0.0943952796875 0.30283224375 0.0943952796875 0.30283224375 0.08652900625 0.2955700796875 0.0878400515625 0.2955700796875 0.04981973125 0.28903413125 0.0511307765625 0.288307915625 0.088495575 0.2810457515625 0.088495575
6 0.5518809015625 0.4024909859375 0.5518809015625 0.37954768906249997 0.5446187359375 0.37823664375 0.5446187359375 0.467387740625 0.5526071171875 0.46804326406249996 0.5511546843749999 0.43723369375 0.607073346875 0.4359226484375 0.607073346875 0.467387740625 0.6143355125000001 0.46673221875 0.6121568625 0.42936742031249997 0.6586347140625 0.42936742031249997 0.6586347140625 0.421501146875 0.6136092953125 0.420845625 0.6150617281249999 0.3769255984375 0.607073346875 0.376270075 0.607073346875 0.4018354640625 0.5518809015625 0.4024909859375
2 0.538852578125 0.36119305156250003 0.53957879375 0.3657817109375 0.544662309375 0.36709275625000004 0.5439360921875 0.37823664375 0.5541031234375 0.37823664375 0.5548293390625 0.36643723437500003 0.5577342046875 0.36709275625000004 0.5577342046875 0.361848575 0.5541031234375 0.36119305156250003 0.5548293390625 0.3500491640625 0.544662309375 0.3500491640625 0.544662309375 0.361848575 0.538852578125 0.36119305156250003
2 0.60203340625 0.3605375296875 0.6034858390625 0.3651261875 0.6071169203125 0.36643723437500003 0.6063907046875 0.37561455312500003 0.6158315171875001 0.376270075 0.614379084375 0.36447066562499997 0.6194626000000001 0.36447066562499997 0.6194626000000001 0.3605375296875 0.6158315171875001 0.35857096093749996 0.6165577343749999 0.34873811875 0.6078431375 0.349393640625 0.6071169203125 0.3605375296875 0.60203340625 0.3605375296875
6 0.6143355125000001 0.5027859718750001 0.6143355125000001 0.4942641765625 0.6077995640625 0.4942641765625 0.607073346875 0.5034414953125 0.5518809015625 0.50213045 0.5526071171875 0.4949196984375 0.5453449531250001 0.49557522187499997 0.5453449531250001 0.5099967234375 0.6818736390625 0.5099967234375 0.6818736390625 0.456899378125 0.673159040625 0.4575549 0.6738852578125 0.5034414953125 0.6143355125000001 0.5027859718750001
2 0.53957879375 0.4791871515625 0.53957879375 0.48312028749999997 0.5453885265625 0.48312028749999997 0.5453885265625 0.49557522187499997 0.55337690625 0.49557522187499997 0.55337690625 0.48443133437499997 0.558460421875 0.4837758109375 0.558460421875 0.4791871515625 0.5541031234375 0.4785316296875 0.55337690625 0.46804326406249996 0.5461147421875 0.46804326406249996 0.5461147421875 0.4785316296875 0.53957879375 0.4791871515625
2 0.60203340625 0.479842675 0.602759621875 0.48443133437499997 0.6071169203125 0.48443133437499997 0.6063907046875 0.4942641765625 0.6151053015625 0.4949196984375 0.6151053015625 0.4837758109375 0.622367465625 0.48312028749999997 0.6216412499999999 0.47787610625 0.6151053015625 0.47787610625 0.6158315171875001 0.467387740625 0.6063907046875 0.4686987875 0.6071169203125 0.4791871515625 0.60203340625 0.479842675
1 0.8257080609375 0.8731563421875 0.843863471875 0.8744673875 0.8424110375 0.768272696875 0.7937545390625 0.767617175 0.7937545390625 0.8521796140625 0.82498184375 0.851524090625 0.8257080609375 0.8731563421875
6 0.818445896875 0.8725008187500001 0.82498184375 0.8725008187500001 0.82498184375 0.8528351359374999 0.7937545390625 0.8528351359374999 0.79230210625 0.7669616515625 0.8460421203124999 0.767617175 0.8431372546875 0.7617174703125 0.786492375 0.7617174703125 0.7872185921875 0.8574237953124999 0.81771968125 0.8574237953124999 0.818445896875 0.8725008187500001
6 0.5693082781250001 0.5775172078125 0.49378540312499997 0.5775172078125 0.49378540312499997 0.6063569328125 0.5693082781250001 0.6063569328125 0.5693082781250001 0.5775172078125
6 0.44076797343749996 0.7853146515625 0.3630664484375 0.7853146515625 0.3630664484375 0.8220206484375 0.44076797343749996 0.8220206484375 0.44076797343749996 0.7853146515625
6 0.7145533765625001 0.40839232968749994 0.6796949890625 0.40839232968749994 0.6796949890625 0.4424827921875 0.7145533765625001 0.4424827921875 0.7145533765625001 0.40839232968749994
6 0.5526071171875 0.349393640625 0.5533333328125 0.3428384140625 0.6077995640625 0.3428384140625 0.60852578125 0.349393640625 0.6143355125000001 0.349393640625 0.6143355125000001 0.3434939359375 0.6746114734375 0.34414945937499997 0.6738852578125 0.361848575 0.681147421875 0.361848575 0.681147421875 0.336938709375 0.5453449531250001 0.336938709375 0.5438925203125 0.3507046875 0.5526071171875 0.349393640625
6 0.102352940625 0.7774500171875001 0.101626725 0.36447066562499997 0.2047494546875 0.3638151421875 0.2047494546875 0.35267125625 0.0914596953125 0.35267125625 0.0921859125 0.7774500171875001 0.102352940625 0.7774500171875001
6 0.1619026875 0.6102917078125001 0.2047494546875 0.6109472296875 0.2047494546875 0.5984922984375001 0.150283225 0.5991478203125 0.151009440625 0.8200589968750001 0.1619026875 0.8200589968750001 0.1619026875 0.6102917078125001
5 0.1517374734375 0.6004572265625 0.1023583875 0.6004572265625 0.1023583875 0.7787561453125 0.1517374734375 0.7787561453125 0.1517374734375 0.6004572265625
1 0.151007625 0.7767994093749999 0.09291394375 0.7767994093749999 0.09291394375 0.8194051124999999 0.151007625 0.8194051124999999 0.151007625 0.7767994093749999
1 0.20330065312499998 0.36447394375000003 0.10308278906249999 0.36447394375000003 0.10308278906249999 0.5984955750000001 0.20330065312499998 0.5984955750000001 0.20330065312499998 0.36447394375000003
0 0.60561546875 0.34414945937499997 0.5540577343749999 0.34414945937499997 0.5540577343749999 0.40117994062499995 0.60561546875 0.40117994062499995 0.60561546875 0.34414945937499997
0 0.6048856203125 0.43789085468750005 0.5533278859374999 0.43789085468750005 0.5533278859374999 0.5014798421875 0.6048856203125 0.5014798421875 0.6048856203125 0.43789085468750005
0 0.657908496875 0.36315961875 0.672432825 0.362504096875 0.673159040625 0.3448049828125 0.61578794375 0.3448049828125 0.6150617281249999 0.421501146875 0.657908496875 0.42215667031250004 0.657908496875 0.36315961875
0 0.673159040625 0.45821042343749996 0.6586347140625 0.45886594531249997 0.657908496875 0.43002294374999994 0.6143355125000001 0.43002294374999994 0.6150617281249999 0.5014749265625 0.6738852578125 0.50213045 0.673159040625 0.45821042343749996
1 0.9454901953125001 0.1920681734375 0.7465068984375 0.1914126515625 0.7465068984375 0.0262209109375 0.673159040625 0.0255653890625 0.6717066093749999 0.258275975 0.9447639796875 0.2576204515625 0.9454901953125001 0.1920681734375
1 0.2875435734375 0.028185840625000003 0.23670479375000003 0.028185840625000003 0.23670479375000003 0.1651868234375 0.2875435734375 0.1651868234375 0.2875435734375 0.028185840625000003
1 0.2105610015625 0.027536873437499998 0.0805718953125 0.027536873437499998 0.0805718953125 0.16453785625 0.2105610015625 0.16453785625 0.2105610015625 0.027536873437499998
5 0.14156862812499998 0.166504425 0.07620915 0.166504425 0.07620915 0.2504080625 0.14156862812499998 0.2504080625 0.14156862812499998 0.166504425
6 0.21127995624999998 0.0170403140625 0.07693355156250001 0.0170403140625 0.07693355156250001 0.026873156250000002 0.21127995624999998 0.026873156250000002 0.21127995624999998 0.0170403140625
6 0.294798475 0.1324188796875 0.28899237499999997 0.1324188796875 0.28899237499999997 0.165850540625 0.294798475 0.165850540625 0.294798475 0.1324188796875