7 0.2356767953125 0.91451505 0.16487569062500002 0.91451505 0.16487569062500002 0.944816053125 0.2356767953125 0.944816053125 0.2356767953125 0.91451505
7 0.4109116015625 0.9134782609375 0.2632872921875 0.9134782609375 0.2632872921875 0.9458528421875 0.4109116015625 0.9458528421875 0.4109116015625 0.9134782609375
4 0.06992403281250001 0.38775083593750004 0.24861878437499998 0.3887959859375 0.250345303125 0.3156354515625 0.23308011093749997 0.3156354515625 0.2339433703125 0.1316889625 0.0992748625 0.13064381249999998 0.100138121875 0.163043478125 0.07078729218749999 0.163043478125 0.06992403281250001 0.38775083593750004
7 0.23051105 0.0971906359375 0.09755524843749999 0.0971906359375 0.09755524843749999 0.1306354515625 0.23051105 0.1306354515625 0.23051105 0.0971906359375
6 0.2607044203125 0.3281772578125 0.2615676796875 0.3145903015625 0.275379834375 0.31354515 0.275379834375 0.30100334375000004 0.24689226562500002 0.30100334375000004 0.24602900625 0.13064381249999998 0.2339433703125 0.12959866250000002 0.23566988906250003 0.3145903015625 0.250345303125 0.3145903015625 0.250345303125 0.3281772578125 0.2607044203125 0.3281772578125
3 0.2520718234375 0.09824414687500001 0.231353590625 0.09824414687500001 0.231353590625 0.1306521734375 0.2520718234375 0.1306521734375 0.2520718234375 0.09824414687500001
4 0.41265193437500003 0.1316889625 0.246906078125 0.1316889625 0.246906078125 0.30102006718749996 0.41265193437500003 0.30102006718749996 0.41265193437500003 0.1316889625
7 0.28660220937499997 0.09822742500000001 0.2520718234375 0.09822742500000001 0.2520718234375 0.12959866250000002 0.28660220937499997 0.12959866250000002 0.28660220937499997 0.09822742500000001
7 0.412638121875 0.099297659375 0.32631215468749997 0.099297659375 0.32631215468749997 0.12959866250000002 0.412638121875 0.12959866250000002 0.412638121875 0.099297659375
1 0.41523480625 0.028210701562500003 0.0966988953125 0.028210701562500003 0.0966988953125 0.09720735781249999 0.41523480625 0.09720735781249999 0.41523480625 0.028210701562500003
6 0.46270718281249995 0.020903009375 0.0759668515625 0.020903009375 0.0759668515625 0.0292642140625 0.46270718281249995 0.0292642140625 0.46270718281249995 0.020903009375
4 0.100138121875 0.9155518390624999 0.4091850828125 0.9134615390624999 0.4109116015625 0.6521739125 0.094095303125 0.6532190640625 0.094095303125 0.8800167218749999 0.10100138125 0.8810618734375 0.100138121875 0.9155518390624999
6 0.3798342546875 0.63963210625 0.3815607734375 0.6511287625 0.4109116015625 0.6511287625 0.4091850828125 0.884197325 0.4273135359375 0.8821070234375 0.4255870171875 0.61036789375 0.4083218234375 0.61141304375 0.4091850828125 0.63963210625 0.3798342546875 0.63963210625
1 0.4083218234375 0.566471571875 0.55852900625 0.565426421875 0.5568024859375 0.4786789296875 0.4117748625 0.48076923125000004 0.412638121875 0.4734531765625 0.3185428171875 0.4734531765625 0.3202693375 0.3145903015625 0.26243093906250003 0.3145903015625 0.2632941984375 0.63858695625 0.4083218234375 0.63858695625 0.4083218234375 0.566471571875
3 0.442872928125 0.5675250843749999 0.4100552484375 0.5675250843749999 0.4100552484375 0.612474915625 0.442872928125 0.612474915625 0.442872928125 0.5675250843749999
3 0.26243093906250003 0.91451505 0.2348066296875 0.91451505 0.2348066296875 0.9458862874999999 0.26243093906250003 0.9458862874999999 0.26243093906250003 0.91451505
3 0.41350138125 0.9730351171875 0.4376726515625 0.9719899671875 0.4376726515625 0.9479515046874999 0.4566643640625 0.9479515046874999 0.458390884375 0.9406354515625001 0.4558011046875 0.9113712375 0.44198895 0.9134615390624999 0.44285220937499997 0.8821070234375 0.4100483421875 0.8831521734375001 0.4109116015625 0.9458612046875 0.41350138125 0.9458612046875 0.41350138125 0.9730351171875
3 0.09323204375000001 0.8810618734375 0.092368784375 0.606187290625 0.10100138125 0.605142140625 0.100138121875 0.5716973249999999 0.090642265625 0.5716973249999999 0.090642265625 0.53302675625 0.021581492187500002 0.53302675625 0.0224447515625 0.5643812703125 0.06819751406249999 0.565426421875 0.06647099375 0.604096990625 0.07510359062500001 0.6020066890625 0.0759668515625 0.9134615390624999 0.06647099375 0.9134615390624999 0.065607734375 0.9458612046875 0.0949585640625 0.9458612046875 0.094095303125 0.9740802671875001 0.12344613281250001 0.970944815625 0.1225828734375 0.94899665625 0.1640193375 0.9458612046875 0.164882596875 0.9134615390624999 0.100138121875 0.9124163875000001 0.10100138125 0.8810618734375 0.09323204375000001 0.8810618734375
3 0.10100138125 0.16199832812499998 0.09841160156249999 0.097198996875 0.0725138125 0.096153846875 0.04402624375 0.096153846875 0.044889503125 0.469272575 0.09841160156249999 0.469272575 0.0975483421875 0.436872909375 0.07078729218749999 0.4379180609375 0.071650553125 0.163043478125 0.10100138125 0.16199832812499998
3 0.5576657453125 0.5058528421874999 0.5835635359375 0.50794314375 0.5835635359375 0.4797240796875 0.6060082875 0.4797240796875 0.6060082875 0.4473244140625 0.4385359109375 0.44627926406249996 0.4385359109375 0.13377926406250001 0.45925414375000007 0.1316889625 0.46011740312500005 0.09928929843749999 0.41350138125 0.09928929843749999 0.412638121875 0.4776337796875 0.5576657453125 0.4786789296875 0.5576657453125 0.5058528421874999
7 0.0725138125 0.46928093593750003 0.044889503125 0.46928093593750003 0.044889503125 0.5351337796875 0.0725138125 0.5351337796875 0.0725138125 0.46928093593750003
2 0.29005524843749997 0.3396739125 0.2978245859375 0.3375836125 0.2995511046875 0.317725753125 0.31508977968749996 0.3166806015625 0.3159530390625 0.30100334375000004 0.29609806562499996 0.29891304375 0.2969613265625 0.279055184375 0.2909185078125 0.27801003281250003 0.2891919890625 0.29995819375 0.274516575 0.29891304375 0.273653315625 0.3145903015625 0.2909185078125 0.3156354515625 0.29005524843749997 0.3396739125
0 0.41176795625 0.3731103671875 0.3314917125 0.3731103671875 0.3314917125 0.4567224078125 0.41176795625 0.4567224078125 0.41176795625 0.3731103671875
6 0.330628453125 0.371028428125 0.4117748625 0.371028428125 0.4109116015625 0.359531771875 0.330628453125 0.359531771875 0.3314917125 0.35535117031249996 0.321132596875 0.3563963203125 0.319406078125 0.37520902968750003 0.330628453125 0.37729933125000004 0.330628453125 0.371028428125
2 0.30214088437500003 0.331312709375 0.303867403125 0.3417642140625 0.3185428171875 0.3407190640625 0.3185428171875 0.3563963203125 0.33235497187499996 0.3563963203125 0.3332182328125 0.3407190640625 0.34616712656250004 0.3396739125 0.3453038671875 0.331312709375 0.33235497187499996 0.331312709375 0.3340814921875 0.3166806015625 0.3176795578125 0.3156354515625 0.3185428171875 0.331312709375 0.30214088437500003 0.331312709375
6 0.3314917125 0.4588210703125 0.330628453125 0.4201505015625 0.321132596875 0.4201505015625 0.3202693375 0.4724080265625 0.41350138125 0.4713628765625 0.412638121875 0.4577759203125 0.3314917125 0.4588210703125
2 0.30300414375 0.3908862875 0.30300414375 0.4055183953125 0.3176795578125 0.40447324375000004 0.3159530390625 0.4201505015625 0.33235497187499996 0.4201505015625 0.33235497187499996 0.40342809375 0.347893646875 0.40447324375000004 0.34616712656250004 0.3919314375 0.3332182328125 0.3919314375 0.3340814921875 0.37520902968750003 0.3168162984375 0.37625418125 0.3168162984375 0.3908862875 0.30300414375 0.3908862875
2 0.2287638125 0.3480351171875 0.2270372921875 0.3563963203125 0.247755525 0.35744147187499997 0.24689226562500002 0.3814799328125 0.26243093906250003 0.3814799328125 0.2615676796875 0.3605769234375 0.2805593921875 0.3605769234375 0.2814226515625 0.34698996718749997 0.2641574578125 0.3480351171875 0.26502071875 0.32504180625 0.247755525 0.32399665624999996 0.24861878437499998 0.3490802671875 0.2287638125 0.3480351171875
2 0.23049033125 0.5445234109375 0.22962707187500003 0.5560200671875 0.24861878437499998 0.5560200671875 0.24948204375 0.5769230765625 0.26588397812500003 0.577968228125 0.2667472375 0.5560200671875 0.28401243125 0.5560200671875 0.2814226515625 0.5434782609375 0.26588397812500003 0.5424331109375 0.26588397812500003 0.5215301 0.24948204375 0.5236204015625 0.24948204375 0.5445234109375 0.23049033125 0.5445234109375
2 0.330628453125 0.6793478265624999 0.34616712656250004 0.6783026750000001 0.3435773484375 0.6553093640625 0.3806975140625 0.6553093640625 0.3798342546875 0.63754180625 0.34098756875 0.6354515046875 0.341850828125 0.617683946875 0.3332182328125 0.6166387953125 0.3332182328125 0.6354515046875 0.2917817671875 0.63754180625 0.2935082875 0.6542642140625 0.33235497187499996 0.6532190640625 0.330628453125 0.6793478265624999
2 0.5576657453125 0.540342809375 0.55852900625 0.567516721875 0.570614640625 0.565426421875 0.5732044203125 0.5434782609375 0.5947859109375 0.540342809375 0.5930593921875 0.5309364546875 0.5749309390625 0.5319816046875 0.5732044203125 0.5058528421874999 0.5576657453125 0.5048076921875 0.5568024859375 0.5309364546875 0.53522099375 0.5309364546875 0.53522099375 0.541387959375 0.5576657453125 0.540342809375
2 0.30214088437500003 0.1473662203125 0.30991022031250004 0.1473662203125 0.311636740625 0.13064381249999998 0.32631215468749997 0.1316889625 0.3271754140625 0.0940635453125 0.3090469609375 0.0940635453125 0.30991022031250004 0.07943143750000001 0.301277625 0.0783862875 0.301277625 0.096153846875 0.28660220937499997 0.096153846875 0.28660220937499997 0.12959866250000002 0.30300414375 0.1316889625 0.30214088437500003 0.1473662203125
6 0.4376795578125 0.0261371234375 0.414364640625 0.0261371234375 0.414364640625 0.1024247484375 0.4376795578125 0.1024247484375 0.4376795578125 0.0261371234375
6 0.0958425421875 0.025066889062499997 0.073383978125 0.025066889062499997 0.073383978125 0.09928093593750001 0.0958425421875 0.09928093593750001 0.0958425421875 0.025066889062499997
6 0.606878453125 0.5675083609375 0.441132596875 0.5675083609375 0.441132596875 0.5831939796875 0.606878453125 0.5831939796875 0.606878453125 0.5675083609375
6 0.29523480625 0.63858695625 0.2607044203125 0.63858695625 0.2615676796875 0.577968228125 0.250345303125 0.577968228125 0.24948204375 0.63858695625 0.09323204375000001 0.63858695625 0.09323204375000001 0.6521739125 0.29523480625 0.6532190640625 0.29523480625 0.63858695625
4 0.0966850828125 0.470317725 0.0725138125 0.468227425 0.073377071875 0.5309364546875 0.091505525 0.5298913046875 0.091505525 0.5716973249999999 0.10100138125 0.572742475 0.10100138125 0.604096990625 0.09323204375000001 0.6030518390624999 0.094095303125 0.6364966562500001 0.247755525 0.63858695625 0.24689226562500002 0.4065635453125 0.073377071875 0.4065635453125 0.071650553125 0.43582775937499996 0.09841160156249999 0.43582775937499996 0.0966850828125 0.470317725
6 0.0690607734375 0.38775083593750004 0.06992403281250001 0.40447324375000004 0.247755525 0.40447324375000004 0.24861878437499998 0.52048495 0.26243093906250003 0.5225752515625001 0.2615676796875 0.3814799328125 0.250345303125 0.3804347828125 0.24948204375 0.3887959859375 0.0690607734375 0.38775083593750004
0 0.41176795625 0.3166889625 0.3332044203125 0.3166889625 0.3332044203125 0.35849498281250003 0.41176795625 0.35849498281250003 0.41176795625 0.3166889625
6 0.32199585625 0.317725753125 0.3314917125 0.317725753125 0.33235497187499996 0.31354515 0.4117748625 0.31354515 0.4152279 0.3030936453125 0.31422651875 0.3020484953125 0.313363259375 0.31145485 0.32199585625 0.3125 0.32199585625 0.317725753125