4 0.19357897968749999 0.5684596578125001 0.3249533578125 0.5715158921875 0.32573072187499996 0.25876120468749997 0.0474347015625 0.260798696875 0.0489894265625 0.5307660953125 0.19357897968749999 0.5328035875 0.19357897968749999 0.5684596578125001
7 0.267770521875 0.21141809218750002 0.1141324625 0.21141809218750002 0.1141324625 0.2560146703125 0.267770521875 0.2560146703125 0.267770521875 0.21141809218750002
4 0.621119403125 0.256735940625 0.3459328359375 0.256735940625 0.3459328359375 0.70497555 0.621119403125 0.70497555 0.621119403125 0.256735940625
7 0.5553171640625 0.21141809218750002 0.4060634328125 0.21141809218750002 0.4060634328125 0.2560146703125 0.5553171640625 0.2560146703125 0.5553171640625 0.21141809218750002
4 0.9180783578125 0.25876528125 0.6436753734375 0.25876528125 0.6436753734375 0.89140586875 0.9180783578125 0.89140586875 0.9180783578125 0.25876528125
7 0.83625 0.21141809218750002 0.7374813437500001 0.21141809218750002 0.7374813437500001 0.2574327625 0.83625 0.2574327625 0.83625 0.21141809218750002
6 0.3272699015625 0.5878158124999999 0.3288246265625 0.7192339046875 0.40889303593750004 0.7222901390625001 0.408115671875 0.7059902203124999 0.345149253125 0.7059902203124999 0.344371890625 0.256723715625 0.32649253749999996 0.25876120468749997 0.32649253749999996 0.5725346375 0.2821828359375 0.5715158921875 0.2829602 0.586797065625 0.3272699015625 0.5878158124999999
3 0.40824626875 0.21141809218750002 0.2666791046875 0.21141809218750002 0.2666791046875 0.2560146703125 0.40824626875 0.2560146703125 0.40824626875 0.21141809218750002
3 0.1163339546875 0.2114303171875 0.027434701562500004 0.2114303171875 0.027434701562500004 0.25888753124999997 0.1163339546875 0.25888753124999997 0.1163339546875 0.2114303171875
3 0.6925 0.2128606359375 0.5542164171875 0.2128606359375 0.5542164171875 0.2574572125 0.6925 0.2574572125 0.6925 0.2128606359375
3 0.9394123140625 0.21141809218750002 0.8362593281249999 0.21141809218750002 0.8362593281249999 0.2603178484375 0.9394123140625 0.2603178484375 0.9394123140625 0.21141809218750002
1 0.6200559703125 0.0690342296875 0.36654850781250004 0.0690342296875 0.36654850781250004 0.20710268906249998 0.6200559703125 0.20710268906249998 0.6200559703125 0.0690342296875
1 0.9350373140625001 0.06616136875 0.6442164171875 0.06616136875 0.6442164171875 0.2128606359375 0.9350373140625001 0.2128606359375 0.9350373140625001 0.06616136875
6 0.642005596875 0.0560880203125 0.622248134375 0.0560880203125 0.622248134375 0.1121760390625 0.642005596875 0.1121760390625 0.642005596875 0.0560880203125
6 0.643115671875 0.1697066015625 0.6222574625 0.1697066015625 0.6222574625 0.214303178125 0.643115671875 0.214303178125 0.643115671875 0.1697066015625
6 0.042754975 0.67644661875 0.0419776125 0.596984515625 0.0419776125 0.5552159734375001 0.0474191546875 0.5338223296875 0.046641790625 0.2628361859375 0.027985074999999998 0.261817440625 0.0272077109375 0.9199266500000001 0.4959577109375 0.9199266500000001 0.4951803484375 0.8914017921875 0.0474191546875 0.8914017921875 0.046641790625 0.6917277921875 0.18034825937500001 0.6927465359375 0.18034825937500001 0.7273838625 0.1935634328125 0.7263651171875 0.19278606874999998 0.6723716375000001 0.18034825937500001 0.6693154031249999 0.18190298437500002 0.6784841078125 0.042754975 0.67644661875
3 0.19314365625000002 0.5335696828125001 0.0768190296875 0.5335696828125001 0.0768190296875 0.5853545234374999 0.19314365625000002 0.5853545234374999 0.19314365625000002 0.5335696828125001
2 0.71050995 0.285248575 0.7182835828125 0.2862673171875 0.7182835828125 0.260798696875 0.7392723875 0.25876120468749997 0.738495025 0.2108801953125 0.7182835828125 0.20680521562499998 0.7182835828125 0.1905052984375 0.7128420390625 0.1905052984375 0.7128420390625 0.20884270625 0.6926305968750001 0.2108801953125 0.6926305968750001 0.25876120468749997 0.7128420390625 0.25876120468749997 0.71050995 0.285248575
6 0.5737095765625 0.9178891609375001 0.940625 0.9209453953125 0.9398476359375 0.2628361859375 0.91963619375 0.2628361859375 0.9204135578124999 0.8924205374999999 0.642101990625 0.8924205374999999 0.642101990625 0.8557457218750001 0.623445275 0.8557457218750001 0.6234608203125 0.8914017921875 0.5729322140625001 0.8924205374999999 0.5737095765625 0.9178891609375001
2 0.5970149250000001 0.8129584359375001 0.621113184375 0.8119396890624999 0.621890546875 0.8557457218750001 0.6436567171875 0.8557457218750001 0.6436567171875 0.8129584359375001 0.65998134375 0.8129584359375001 0.6607587078125 0.8017522421875001 0.6444340796875 0.7986960078124999 0.6436567171875 0.7538712296875001 0.621890546875 0.7528524859375 0.6242226359374999 0.8017522421875001 0.5977922890625 0.7986960078124999 0.5970149250000001 0.8129584359375001
2 0.527829603125 0.9433577828124999 0.5371579609375 0.9474327625000001 0.5371579609375 0.9219641390625 0.5736940296874999 0.9209453953125 0.57447139375 0.889364303125 0.5371579609375 0.8883455578125 0.5371579609375 0.8669519140625 0.5309390546875 0.8638956796875 0.529384328125 0.8873268140624999 0.493625621875 0.889364303125 0.4920708953125 0.9219641390625 0.5286069640625 0.9219641390625 0.527829603125 0.9433577828124999
2 0.16557835781250002 0.7640586796875 0.17957089531249998 0.7660961687500001 0.17957089531249998 0.7946210265625 0.1951181578125 0.79360228125 0.19589552187499998 0.7660961687500001 0.2091106953125 0.7660961687500001 0.2106654234375 0.7538712296875001 0.194340796875 0.7508149953125 0.194340796875 0.7253463734375 0.181125621875 0.7263651171875 0.18034825937500001 0.7538712296875001 0.166355721875 0.754889975 0.16557835781250002 0.7640586796875
2 0.16713308437500002 0.6275468625 0.16557835781250002 0.6346780765625 0.17879353125 0.635696821875 0.1780161703125 0.6703341484374999 0.194340796875 0.6703341484374999 0.194340796875 0.6377343109375 0.20366915468750002 0.63875305625 0.20133706562499998 0.625509371875 0.19278606874999998 0.624490628125 0.194340796875 0.6020782390625 0.1780161703125 0.598003259375 0.17879353125 0.625509371875 0.16713308437500002 0.6275468625
1 0.347496890625 0.8914017921875 0.6219060953125 0.8924205374999999 0.6226834578125 0.7192339046875 0.3288401734375 0.72127139375 0.32573072187499996 0.5888345546875 0.19357897968749999 0.5878158124999999 0.192024253125 0.84148329375 0.3459421640625 0.8435207828125 0.347496890625 0.8914017921875
2 0.2510883078125 0.5440097796875001 0.2495335828125 0.569478403125 0.2184390546875 0.569478403125 0.2184390546875 0.5878158124999999 0.24875621875 0.5878158124999999 0.24875621875 0.6102281984375 0.25652985 0.6132844328125 0.25652985 0.5888345546875 0.2829602 0.5878158124999999 0.284514925 0.569478403125 0.25652985 0.569478403125 0.2573072140625 0.5440097796875001 0.2510883078125 0.5440097796875001
1 0.2541977609375 0.8527017109375 0.1935634328125 0.8527017109375 0.1935634328125 0.89140586875 0.2541977609375 0.89140586875 0.2541977609375 0.8527017109375
2 0.22699005 0.861858190625 0.22699005 0.8496332515624999 0.25652985 0.8496332515624999 0.253420396875 0.8445395281250001 0.22699005 0.8425020359375001 0.22465796093749998 0.8292583546875001 0.2192164171875 0.8292583546875001 0.2192164171875 0.8404645484375 0.199004975 0.8435207828125 0.199004975 0.8547269749999999 0.2176616921875 0.8526894859375 0.2184390546875 0.864914425 0.22699005 0.861858190625
1 0.32649253749999996 0.8526894859375 0.26585820937500004 0.8526894859375 0.26585820937500004 0.8903911984375 0.32649253749999996 0.8903911984375 0.32649253749999996 0.8526894859375
2 0.29228855781249996 0.8628769359374999 0.30317164218750003 0.8638956796875 0.302394278125 0.850651996875 0.3272699015625 0.8526894859375 0.3272699015625 0.8465770171875 0.30083955156250003 0.845558271875 0.30083955156250003 0.8312958437500001 0.29228855781249996 0.8323145890625 0.29228855781249996 0.8445395281250001 0.272854478125 0.8445395281250001 0.27363184218750003 0.8516707406249999 0.29228855781249996 0.8516707406249999 0.29228855781249996 0.8628769359374999
6 0.2643034828125 0.8954767718750001 0.2650808453125 0.8547269749999999 0.269745025 0.8547269749999999 0.272854478125 0.8435207828125 0.2541977609375 0.8435207828125 0.25497512499999997 0.8537082328125001 0.2557524875 0.889364303125 0.2643034828125 0.8954767718750001
6 0.19978233750000002 0.850651996875 0.19978233750000002 0.8435207828125 0.19123134375 0.8425020359375001 0.19278606874999998 0.7925835375 0.18034825937500001 0.7976772609375 0.181125621875 0.8914017921875 0.19278606874999998 0.8914017921875 0.194340796875 0.850651996875 0.19978233750000002 0.850651996875
6 0.19200559687500002 0.5857823953125 0.18112873125 0.5857823953125 0.18112873125 0.6020904640625 0.19200559687500002 0.6020904640625 0.19200559687500002 0.5857823953125
6 0.219225746875 0.5705012218750001 0.1927891796875 0.5705012218750001 0.1927891796875 0.586809290625 0.219225746875 0.586809290625 0.219225746875 0.5705012218750001
6 0.077733209375 0.5328117359375 0.0435354484375 0.5328117359375 0.0435354484375 0.5572616140625 0.077733209375 0.5572616140625 0.077733209375 0.5328117359375
6 0.085513059375 0.5857823953125 0.077733209375 0.5857823953125 0.077733209375 0.680525671875 0.085513059375 0.680525671875 0.085513059375 0.5857823953125
0 0.17957089531249998 0.586797065625 0.08550373125 0.586797065625 0.08550373125 0.6784841078125 0.17957089531249998 0.6784841078125 0.17957089531249998 0.586797065625
0 0.17878731406249998 0.691735940625 0.0481902984375 0.691735940625 0.0481902984375 0.8924205374999999 0.17878731406249998 0.8924205374999999 0.17878731406249998 0.691735940625
6 0.34669776093750004 0.8445476765625 0.3280410453125 0.8445476765625 0.3280410453125 0.894474328125 0.34669776093750004 0.894474328125 0.34669776093750004 0.8445476765625
2 0.43921020000000005 0.7436837828125 0.44620646875 0.7426650359375 0.4454291046875 0.7222901390625001 0.47807835781249997 0.7202526484375 0.47807835781249997 0.704971475 0.44620646875 0.704971475 0.44620646875 0.6856153234375 0.4399875609375 0.6856153234375 0.4399875609375 0.7059902203124999 0.40889303593750004 0.704971475 0.40578358281250004 0.7222901390625001 0.43921020000000005 0.7233088828125 0.43921020000000005 0.7436837828125
6 0.47807835781249997 0.7059902203124999 0.47730099375 0.7202526484375 0.623445275 0.7192339046875 0.6226679109375 0.7538712296875001 0.642101990625 0.754889975 0.642101990625 0.25876120468749997 0.623445275 0.2577424625 0.6226679109375 0.707008965625 0.47807835781249997 0.7059902203124999
6 0.9398507468749999 0.05398532968750001 0.3607089546875 0.05398532968750001 0.3607089546875 0.06621026875 0.9398507468749999 0.06621026875 0.9398507468749999 0.05398532968750001
6 0.3645895515625 0.06621026875 0.3599253734375 0.06621026875 0.3599253734375 0.211882640625 0.3645895515625 0.211882640625 0.3645895515625 0.06621026875
6 0.940615671875 0.06622249375 0.936735075 0.06622249375 0.936735075 0.2108924203125 0.940615671875 0.2108924203125 0.940615671875 0.06622249375
2 0.6063432828125 0.1423332171875 0.6190031984375 0.1423332171875 0.6190031984375 0.1694027234375 0.646988271875 0.17114914375 0.646988271875 0.1449528453125 0.66297974375 0.1440796359375 0.66364605625 0.1362207484375 0.644323028125 0.1362207484375 0.644323028125 0.11264408125 0.6210021328125 0.1135172890625 0.6190031984375 0.1353475375 0.6063432828125 0.1353475375 0.6063432828125 0.1423332171875