7 0.26425266875000003 0.8585714281250001 0.1477046265625 0.8585714281250001 0.1477046265625 0.9242857140625 0.26425266875000003 0.9242857140625 0.26425266875000003 0.8585714281250001
7 0.5062455515625001 0.8643142859375 0.3541103203125 0.8643142859375 0.3541103203125 0.9257428578125 0.5062455515625001 0.9257428578125 0.5062455515625001 0.8643142859375
7 0.7348754453125 0.8657142859375 0.610320284375 0.8657142859375 0.610320284375 0.9257142859374999 0.7348754453125 0.9257142859374999 0.7348754453125 0.8657142859375
2 0.8176156578124999 0.1771428578125 0.8291814953125 0.17428571406249999 0.8300711749999999 0.138571428125 0.8576512453125 0.1371428578125 0.8558718859375001 0.0728571421875 0.8309608546874999 0.071428571875 0.8291814953125 0.0357142859375 0.8176156578124999 0.0342857140625 0.8185053375000001 0.071428571875 0.7820284703125 0.071428571875 0.7838078296875 0.1371428578125 0.8158362984374999 0.1371428578125 0.8176156578124999 0.1771428578125
1 0.6316903921875 0.3043142859375 0.56140569375 0.3043142859375 0.56140569375 0.5286 0.6316903921875 0.5286 0.6316903921875 0.3043142859375
2 0.599644128125 0.33714285781250003 0.6120996437499999 0.33857142812499996 0.6120996437499999 0.31 0.6245551593750001 0.311428571875 0.6245551593750001 0.2671428578125 0.6076512453125 0.268571428125 0.6094306046875 0.241428571875 0.599644128125 0.24 0.5969750890625 0.2671428578125 0.5747330953125 0.2657142859375 0.5738434156250001 0.3057142859375 0.5978647687499999 0.3057142859375 0.599644128125 0.33714285781250003
6 0.6334519578125 0.561428571875 0.77491103125 0.561428571875 0.77491103125 0.5371428578125 0.650355871875 0.5357142859375 0.653914590625 0.301428571875 0.6725978640625 0.3 0.671708184375 0.27 0.6227758 0.27 0.6227758 0.3071428578125 0.6334519578125 0.3071428578125 0.6334519578125 0.561428571875
0 0.769572953125 0.3043142859375 0.6556939500000001 0.3043142859375 0.6556939500000001 0.5343142859375 0.769572953125 0.5343142859375 0.769572953125 0.3043142859375
2 0.6948398578125 0.3557142859375 0.7090747328125 0.35285714218750003 0.7090747328125 0.311428571875 0.7295373671875 0.311428571875 0.7286476875 0.27 0.708185053125 0.27142857187499997 0.7072953734375 0.2228571421875 0.6930604984375 0.2242857140625 0.6939501781249999 0.268571428125 0.6725978640625 0.268571428125 0.6734875437500001 0.3071428578125 0.6939501781249999 0.3057142859375 0.6948398578125 0.3557142859375
4 0.7704804265625 0.5685714281250001 0.563185053125 0.5685714281250001 0.563185053125 0.868571428125 0.7704804265625 0.868571428125 0.7704804265625 0.5685714281250001
2 0.5969750890625 0.5971428578125 0.6112099640624999 0.5971428578125 0.6129893234375 0.5685714281250001 0.632562278125 0.5700000000000001 0.6316725984375 0.53 0.613879003125 0.528571428125 0.613879003125 0.5028571421875 0.599644128125 0.5 0.5987544484375 0.53 0.5711743765625 0.528571428125 0.57206405625 0.5657142859375 0.596085409375 0.5657142859375 0.5969750890625 0.5971428578125
3 0.93505338125 0.18 0.9457295374999999 0.18 0.94217081875 0.128571428125 0.9555160140625001 0.10857142812500001 0.9501779359375 0.0871428578125 0.951067615625 0.0428571421875 0.936832740625 0.041428571875 0.9377224203125 0.071428571875 0.856761565625 0.0728571421875 0.856761565625 0.13571428593749998 0.92793594375 0.13571428593749998 0.93505338125 0.18
3 0.04359430625 0.0757142859375 0.038256228125 0.13571428593749998 0.784697509375 0.138571428125 0.7838078296875 0.0742857140625 0.059608540625 0.071428571875 0.046263345312499995 0.038571428125 0.038256228125 0.038571428125 0.04359430625 0.0757142859375
3 0.84786476875 0.9642857140625001 0.8629893234375 0.96 0.8656583625 0.881428571875 0.858540925 0.841428571875 0.8443060499999999 0.8371428578125 0.8362989328125 0.8642857140625001 0.8060498218750001 0.8628571421875 0.8042704625000001 0.3042857140625 0.7722419921875 0.301428571875 0.7713523125 0.868571428125 0.7339857656250001 0.868571428125 0.7339857656250001 0.9285714281249999 0.8451957296874999 0.9314285718749999 0.84786476875 0.9642857140625001
3 0.03647686875 0.838571428125 0.0427046265625 0.8742857140625 0.040925267187499996 0.9057142859375 0.047153025 0.9242857140625 0.14857651249999998 0.9271428578125 0.146797153125 0.8557142859375 0.056939501562499995 0.8542857140625 0.053380782812500006 0.8228571421875 0.040035587500000004 0.8171428578125 0.03647686875 0.838571428125
3 0.3576690390625 0.8614571421875 0.25713523125000004 0.8614571421875 0.25713523125000004 0.9257428578125 0.3576690390625 0.9257428578125 0.3576690390625 0.8614571421875
3 0.6129893234375 0.8657142859375 0.5044483984375 0.8657142859375 0.5044483984375 0.9285714281249999 0.6129893234375 0.9285714281249999 0.6129893234375 0.8657142859375
6 0.5729537359375 0.3157142859375 0.5729537359375 0.2742857140625 0.5604982203125 0.2757142859375 0.5587188609375 0.138571428125 0.5400355875 0.141428571875 0.5409252671875 0.34571428593750003 0.559608540625 0.34857142812499997 0.559608540625 0.3157142859375 0.5729537359375 0.3157142859375
6 0.889679715625 0.31 0.8905693953125 0.131428571875 0.870996440625 0.13571428593749998 0.8701067609375001 0.27 0.7277580078125 0.2728571421875 0.7295373671875 0.31 0.889679715625 0.31
6 0.5391459078125 0.501428571875 0.5373665484375 0.8671428578124999 0.559608540625 0.8671428578124999 0.559608540625 0.5714285718750001 0.57206405625 0.5728571421875001 0.5711743765625 0.5357142859375 0.5604982203125 0.5342857140625 0.5622775796874999 0.5 0.5391459078125 0.501428571875
6 0.10498220625000002 0.138571428125 0.085409253125 0.138571428125 0.085409253125 0.8557142859375 0.10498220625000002 0.8557142859375 0.10498220625000002 0.138571428125
6 0.302491103125 0.137171428125 0.28113879062499997 0.137171428125 0.28113879062499997 0.8614571421875 0.302491103125 0.8614571421875 0.302491103125 0.137171428125
4 0.2802491109375 0.140028571875 0.1076512453125 0.140028571875 0.1076512453125 0.8614571421875 0.2802491109375 0.8614571421875 0.2802491109375 0.140028571875
1 0.870996440625 0.1386 0.5613878999999999 0.1386 0.5613878999999999 0.2686 0.870996440625 0.2686 0.870996440625 0.1386
4 0.5391459078125 0.13999999999999999 0.30604982187499996 0.138571428125 0.302491103125 0.8628571421875 0.5373665484375 0.8671428578124999 0.5391459078125 0.13999999999999999
2 0.5604982203125 0.3457428578125 0.5391459078125 0.3457428578125 0.5391459078125 0.5014571421875 0.5604982203125 0.5014571421875 0.5604982203125 0.3457428578125