1 0.8392857140625001 0.3262135921875 0.8482142859374999 0.3262135921875 0.8489010984375 0.3504854375 0.8928571421875 0.3495145625 0.8914835171875 0.12330097031250001 0.850274725 0.12330097031250001 0.8482142859374999 0.1466019421875 0.8392857140625001 0.14563106718750002 0.8392857140625001 0.3262135921875
7 0.8938392859375 0.09015533906249999 0.8516552203125001 0.09015533906249999 0.8516552203125001 0.12343689375 0.8938392859375 0.12343689375 0.8938392859375 0.09015533906249999
2 0.878434065625 0.232038834375 0.877747253125 0.2417475734375 0.8914835171875 0.239805825 0.8921703296875 0.2815533984375 0.915521978125 0.2815533984375 0.9175824171875 0.23883495156249998 0.9306318687499999 0.23883495156249998 0.9299450546875001 0.2310679609375 0.9168956046875 0.2300970875 0.9168956046875 0.1902912625 0.8914835171875 0.1902912625 0.8914835171875 0.232038834375 0.878434065625 0.232038834375
3 0.9144368125 0.178912621875 0.8938324171875 0.178912621875 0.8938324171875 0.1927766984375 0.9144368125 0.1927766984375 0.9144368125 0.178912621875
7 0.9154189562499999 0.123427184375 0.892850275 0.123427184375 0.892850275 0.1803009703125 0.9154189562499999 0.1803009703125 0.9154189562499999 0.123427184375
3 0.8467425421874999 0.3800277390625 0.8477237046875 0.328710125 0.811420721875 0.32732316250000004 0.8124018828124999 0.423023578125 0.8320251187500001 0.42163661562500004 0.8320251187500001 0.3814147015625 0.8467425421874999 0.3800277390625
3 0.8545879125000001 0.34950485468750003 0.8477197796875 0.34950485468750003 0.8477197796875 0.3772524265625 0.8545879125000001 0.3772524265625 0.8545879125000001 0.34950485468750003
7 0.8948145609375 0.3509029125 0.8526304937500001 0.3509029125 0.8526304937500001 0.3772524265625 0.8948145609375 0.3772524265625 0.8948145609375 0.3509029125
3 0.9272046703125 0.34673786406249996 0.890899725 0.34673786406249996 0.890899725 0.381417475 0.9272046703125 0.381417475 0.9272046703125 0.34673786406249996
7 0.9144436812500001 0.2884951453125 0.8928640109374999 0.2884951453125 0.8928640109374999 0.3481262140625 0.9144436812500001 0.3481262140625 0.9144436812500001 0.2884951453125
7 0.8310370875 0.4216310671875 0.8094574171875 0.4216310671875 0.8094574171875 0.5672621359375001 0.8310370875 0.5672621359375001 0.8310370875 0.4216310671875
7 0.8330082421875 0.6754466015625 0.8094642859375 0.6754466015625 0.8094642859375 0.793330096875 0.8330082421875 0.793330096875 0.8330082421875 0.6754466015625
7 0.1579739015625 0.41055339843749994 0.1354052203125 0.41055339843749994 0.1354052203125 0.55756310625 0.1579739015625 0.55756310625 0.1579739015625 0.41055339843749994
3 0.927190934375 0.09015533906249999 0.891875 0.09015533906249999 0.891875 0.12343689375 0.927190934375 0.12343689375 0.927190934375 0.09015533906249999
3 0.9144368125 0.2787864078125 0.8938324171875 0.2787864078125 0.8938324171875 0.2912718453125 0.9144368125 0.2912718453125 0.9144368125 0.2787864078125
3 0.134419153125 0.14147018125 0.19623233906249998 0.14285714375 0.1952511765625 0.19556172031250002 0.2158555734375 0.1941747578125 0.216836734375 0.14147018125 0.797684459375 0.14285714375 0.80062794375 0.14701803125 0.8487048671874999 0.1484049921875 0.8487048671874999 0.1220527046875 0.853610675 0.1220527046875 0.8526295140625001 0.091539528125 0.8261381468750001 0.090152565625 0.827119309375 0.11095700312500001 0.1354003140625 0.109570040625 0.134419153125 0.14147018125
3 0.8330062781249999 0.67961165 0.8330062781249999 0.5672676828125 0.8104395609375 0.5672676828125 0.8104395609375 0.6782246875 0.8330062781249999 0.67961165
3 0.797684459375 0.8723994453125 0.797684459375 0.8848821093750001 0.8153453687500001 0.8862690703125 0.8231946625000001 0.9070735093750001 0.8281004718749999 0.8848821093750001 0.8437990578125 0.8821081828124999 0.84576138125 0.8737864078124999 0.8330062781249999 0.8737864078124999 0.8330062781249999 0.7919556171875 0.811420721875 0.79334258125 0.8104395609375 0.8723994453125 0.797684459375 0.8723994453125
3 0.054945054687499995 0.6130374484375001 0.0520015703125 0.6490984734375 0.0431711140625 0.6477115125 0.041208790625000005 0.6588072109375 0.060832025 0.6615811375 0.06279434843750001 0.6754507624999999 0.06770015625 0.67961165 0.072605965625 0.660194175 0.0902668765625 0.6629680984374999 0.0892857140625 0.6518724 0.079474096875 0.6546463250000001 0.079474096875 0.64632455 0.1579670328125 0.6477115125 0.1579670328125 0.5561719828125 0.136381475 0.5561719828125 0.1354003140625 0.6116504859375 0.054945054687499995 0.6130374484375001
3 0.216836734375 0.2635228859375 0.1952511765625 0.2635228859375 0.19328885468749998 0.312066575 0.1354003140625 0.312066575 0.134419153125 0.41192787812500004 0.15894819531249998 0.413314840625 0.1569858703125 0.345353675 0.2158555734375 0.3439667125 0.216836734375 0.2635228859375
5 0 0.2704563109375 0.1373626375 0.2704563109375 0.1373626375 0.1373106796875 0 0.1373106796875 0 0.2704563109375
1 0.1932829671875 0.14424271875 0.1383379125 0.14424271875 0.1383379125 0.310669903125 0.1932829671875 0.310669903125 0.1932829671875 0.14424271875
6 0.47939560468750003 0.3262135921875 0.478708790625 0.342718446875 0.5089285718750001 0.342718446875 0.5082417578125 0.6262135921875001 0.4292582421875 0.627184465625 0.428571428125 0.342718446875 0.43406593437499996 0.342718446875 0.43337912031250003 0.327184465625 0.333791209375 0.327184465625 0.333791209375 0.34466019375 0.41826923125000004 0.3436893203125 0.4175824171875 0.6281553390625 0.1572802203125 0.627184465625 0.15659340625 0.6436893203125 0.5082417578125 0.642718446875 0.5082417578125 0.8718446609375 0.5020604390625001 0.8718446609375 0.5013736265625 0.87961165 0.5103021984375 0.880582525 0.5103021984375 0.8883495140625 0.5137362640625 0.8912621359375 0.521291209375 0.8834951453125001 0.51923076875 0.8582524265625 0.8118131875 0.8572815531250001 0.8104395609375 0.8417475734375 0.51923076875 0.8436893203125001 0.5206043953124999 0.642718446875 0.5446428578125 0.6436893203125 0.5453296703125 0.62524271875 0.5199175828125 0.6242718453125 0.51923076875 0.34466019375 0.5865384609375 0.342718446875 0.587225275 0.3281553390625 0.578296703125 0.3281553390625 0.5789835171875 0.3213592234375 0.56936813125 0.31747572812499997 0.56936813125 0.3262135921875 0.47939560468750003 0.3262135921875
4 0.809065934375 0.642718446875 0.5199175828125 0.642718446875 0.5199175828125 0.8407766984375 0.809065934375 0.8407766984375 0.809065934375 0.642718446875
2 0.5714285718750001 0.667961165625 0.5769230765625 0.666990290625 0.577609890625 0.6466019421875 0.6050824171875 0.6446601937499999 0.603708790625 0.6242718453125 0.577609890625 0.6213592234374999 0.577609890625 0.6038834953125 0.572115384375 0.602912621875 0.572115384375 0.6223300968750001 0.54326923125 0.6223300968750001 0.5446428578125 0.6456310671875001 0.5714285718750001 0.6446601937499999 0.5714285718750001 0.667961165625
2 0.19436813125000002 0.233009709375 0.19436813125000002 0.26407767031249996 0.21909340624999998 0.26407767031249996 0.21840659375000002 0.23398058281249998 0.234890109375 0.23495145625 0.234890109375 0.2262135921875 0.21840659375000002 0.2262135921875 0.21703296718749998 0.1932038828125 0.19368131875 0.1941747578125 0.19368131875 0.22524271875 0.1771978015625 0.22524271875 0.1765109890625 0.23398058281249998 0.19436813125000002 0.233009709375
2 0.25618131875 0.232038834375 0.2548076921875 0.2407766984375 0.2699175828125 0.2407766984375 0.2706043953125 0.27475728125 0.285027471875 0.27378640781249997 0.28571428593750003 0.2407766984375 0.3008241765625 0.2417475734375 0.30151098906249996 0.23495145625 0.284340659375 0.23398058281249998 0.285027471875 0.2 0.271978021875 0.20097087343750003 0.271291209375 0.233009709375 0.25618131875 0.232038834375
4 0.416208790625 0.3456310671875 0.158653846875 0.3456310671875 0.158653846875 0.6262135921875001 0.416208790625 0.6262135921875001 0.416208790625 0.3456310671875
2 0.30700549375 0.36796116562500003 0.3138736265625 0.3689320390625 0.3138736265625 0.34757281562500003 0.334478021875 0.34757281562500003 0.334478021875 0.32427184531250003 0.3145604390625 0.32427184531250003 0.315247253125 0.302912621875 0.30837912031250003 0.3009708734375 0.30631868125 0.32524271875 0.2870879125 0.3262135921875 0.2864010984375 0.3456310671875 0.30837912031250003 0.34466019375 0.30700549375 0.36796116562500003
4 0.5082417578125 0.3456310671875 0.43063186875000004 0.3456310671875 0.43063186875000004 0.62524271875 0.5082417578125 0.62524271875 0.5082417578125 0.3456310671875
2 0.45398351718749996 0.3699029125 0.4601648359375 0.3689320390625 0.45947802187500003 0.3456310671875 0.47939560468750003 0.3466019421875 0.47939560468750003 0.3262135921875 0.458791209375 0.32427184531250003 0.45947802187500003 0.3038834953125 0.45398351718749996 0.30485436875 0.45260989062499996 0.3262135921875 0.43269230781249995 0.32427184531250003 0.43406593437499996 0.3456310671875 0.45329670312500003 0.3436893203125 0.45398351718749996 0.3699029125
1 0.565247253125 0.2563106796875 0.4896978015625 0.2563106796875 0.4896978015625 0.32524271875 0.565247253125 0.32524271875 0.565247253125 0.2563106796875
2 0.5260989015625 0.277669903125 0.528846153125 0.257281553125 0.5425824171875 0.2563106796875 0.5418956046875001 0.24757281562500003 0.527472528125 0.2456310671875 0.5260989015625 0.22524271875 0.5199175828125 0.2262135921875 0.5206043953124999 0.24757281562500003 0.5013736265625 0.24757281562500003 0.502747253125 0.257281553125 0.521291209375 0.257281553125 0.5206043953124999 0.2766990296875 0.5260989015625 0.277669903125
2 0.547390109375 0.2864077671875 0.54945055 0.298058253125 0.5631868124999999 0.2961165046875 0.565247253125 0.319417475 0.5789835171875 0.32038835 0.5803571421875 0.2941747578125 0.5934065937499999 0.2941747578125 0.5934065937499999 0.2864077671875 0.58104395625 0.28737864062499996 0.5803571421875 0.263106796875 0.565934065625 0.263106796875 0.565934065625 0.28543689375 0.547390109375 0.2864077671875
2 0.464972528125 0.2932038828125 0.464972528125 0.30582524218749996 0.48145604375 0.30485436875 0.48145604375 0.3281553390625 0.4890109890625 0.327184465625 0.4883241765625 0.30485436875 0.502747253125 0.30485436875 0.502747253125 0.29514563125 0.4876373625 0.2932038828125 0.48695055 0.2708737859375 0.48145604375 0.2699029125 0.48076923125000004 0.2941747578125 0.464972528125 0.2932038828125
4 0.8104395609375 0.3456310671875 0.51923076875 0.3456310671875 0.51923076875 0.62524271875 0.8104395609375 0.62524271875 0.8104395609375 0.3456310671875
2 0.60576923125 0.36796116562500003 0.6112637359375 0.36796116562500003 0.61195055 0.3456310671875 0.6332417578125 0.3456310671875 0.6339285718750001 0.32427184531250003 0.6133241765624999 0.32427184531250003 0.6140109890625001 0.30582524218749996 0.6078296703125 0.3067961171875 0.6078296703125 0.32524271875 0.587225275 0.32524271875 0.587225275 0.34466019375 0.60576923125 0.3436893203125 0.60576923125 0.36796116562500003
2 0.63804945 0.236893203125 0.63804945 0.24271844687500002 0.653159340625 0.2417475734375 0.652472528125 0.272815534375 0.6655219781249999 0.27378640781249997 0.6655219781249999 0.2466019421875 0.6792582421875 0.2456310671875 0.6799450546875 0.236893203125 0.6655219781249999 0.23592232968750002 0.6668956046875001 0.20582524218749998 0.652472528125 0.2067961171875 0.653159340625 0.23495145625 0.63804945 0.236893203125
1 0.653846153125 0.202912621875 0.578296703125 0.202912621875 0.578296703125 0.327184465625 0.653846153125 0.327184465625 0.653846153125 0.202912621875
2 0.596840659375 0.2262135921875 0.6030219781249999 0.2262135921875 0.6030219781249999 0.2038834953125 0.6174450546875 0.20485436875000002 0.6174450546875 0.192233009375 0.6023351640625 0.18932038906249998 0.6023351640625 0.1689320390625 0.5982142859375 0.16796116562500002 0.597527471875 0.1902912625 0.58173076875 0.1902912625 0.58173076875 0.20485436875000002 0.597527471875 0.202912621875 0.596840659375 0.2262135921875
6 0.6545329671875 0.327184465625 0.6325549453125 0.32912621406250003 0.6332417578125 0.3436893203125 0.8118131875 0.34466019375 0.8111263734374999 0.3281553390625 0.6641483515625 0.3281553390625 0.6641483515625 0.272815534375 0.6545329671875 0.272815534375 0.6545329671875 0.327184465625
6 0.6174450546875 0.1941747578125 0.6174450546875 0.201941746875 0.6545329671875 0.20097087343750003 0.6545329671875 0.20970873750000002 0.6641483515625 0.20970873750000002 0.6634615390625 0.142718446875 0.6552197796875 0.1417475734375 0.6545329671875 0.1941747578125 0.6174450546875 0.1941747578125
6 0.5425824171875 0.24757281562500003 0.5425824171875 0.2543689328125 0.5673076921875 0.2543689328125 0.5673076921875 0.262135921875 0.578296703125 0.26407767031249996 0.577609890625 0.201941746875 0.5824175828125 0.201941746875 0.5831043953124999 0.19514563125 0.577609890625 0.19514563125 0.578296703125 0.142718446875 0.5666208796875 0.1417475734375 0.56799450625 0.24757281562500003 0.5425824171875 0.24757281562500003
6 0.2884615390625 0.327184465625 0.283653846875 0.327184465625 0.284340659375 0.27378640781249997 0.271978021875 0.27378640781249997 0.271978021875 0.3262135921875 0.21565934062499997 0.3262135921875 0.21565934062499997 0.3436893203125 0.2891483515625 0.3436893203125 0.2884615390625 0.327184465625
1 0.2706043953125 0.16504854375 0.21565934062499997 0.16504854375 0.21565934062499997 0.3281553390625 0.2706043953125 0.3281553390625 0.2706043953125 0.16504854375
6 0.21565934062499997 0.160194175 0.21565934062499997 0.16796116562500002 0.271978021875 0.16699029062499998 0.2706043953125 0.202912621875 0.2822802203125 0.202912621875 0.2829670328125 0.1417475734375 0.271978021875 0.1417475734375 0.271978021875 0.1592233015625 0.21565934062499997 0.160194175
0 0.5666208796875 0.14368932031249998 0.48626373593750005 0.14368932031249998 0.48626373593750005 0.2485436890625 0.5666208796875 0.2485436890625 0.5666208796875 0.14368932031249998
6 0.503434065625 0.25533980624999997 0.502747253125 0.2485436890625 0.48626373593750005 0.2485436890625 0.48695055 0.142718446875 0.4828296703125 0.142718446875 0.48214285781250005 0.2718446609375 0.48626373593750005 0.272815534375 0.48695055 0.2563106796875 0.503434065625 0.25533980624999997
1 0.2706043953125 0.1417475734375 0.21703296718749998 0.1417475734375 0.21703296718749998 0.1582524265625 0.2706043953125 0.1582524265625 0.2706043953125 0.1417475734375
1 0.4800824171875 0.142718446875 0.283653846875 0.142718446875 0.283653846875 0.32524271875 0.4800824171875 0.32524271875 0.4800824171875 0.142718446875
0 0.653159340625 0.1417475734375 0.5796703296875 0.1417475734375 0.5796703296875 0.192233009375 0.653159340625 0.192233009375 0.653159340625 0.1417475734375
3 0.6572802203125 0.8242718453125001 0.6325549453125 0.8242718453125001 0.6325549453125 0.8436893203125001 0.6572802203125 0.8436893203125001 0.6572802203125 0.8242718453125001
6 0.8104395609375 0.6262135921875001 0.6043956046875001 0.6262135921875001 0.6043956046875001 0.6417475734375 0.8104395609375 0.6417475734375 0.8104395609375 0.6262135921875001
1 0.734203296875 0.14466019375 0.6641483515625 0.14466019375 0.6641483515625 0.3300970875 0.734203296875 0.3300970875 0.734203296875 0.14466019375
5 0.8385989015625 0.147572815625 0.7987637359375 0.14854368906249998 0.7980769234375 0.142718446875 0.7355769234375 0.142718446875 0.7362637359375 0.3281553390625 0.8392857140625001 0.3281553390625 0.8385989015625 0.147572815625