3 0.7502612328125 0.9465364953125001 0.7509578546875 0.8879590890625 0.7558342031249999 0.8879590890625 0.7551375828125 0.8628544874999999 0.73145245625 0.8628544874999999 0.7321490765625 0.9205020921875 0.057122954687500005 0.9223616921875 0.057819575 0.8888888890625 0.10309996562499998 0.8879590890625 0.10309996562499998 0.780102278125 0.057819575 0.779172478125 0.058516196875 0.06601580625 0.039010796874999996 0.06322640625 0.039010796874999996 0.9483960953125001 0.7502612328125 0.9465364953125001
7 0.318704284375 0.018131101562499998 0.146290490625 0.018131101562499998 0.146290490625 0.06694560625 0.318704284375 0.06694560625 0.318704284375 0.018131101562499998
7 0.6112852671875 0.018131101562499998 0.4388714734375 0.018131101562499998 0.4388714734375 0.06694560625 0.6112852671875 0.06694560625 0.6112852671875 0.018131101562499998
7 0.869383490625 0.018131101562499998 0.7230929984375 0.018131101562499998 0.7230929984375 0.06694560625 0.869383490625 0.06694560625 0.869383490625 0.018131101562499998
2 0.7586206890625 0.9177126921875001 0.7641936609375 0.9335192921875001 0.7725531171875 0.9521152953125 0.7809125734375 0.960483496875 0.8359456640625 0.8879590890625 0.8443051203125 0.8860994874999999 0.8443051203125 0.8637842859375 0.7551375828125 0.8619246859375 0.7544409609375 0.8963272906249999 0.7586206890625 0.9177126921875001
1 0.370602578125 0.9214318921875 0.7300592124999999 0.9214318921875 0.730755834375 0.8628544874999999 0.842911878125 0.8619246859375 0.842911878125 0.718735471875 0.890978753125 0.716875871875 0.89028213125 0.6118084609375 0.2647161265625 0.6108786609375 0.2647161265625 0.7131566703125001 0.369209334375 0.714086471875 0.370602578125 0.9214318921875
2 0.36921107656249996 0.74011855 0.3538819234375 0.74011855 0.3538819234375 0.8303138078125001 0.36921107656249996 0.8303138078125001 0.36921107656249996 0.74011855
2 0.578892371875 0.596004184375 0.5036572625 0.596004184375 0.5036572625 0.6090167359375 0.578892371875 0.6090167359375 0.578892371875 0.596004184375
2 0.8025026125 0.595069734375 0.7258777421875 0.595069734375 0.7258777421875 0.6080822875 0.8025026125 0.6080822875 0.8025026125 0.595069734375
3 0.4388714734375 0.016743374999999998 0.3176593515625 0.016743374999999998 0.3176593515625 0.06601813125 0.4388714734375 0.06601813125 0.4388714734375 0.016743374999999998
3 0.723787878125 0.0167364015625 0.610235109375 0.0167364015625 0.610235109375 0.06694560625 0.723787878125 0.06694560625 0.723787878125 0.0167364015625
3 0.9571577843749999 0.0176638765625 0.869383490625 0.0176638765625 0.869383490625 0.06601813125 0.9571577843749999 0.06601813125 0.9571577843749999 0.0176638765625
3 0.1476802515625 0.016729428125 0.0390073140625 0.016729428125 0.0390073140625 0.06508368125 0.1476802515625 0.06508368125 0.1476802515625 0.016729428125
3 0.36921107656249996 0.0641631796875 0.35319226718749996 0.0641631796875 0.35319226718749996 0.6099511859375 0.36921107656249996 0.6099511859375 0.36921107656249996 0.0641631796875
3 0.89028213125 0.6099488609375 0.8916753734375 0.716875871875 0.842911878125 0.717805671875 0.8436084984375001 0.8898186890625001 0.8617206546875 0.8888888890625 0.863113896875 0.7429102750000001 0.9571577843749999 0.7429102750000001 0.9578544062500001 0.06508600625 0.9383490078125 0.06508600625 0.9383490078125 0.6099488609375 0.89028213125 0.6099488609375
3 0.36921107656249996 0.7131589953125 0.35319226718749996 0.7131589953125 0.35319226718749996 0.739198046875 0.36921107656249996 0.739198046875 0.36921107656249996 0.7131589953125
3 0.37060083593750004 0.83124825625 0.35318181875 0.83124825625 0.35318181875 0.9223640171874999 0.37060083593750004 0.9223640171874999 0.37060083593750004 0.83124825625
6 0.9390438874999999 0.595069734375 0.8025026125 0.595069734375 0.8025026125 0.6099511859375 0.9390438874999999 0.6099511859375 0.9390438874999999 0.595069734375
6 0.5036520375 0.5959972109375 0.36851097187500004 0.5959972109375 0.36851097187500004 0.6099442125000001 0.5036520375 0.6099442125000001 0.5036520375 0.5959972109375
6 0.7272727265625 0.6090190609375 0.72657610625 0.595072059375 0.658307209375 0.596001859375 0.658307209375 0.06601580625 0.6471612671875 0.06601580625 0.6478578890625 0.596001859375 0.578892371875 0.596001859375 0.578892371875 0.6099488609375 0.7272727265625 0.6090190609375
4 0.10309996562499998 0.8879590890625 0.057122954687500005 0.8879590890625 0.057819575 0.9214318921875 0.35318704218749997 0.9214318921875 0.35318704218749997 0.7308228734375 0.25426680625000003 0.7308228734375 0.253570184375 0.6071594609375001 0.058516196875 0.6080892609374999 0.057819575 0.780102278125 0.10240334375 0.778242678125 0.10309996562499998 0.8879590890625
4 0.35318704218749997 0.06601580625 0.057819575 0.06508600625 0.057819575 0.593212459375 0.35318704218749997 0.593212459375 0.35318704218749997 0.06601580625
6 0.057122954687500005 0.6071594609375001 0.25426680625000003 0.6071594609375001 0.25426680625000003 0.7308228734375 0.3538836640625 0.7308228734375 0.3538836640625 0.7150162718749999 0.2626262625 0.714086471875 0.263322884375 0.594142259375 0.057122954687500005 0.594142259375 0.057122954687500005 0.6071594609375001
2 0.35318704218749997 0.593214784375 0.263322884375 0.593214784375 0.263322884375 0.6090167359375 0.35318704218749997 0.6090167359375 0.35318704218749997 0.593214784375
4 0.6464629046875 0.06601813125 0.36921107656249996 0.06601813125 0.36921107656249996 0.595069734375 0.6464629046875 0.595069734375 0.6464629046875 0.06601813125
4 0.9383437828125001 0.06601813125 0.659002090625 0.06601813125 0.659002090625 0.5941492328125 0.9383437828125001 0.5941492328125 0.9383437828125001 0.06601813125