7 0.40687074843750004 0.0975746265625 0.2315646265625 0.0975746265625 0.2315646265625 0.18369402968749998 0.40687074843750004 0.18369402968749998 0.40687074843750004 0.0975746265625
7 0.792789115625 0.0932835828125 0.537687075 0.0932835828125 0.537687075 0.1808208953125 0.792789115625 0.1808208953125 0.792789115625 0.0932835828125
7 0.9510884359375 0.49800373125 0.8673469390624999 0.49800373125 0.8673469390624999 0.6888619406250001 0.9510884359375 0.6888619406250001 0.9510884359375 0.49800373125
3 0.5415986390625 0.09615671718749999 0.4042517 0.09615671718749999 0.4042517 0.18227611875 0.5415986390625 0.18227611875 0.5415986390625 0.09615671718749999
4 0.38069073750000004 0.7304822046874999 0.58346415625 0.7290470703125 0.5847723703125001 0.9012629171875 0.8699633703125 0.898392653125 0.8660387249999999 0.17939150312500002 0.49712192499999996 0.1836969 0.49450549375 0.5080367390625 0.38069073750000004 0.5094718734375 0.38069073750000004 0.7304822046874999
2 0.4290947140625 0.545350171875 0.43956043906250003 0.54678530625 0.4421768703125 0.5080367390625 0.468341184375 0.5080367390625 0.468341184375 0.4850746265625 0.44086865625 0.48363949687499996 0.44086865625 0.4649827796875 0.431711146875 0.4649827796875 0.4264782828125 0.4865097578125 0.387231815625 0.4865097578125 0.387231815625 0.5094718734375 0.4290947140625 0.5094718734375 0.4290947140625 0.545350171875
3 0.1805337515625 0.8711251421874999 0.1282051296875 0.8711251421874999 0.1282051296875 0.909873709375 0.090266878125 0.9084385749999999 0.0706436421875 0.8897818578125 0.06279434687499999 0.898392653125 0.0915750921875 0.9270952906250001 0.07587650312500001 0.9342709515625 0.06279434687499999 0.9414466125000001 0.0641025640625 0.9586681984375 0.1007326015625 0.983065440625 0.10727367968749998 0.9787600453125 0.0954997375 0.9629735937499999 0.9536891671875001 0.9529276671875 0.9536891671875001 0.6859931125000001 0.8712715843750001 0.6874282421875 0.868655153125 0.898392653125 0.1805337515625 0.9070034437500001 0.1805337515625 0.8711251421874999
1 0.47880952343749994 0.7577425375 0.18316326562500002 0.7577425375 0.18316326562500002 0.904123134375 0.47880952343749994 0.904123134375 0.47880952343749994 0.7577425375
2 0.300889584375 0.76923076875 0.31527995937500003 0.7677956375 0.3139717421875 0.7520091859375 0.34536891875000003 0.7548794484375 0.347985346875 0.7319173359375 0.3126635265625 0.7333524703125 0.3126635265625 0.7218714109375 0.2969649390625 0.7218714109375 0.295656725 0.7333524703125 0.2694924109375 0.7333524703125 0.2694924109375 0.7534443171875 0.300889584375 0.7520091859375 0.300889584375 0.76923076875
2 0.4225536359375 0.780711825 0.4330193609375 0.780711825 0.431711146875 0.7534443171875 0.4722658296875 0.7520091859375 0.4722658296875 0.7333524703125 0.431711146875 0.7347876 0.43040293125 0.7218714109375 0.42124542187499997 0.7218714109375 0.42124542187499997 0.7333524703125 0.38854003125 0.7319173359375 0.3898482484375 0.7548794484375 0.42124542187499997 0.7548794484375 0.4225536359375 0.780711825
1 0.5612414968749999 0.7505597015625 0.5023639453125 0.7505597015625 0.5023639453125 0.8998134328124999 0.5612414968749999 0.8998134328124999 0.5612414968749999 0.7505597015625
2 0.5651491359375 0.8180252578125 0.5651491359375 0.8639494843750001 0.586080584375 0.86251435 0.5847723703125001 0.820895521875 0.6070120343750001 0.820895521875 0.6083202515624999 0.8051090703125 0.580847725 0.8051090703125 0.57953950625 0.7677956375 0.563840921875 0.76923076875 0.563840921875 0.8036739359375 0.54683411875 0.8051090703125 0.5429094734375 0.8194603921875 0.5651491359375 0.8180252578125
2 0.11250654062500001 0.8137198625 0.11250654062500001 0.8252009171875001 0.1268969109375 0.8252009171875001 0.1268969109375 0.87399540625 0.1805337515625 0.87399540625 0.181841965625 0.8280711828125 0.19884876875 0.8295063140625001 0.19884876875 0.8151549921875001 0.181841965625 0.8122847312499999 0.1844583984375 0.7649253734375 0.12951334375 0.7649253734375 0.1268969109375 0.8151549921875001 0.11250654062500001 0.8137198625
3 0.8673469390624999 0.500861078125 0.9510727375 0.500861078125 0.9497645203125 0.0904133171875 0.79277865 0.0904133171875 0.79277865 0.17939150312500002 0.8660387249999999 0.17795637343749998 0.8673469390624999 0.500861078125
3 0 0.213834671875 0.07980115 0.2726750859375 0.086342228125 0.25832376562500003 0.0052328640625 0.1980482203125 0.0052328640625 0.18800229531249998 0.1308215578125 0.18800229531249998 0.12951334375 0.766360503125 0.17791732031250002 0.766360503125 0.1805337515625 0.1836969 0.23678702343750002 0.18226176875 0.23547880625 0.097588978125 0.037938251562500004 0.097588978125 0.0248560953125 0.08610792187500001 0.019623234375 0.097588978125 0.0470957625 0.140642940625 0.0340136046875 0.152123996875 0 0.15929965625 0 0.213834671875
6 0.481423340625 0.9041331796875 0.49712192499999996 0.9041331796875 0.49843014218750004 0.749138921875 0.5651491359375 0.749138921875 0.563840921875 0.76923076875 0.57953950625 0.76923076875 0.5821559390625 0.7319173359375 0.47357404374999995 0.7319173359375 0.4748822625 0.749138921875 0.48534798593749995 0.7505740515625 0.481423340625 0.9041331796875
6 0.5821428578125001 0.86251865625 0.5638435375 0.86251865625 0.5638435375 0.904123134375 0.5821428578125001 0.904123134375 0.5821428578125001 0.86251865625
6 0.2694897953125 0.7376679109375 0.1792176875 0.7376679109375 0.1792176875 0.7534514921875 0.2694897953125 0.7534514921875 0.2694897953125 0.7376679109375
0 0.361071428125 0.5109328359374999 0.1818537421875 0.5109328359374999 0.1818537421875 0.73623134375 0.361071428125 0.73623134375 0.361071428125 0.5109328359374999
6 0.38459183750000003 0.4908022390625 0.1792176875 0.4908022390625 0.1792176875 0.5065858203125 0.38459183750000003 0.5065858203125 0.38459183750000003 0.4908022390625
6 0.46703296562499996 0.4850746265625 0.468341184375 0.5066016078125 0.4931972796875 0.5066016078125 0.49450549375 0.1836969 0.4761904765625 0.180826634375 0.4761904765625 0.4865097578125 0.46703296562499996 0.4850746265625
6 0.3898482484375 0.7347876 0.38069073750000004 0.7333524703125 0.38069073750000004 0.5066016078125 0.361067503125 0.5080367390625 0.3623757203125 0.7333524703125 0.3440607 0.7347876 0.3427524859375 0.7520091859375 0.387231815625 0.7548794484375 0.3898482484375 0.7347876
4 0.47489795937499996 0.185130596875 0.1805442171875 0.185130596875 0.1805442171875 0.48651119375 0.47489795937499996 0.48651119375 0.47489795937499996 0.185130596875