5 0.499144021875 0.8488911296874999 0.25172554375 0.8488911296874999 0.25172554375 0.9592540328125001 0.499144021875 0.9592540328125001 0.499144021875 0.8488911296874999
7 0.8266983703124999 0.8281754031249999 0.683519021875 0.8281754031249999 0.683519021875 0.8506552421875 0.8266983703124999 0.8506552421875 0.8266983703124999 0.8281754031249999
7 0.2853396734375 0.526522178125 0.2518885875 0.526522178125 0.2518885875 0.632752015625 0.2853396734375 0.632752015625 0.2853396734375 0.526522178125
7 0.28426630468749997 0.69478830625 0.25187499999999996 0.69478830625 0.25187499999999996 0.800252015625 0.28426630468749997 0.800252015625 0.28426630468749997 0.69478830625
7 0.9312364125 0.521875 0.9019701093749999 0.521875 0.9019701093749999 0.596310484375 0.9312364125 0.596310484375 0.9312364125 0.521875
3 0.881061871875 0.46293424375000003 0.8814538046875 0.49143145156249995 0.9001358703125 0.4920614921875 0.900919734375 0.5210918109375 0.9333193968750001 0.5226426796875 0.9333193968750001 0.4404466484375 0.904055184375 0.4404466484375 0.9019648828125 0.46293424375000003 0.881061871875 0.46293424375000003
7 0.9312364125 0.4102016125 0.9009375000000001 0.4102016125 0.9009375000000001 0.4404435484375 0.9312364125 0.4404435484375 0.9312364125 0.4102016125
7 0.284293478125 0.16362903281250002 0.25293478281250004 0.16362903281250002 0.25293478281250004 0.2683064515625 0.284293478125 0.2683064515625 0.284293478125 0.16362903281250002
4 0.8994565218749999 0.11088709687500001 0.4646739125 0.11088709687500001 0.2844769015625 0.11088709687500001 0.287873640625 0.3106098796875 0.875 0.3145161296875 0.8994565218749999 0.298387096875 0.8994565218749999 0.11088709687500001
7 0.8267119562499999 0.08684475781249999 0.685625 0.08684475781249999 0.685625 0.109324596875 0.8267119562499999 0.109324596875 0.8267119562499999 0.08684475781249999
3 0.6877038046874999 0.0860685484375 0.4640353265625 0.0860685484375 0.4640353265625 0.109334678125 0.6877038046874999 0.109334678125 0.6877038046874999 0.0860685484375
3 0.284293478125 0.0860685484375 0.25293478281250004 0.0860685484375 0.25293478281250004 0.1636088703125 0.284293478125 0.1636088703125 0.284293478125 0.0860685484375
3 0.2853260875 0.63197580625 0.25293478281250004 0.63197580625 0.25293478281250004 0.695564515625 0.2853260875 0.695564515625 0.2853260875 0.63197580625
3 0.2863712359375 0.82893920625 0.2853260875 0.79947270625 0.251881271875 0.8002481390625 0.252926421875 0.84987593125 0.6866638796875 0.84987593125 0.685618728125 0.828163771875 0.2863712359375 0.82893920625
3 0.932274246875 0.5970843671875 0.904055184375 0.597859803125 0.89987458125 0.828163771875 0.8277591984375 0.8273883359375 0.826714046875 0.850651365625 0.9333193968750001 0.850651365625 0.932274246875 0.5970843671875
3 0.2539715703125 0.26907568125000003 0.252926421875 0.3691067 0.2842809375 0.3691067 0.2863712359375 0.2683002484375 0.2539715703125 0.26907568125000003
3 0.28427989062500003 0.4148689515625 0.2508288046875 0.4148689515625 0.2508288046875 0.528074596875 0.28427989062500003 0.528074596875 0.28427989062500003 0.4148689515625
3 0.60827445625 0.479213709375 0.5737907609375 0.479213709375 0.5737907609375 0.505584678125 0.60827445625 0.505584678125 0.60827445625 0.479213709375
3 0.89987458125 0.293889578125 0.8789715703125 0.31094913125 0.882107025 0.32413151406249996 0.904055184375 0.32413151406249996 0.904055184375 0.41098014843749997 0.932274246875 0.4117555828125 0.932274246875 0.085297765625 0.825668896875 0.0860732015625 0.825668896875 0.10933622812499999 0.900919734375 0.11088709687500001 0.89987458125 0.293889578125
2 0.6343410328125 0.677293346875 0.61141304375 0.67666330625 0.610563859375 0.6558719765625 0.59188179375 0.657762096875 0.591032609375 0.6779233875 0.56640625 0.6785534281250001 0.5630095109375 0.6861139109375001 0.5884850546875 0.6867439515625 0.591032609375 0.7056451609375001 0.61141304375 0.7050151203125 0.612262228125 0.68485383125 0.6360394015625 0.6861139109375001 0.6343410328125 0.677293346875
3 0.6103668484375 0.6389516125 0.5758831515625 0.6389516125 0.5758831515625 0.6583467734374999 0.6103668484375 0.6583467734374999 0.6103668484375 0.6389516125
2 0.5681046203125 0.618699596875 0.591032609375 0.618699596875 0.59188179375 0.636970765625 0.612262228125 0.63760080625 0.612262228125 0.618699596875 0.637737771875 0.61806955625 0.639436140625 0.61239919375 0.6148097828125 0.613029234375 0.61141304375 0.592237903125 0.591032609375 0.592237903125 0.592730978125 0.613029234375 0.567255434375 0.613029234375 0.5681046203125 0.618699596875
2 0.5681046203125 0.4000756046875 0.5689538046875 0.4063760078125 0.5893342390625 0.40448588750000003 0.5901834234375001 0.423387096875 0.61141304375 0.423387096875 0.612262228125 0.405115928125 0.6360394015625 0.4063760078125 0.6368885875 0.4000756046875 0.6139605984375 0.4007056453125 0.6139605984375 0.3818044359375 0.59188179375 0.3818044359375 0.5935801625 0.3994455640625 0.5681046203125 0.4000756046875
2 0.2505095109375 0.39566532187500003 0.2505095109375 0.4139364921875 0.2844769015625 0.4145665328125 0.2844769015625 0.3950352828125 0.311650815625 0.3944052421875 0.313349184375 0.38936491875 0.2844769015625 0.3887348796875 0.2844769015625 0.36983366875 0.2496603265625 0.36857358906250004 0.24881114062499998 0.38936491875 0.2258831515625 0.38936491875 0.22673233750000002 0.3950352828125 0.2505095109375 0.39566532187500003
1 0.46281249999999996 0.018276209374999998 0.2708831515625 0.018276209374999998 0.2708831515625 0.08507056406249999 0.46281249999999996 0.08507056406249999 0.46281249999999996 0.018276209374999998
6 0.463654890625 0.08505544375 0.4763926625 0.08505544375 0.47724184843749995 0.0063004031249999995 0.2505095109375 0.0063004031249999995 0.25220787968749997 0.08694556406250001 0.266644021875 0.0863155234375 0.26919157656250003 0.0176411296875 0.461956521875 0.017011089062500002 0.463654890625 0.08505544375
6 0.592730978125 0.383064515625 0.61141304375 0.38243447656249996 0.610563859375 0.325730846875 0.8823029890624999 0.32636088750000003 0.8823029890624999 0.3125 0.481487771875 0.3125 0.481487771875 0.32699092812499997 0.592730978125 0.32699092812499997 0.592730978125 0.383064515625
3 0.61139945625 0.29989919375 0.5765896734375 0.29989919375 0.5765896734375 0.31502016093749996 0.61139945625 0.31502016093749996 0.61139945625 0.29989919375
1 0.5918885875 0.3276209671875 0.2853396734375 0.3276209671875 0.2853396734375 0.47693548437500005 0.5918885875 0.47693548437500005 0.5918885875 0.3276209671875
6 0.3812907609375 0.31186491875 0.2827853265625 0.31186491875 0.2827853265625 0.32636088750000003 0.3812907609375 0.32636088750000003 0.3812907609375 0.31186491875
4 0.57235054375 0.507182459375 0.571501359375 0.493321571875 0.2853260875 0.491935484375 0.28702445625 0.8285030234375 0.592730978125 0.8285030234375 0.59188179375 0.507182459375 0.57235054375 0.507182459375
6 0.3812907609375 0.4769455640625 0.284470109375 0.4769455640625 0.284470109375 0.4926915328125 0.3812907609375 0.4926915328125 0.3812907609375 0.4769455640625
6 0.5749048906249999 0.4775705640625 0.4806385875 0.4775705640625 0.4806385875 0.49206653281249996 0.5749048906249999 0.49206653281249996 0.5749048906249999 0.4775705640625
6 0.6097146734375001 0.423397178125 0.592730978125 0.423397178125 0.592730978125 0.4794657265625 0.6097146734375001 0.4794657265625 0.6097146734375001 0.423397178125
4 0.9018342390624999 0.4920564515625 0.610557065625 0.4920564515625 0.610557065625 0.6413709671875 0.9018342390624999 0.6413709671875 0.9018342390624999 0.4920564515625
6 0.8814538046875 0.477560484375 0.6088722828125 0.477560484375 0.6088722828125 0.49143145156249995 0.8814538046875 0.49143145156249995 0.8814538046875 0.477560484375
6 0.6097282609375 0.5052923390624999 0.59358695625 0.5052923390624999 0.59358695625 0.593497984375 0.6097282609375 0.593497984375 0.6097282609375 0.5052923390624999
4 0.9009918484374999 0.657762096875 0.612269021875 0.657762096875 0.612269021875 0.8291330640625001 0.9009918484374999 0.8291330640625001 0.9009918484374999 0.657762096875
6 0.9026766296875 0.6420060484375 0.6097146734375001 0.6420060484375 0.6097146734375001 0.656502015625 0.9026766296875 0.656502015625 0.9026766296875 0.6420060484375
6 0.610557065625 0.7050201609375 0.5935733703125 0.7050201609375 0.5935733703125 0.8291330640625001 0.610557065625 0.8291330640625001 0.610557065625 0.7050201609375
2 0.481494565625 0.4769455640625 0.3812771734375 0.4769455640625 0.3812771734375 0.4926915328125 0.481494565625 0.4926915328125 0.481494565625 0.4769455640625
2 0.481480978125 0.31186491875 0.38297554375 0.31186491875 0.38297554375 0.3276108875 0.481480978125 0.3276108875 0.481480978125 0.31186491875
6 0.25560462031250003 0.47190020156249995 0.13077445625 0.47190020156249995 0.131623640625 0.3219506046875 0.1528532609375 0.3219506046875 0.15200407656249998 0.31123991875 0.11463994531249999 0.311869959375 0.11463994531249999 0.4845010078125 0.254755434375 0.4838709671875 0.25560462031250003 0.47190020156249995
5 0.253043478125 0.1783064515625 0.1469021734375 0.1783064515625 0.1469021734375 0.3213306453125 0.253043478125 0.3213306453125 0.253043478125 0.1783064515625
1 0.25221467343750004 0.32320564531249996 0.1333288046875 0.32320564531249996 0.1333288046875 0.4712701609375 0.25221467343750004 0.4712701609375 0.25221467343750004 0.32320564531249996
4 0.9021739125 0.46169354843750005 0.8994565218749999 0.32459677343750004 0.614130434375 0.32459677343750004 0.614130434375 0.47782258125 0.879755434375 0.47694052343750004 0.879755434375 0.46181955625000004 0.9021739125 0.46169354843750005
2 0.46281249999999996 0.08567540312500001 0.2827853265625 0.08567540312500001 0.2827853265625 0.110252015625 0.46281249999999996 0.110252015625 0.46281249999999996 0.08567540312500001