3 0.3828451890625 0.9010067109375001 0.31014644375 0.9026845640625 0.31014644375 0.877516778125 0.27196652656250003 0.877516778125 0.2724895390625 0.9043624156250001 0.090481171875 0.9093959734375 0.086820084375 0.653523490625 0.1412133890625 0.6510067109375 0.1412133890625 0.614093959375 0.088389121875 0.614093959375 0.088389121875 0.5478187921875 0.06746861875 0.5478187921875 0.0716527203125 0.9748322140625 0.09152719687500001 0.9731543625000001 0.09100418437499999 0.9563758390625001 0.3833682015625 0.9479865765625 0.3828451890625 0.9010067109375001
2 0.2703974890625 0.8431208046875 0.2714435140625 0.85318791875 0.278765690625 0.8540268453125 0.278765690625 0.8699664421875 0.2928870296875 0.8691275171875 0.2934100421875 0.85318791875 0.3028242671875 0.8540268453125 0.3038702921875 0.8422818796874999 0.2928870296875 0.8431208046875 0.2934100421875 0.8255033562499999 0.28033472812500004 0.8255033562499999 0.279811715625 0.8431208046875 0.2703974890625 0.8431208046875
1 0.4277928875 0.5746644296875 0.3843828453125 0.5738255031249999 0.38490585781250003 0.5352349000000001 0.2970397484375 0.537751678125 0.2965167359375 0.571308725 0.2661820078125 0.569630871875 0.2661820078125 0.5394295296875 0.217018828125 0.5385906046875 0.217018828125 0.51761745 0.279780334375 0.5167785234375 0.278211296875 0.373322146875 0.149027196875 0.376677853125 0.147458159375 0.46979865781249996 0.085742678125 0.47147650937499996 0.08940376562499999 0.614093959375 0.1432740578125 0.6132550328125 0.1417050203125 0.6291946312500001 0.3864748953125 0.626677853125 0.3869979078125 0.7978187921875 0.48741631874999997 0.7961409390624999 0.48793933125000005 0.7768456375 0.5140899578125 0.7768456375 0.5151359828125 0.7944630874999999 0.779288703125 0.7869127515625001 0.781380753125 0.696308725 0.724372384375 0.696308725 0.7248640171875 0.73238255 0.4288389125 0.73657718125 0.4277928875 0.5746644296875
2 0.39487447656249997 0.7172818796875 0.3865062765625 0.7181208046875 0.38546025156249997 0.6971476515624999 0.37290795 0.6971476515624999 0.3723849375 0.7197986578125 0.367677825 0.71895973125 0.3682008375 0.7290268453125 0.37343096249999996 0.7290268453125 0.37290795 0.7508389265625001 0.3880753140625 0.751677853125 0.38859832656250004 0.7315436234375 0.3953974890625 0.73238255 0.39487447656249997 0.7172818796875
2 0.4571129703125 0.7583892624999999 0.46182008437500005 0.7583892624999999 0.46182008437500005 0.739093959375 0.46705020937499997 0.7407718125 0.46809623437500003 0.7156040265625 0.462866109375 0.7156040265625 0.462866109375 0.70134228125 0.45606694531249997 0.70134228125 0.4555439328125 0.7156040265625 0.44874477031250004 0.7147650999999999 0.45031380781249997 0.7407718125 0.4565899578125 0.739093959375 0.4571129703125 0.7583892624999999
6 0.446642259375 0.6342281875 0.447165271875 0.618288590625 0.43827405781250006 0.6191275171874999 0.438797071875 0.5729865765625 0.4910983265625 0.5721476515624999 0.4910983265625 0.560402684375 0.4377510453125 0.5620805375 0.4372280328125 0.49748322187499994 0.42885983281250006 0.4966442953125 0.42938284531250004 0.489093959375 0.42101464375 0.489093959375 0.42101464375 0.498322146875 0.384403765625 0.49916107343749994 0.384926778125 0.51342281875 0.38074267812499996 0.51342281875 0.38074267812499996 0.533557046875 0.385972803125 0.533557046875 0.384403765625 0.5738255031249999 0.39591004218750003 0.5746644296875 0.3969560671875 0.5595637578125 0.3932949796875 0.5595637578125 0.3932949796875 0.5100671140624999 0.42885983281250006 0.5092281875 0.42938284531250004 0.55788590625 0.4246757328125 0.5595637578125 0.4246757328125 0.5721476515624999 0.42938284531250004 0.5704697984375 0.4299058578125 0.73657718125 0.450303346875 0.7374161078125 0.450303346875 0.7197986578125 0.43984309687499995 0.721476509375 0.43984309687499995 0.6342281875 0.446642259375 0.6342281875
2 0.4832635984375 0.7525167781250001 0.48797071093750005 0.7550335578125 0.4884937234375 0.7407718125 0.4942468625 0.7399328859375001 0.4942468625 0.71895973125 0.48744769843749997 0.7197986578125 0.48744769843749997 0.7046979859375 0.48221757343749994 0.7038590609375001 0.4827405859375 0.7172818796875 0.47646443437499997 0.716442953125 0.475418409375 0.739093959375 0.4837866109375 0.7399328859375001 0.4832635984375 0.7525167781250001
0 0.4931903765625 0.6350838921874999 0.44036610937500004 0.6350838921874999 0.44036610937500004 0.718137584375 0.4931903765625 0.718137584375 0.4931903765625 0.6350838921874999
2 0.45449790781250005 0.6459731546875 0.4592050203125 0.645134228125 0.46025104531250005 0.6367449671875 0.469665271875 0.6375838921875 0.469142259375 0.6149328859375001 0.4607740578125 0.6166107375000001 0.4607740578125 0.60738255 0.4550209203125 0.604865771875 0.45397489531249996 0.614093959375 0.4456066953125 0.614093959375 0.4461297078125 0.635906040625 0.45449790781250005 0.6367449671875 0.45449790781250005 0.6459731546875
0 0.4822071125 0.5184731546875 0.438797071875 0.5184731546875 0.438797071875 0.5595805375 0.4822071125 0.5595805375 0.4822071125 0.5184731546875
2 0.4497907953125 0.528523490625 0.45449790781250005 0.524328859375 0.45449790781250005 0.515100671875 0.464435146875 0.5142617453125 0.464435146875 0.493288590625 0.4529288703125 0.4949664421875 0.4534518828125 0.47818791875000005 0.44508368125000003 0.47818791875000005 0.4461297078125 0.4949664421875 0.43671548125 0.4949664421875 0.43776150625000004 0.51761745 0.4492677828125 0.51761745 0.4497907953125 0.528523490625
2 0.408995815625 0.5897650999999999 0.41317991562499995 0.5906040265625 0.41370292812500004 0.5738255031249999 0.4252092046875 0.5746644296875 0.4257322171875 0.555369128125 0.41370292812500004 0.556208053125 0.41317991562499995 0.541946309375 0.408472803125 0.541946309375 0.40742677812499994 0.5545302015625 0.39592050156249997 0.555369128125 0.39696652656250003 0.5738255031249999 0.408472803125 0.5729865765625 0.408995815625 0.5897650999999999
1 0.271935146875 0.8758389265625001 0.28134937187500003 0.8758389265625001 0.279780334375 0.6501677859375 0.20969665312500002 0.6518456375 0.212311715625 0.9043624156250001 0.272458159375 0.903523490625 0.271935146875 0.8758389265625001
2 0.246861925 0.6770134234375 0.2526150625 0.6761744968750001 0.25313807499999996 0.6518456375 0.26621338906249997 0.6526845640625 0.2677824265625 0.6291946312500001 0.25 0.626677853125 0.251046025 0.6057046984375 0.24476987499999997 0.604865771875 0.2442468625 0.626677853125 0.2316945609375 0.626677853125 0.2316945609375 0.6526845640625 0.24738493749999999 0.6518456375 0.246861925 0.6770134234375
2 0.1725941421875 0.6770134234375 0.1773012546875 0.6778523484375001 0.1783472796875 0.654362415625 0.19142259374999998 0.6552013421875 0.19194560624999998 0.6300335578125 0.1773012546875 0.631711409375 0.1773012546875 0.60738255 0.1736401671875 0.60738255 0.1725941421875 0.6291946312500001 0.158995815625 0.6291946312500001 0.159518828125 0.6518456375 0.1720711296875 0.6518456375 0.1725941421875 0.6770134234375
2 0.3629707109375 0.54949664375 0.36872384999999996 0.5511744968750001 0.3682008375 0.536073825 0.38023012500000003 0.536073825 0.38023012500000003 0.5125838921875 0.36872384999999996 0.5142617453125 0.36872384999999996 0.5008389265625001 0.3629707109375 0.5008389265625001 0.36140167343749996 0.510906040625 0.35198744843749996 0.5100671140624999 0.350941421875 0.533557046875 0.3629707109375 0.5343959734375 0.3629707109375 0.54949664375
3 0.12498953906250002 0.47063758437500003 0.1485251046875 0.47063758437500003 0.1485251046875 0.377516778125 0.22749999999999998 0.376677853125 0.22854602499999999 0.3489932890625 0.0852405859375 0.35234899375 0.0841945609375 0.203020134375 0.2777092046875 0.19630872500000002 0.2787552296875 0.34563758437500003 0.25574267812499996 0.34563758437500003 0.255219665625 0.3716442953125 0.2792782421875 0.37080536875000003 0.2792782421875 0.37919463124999997 0.29496861874999997 0.37919463124999997 0.29444560625 0.21895973125 0.30908995781250004 0.21895973125 0.3085669453125 0.19630872500000002 0.4351359828125 0.19127516718749998 0.4346129703125 0.1518456375 0.0836820078125 0.15771812031250002 0.0831589953125 0.149328859375 0.06223849375 0.149328859375 0.06694560625 0.4874161078125 0.0852510453125 0.489093959375 0.0841945609375 0.3758389265625 0.126558578125 0.3758389265625 0.12498953906250002 0.47063758437500003
2 0.412656903125 0.3892617453125 0.412133890625 0.39765100625 0.4184100421875 0.4001677859375 0.41893305468750003 0.416946309375 0.4293933046875 0.416946309375 0.4293933046875 0.3984899328125 0.43566945625000003 0.3984899328125 0.43410041875000005 0.3892617453125 0.42991631874999997 0.3867449671875 0.42991631874999997 0.3699664421875 0.4215481171875 0.3699664421875 0.4215481171875 0.390100671875 0.412656903125 0.3892617453125
2 0.412133890625 0.2818791953125 0.412656903125 0.29278523437500004 0.41736401718750005 0.29278523437500004 0.41893305468750003 0.31375838906250003 0.4283472796875 0.31627516718750004 0.4288702921875 0.2936241609375 0.43619246875 0.2953020140625 0.43619246875 0.283557046875 0.4283472796875 0.2827181203125 0.4293933046875 0.26342281875 0.4194560671875 0.2625838921875 0.4199790796875 0.2827181203125 0.412133890625 0.2818791953125
2 0.2358786609375 0.33640939531249997 0.2364016734375 0.346476509375 0.2285564859375 0.34563758437500003 0.2285564859375 0.376677853125 0.2390167359375 0.3758389265625 0.24006276093749998 0.385906040625 0.2463389125 0.385906040625 0.24581590000000003 0.375 0.2567991625 0.375 0.25627615000000004 0.3447986578125 0.2442468625 0.346476509375 0.24372385 0.33640939531249997 0.2358786609375 0.33640939531249997
2 0.1976987453125 0.265939596875 0.19874477031249999 0.2818791953125 0.21129707187500002 0.2818791953125 0.21129707187500002 0.3028523484375 0.223849371875 0.303691275 0.22437238437499998 0.27936241562499997 0.23744769843750002 0.278523490625 0.23744769843750002 0.26929530156250003 0.224895396875 0.26929530156250003 0.22541840937500002 0.2466442953125 0.213389121875 0.2466442953125 0.212866109375 0.2667785234375 0.1976987453125 0.265939596875
2 0.10460251093749999 0.49077181249999996 0.11035564843750001 0.49244966406249996 0.11087866093750001 0.47147650937499996 0.119769875 0.4739932890625 0.1202928875 0.4563758390625 0.10983263593749999 0.4563758390625 0.11035564843750001 0.4362416109375 0.1051255234375 0.4362416109375 0.1040794984375 0.45385906093750006 0.092050209375 0.453020134375 0.094665271875 0.47147650937499996 0.10564853593750001 0.4723154359375 0.10460251093749999 0.49077181249999996
2 0.75209205 0.7055369125000001 0.7583682015625001 0.7063758390625 0.7599372390625 0.6996644296875 0.7719665265625 0.6988255031249999 0.7724895390625 0.6753355703125 0.7578451890625 0.6761744968750001 0.7578451890625 0.6686241609375 0.7505230125 0.6661073828124999 0.7510460250000001 0.6770134234375 0.7379707109375 0.6761744968750001 0.7374476984375 0.696308725 0.7515690375 0.696308725 0.75209205 0.7055369125000001
2 0.6521966531250001 0.7458053687499999 0.653242678125 0.7315436234375 0.662656903125 0.73238255 0.661087865625 0.7088926171875001 0.653242678125 0.708053690625 0.651150628125 0.6979865765625 0.6453974890625 0.70050335625 0.6459205015625 0.7114093953125 0.6359832640625 0.7114093953125 0.6354602515625001 0.7332214765625 0.6474895390625 0.7332214765625 0.6474895390625 0.7449664421875 0.6521966531250001 0.7458053687499999
2 0.8577405859375 0.7525167781250001 0.8572175734374999 0.76342281875 0.8619246859375 0.7642617453125 0.8629707109375 0.7818791953125 0.8744769874999999 0.7827181203125 0.873953975 0.7642617453125 0.8791841 0.765100671875 0.880230125 0.7541946312500001 0.876046025 0.7541946312500001 0.8765690375 0.73657718125 0.8634937234375 0.7382550328125 0.8634937234375 0.7508389265625001 0.8577405859375 0.7525167781250001
2 0.7719665265625 0.7541946312500001 0.7730125515624999 0.76761745 0.779811715625 0.7684563765625 0.779288703125 0.7869127515625001 0.7949790796875 0.7885906046875 0.7939330546875001 0.765939596875 0.8007322171875 0.765939596875 0.7996861921875 0.7541946312500001 0.7939330546875001 0.7541946312500001 0.7934100421875 0.734899328125 0.780857740625 0.7357382546875 0.780857740625 0.7550335578125 0.7719665265625 0.7541946312500001
2 0.7510460250000001 0.846476509375 0.7594142265625 0.8456375843749999 0.7594142265625 0.8204697984375 0.774058578125 0.8221476515624999 0.7727510453125 0.7885906046875 0.7596757328125 0.7885906046875 0.7583682015625001 0.7760067109375 0.75209205 0.7760067109375 0.7511767781249999 0.7896392624999999 0.7354864015625 0.7896392624999999 0.7358786609375 0.8204697984375 0.75209205 0.821308725 0.7510460250000001 0.846476509375
6 0.4283368203125 0.42953020156250005 0.42885983281250006 0.416946309375 0.42101464375 0.417785234375 0.42101464375 0.45553691250000006 0.42885983281250006 0.45553691250000006 0.4283368203125 0.4429530203125 0.4842991625 0.4404362421875 0.48377615 0.498322146875 0.49371338906249995 0.5 0.4926673640625 0.44379194687499995 0.505219665625 0.44211409375 0.506265690625 0.417785234375 0.4968514640625 0.417785234375 0.4973744765625 0.428691275 0.4283368203125 0.42953020156250005
1 0.5015690375 0.4429697984375 0.4932008375 0.4429697984375 0.4932008375 0.495822146875 0.5015690375 0.495822146875 0.5015690375 0.4429697984375
2 0.5 0.47651006718750005 0.5010460250000001 0.49244966406249996 0.5099372390625 0.4941275171875 0.5094142265625 0.47818791875000005 0.5156903765624999 0.475671140625 0.5156903765624999 0.463926175 0.5088912140625 0.4630872484375 0.5067991625 0.4429530203125 0.5015690375 0.44379194687499995 0.5026150625 0.46140939531249997 0.49476987499999997 0.46140939531249997 0.49476987499999997 0.4748322140625 0.5 0.47651006718750005
2 0.41004184062500004 0.46895973125 0.41004184062500004 0.47734899375 0.41893305468750003 0.479865771875 0.4184100421875 0.49077181249999996 0.4293933046875 0.493288590625 0.4293933046875 0.48070469843749997 0.44037656875 0.47734899375 0.44037656875 0.46812080468749995 0.43096234375 0.46812080468749995 0.43148535624999995 0.45553691250000006 0.4199790796875 0.4563758390625 0.42050209218749995 0.46979865781249996 0.41004184062500004 0.46895973125
2 0.49476987499999997 0.291946309375 0.49476987499999997 0.31040268437499996 0.5062761499999999 0.31124161093749997 0.5057531375 0.2953020140625 0.5109832640625 0.2944630875 0.5115062765625 0.2827181203125 0.5041841 0.2818791953125 0.5036610875 0.265100671875 0.4932008375 0.2667785234375 0.4932008375 0.28104026875 0.48744769843749997 0.283557046875 0.48797071093750005 0.29110738281250004 0.49476987499999997 0.291946309375
6 0.43199790781249997 0.2600671140625 0.4314748953125 0.24496644218750002 0.42676778281249994 0.24328859062500002 0.42676778281249994 0.19127516718749998 0.41892259374999996 0.1929530203125 0.41996861875 0.26342281875 0.42676778281249994 0.26342281875 0.4299058578125 0.2583892625 0.43199790781249997 0.2600671140625
1 0.49525104531249997 0.263406040625 0.4293514640625 0.263406040625 0.4293514640625 0.4253187921875 0.49525104531249997 0.4253187921875 0.49525104531249997 0.263406040625
2 0.44351464375000005 0.27265100625 0.45031380781249997 0.274328859375 0.45083682031250005 0.2600671140625 0.462343096875 0.2600671140625 0.46182008437500005 0.24580536875 0.45135983281250003 0.24580536875 0.4518828453125 0.23657718125 0.44403765625 0.23489932812499997 0.44403765625 0.24328859062500002 0.43096234375 0.24244966406250001 0.43200836875000004 0.2625838921875 0.44456066875 0.2625838921875 0.44351464375000005 0.27265100625
4 0.505230125 0.3271812078125 0.6328451890625 0.3221476515625 0.632322175 0.39765100625 0.7029288703125001 0.395134228125 0.7024058578125 0.260906040625 0.6192468625 0.2625838921875 0.6187238500000001 0.18959731562499998 0.5099372390625 0.19211409375 0.5104602515625001 0.20218120781249999 0.5047071125 0.20134228125 0.505230125 0.3271812078125
2 0.660564853125 0.27181208125 0.6673640171875 0.270134228125 0.6678870296875 0.2592281875 0.68043933125 0.2600671140625 0.6799163187499999 0.24328859062500002 0.6663179921875 0.24328859062500002 0.6668410046875 0.23489932812499997 0.660041840625 0.23406040312499998 0.658995815625 0.24328859062500002 0.6469665265625 0.24244966406250001 0.6474895390625 0.260906040625 0.661087865625 0.2617449671875 0.660564853125 0.27181208125
2 0.44456066875 0.20134228125 0.4550209203125 0.20050335625 0.45449790781250005 0.19127516718749998 0.466527196875 0.19127516718749998 0.466004184375 0.14681208125 0.4529288703125 0.14681208125 0.4524058578125 0.135906040625 0.4456066953125 0.1350671140625 0.4466527203125 0.14681208125 0.43357740624999996 0.14681208125 0.43357740624999996 0.1904362421875 0.4461297078125 0.1904362421875 0.44456066875 0.20134228125
2 0.4890167359375 0.399328859375 0.49476987499999997 0.39765100625 0.49372385 0.4186241609375 0.5057531375 0.417785234375 0.505230125 0.39681208125 0.5130753140625 0.39681208125 0.5120292890625 0.3850671140625 0.507322175 0.385906040625 0.507322175 0.364093959375 0.49529288749999995 0.364093959375 0.4963389125 0.3867449671875 0.4890167359375 0.3867449671875 0.4890167359375 0.399328859375
1 0.7050209203125 0.7114093953125 0.7071129703125 0.708053690625 0.7071129703125 0.5838926171875001 0.7050209203125 0.5637583890625 0.692458159375 0.5637583890625 0.6914121343749999 0.5268456375 0.6338912140625 0.5268456375 0.6359832640625 0.7114093953125 0.6527196656250001 0.7114093953125 0.7050209203125 0.7114093953125
3 0.6396443515625 0.5075671140625 0.6333682015625001 0.5075671140625 0.6333682015625001 0.5268624156249999 0.6396443515625 0.5268624156249999 0.6396443515625 0.5075671140625
2 0.648535565625 0.536073825 0.6574267781249999 0.5369127515625001 0.657949790625 0.5276845640625 0.6647489546875 0.528523490625 0.6647489546875 0.5050335578125 0.654811715625 0.5041946312500001 0.6553347281249999 0.49580536875 0.648535565625 0.4949664421875 0.648535565625 0.5041946312500001 0.6385983265624999 0.5041946312500001 0.6396443515625 0.5276845640625 0.650104603125 0.5268456375 0.648535565625 0.536073825
2 0.8969665265625 0.8380872484375 0.9016736406250001 0.837248321875 0.901150628125 0.85318791875 0.9194560671875 0.85318791875 0.9194560671875 0.8355704703125 0.9246861921875 0.8364093953125 0.9241631796875 0.8255033562499999 0.9205020921875 0.823825503125 0.9199790796875 0.8112416109374999 0.901150628125 0.8104026843750001 0.9016736406250001 0.8280201343750001 0.8959205015625 0.8271812078125 0.8969665265625 0.8380872484375
2 0.06537656875 0.5251677859375 0.06537656875 0.5478187921875 0.08629707187499999 0.546979865625 0.087343096875 0.5234899328125 0.1035564859375 0.5234899328125 0.10094142187499999 0.5125838921875 0.087866109375 0.5125838921875 0.086820084375 0.48825503281250004 0.06589958125 0.48825503281250004 0.06485355625 0.51342281875 0.0496861921875 0.515100671875 0.0491631796875 0.524328859375 0.06537656875 0.5251677859375
7 0.586297071875 0.14431208125 0.5517782421875 0.14431208125 0.5517782421875 0.1904530203125 0.586297071875 0.1904530203125 0.586297071875 0.14431208125
7 0.7432008375 0.140939596875 0.720188284375 0.140939596875 0.720188284375 0.1845637578125 0.7432008375 0.1845637578125 0.7432008375 0.140939596875
3 0.5522907953125 0.14766778593750002 0.46599372343749995 0.14766778593750002 0.46599372343749995 0.1904530203125 0.5522907953125 0.1904530203125 0.5522907953125 0.14766778593750002
3 0.2960251046875 0.5184731546875 0.2667364015625 0.5184731546875 0.2667364015625 0.5696476515625 0.2960251046875 0.5696476515625 0.2960251046875 0.5184731546875
3 0.7228033468749999 0.5025167781250001 0.69351464375 0.5025167781250001 0.69351464375 0.5612416109375 0.7228033468749999 0.5612416109375 0.7228033468749999 0.5025167781250001
3 0.9252092046874999 0.8901006718750001 0.9252092046874999 0.86157718125 0.9189330546875001 0.86157718125 0.9184100421875 0.85318791875 0.902196653125 0.854865771875 0.9016736406250001 0.8632550328124999 0.8943514640625001 0.8632550328124999 0.8943514640625001 0.8909395968749999 0.9252092046874999 0.8901006718750001
3 0.9267782421874999 0.5092281875 0.8917364015624999 0.5092281875 0.8927824265625001 0.55788590625 0.9001046031250001 0.5570469796874999 0.902196653125 0.8087248328125 0.9189330546875001 0.8078859062499999 0.9163179921875001 0.5612416109375 0.9273012546875 0.5595637578125 0.9267782421874999 0.5092281875
3 0.7437238500000001 0.18540268437500002 0.8885983265625 0.1820469796875 0.8885983265625 0.20134228125 0.9189330546875001 0.20050335625 0.9184100421875 0.1778523484375 0.93723849375 0.1778523484375 0.93671548125 0.10318791875 0.9205020921875 0.10318791875 0.9205020921875 0.1342281875 0.7442468625 0.1392617453125 0.7437238500000001 0.18540268437500002
3 0.6893305437499999 0.2038590609375 0.721757321875 0.203020134375 0.720711296875 0.14261744999999998 0.586297071875 0.14345637656250002 0.5852510453125 0.1887583890625 0.6888075312499999 0.1862416109375 0.6893305437499999 0.2038590609375
6 0.2939435140625 0.868288590625 0.2829602515625 0.868288590625 0.2829602515625 0.8800335578125 0.2939435140625 0.8800335578125 0.2939435140625 0.868288590625
4 0.2023640171875 0.65604026875 0.0883472796875 0.65604026875 0.0883472796875 0.9077181203125001 0.2023640171875 0.9077181203125001 0.2023640171875 0.65604026875
6 0.160041840625 0.6342281875 0.14016736406250002 0.6342281875 0.14016736406250002 0.6510067109375 0.160041840625 0.6510067109375 0.160041840625 0.6342281875
6 0.20397489531250002 0.9052013421874999 0.2107740578125 0.9093959734375 0.20815899531249998 0.6501677859375 0.23064853593749998 0.6501677859375 0.2301255234375 0.631711409375 0.19089958125 0.6308724828125001 0.18985355625 0.649328859375 0.2029288703125 0.649328859375 0.20397489531250002 0.9052013421874999
6 0.3603451890625 0.8204865765625 0.3525 0.8204865765625 0.3525 0.901862415625 0.3603451890625 0.901862415625 0.3603451890625 0.8204865765625
6 0.7803242671875 0.7332214765625 0.79287656875 0.7374161078125 0.79287656875 0.693791946875 0.8629602515625001 0.69211409375 0.8634832640625 0.739093959375 0.8749895390625 0.7374161078125 0.8749895390625 0.6912751671875 0.9000941421875 0.6912751671875 0.9011401671874999 0.5595637578125 0.8948640171875001 0.55788590625 0.8943410046875 0.6728187921875 0.7730020921875 0.67449664375 0.7719560671875 0.694630871875 0.7813702921875 0.693791946875 0.7803242671875 0.7332214765625
3 0.7227928875 0.4496812078125 0.7065794984375 0.4496812078125 0.7065794984375 0.5058892625 0.7227928875 0.5058892625 0.7227928875 0.4496812078125
3 0.723849371875 0.5629194625 0.7060669453124999 0.5629194625 0.7060669453124999 0.7307046984375 0.723849371875 0.7307046984375 0.723849371875 0.5629194625
6 0.7384832640625001 0.6770302015625 0.7222698750000001 0.6770302015625 0.7222698750000001 0.6946476515625 0.7384832640625001 0.6946476515625 0.7384832640625001 0.6770302015625
6 0.7060669453124999 0.7122651 0.662133890625 0.7122651 0.662133890625 0.731560403125 0.7060669453124999 0.731560403125 0.7060669453124999 0.7122651
6 0.6469560671875 0.2617449671875 0.6485251046875 0.24328859062500002 0.628650628125 0.24496644218750002 0.629173640625 0.1879194625 0.6197594140625 0.1870805375 0.6197594140625 0.2625838921875 0.6469560671875 0.2617449671875
6 0.49580543906249996 0.24328859062500002 0.46024058593749995 0.2441275171875 0.4612866109375 0.2600671140625 0.4952824265625 0.2583892625 0.4947594140625 0.265100671875 0.503650628125 0.265939596875 0.503127615625 0.20134228125 0.509403765625 0.20134228125 0.510449790625 0.1904362421875 0.46599372343749995 0.1904362421875 0.4654707109375 0.198825503125 0.4947594140625 0.19798657656250002 0.49580543906249996 0.24328859062500002
2 0.4555334734375 0.216442953125 0.4560564859375 0.2265100671875 0.4639016734375 0.225671140625 0.4639016734375 0.2441275171875 0.47122385 0.24496644218750002 0.47122385 0.22734899375 0.4801150625 0.2265100671875 0.480638075 0.21476510000000001 0.47174686250000003 0.21392617500000002 0.4727928875 0.20134228125 0.46599372343749995 0.20050335625 0.46599372343749995 0.21560402656250002 0.4555334734375 0.216442953125
6 0.29549163125 0.34563758437500003 0.29496861874999997 0.36157718125 0.42153765625000006 0.359060403125 0.42153765625000006 0.372483221875 0.4283368203125 0.373322146875 0.42885983281250006 0.31459731562500004 0.42049163125 0.31459731562500004 0.41996861875 0.34563758437500003 0.29549163125 0.34563758437500003
3 0.5057426781250001 0.49748322187499994 0.484822175 0.498322146875 0.4853451890625 0.5595637578125 0.510449790625 0.5595637578125 0.510449790625 0.5092281875 0.5057426781250001 0.5100671140624999 0.5057426781250001 0.49748322187499994
6 0.48483263593750003 0.498322146875 0.463912134375 0.498322146875 0.463912134375 0.5117449671875 0.48483263593750003 0.5117449671875 0.48483263593750003 0.498322146875
3 0.505219665625 0.5595637578125 0.49214435156249997 0.5595637578125 0.49214435156249997 0.618288590625 0.505219665625 0.618288590625 0.505219665625 0.5595637578125
3 0.29601464375000003 0.3783724828125 0.2798012546875 0.3783724828125 0.2798012546875 0.5184731546875 0.29601464375000003 0.5184731546875 0.29601464375000003 0.3783724828125
6 0.6804288703125 0.2441275171875 0.6793828453125 0.2592281875 0.703964434375 0.2583892625 0.703964434375 0.39765100625 0.6307426781250001 0.399328859375 0.631265690625 0.3246644296875 0.504696653125 0.328020134375 0.505219665625 0.31291946249999997 0.49580543906249996 0.31208053750000003 0.49580543906249996 0.3666107375 0.503650628125 0.3666107375 0.503650628125 0.3473154359375 0.6218514640625 0.34395973125 0.6218514640625 0.3875838921875 0.5836715484375 0.3875838921875 0.5836715484375 0.4010067109375 0.6223744765625 0.4018456375 0.6223744765625 0.44379194687499995 0.5862866109375 0.44379194687499995 0.5857635984375 0.45973154374999997 0.6239435140625 0.4588926171875 0.626035565625 0.7156040265625 0.505219665625 0.7181208046875 0.505219665625 0.6174496640625 0.4926673640625 0.6149328859375001 0.46913179843749997 0.6149328859375001 0.4686087859375 0.6325503359375 0.49580543906249996 0.6308724828125001 0.4952824265625 0.7357382546875 0.635449790625 0.7332214765625 0.6333577406249999 0.44546979843749995 0.7055334734375001 0.44379194687499995 0.7055334734375001 0.4496644296875 0.7128556484375 0.45134228125 0.7118096234375 0.2038590609375 0.703964434375 0.203020134375 0.703441421875 0.2441275171875 0.6804288703125 0.2441275171875
3 0.69351464375 0.5042114093750001 0.6642259421875 0.5042114093750001 0.6642259421875 0.5251845640624999 0.69351464375 0.5251845640624999 0.69351464375 0.5042114093750001
1 0.3843828453125 0.498322146875 0.4183786609375 0.4966442953125 0.4209937234375 0.3607382546875 0.29599372343749997 0.36157718125 0.2965167359375 0.5142617453125 0.3843828453125 0.5142617453125 0.3843828453125 0.498322146875
3 0.384926778125 0.51342281875 0.378127615625 0.51342281875 0.378127615625 0.5352349000000001 0.384926778125 0.5352349000000001 0.384926778125 0.51342281875
3 0.2667259421875 0.520134228125 0.2191317984375 0.520134228125 0.2191317984375 0.5385906046875 0.2667259421875 0.5385906046875 0.2667259421875 0.520134228125
3 0.3519769875 0.5167953015625 0.29601464375000003 0.5167953015625 0.29601464375000003 0.5360906046875 0.3519769875 0.5360906046875 0.3519769875 0.5167953015625
1 0.7055334734375001 0.44882550312499997 0.6338807531249999 0.44882550312499997 0.6338807531249999 0.5008389265625001 0.7055334734375001 0.5008389265625001 0.7055334734375001 0.44882550312499997
0 0.48273012499999995 0.444630871875 0.4299058578125 0.444630871875 0.4299058578125 0.4966442953125 0.48273012499999995 0.4966442953125 0.48273012499999995 0.444630871875
0 0.4910983265625 0.5746644296875 0.439320084375 0.5746644296875 0.439320084375 0.6149328859375001 0.4910983265625 0.6149328859375001 0.4910983265625 0.5746644296875
1 0.4288702921875 0.5117617453125 0.3943514640625 0.5117617453125 0.3943514640625 0.557902684375 0.4288702921875 0.557902684375 0.4288702921875 0.5117617453125
6 0.890679915625 0.4588926171875 0.8917259421875 0.5092281875 0.9042782421875 0.5075503359375 0.9006171546875 0.20134228125 0.889633890625 0.1996644296875 0.8880648531249999 0.18288590625 0.8676673640624999 0.1820469796875 0.8681903765625 0.2441275171875 0.8943410046875 0.24496644218750002 0.8948640171875001 0.4588926171875 0.890679915625 0.4588926171875
4 0.7228033468749999 0.4496644296875 0.723849371875 0.67449664375 0.8933054390624999 0.6711409390624999 0.8912133890625 0.46140939531249997 0.8948744765625 0.46057047031250004 0.8933054390624999 0.2441275171875 0.8682008375000001 0.24496644218750002 0.8682008375000001 0.181208053125 0.723849371875 0.18540268437500002 0.724372384375 0.2055369125 0.7133786609375 0.2055369125 0.7133891218749999 0.4496644296875 0.7228033468749999 0.4496644296875
1 0.6893305437499999 0.203020134375 0.6893305437499999 0.1862416109375 0.649058578125 0.1870805375 0.6276150625 0.1879194625 0.6276150625 0.24496644218750002 0.7034518828125 0.2441275171875 0.7024058578125 0.203020134375 0.6893305437499999 0.203020134375
1 0.9001150625 0.6929530203125001 0.8755334734375 0.6929530203125001 0.8755334734375 0.783557046875 0.9001150625 0.783557046875 0.9001150625 0.6929530203125001
1 0.8624476984375 0.6954865765625 0.7934100421875 0.6954865765625 0.7934100421875 0.7835738250000001 0.8624476984375 0.7835738250000001 0.8624476984375 0.6954865765625
4 0.374435146875 0.645134228125 0.29702928906250003 0.645134228125 0.29702928906250003 0.801174496875 0.374435146875 0.801174496875 0.374435146875 0.645134228125
1 0.3101150625 0.903523490625 0.3514330546875 0.9026845640625 0.3519560671875 0.8229865765625 0.2939016734375 0.8221476515624999 0.2939016734375 0.877516778125 0.3101150625 0.8758389265625001 0.3101150625 0.903523490625
4 0.21335774062500001 0.20218120781249999 0.085219665625 0.2038590609375 0.084696653125 0.3515100671875 0.21440376562500002 0.3481543625 0.21335774062500001 0.20218120781249999
4 0.27768828437500004 0.198825503125 0.2259100421875 0.198825503125 0.2248640171875 0.346476509375 0.278211296875 0.346476509375 0.27768828437500004 0.198825503125
4 0.2949476984375 0.3447986578125 0.4199476984375 0.3447986578125 0.41890167343750007 0.1954697984375 0.310638075 0.198825503125 0.310638075 0.21979865781250002 0.2954707109375 0.21895973125 0.2949476984375 0.3447986578125
6 0.22380753125 0.1996812078125 0.2133472796875 0.1996812078125 0.2133472796875 0.245822146875 0.22380753125 0.245822146875 0.22380753125 0.1996812078125
6 0.2227719671875 0.303691275 0.214926778125 0.303691275 0.214926778125 0.350671140625 0.2227719671875 0.350671140625 0.2227719671875 0.303691275
5 0.48898535625 0.1484563765625 0.49003138125 0.06875838906250001 0.3472489546875 0.069597315625 0.19243723906250002 0.1576845640625 0.48898535625 0.1484563765625
6 0.3817677828125 0.046979865625 0.34934100468749996 0.0704697984375 0.49107740624999996 0.0679194625 0.49055439375 0.1484563765625 0.50258368125 0.1484563765625 0.50206066875 0.04526845625 0.3817677828125 0.046979865625
1 0.46439330468750006 0.1929194625 0.4267364015625 0.1929194625 0.4267364015625 0.2432550328125 0.46439330468750006 0.2432550328125 0.46439330468750006 0.1929194625
1 0.49369246875000006 0.20216442968749998 0.4722489546875 0.20216442968749998 0.4722489546875 0.24327181250000002 0.49369246875000006 0.24327181250000002 0.49369246875000006 0.20216442968749998
5 0.0666841 0.4582634234375 0.029419456249999996 0.45931208124999995 0.032688284375 0.9165268453125 0.0706066953125 0.9154781875 0.0666841 0.4582634234375
3 0.029419456249999996 0.4582634234375 0.067337865625 0.4582634234375 0.067337865625 0.4320469796875 0.013729079687500001 0.4341442953125 0.0189592046875 0.9154781875 0.032688284375 0.9154781875 0.029419456249999996 0.4582634234375
1 0.12422594218750001 0.3775 0.0856485359375 0.3775 0.0856485359375 0.45511745000000003 0.12422594218750001 0.45511745000000003 0.12422594218750001 0.3775
6 0.0960983265625 0.45510067187500003 0.0849895390625 0.45510067187500003 0.0849895390625 0.46979865781249996 0.0960983265625 0.46979865781249996 0.0960983265625 0.45510067187500003
6 0.1248640171875 0.45615771875 0.12028242656250002 0.45615771875 0.12028242656250002 0.46874161093750005 0.1248640171875 0.46874161093750005 0.1248640171875 0.45615771875
4 0.5105910046875 0.5610318796875 0.5040533468749999 0.5599832218749999 0.5053608781250001 0.7193791953125 0.625653765625 0.7151845640625 0.6234309625 0.46140939531249997 0.5847280328125 0.45973154374999997 0.5852510453125 0.44211409375 0.6218619249999999 0.4404362421875 0.6218619249999999 0.4001677859375 0.5821129703125 0.4010067109375 0.5826359828125 0.3875838921875 0.6218619249999999 0.385906040625 0.6213389125 0.34563758437500003 0.5047071125 0.3489932890625 0.5067991625 0.5083892624999999 0.5118985359375 0.510696309375 0.5105910046875 0.5610318796875
6 0.902196653125 0.7864932890625 0.7734048109375 0.7885906046875 0.77471234375 0.8179530203125 0.9028504187499999 0.8169043625000001 0.902196653125 0.7864932890625
6 0.28032426718750003 0.8280201343750001 0.29235355625000004 0.8296979859375 0.29183054375 0.8221476515624999 0.3517259421875 0.8210989937500001 0.3523797078125 0.8305369125000001 0.3602248953125 0.8284395968749999 0.7348326359375 0.8200503359375 0.7341788703125001 0.79068791875 0.5125523015625 0.7961409390624999 0.5135983265624999 0.7776845640625 0.4884937234375 0.779362415625 0.4884937234375 0.796979865625 0.3870292890625 0.8003355703125001 0.3865062765625 0.75 0.37447698749999997 0.7508389265625001 0.37447698749999997 0.801174496875 0.2981171546875 0.8020134234375 0.2960251046875 0.645134228125 0.37447698749999997 0.6442953015625 0.37447698749999997 0.6971476515624999 0.3844142265625 0.6979865765625 0.3849372390625 0.6283557046875 0.26830543906250004 0.6291946312500001 0.2667259421875 0.6484899328125 0.28032426718750003 0.64765100625 0.28032426718750003 0.8280201343750001