4 0.6616300374999999 0.2027804421875 0.5946657515625 0.10594439062500001 0.3834706953125 0.20853307812500002 0.44929029375 0.3058485140625 0.6616300374999999 0.2027804421875
7 0.6713900125000001 0.1709643234375 0.6325910921875 0.113740728125 0.608974359375 0.12504415468750002 0.648616734375 0.180854821875 0.6713900125000001 0.1709643234375
1 0.8516483515625 0.4453499515625 0.78811813125 0.35570469843749997 0.746909340625 0.3772770859375 0.8092948718749999 0.4654841796875 0.8516483515625 0.4453499515625
4 0.6043956046875001 0.5014381593749999 0.6272893765625 0.53499520625 0.6135531140625 0.541706615625 0.6209935890625 0.5517737296874999 0.78125 0.4731543625 0.7137133703125 0.374880153125 0.552884615625 0.455417065625 0.5912316843750001 0.5076701828125 0.6043956046875001 0.5014381593749999
7 0.7827260468749999 0.430236665625 0.759952765625 0.3998587078125 0.7397098515625 0.41045567031249997 0.7616396765625 0.44012716406249996 0.7827260468749999 0.430236665625
1 0.5666208796875 0.49424736406249997 0.5128205125 0.41706615625000004 0.44413919375 0.45110258906249995 0.4985119046875 0.52972195625 0.5666208796875 0.49424736406249997
2 0.43690958125 0.46202755156249997 0.4596828609375 0.492405509375 0.46980431874999995 0.48887318906250005 0.4470310390625 0.4563758390625 0.43690958125 0.46202755156249997
2 0.47739541250000006 0.2741080890625 0.46643049999999997 0.2698693046875 0.4529352234375 0.2684563765625 0.44365722031250004 0.269162840625 0.431848853125 0.274814553125 0.4554655859375 0.3080183671875 0.4917341421875 0.2924761578125 0.489203778125 0.28682444375 0.4832995953125 0.2790533375 0.47739541250000006 0.2741080890625
4 0.452724359375 0.3298178328125 0.384615384375 0.364333653125 0.4389880953125 0.44391179375 0.508814103125 0.4093959734375 0.452724359375 0.3298178328125
2 0.4588394046875 0.3730130703125 0.47739541250000006 0.3701872140625 0.490047234375 0.3624161078125 0.471491228125 0.3348640046875 0.42678812343750006 0.35393853750000004 0.431005396875 0.361003178125 0.44112685625000003 0.3673613578125 0.4588394046875 0.3730130703125
1 0.7577838828125001 0.3441994234375 0.746336996875 0.3240651953125 0.7640796703125 0.3154362421875 0.7640796703125 0.2521572390625 0.7263049453125 0.2521572390625 0.703411171875 0.26366251093750004 0.6662087921875 0.20901246406250001 0.501945971875 0.2881112171875 0.5952380953125 0.42521572343749997 0.7577838828125001 0.3441994234375
2 0.6131916328125 0.40409749218749996 0.6190958156249999 0.3892617453125 0.6174089078125 0.376545390625 0.608974359375 0.363122571875 0.56005398125 0.38643588906250004 0.585357625 0.42387848906250003 0.5921052625 0.4217590953125 0.6022267218749999 0.41681384687499995 0.6131916328125 0.40409749218749996
2 0.7118758421875 0.4083362765625 0.723684209375 0.41116213281249997 0.7363360328125 0.41186859687500005 0.7616396765625 0.39844577812500004 0.7456140359375001 0.374425996875 0.6966936578125 0.3935005296875 0.7034412953125 0.4019781 0.7118758421875 0.4083362765625
3 0.51854395625 0.600671140625 0.5139652015625 0.5934803453125 0.50709706875 0.5949185046875 0.5271291203125 0.6203259828125 0.531707875 0.6188878234375 0.5236950546875 0.60977948125 0.7886904765625 0.48226270312499997 0.7806776546875 0.4731543625 0.6204212453125 0.5527325015625 0.5774954218749999 0.4913710453125 0.5677655671874999 0.49520613593749996 0.6118360796875 0.5570469796874999 0.5517399265625 0.5838926171875001 0.5345695984375001 0.5599232984375 0.5219780218750001 0.5661553203125 0.46932234531250006 0.4884947265625 0.4590201453125 0.4928092046875 0.5299908421875 0.5949185046875 0.51854395625 0.600671140625
2 0.5524628875 0.50088308125 0.565958165625 0.4966442953125 0.5760796218750001 0.4909925828125 0.55583670625 0.4613210890625 0.5204116062499999 0.4782762265625 0.5339068828125 0.49947015156249996 0.5524628875 0.50088308125
2 0.7447705796874999 0.277640409375 0.7557354921874999 0.271988696875 0.7616396765625 0.2628046625 0.764170040625 0.2550335578125 0.763326584375 0.2458495234375 0.726214575 0.245143059375 0.7245276656249999 0.2811727296875 0.7371794875 0.280466265625 0.7447705796874999 0.277640409375
6 0.5151098890625 0.528283796875 0.51854395625 0.5278044109375 0.5139652015625 0.5234899328125 0.49965659218749997 0.531160115625 0.5225503671875 0.5651965484375 0.53743131875 0.558005753125 0.5151098890625 0.528283796875
4 0.535141940625 0.5594439109375 0.5517399265625 0.5843720046875001 0.5946657515625 0.563279003125 0.5746336999999999 0.531160115625 0.5883699625000001 0.525407478125 0.572344321875 0.5023969312500001 0.5162545781250001 0.5287631828125 0.5385760078125 0.55608820625 0.535141940625 0.5594439109375
2 0.543184884375 0.507947721875 0.5136639671875 0.5220770046875 0.5170377875 0.5284351828125 0.547402159375 0.5128929703125 0.543184884375 0.507947721875
3 0.7961309515625 0.496164909375 0.8075778375 0.490412271875 0.8144459718749999 0.49185043124999994 0.8127289375 0.4875359546875 0.8201694140625 0.48322147656250003 0.7835393765625 0.4300095875 0.760073259375 0.44199424687500005 0.78811813125 0.48226270312499997 0.7961309515625 0.496164909375
3 0.7079899265625 0.3676893578125 0.7222985359375 0.3868648140625 0.7955586078125 0.3509108328125 0.7703754578125 0.31399808125 0.7457646515625 0.3259827421875 0.7577838828125001 0.34324065312499996 0.7079899265625 0.3676893578125
3 0.7257326015625 0.2502396921875 0.6713598890625 0.1692233953125 0.647893771875 0.181687440625 0.703411171875 0.26222435312500003 0.7257326015625 0.2502396921875
3 0.590659340625 0.0795781390625 0.590659340625 0.08341323125 0.5809294875 0.087248321875 0.58779761875 0.09539789062500001 0.3748855296875 0.19894535 0.38118131875 0.20901246406250001 0.5940934078125 0.1054650046875 0.608974359375 0.12607861874999998 0.6330128203125 0.11457334687500001 0.608974359375 0.0776605953125 0.5986721625 0.081975071875 0.5969551281250001 0.0786193671875 0.590659340625 0.0795781390625
1 0.58779761875 0.4300095875 0.49336080625 0.291946309375 0.452724359375 0.31064237656250004 0.55002289375 0.4491850421875 0.58779761875 0.4300095875
3 0.514537546875 0.401725790625 0.48935439531249997 0.360977946875 0.4784798546875 0.3657718125 0.5065247265624999 0.404602109375 0.514537546875 0.401725790625
3 0.446428571875 0.456855225 0.36973443281249996 0.345158196875 0.359432234375 0.3489932890625 0.4389880953125 0.4602109296875 0.446428571875 0.456855225
6 0.5683379125 0.49520613593749996 0.54372710625 0.5076701828125 0.5483058609375 0.51342281875 0.5729166671875 0.5019175453125 0.5683379125 0.49520613593749996
6 0.5889423078125 0.5258868640625 0.5746336999999999 0.5321188875 0.5958104390625001 0.5637583890625 0.6112637359375 0.5570469796874999 0.5889423078125 0.5258868640625
6 0.612408425 0.5407478421875 0.626717034375 0.5345158203125 0.603823259375 0.5019175453125 0.5895146515625 0.5100671140624999 0.612408425 0.5407478421875
6 0.852793040625 0.44582933750000003 0.8092948718749999 0.46788111250000003 0.8138736265625001 0.471716203125 0.8630952390625 0.44822627031250006 0.796703296875 0.35186960625 0.7886904765625 0.353787153125 0.852793040625 0.44582933750000003
6 0.5860805859375 0.4223394046875 0.590086996875 0.42953020156250005 0.5397206953125 0.45397890781249994 0.547161171875 0.46644295312499995 0.556891025 0.4616490890625 0.5523122703125 0.45445829375 0.6301511 0.41706615625000004 0.6255723453125 0.41275167812499997 0.5946657515625 0.42713327031250004 0.591804028125 0.4204218609375 0.5860805859375 0.4223394046875
6 0.66220238125 0.2023010546875 0.4876373625 0.286673059375 0.491071428125 0.2909875359375 0.49507783749999995 0.2909875359375 0.5608974359375 0.3887823578125 0.5671932234375 0.383509109375 0.5002289375 0.28763183125 0.6662087921875 0.2075743046875 0.66220238125 0.2023010546875
6 0.43841575156249996 0.44487056562499994 0.4418498171875 0.450623203125 0.5128205125 0.415148609375 0.514537546875 0.4185043140625 0.5236950546875 0.4137104515625 0.514537546875 0.40124640468750006 0.50595238125 0.40412272343750005 0.508814103125 0.41035474687500006 0.43841575156249996 0.44487056562499994
2 0.514537546875 0.4185043140625 0.5397206953125 0.453020134375 0.5488782046875 0.44870565625000003 0.523122709375 0.41418983750000005 0.514537546875 0.4185043140625
6 0.4389880953125 0.31064237656250004 0.3691620875 0.3441994234375 0.38232600781250003 0.36385426718749997 0.452724359375 0.32933844687499997 0.4389880953125 0.31064237656250004
3 0.3491300375 0.2008628953125 0.34970238125 0.2046979859375 0.36343864375 0.1994247375 0.46073717968750005 0.34084371875 0.471611721875 0.33604985625 0.375457875 0.197507190625 0.372023809375 0.1931927125 0.38118131875 0.18983700781249999 0.37660256406250003 0.1874400765625 0.3491300375 0.2008628953125
1 0.7646520140625 0.22243528281249997 0.7085622703125 0.2229146703125 0.7240155671874999 0.2454458296875 0.765224359375 0.2454458296875 0.7646520140625 0.22243528281249997
6 0.7188644703125 0.2166826453125 0.7045558609375 0.21620326093750003 0.7045558609375 0.221955896875 0.718292125 0.22243528281249997 0.7188644703125 0.2166826453125
6 0.7646520140625 0.24400767031249998 0.7629349828125 0.24400767031249998 0.7629349828125 0.24928092031250002 0.765224359375 0.2497603078125 0.7640796703125 0.315915628125 0.7715201453125 0.3149568546875 0.7715201453125 0.21620326093750003 0.7612179484375 0.21620326093750003 0.7606456046875001 0.221955896875 0.765796703125 0.22147650937500002 0.7646520140625 0.24400767031249998
2 0.7617902937500001 0.21620326093750003 0.7188644703125 0.21620326093750003 0.718292125 0.221955896875 0.7612179484375 0.221955896875 0.7617902937500001 0.21620326093750003
2 0.709706959375 0.3686481296875 0.6261446890625 0.412272290625 0.63072344375 0.41706615625000004 0.7142857140625 0.3744007671875 0.709706959375 0.3686481296875