7 0.6118047671875 0.7563025203125 0.4926220203125 0.7563025203125 0.4926220203125 0.8431372546875 0.6118047671875 0.8431372546875 0.6118047671875 0.7563025203125
7 0.8706015890625001 0.7464986 0.7536889890625 0.7464986 0.7536889890625 0.8375350140625001 0.8706015890625001 0.8375350140625001 0.8706015890625001 0.7464986
7 0.368898978125 0.7647058828125 0.24971623125 0.7647058828125 0.24971623125 0.8501400562500001 0.368898978125 0.8501400562500001 0.368898978125 0.7647058828125
3 0.7559591375 0.7507002796875 0.6095346203124999 0.7507002796875 0.6095346203124999 0.840336134375 0.7559591375 0.840336134375 0.7559591375 0.7507002796875
3 0.997729853125 0.7436974796875 0.869466515625 0.7436974796875 0.869466515625 0.8361344531249999 0.997729853125 0.8361344531249999 0.997729853125 0.7436974796875
3 0.49375709375000004 0.7591036421874999 0.368898978125 0.7591036421874999 0.368898978125 0.8473389359375 0.49375709375000004 0.8473389359375 0.49375709375000004 0.7591036421874999
3 0.1748013625 0.7661064421875 0.0544835421875 0.7703081234375 0.0624290578125 0.8585434171875 0.1748013625 0.855742296875 0.1748013625 0.7661064421875
2 0.2077185015625 0.8921568625 0.21566401875 0.8921568625 0.217934165625 0.8543417359375001 0.24404086249999998 0.855742296875 0.24177071562500002 0.7619047625 0.2133938703125 0.7577030812500001 0.2133938703125 0.72689075625 0.20544835468749997 0.72689075625 0.20431327968750002 0.7605042015625 0.1748013625 0.7605042015625 0.177071509375 0.855742296875 0.2077185015625 0.8543417359375001 0.2077185015625 0.8921568625
3 0.25198637968750004 0.763305321875 0.24177071562500002 0.763305321875 0.24177071562500002 0.8501400562500001 0.25198637968750004 0.8501400562500001 0.25198637968750004 0.763305321875
3 0.5822928484375 0.053221289062499996 0.0351872875 0.056022409375000005 0.037457434375 0.1316526609375 0.581157775 0.12464985937499999 0.5822928484375 0.053221289062499996
3 0.921679909375 0.7436974796875 0.9738933031249999 0.7450980390625 0.9727582296874999 0.11624649843749998 0.9716231562500001 0.047619046875 0.7741203171875 0.0490196078125 0.77298524375 0.026610643750000003 0.7230419984374999 0.026610643750000003 0.72077185 0.0490196078125 0.6662883093749999 0.05182072812500001 0.6662883093749999 0.117647059375 0.9171396140624999 0.11624649843749998 0.921679909375 0.7436974796875
1 0.139614075 0.9453781515624999 0.305334846875 0.95798319375 0.41316685625 0.94957983125 0.41203178281249997 0.932773109375 0.42111237187499995 0.93417366875 0.42224744531249997 0.9481792718750001 0.426787740625 0.94957983125 0.427922815625 0.8501400562500001 0.12939841093749999 0.8571428578125 0.12826333750000002 0.95798319375 0.1316685578125 0.9635854343749999 0.139614075 0.9453781515624999
6 0.1464245171875 0.9873949578125 0.1464245171875 0.9705882359375 0.301929625 0.9705882359375 0.4233825203125 0.9775910359375001 0.42224744531249997 0.9607843140625001 0.43700340468750004 0.9607843140625001 0.4381384796875 0.8473389359375 0.426787740625 0.8473389359375 0.427922815625 0.94957983125 0.4233825203125 0.94957983125 0.42111237187499995 0.936974790625 0.4143019296875 0.936974790625 0.4143019296875 0.9509803921875 0.30419977343750004 0.9565826328125 0.139614075 0.9453781515624999 0.13280363281250002 0.9607843140625001 0.12826333750000002 0.9607843140625001 0.12939841093749999 0.8585434171875 0.1203178203125 0.8585434171875 0.119182746875 0.9719887953124999 0.1350737796875 0.97338935625 0.13734392812500001 0.9887955187499999 0.1464245171875 0.9873949578125
2 0.619750284375 0.1414565828125 0.6322360953125 0.1414565828125 0.6322360953125 0.12464985937499999 0.6696935296875 0.1232493 0.66855845625 0.05182072812500001 0.631101021875 0.05182072812500001 0.6288308734375 0.0378151265625 0.6174801359375001 0.0378151265625 0.6186152093749999 0.05042016875000001 0.581157775 0.05042016875000001 0.581157775 0.12464985937499999 0.6186152093749999 0.12464985937499999 0.619750284375 0.1414565828125
2 0.38138479062499997 0.20588235312499997 0.380249715625 0.2184873953125 0.3961407484375 0.2184873953125 0.395005675 0.2661064421875 0.41316685625 0.26750700312500003 0.4143019296875 0.21988795468750003 0.42905788906250003 0.2184873953125 0.427922815625 0.2030812328125 0.4165720765625 0.2044817921875 0.4165720765625 0.1568627453125 0.3972758234375 0.1582633046875 0.3972758234375 0.20588235312499997 0.38138479062499997 0.20588235312499997
1 0.6912599312500001 0.39915966406250003 0.765039728125 0.39635854375 0.763904653125 0.186274509375 0.66855845625 0.186274509375 0.6674233828125 0.1218487390625 0.415437003125 0.1260504203125 0.415437003125 0.30112044843749997 0.6901248578125 0.2955182078125 0.6912599312500001 0.39915966406250003
4 0.670828603125 0.31932773124999997 0.418842225 0.324929971875 0.4233825203125 0.7577030812500001 0.6753688984374999 0.7492997203125 0.670828603125 0.31932773124999997
2 0.61066969375 0.338935575 0.6118047671875 0.3221288515625 0.6492622015625 0.3221288515625 0.6503972765625 0.2927170875 0.61066969375 0.2955182078125 0.6095346203124999 0.278711484375 0.6027241765625 0.278711484375 0.6027241765625 0.2955182078125 0.5629965953125 0.294117646875 0.5629965953125 0.324929971875 0.6004540296875 0.3235294125 0.6004540296875 0.340336134375 0.61066969375 0.338935575
4 0.9194097609374999 0.41596638593749996 0.6923950062500001 0.421568628125 0.6958002265625 0.752100840625 0.9228149828125 0.7464986 0.9194097609374999 0.41596638593749996
2 0.724177071875 0.43137254843750006 0.7343927359375 0.43137254843750006 0.7343927359375 0.421568628125 0.76163450625 0.4201680671875 0.7604994328125 0.39775910312499996 0.7332576625 0.39635854375 0.7321225874999999 0.3837535015625 0.72077185 0.38515406093750004 0.7219069234375 0.39775910312499996 0.694665153125 0.39915966406250003 0.6958002265625 0.421568628125 0.7230419984374999 0.4201680671875 0.724177071875 0.43137254843750006
2 0.7491486953125001 0.2296918765625 0.7514188421875 0.2450980390625 0.765039728125 0.2450980390625 0.763904653125 0.2801120453125 0.782065834375 0.2815126046875 0.7809307609375 0.24929972031249997 0.7922814984375 0.247899159375 0.791146425 0.23669467812499997 0.782065834375 0.23249299687499997 0.7832009078125 0.2030812328125 0.7604994328125 0.2044817921875 0.7604994328125 0.2296918765625 0.7491486953125001 0.2296918765625
2 0.7196367765625 0.2030812328125 0.7332576625 0.2002801125 0.7343927359375 0.1834733890625 0.758229284375 0.18487395 0.759364359375 0.1624649859375 0.7321225874999999 0.163865546875 0.7309875140625001 0.14985994375 0.7196367765625 0.15126050468750002 0.717366628125 0.1624649859375 0.6912599312500001 0.161064425 0.6923950062500001 0.18487395 0.72077185 0.186274509375 0.7196367765625 0.2030812328125
2 0.7502837687499999 0.345938375 0.752553915625 0.36554621875 0.7627695796875 0.36554621875 0.763904653125 0.3921568625 0.78433598125 0.3949579828125 0.7832009078125 0.3585434171875 0.7945516453125 0.359943978125 0.7945516453125 0.345938375 0.78547105625 0.34453781562499997 0.78433598125 0.3179271703125 0.76163450625 0.313725490625 0.7627695796875 0.34453781562499997 0.7502837687499999 0.345938375
0 0.9194097609374999 0.31232492968750003 0.782065834375 0.31512605 0.78433598125 0.39635854375 0.9205448359374999 0.3935574234375 0.9194097609374999 0.31232492968750003
7 0.8808172531249999 0.289915965625 0.811577753125 0.289915965625 0.811577753125 0.31232492968750003 0.8808172531249999 0.31232492968750003 0.8808172531249999 0.289915965625
7 0.8808172531249999 0.39915966406250003 0.811577753125 0.39915966406250003 0.811577753125 0.41876750625000003 0.8808172531249999 0.41876750625000003 0.8808172531249999 0.39915966406250003
6 0.9171396140624999 0.2913165265625 0.8808172531249999 0.2913165265625 0.8808172531249999 0.31092437031250003 0.9171396140624999 0.31092437031250003 0.9171396140624999 0.2913165265625
6 0.9205448359374999 0.39775910312499996 0.8808172531249999 0.39775910312499996 0.8808172531249999 0.41876750625000003 0.9205448359374999 0.41876750625000003 0.9205448359374999 0.39775910312499996
6 0.0578887625 0.1316526609375 0.06356413125 0.7717086828124999 0.08172531250000001 0.77310924375 0.072644721875 0.1302521015625 0.0578887625 0.1316526609375
6 0.3972758234375 0.12464985937499999 0.3961407484375 0.16526610625 0.41316685625 0.1624649859375 0.41203178281249997 0.1218487390625 0.3972758234375 0.12464985937499999
6 0.765039728125 0.179271709375 0.765039728125 0.2044817921875 0.7786606125 0.2044817921875 0.7786606125 0.117647059375 0.763904653125 0.1218487390625 0.7627695796875 0.1624649859375 0.7559591375 0.16526610625 0.7570942109375001 0.18067226875 0.765039728125 0.179271709375
6 0.6855845625 0.163865546875 0.6855845625 0.117647059375 0.66855845625 0.12044817968749999 0.66855845625 0.186274509375 0.6923950062500001 0.186274509375 0.694665153125 0.163865546875 0.6855845625 0.163865546875
6 0.7661748015625001 0.3165266109375 0.7797956875 0.31932773124999997 0.7832009078125 0.31232492968750003 0.8138479000000001 0.313725490625 0.811577753125 0.2927170875 0.7809307609375 0.2927170875 0.7786606125 0.278711484375 0.765039728125 0.2801120453125 0.7661748015625001 0.3165266109375
6 0.64585698125 0.31932773124999997 0.671963678125 0.320728290625 0.6753688984374999 0.7549019609375 0.6923950062500001 0.752100840625 0.688989784375 0.417366946875 0.6992054484375 0.41596638593749996 0.6958002265625 0.40196078437500005 0.6878547109375 0.40196078437500005 0.6878547109375 0.298319328125 0.648127128125 0.298319328125 0.64585698125 0.31932773124999997
6 0.40181611874999995 0.7591036421874999 0.42111237187499995 0.7591036421874999 0.4165720765625 0.3235294125 0.56413166875 0.3221288515625 0.5618615203124999 0.2997198875 0.415437003125 0.30392156875 0.4143019296875 0.2647058828125 0.3972758234375 0.26750700312500003 0.40181611874999995 0.7591036421874999
1 0.76163450625 0.11904761875 0.6855845625 0.12044817968749999 0.6867196375 0.163865546875 0.76163450625 0.163865546875 0.76163450625 0.11904761875
0 0.9171396140624999 0.11904761875 0.7809307609375 0.11904761875 0.782065834375 0.2913165265625 0.9205448359374999 0.2913165265625 0.9171396140624999 0.11904761875
4 0.395005675 0.12885154062499998 0.07491486875 0.12885154062499998 0.083995459375 0.7703081234375 0.40181611874999995 0.7591036421874999 0.395005675 0.12885154062499998