1 0.22419736875 0.235800915625 0.1463815796875 0.235800915625 0.1463815796875 0.48653318125 0.22419736875 0.48653318125 0.22419736875 0.235800915625
7 0.22772368437499999 0.218283753125 0.14575 0.218283753125 0.14575 0.23411899374999998 0.22772368437499999 0.23411899374999998 0.22772368437499999 0.218283753125
3 0.8876518203125 0.37757437031249996 0.9058704453124999 0.378454496875 0.903846153125 0.2191515578125 0.22773279531249999 0.2191515578125 0.226720646875 0.23499383906250002 0.8876518203125 0.23499383906250002 0.8876518203125 0.37757437031249996
7 0.24088157968749999 0.2992448515625 0.22469736875000001 0.2992448515625 0.22469736875000001 0.395171625 0.24088157968749999 0.395171625 0.24088157968749999 0.2992448515625
7 0.1457631578125 0.23500000000000001 0.12855263125 0.23500000000000001 0.12855263125 0.48934782656250003 0.1457631578125 0.48934782656250003 0.1457631578125 0.23500000000000001
7 0.147776315625 0.6125743703125 0.1275394734375 0.6125743703125 0.1275394734375 0.7709954234375 0.147776315625 0.7709954234375 0.147776315625 0.6125743703125
7 0.9048684203124999 0.6275286046875 0.8876578953125 0.6275286046875 0.8876578953125 0.7269794046875 0.9048684203124999 0.7269794046875 0.9048684203124999 0.6275286046875
7 0.9048552624999999 0.37757437031249996 0.8886710531249999 0.37757437031249996 0.8886710531249999 0.47615560625000003 0.9048552624999999 0.47615560625000003 0.9048552624999999 0.37757437031249996
3 0.9048552624999999 0.4761441640625 0.8896710531249999 0.4761441640625 0.8896710531249999 0.630171625 0.9048552624999999 0.630171625 0.9048552624999999 0.4761441640625
3 0.1447368421875 0.21740274531249998 0.127526315625 0.21740274531249998 0.127526315625 0.23500000000000001 0.1447368421875 0.23500000000000001 0.1447368421875 0.21740274531249998
4 0.5559868421874999 0.50643020625 0.14980263124999998 0.50643020625 0.14980263124999998 0.880526315625 0.5559868421874999 0.880526315625 0.5559868421874999 0.50643020625
3 0.1295546546875 0.4884703390625 0.1285425109375 0.6134483359375 0.1477732796875 0.6134483359375 0.1477732796875 0.50343249375 0.241902834375 0.50255236875 0.2408906890625 0.46118641250000003 0.2246963546875 0.460306284375 0.2236842109375 0.48759021249999995 0.1295546546875 0.4884703390625
3 0.8866396765625 0.7261045578124999 0.8866396765625 0.881006865625 0.1457489875 0.881006865625 0.1477732796875 0.7709910234375 0.1285425109375 0.7727512765625 0.1275303625 0.8968491468750001 0.9048583000000001 0.8959690203124999 0.9048583000000001 0.7261045578124999 0.8866396765625 0.7261045578124999
2 0.2246963546875 0.43038197499999997 0.2236842109375 0.45942615781249996 0.2429149796875 0.46118641250000003 0.24392712656249999 0.42950184843750006 0.2651821875 0.43302235468749994 0.2651821875 0.4242210875 0.24392712656249999 0.4224608359375 0.24392712656249999 0.39517690625 0.2236842109375 0.394296778125 0.222672065625 0.4242210875 0.2054655875 0.4242210875 0.2054655875 0.4312621 0.2246963546875 0.43038197499999997
3 0.24292105312499998 0.2349885578125 0.2247105265625 0.2349885578125 0.2247105265625 0.3001144171875 0.24292105312499998 0.3001144171875 0.24292105312499998 0.2349885578125
6 0.4726578953125 0.4928832953125 0.23986842031250002 0.4928832953125 0.23986842031250002 0.5051945078125 0.4726578953125 0.5051945078125 0.4726578953125 0.4928832953125
2 0.5020242921875 0.5210350296875 0.5091093109375 0.52279528125 0.51214575 0.5051927484375 0.5404858296875 0.5043126203125 0.5414979765625 0.4946312265625 0.51214575 0.491990846875 0.511133603125 0.477028690625 0.5030364375 0.47614856562499996 0.504048584375 0.491990846875 0.4736842109375 0.49287097187500006 0.4736842109375 0.50343249375 0.504048584375 0.50343249375 0.5020242921875 0.5210350296875
1 0.67269736875 0.50643020625 0.5731447375000001 0.50643020625 0.5731447375000001 0.6128832953125001 0.67269736875 0.6128832953125001 0.67269736875 0.50643020625
2 0.6063386734375 0.5203661328125 0.6154919921875 0.5223559843750001 0.618924484375 0.5054422453125 0.6555377578125 0.50444731875 0.6566819203125001 0.49250820781250004 0.618924484375 0.49350313437500004 0.62006865 0.47559446875000005 0.608627003125 0.47459954218749995 0.6074828375 0.49350313437500004 0.5697254 0.49250820781250004 0.570869565625 0.50444731875 0.608627003125 0.50444731875 0.6063386734375 0.5203661328125
2 0.6509610968749999 0.44375683906249996 0.6509610968749999 0.4537060984375 0.6738443953125001 0.45271117343749995 0.6715560625 0.47658939375 0.6875743703125 0.47957417187500007 0.688718534375 0.454701025 0.7035926765625 0.454701025 0.7058810078125 0.44674161718749994 0.688718534375 0.44773654531249996 0.6864302046875 0.41987862031249995 0.6761327234375 0.4208735453125 0.6761327234375 0.44276191562499995 0.6509610968749999 0.44375683906249996
2 0.6578260874999999 0.5551885375000001 0.6555377578125 0.564142871875 0.6715560625 0.5631479453125 0.6704119000000001 0.58901601875 0.688718534375 0.5910058703125001 0.688718534375 0.5631479453125 0.7081693375 0.564142871875 0.7081693375 0.5561834640625001 0.6864302046875 0.5561834640625001 0.6864302046875 0.530315390625 0.6738443953125001 0.530315390625 0.6749885578125 0.5541936125 0.6578260874999999 0.5551885375000001
4 0.8866578953124999 0.6248398171875 0.5708684203125001 0.6248398171875 0.5708684203125001 0.8815217390625 0.8866578953124999 0.8815217390625 0.8866578953124999 0.6248398171875
2 0.6166361546875 0.643736940625 0.628077803125 0.64572679375 0.6246453078124999 0.6248333500000001 0.6532494296875 0.6268232015625 0.6543935921874999 0.6118993140625 0.6246453078124999 0.6109043875 0.6269336390625 0.594985575 0.6177803203125001 0.593990646875 0.6154919921875 0.6118993140625 0.5868878703125 0.6118993140625 0.5845995421875 0.6248333500000001 0.6154919921875 0.6248333500000001 0.6166361546875 0.643736940625
6 0.5571395875 0.8815242265625001 0.570869565625 0.883514078125 0.5685812375 0.6258282765625001 0.5857437078125 0.6238384234375001 0.5857437078125 0.6138891640625 0.5685812375 0.6138891640625 0.570869565625 0.494498059375 0.542265446875 0.494498059375 0.539977115625 0.5034523937500001 0.558283753125 0.5024574671875001 0.5571395875 0.8815242265625001
1 0.8878026312499999 0.5074256296875 0.688723684375 0.5074256296875 0.688723684375 0.6118878718749999 0.8878026312499999 0.6118878718749999 0.8878026312499999 0.5074256296875
6 0.6749885578125 0.5034523937500001 0.6738443953125001 0.530315390625 0.6864302046875 0.53131031875 0.6864302046875 0.50643716875 0.8878032031249999 0.50643716875 0.88894736875 0.494498059375 0.6864302046875 0.49250820781250004 0.6875743703125 0.47857924531249996 0.6749885578125 0.47559446875000005 0.6749885578125 0.49350313437500004 0.6566819203125001 0.494498059375 0.6578260874999999 0.50444731875 0.6749885578125 0.5034523937500001
6 0.6566819203125001 0.6138891640625 0.6532494296875 0.6238384234375001 0.88894736875 0.6248333500000001 0.8878032031249999 0.6148840921875001 0.6864302046875 0.6138891640625 0.6875743703125 0.5910058703125001 0.6749885578125 0.5910058703125001 0.6749885578125 0.6118993140625 0.6566819203125001 0.6138891640625
6 0.685276315625 0.23482837499999998 0.6749868421875 0.23482837499999998 0.6749868421875 0.420869565625 0.685276315625 0.420869565625 0.685276315625 0.23482837499999998
5 0.6761447375 0.234816934375 0.4415921046875 0.234816934375 0.4415921046875 0.39598398125 0.6761447375 0.39598398125 0.6761447375 0.234816934375
4 0.8878157890624999 0.2358237984375 0.6852894734375 0.2358237984375 0.6852894734375 0.4925057203125 0.8878157890624999 0.4925057203125 0.8878157890624999 0.2358237984375
4 0.6727002296875 0.396995325 0.44078947343749997 0.3947368421875 0.43914473750000005 0.23741418749999998 0.2473684203125 0.235697940625 0.24473684218749997 0.48970251718749996 0.481578946875 0.48970251718749996 0.6749885578125 0.49151328124999993 0.6727002296875 0.396995325