4 0.3724053734375 0.42616663125 0.39479039375 0.42616663125 0.39377289375 0.160877903125 0.3693528703125 0.1630087375 0.3713878703125 0.07990624375 0.0997151 0.07990624375 0.0997151 0.495418709375 0.3724053734375 0.4986149578125 0.3724053734375 0.42616663125
7 0.2989417984375 0.042936287499999996 0.153439153125 0.042936287499999996 0.153439153125 0.0817174515625 0.2989417984375 0.0817174515625 0.2989417984375 0.042936287499999996
7 0.7724867718749999 0.317174515625 0.7394179890625 0.317174515625 0.7394179890625 0.4002770078125 0.7724867718749999 0.4002770078125 0.7724867718749999 0.317174515625
7 0.9140211640624999 0.695290859375 0.8796296296874999 0.695290859375 0.8796296296874999 0.7770083109375 0.9140211640624999 0.7770083109375 0.9140211640624999 0.695290859375
1 0.0915750921875 0.7798849359375 0.21062271093749999 0.7830811859375 0.21164021093750002 0.7191561906249999 0.49959300000000006 0.72022160625 0.497557996875 0.6435116125 0.39479039375 0.642446196875 0.39479039375 0.5135307890624999 0.1017501 0.5145962078124999 0.0997151 0.6094182828125 0.0925925921875 0.6083528671875 0.0915750921875 0.7798849359375
2 0.2380952375 0.5443213296875 0.252645503125 0.5443213296875 0.25 0.5152354578125 0.2791005296875 0.513850415625 0.28174603125000003 0.5 0.252645503125 0.49584487499999996 0.2513227515625 0.47229916875000005 0.23941798906249998 0.4695290859375 0.23941798906249998 0.4986149578125 0.2142857140625 0.4972299171875 0.21164021093750002 0.5152354578125 0.2420634921875 0.518005540625 0.2380952375 0.5443213296875
2 0.7116402109375 0.290858725 0.7354497359375001 0.290858725 0.7380952375 0.3199445984375 0.777777778125 0.3199445984375 0.7764550265625 0.293628809375 0.796296296875 0.29501385 0.797619046875 0.28393351875 0.7724867718749999 0.27977839375 0.7724867718749999 0.2520775625 0.7367724875 0.2506925203125 0.7394179890625 0.2783933515625 0.7116402109375 0.2770083109375 0.7116402109375 0.290858725
2 0.8536833546875 0.8139782656250001 0.877085878125 0.8139782656250001 0.8781033781250001 0.841679096875 0.9157509156250001 0.84380993125 0.9137159125000001 0.8171745156249999 0.9411884421875 0.8139782656250001 0.9401709390624999 0.8065203484374999 0.9177859187499999 0.8065203484374999 0.9157509156250001 0.77881951875 0.8781033781250001 0.777754103125 0.8801383812499999 0.8033241 0.8526658515625 0.8033241 0.8536833546875 0.8139782656250001
2 0.4741554734375 0.6765395265625 0.4711029703125 0.6871936921875 0.497557996875 0.6871936921875 0.49654049687499996 0.7159599390625 0.5138380125 0.7159599390625 0.5128205125 0.685062859375 0.5402930390625 0.6871936921875 0.5433455421875 0.6744086921875 0.5138380125 0.6744086921875 0.514855515625 0.6477732796875 0.5006105 0.6467078609375 0.49959300000000006 0.6776049453125 0.4741554734375 0.6765395265625
2 0.3632478625 0.5646707859375 0.3551078546875 0.57639036875 0.39377289375 0.577455784375 0.39377289375 0.61261453125 0.4059829046875 0.61581078125 0.40700040781249996 0.5795866171874999 0.44057794218749996 0.577455784375 0.4415954421875 0.5689324515624999 0.40700040781249996 0.5689324515624999 0.41005290937499994 0.5327082875 0.39377289375 0.5327082875 0.3927553921875 0.5668016203125 0.3632478625 0.5646707859375
2 0.14245014218750002 0.8470061796874999 0.1505901515625 0.8480715953125 0.1505901515625 0.8107820171875 0.1851851859375 0.812912846875 0.1841676859375 0.7809503515625 0.1505901515625 0.7809503515625 0.1495726515625 0.7447261890625 0.141432640625 0.7436607703125 0.13939764062499999 0.7809503515625 0.10683760625000001 0.77881951875 0.10683760625000001 0.8086511828124999 0.14245014218750002 0.8086511828124999 0.14245014218750002 0.8470061796874999
6 0.42429792343750006 0.7191561906249999 0.427350428125 0.7308757734375 0.4609279609375 0.7319411890625 0.4599104609375 0.9002770078125 0.2207977203125 0.8992115921874999 0.22181522187499997 0.9183890921875 0.5575905578125 0.9173236734374999 0.5575905578125 0.8992115921874999 0.5107855109375 0.9002770078125 0.5107855109375 0.7170253578125 0.502645503125 0.7159599390625 0.49959300000000006 0.721287021875 0.42429792343750006 0.7191561906249999
0 0.25742775625 0.8992115921874999 0.3205128203125 0.8992115921874999 0.3194953203125 0.7319411890625 0.226902728125 0.73300660625 0.22385022499999999 0.840613678125 0.25742775625 0.840613678125 0.25742775625 0.8992115921874999
2 0.275742775 0.7575111859375 0.2889702890625 0.76283826875 0.2859177859375 0.7351374374999999 0.3123728125 0.7351374374999999 0.3123728125 0.7170253578125 0.2869352859375 0.7159599390625 0.2859177859375 0.695717025 0.276760278125 0.693586190625 0.27777777812500004 0.7191561906249999 0.2533577546875 0.7191561906249999 0.2533577546875 0.734072021875 0.278795278125 0.734072021875 0.275742775 0.7575111859375
0 0.45989417968749996 0.7319390578125 0.3357671953125 0.7319390578125 0.3357671953125 0.89814404375 0.45989417968749996 0.89814404375 0.45989417968749996 0.7319390578125
2 0.3917378921875 0.7585766031250001 0.40191290156250004 0.7575111859375 0.4029304015625 0.73300660625 0.4253154265625 0.734072021875 0.427350428125 0.7170253578125 0.40394790468749997 0.7191561906249999 0.4029304015625 0.691455359375 0.39479039375 0.6893245265625 0.395807896875 0.7191561906249999 0.3683353671875 0.7180907734375 0.3703703703125 0.7308757734375 0.3917378921875 0.7308757734375 0.3917378921875 0.7585766031250001
3 0.4059788359375 0.42617728593750004 0.37137566093749996 0.42617728593750004 0.37137566093749996 0.51354570625 0.4059788359375 0.51354570625 0.4059788359375 0.42617728593750004
6 0.3734126984375 0.4986149578125 0.28082010625 0.4986149578125 0.28082010625 0.5124653734375 0.3734126984375 0.5124653734375 0.3734126984375 0.4986149578125
6 0.21674603124999997 0.4986149578125 0.098703703125 0.4986149578125 0.098703703125 0.5124653734375 0.21674603124999997 0.5124653734375 0.21674603124999997 0.4986149578125
6 0.40701058124999995 0.510332409375 0.39378306875 0.510332409375 0.39378306875 0.53271468125 0.40701058124999995 0.53271468125 0.40701058124999995 0.510332409375
6 0.4059920640625 0.16088642656250002 0.39580687812500004 0.16088642656250002 0.39580687812500004 0.42936288125 0.4059920640625 0.42936288125 0.4059920640625 0.16088642656250002
4 0.8791208781250001 0.6531003625 0.7244607249999999 0.6509695296875 0.725478225 0.6435116125 0.5107855109375 0.6435116125 0.5118030109375 0.8981461749999999 0.8791208781250001 0.8970807593749999 0.8791208781250001 0.6531003625
6 0.8272354500000001 0.8991966765624999 0.635939153125 0.8991966765624999 0.635939153125 0.91731301875 0.8272354500000001 0.91731301875 0.8272354500000001 0.8991966765624999
6 1 0.873642659375 0.9126984125 0.873642659375 0.9126984125 0.8938919671875001 1 0.8938919671875001 1 0.873642659375
6 1 0.6136842109375 0.9106746031249999 0.6136842109375 0.9106746031249999 0.6328531859375001 1 0.6328531859375001 1 0.6136842109375
1 0.847578346875 0.1299808234375 0.774318275 0.1310462375 0.7753357750000001 0.6136799500000001 0.9096459093749999 0.61261453125 0.847578346875 0.1299808234375
6 0.9116809124999999 0.6147453656249999 0.9238909234375001 0.6147453656249999 0.859788359375 0.11613040781249999 0.772283271875 0.11506499218749999 0.771265771875 0.1289154078125 0.8485958484375 0.1310462375 0.9116809124999999 0.6147453656249999
6 0.49959300000000006 0.6499041140624999 0.5107855109375 0.6499041140624999 0.5107855109375 0.642446196875 0.726495728125 0.64138078125 0.726495728125 0.62859578125 0.40700040781249996 0.629661196875 0.4080179078125 0.6136799500000001 0.39479039375 0.6136799500000001 0.395807896875 0.64138078125 0.49959300000000006 0.64138078125 0.49959300000000006 0.6499041140624999
3 0.63595238125 0.89814404375 0.5575925921875 0.89814404375 0.5575925921875 0.9343767312500001 0.63595238125 0.9343767312500001 0.63595238125 0.89814404375
3 0.1078571421875 0.7820083109375 0.0539417984375 0.7820083109375 0.0539417984375 0.8075761765625 0.1078571421875 0.8075761765625 0.1078571421875 0.7820083109375
3 0.1963776953125 0.9183890921875 0.222832721875 0.920519921875 0.22385022499999999 0.7830811859375 0.1841676859375 0.7820157671875 0.1841676859375 0.8097165984375 0.19536019531249998 0.8097165984375 0.1963776953125 0.9183890921875
3 0.0742775734375 0.6094182828125 0.0997151 0.6104836984374999 0.0986975984375 0.080971659375 0.153642653125 0.080971659375 0.153642653125 0.0436820796875 0.053927553125000006 0.0447474953125 0.053927553125000006 0.07990624375 0.072242571875 0.080971659375 0.0742775734375 0.6094182828125
3 0.3703703703125 0.16194331875 0.40394790468749997 0.1630087375 0.40496540468750003 0.1534199859375 0.7153032140625 0.1523545703125 0.7173382171875 0.21095248125000002 0.7356532359375 0.2098870671875 0.7387057375 0.2546345625 0.773300771875 0.2546345625 0.774318275 0.11506499218749999 0.44566544375 0.11613040781249999 0.44363044374999994 0.0436820796875 0.297110296875 0.0436820796875 0.2991452984375 0.07990624375 0.3693528703125 0.07990624375 0.3703703703125 0.16194331875
3 0.7163207171875 0.4346899640625 0.7173382171875 0.5028766265625 0.74277574375 0.5028766265625 0.7387057375 0.6200724484375 0.723443221875 0.6211378640625 0.725478225 0.6509695296875 0.8781033781250001 0.6520349453125001 0.8801383812499999 0.695717025 0.914733415625 0.695717025 0.9137159125000001 0.61261453125 0.7753357750000001 0.61261453125 0.774318275 0.40166205 0.739723240625 0.40166205 0.7376882375 0.4346899640625 0.7163207171875 0.4346899640625
3 0.8251933250000001 0.933304921875 0.8791208781250001 0.933304921875 0.8791208781250001 0.9471553374999999 0.91676841875 0.9460899218750001 0.914733415625 0.8427445125 0.8801383812499999 0.8427445125 0.8801383812499999 0.8960153406250001 0.8262108250000001 0.8981461749999999 0.8251933250000001 0.933304921875
6 0.3215303234375 0.9013424234375 0.3327228328125 0.9013424234375 0.33374033281250004 0.7298103546875 0.3683353671875 0.7298103546875 0.3703703703125 0.72022160625 0.3123728125 0.72022160625 0.31135531250000004 0.7298103546875 0.3205128203125 0.7298103546875 0.3215303234375 0.9013424234375
6 0.22486772500000002 0.7308757734375 0.2513227515625 0.7308757734375 0.2533577546875 0.72022160625 0.21164021093750002 0.721287021875 0.2126577109375 0.7852120171875 0.22385022499999999 0.7841466015624999 0.22486772500000002 0.7308757734375
6 0.055962556249999997 0.722352440625 0.05494505625 0.73620285625 0.072242571875 0.737268271875 0.07326007343749999 0.7841466015624999 0.09055759062499999 0.7830811859375 0.09055759062499999 0.6104836984374999 0.07326007343749999 0.6072874484375 0.072242571875 0.721287021875 0.055962556249999997 0.722352440625
6 0.07325396875 0.5976869812500001 0.060026454687499994 0.5976869812500001 0.060026454687499994 0.6094044328125 0.07325396875 0.6094044328125 0.07325396875 0.5976869812500001
6 0.2553835984375 0.8416759 0.2228174609375 0.8416759 0.2228174609375 0.8992105265625 0.2553835984375 0.8992105265625 0.2553835984375 0.8416759
4 0.7244607249999999 0.61900703125 0.7417582406250001 0.6211378640625 0.739723240625 0.5028766265625 0.7183557203125 0.5039420421874999 0.7173382171875 0.4357553796875 0.739723240625 0.4357553796875 0.740740740625 0.21095248125000002 0.7173382171875 0.2098870671875 0.7173382171875 0.1523545703125 0.4080179078125 0.1566162375 0.40903540937500005 0.627530365625 0.7244607249999999 0.627530365625 0.7244607249999999 0.61900703125
6 0.0925925921875 0.809709140625 0.07121693125 0.809709140625 0.07121693125 0.826745153125 0.0925925921875 0.826745153125 0.0925925921875 0.809709140625