3 0.9345168062500001 0.6086596390625 0.8896008406249999 0.6086596390625 0.8896008406249999 0.766521084375 0.9345168062500001 0.766521084375 0.9345168062500001 0.6086596390625
3 0.1361764703125 0.8225903609375 0.0999579828125 0.8225903609375 0.0999579828125 0.8475301203125 0.1361764703125 0.8475301203125 0.1361764703125 0.8225903609375
6 0.11735294062499999 0.7125 0.0999579828125 0.7125 0.0999579828125 0.8236445781249999 0.11735294062499999 0.8236445781249999 0.11735294062499999 0.7125
6 0.29846638593749997 0.8340361453125 0.1390966390625 0.8340361453125 0.1390966390625 0.8465060234375 0.29846638593749997 0.8465060234375 0.29846638593749997 0.8340361453125
3 0.57809330625 0.155795596875 0.6317009578125 0.1547569578125 0.6331498109375 0.13813876249999998 0.6664734875 0.1391774 0.6664734875 0.1017864546875 0.637496378125 0.10074781875000001 0.6360475203125 0.0311591203125 0.5867864375 0.03219775625 0.58823529375 0.118404653125 0.5795421593750001 0.118404653125 0.57809330625 0.155795596875
4 0.4491451765625 0.4341503953125 0.596928428125 0.43311175625000004 0.596928428125 0.1578728703125 0.3853955375 0.1578728703125 0.382497828125 0.26589114999999997 0.4491451765625 0.2928957203125 0.4491451765625 0.4341503953125
3 0.37525355 0.158911509375 0.49985511406249994 0.155795596875 0.49985511406249994 0.118404653125 0.37380469375 0.11944328906249999 0.34627644062499996 0.144370584375 0.37525355 0.158911509375
3 0.12749927656249999 0.37390943125 0.12749927656249999 0.09451599375 0.275282525 0.091400084375 0.282526803125 0.09763190625 0.3086062015625 0.0716659734375 0.2912199375 0.057125051562499994 0.0738916265625 0.056086415625 0.07244276875 0.37390943125 0.12749927656249999 0.37390943125
3 0.57809330625 0.5265891140625001 0.8229498703125 0.527627753125 0.8215010125 0.4912754453125 0.6317009578125 0.4912754453125 0.6302521015625 0.4341503953125 0.395537525 0.4341503953125 0.39408866875 0.4788117984375 0.5766444500000001 0.4788117984375 0.57809330625 0.5265891140625001
3 0.07244276875 0.42376402031250004 0.0738916265625 0.5556709609375 0.12749927656249999 0.554632321875 0.1289481296875 0.4798504375 0.3404810203125 0.4788117984375 0.336134453125 0.4341503953125 0.1303969875 0.4351890328125 0.12749927656249999 0.42480265937499995 0.07244276875 0.42376402031250004
3 0.12749927656249999 0.6740756109375 0.12749927656249999 0.6096801000000001 0.07244276875 0.6096801000000001 0.07244276875 0.71354383125 0.1564763828125 0.71354383125 0.1579252390625 0.6740756109375 0.12749927656249999 0.6740756109375
3 0.2970153578125 0.7384711265624999 0.3506230078125 0.7384711265624999 0.3491741515625 0.6730369765625001 0.253549696875 0.6740756109375 0.253549696875 0.71354383125 0.294117646875 0.71354383125 0.2970153578125 0.7384711265624999
3 0.837438425 0.8651848765624999 0.8388872765625001 0.8246780203125 0.3520718609375 0.825716659375 0.3506230078125 0.7935189031250001 0.2970153578125 0.795596178125 0.2970153578125 0.920232653125 0.3520718609375 0.920232653125 0.3520718609375 0.864146240625 0.837438425 0.8651848765624999
2 0.7505071015625 0.588907353125 0.7722399281250001 0.586830078125 0.7722399281250001 0.6065641875 0.799768184375 0.6065641875 0.7968704703125 0.589945990625 0.8258475796875 0.588907353125 0.8287452906249999 0.5816368921875 0.7983193281250001 0.57852098125 0.799768184375 0.5619027828125 0.7736887859375 0.560864146875 0.7751376421875 0.5764437046875 0.7534048109375 0.5774823437500001 0.7505071015625 0.588907353125
2 0.199942046875 0.7353552140625 0.2144306015625 0.734316575 0.21298174374999998 0.7145824671875001 0.25499855 0.7156211046875 0.2564474078125 0.6730369765625001 0.21008403437499998 0.6719983375 0.21298174374999998 0.6564187765625 0.2013908984375 0.6564187765625 0.1984931890625 0.6709597015625001 0.1564763828125 0.6699210625 0.1550275296875 0.7145824671875001 0.1984931890625 0.7145824671875001 0.199942046875 0.7353552140625
2 0.27383367187499996 0.7706688828125 0.2970153578125 0.7717075203125 0.2955665046875 0.7945575390624999 0.3491741515625 0.7945575390624999 0.3506230078125 0.7706688828125 0.3709069828125 0.77274615625 0.372355840625 0.7613211468750001 0.3520718609375 0.7613211468750001 0.35352071875 0.7374324875 0.2955665046875 0.7363938531249999 0.2999130671875 0.760282509375 0.27093596249999996 0.757166596875 0.27383367187499996 0.7706688828125
1 0.58823529375 0.06647278906250001 0.3057084921875 0.06647278906250001 0.3781512609375 0.118404653125 0.5896841515625 0.11944328906249999 0.58823529375 0.06647278906250001
4 0.3651115625 0.2638138765625 0.366560415625 0.1578728703125 0.272384815625 0.0924387203125 0.1260504203125 0.09451599375 0.1260504203125 0.3167843796875 0.3158504796875 0.31886165312500003 0.3651115625 0.2638138765625
2 0.3100550546875 0.13813876249999998 0.32309475625 0.1454092234375 0.3375833109375 0.13813876249999998 0.34627644062499996 0.144370584375 0.3796001171875 0.1163273796875 0.3680092734375 0.11009555468750001 0.3810489703125 0.10282509375 0.37670240312500003 0.09659327031250001 0.36366270625 0.1017864546875 0.3477252984375 0.0924387203125 0.31729933125 0.11944328906249999 0.32744131875 0.1308683015625 0.3100550546875 0.13813876249999998
1 0.4274123453125 0.43103448125000005 0.42596348749999996 0.30016618125 0.3810489703125 0.2773161625 0.32889017656249997 0.3261321140625 0.325992465625 0.4341503953125 0.4274123453125 0.43103448125000005
6 0.327436975 0.40194277031250003 0.31441176406250004 0.40194277031250003 0.31441176406250004 0.43414156562499995 0.327436975 0.43414156562499995 0.327436975 0.40194277031250003
2 0.3259873953125 0.36042168750000003 0.3158613453125 0.36042168750000003 0.3158613453125 0.4040361453125 0.3259873953125 0.4040361453125 0.3259873953125 0.36042168750000003
4 0.770791075 0.7114665578125 0.627354390625 0.71042791875 0.575195596875 0.6855006234375 0.35352071875 0.6855006234375 0.3520718609375 0.825716659375 0.7736887859375 0.8236393859375 0.770791075 0.7114665578125
2 0.709936975 0.6990060234375 0.6519957984375 0.6990060234375 0.6519957984375 0.7083433734375 0.709936975 0.7083433734375 0.709936975 0.6990060234375
2 0.4303151265625 0.67512048125 0.3622058828125 0.67512048125 0.3622058828125 0.68445783125 0.4303151265625 0.68445783125 0.4303151265625 0.67512048125
7 0.5809663859375 0.118418675 0.49550420156249997 0.118418675 0.49550420156249997 0.1557981921875 0.5809663859375 0.1557981921875 0.5809663859375 0.118418675
7 0.12460084062500001 0.37287650625 0.0724579828125 0.37287650625 0.0724579828125 0.42688252968749996 0.12460084062500001 0.42688252968749996 0.12460084062500001 0.37287650625
7 0.1260504203125 0.5535993968749999 0.072436975 0.5535993968749999 0.072436975 0.6117620484375 0.1260504203125 0.6117620484375 0.1260504203125 0.5535993968749999
7 0.34482758750000003 0.09763190625 0.3115039125 0.0727046109375 0.28397565937499997 0.09763190625 0.3187481890625 0.117366015625 0.34482758750000003 0.09763190625
6 0.79542016875 0.52554216875 0.772226890625 0.52554216875 0.772226890625 0.5608433734375 0.79542016875 0.5608433734375 0.79542016875 0.52554216875
6 0.5896638656250001 0.057108434374999996 0.294117646875 0.057108434374999996 0.294117646875 0.0654216875 0.5896638656250001 0.0654216875 0.5896638656250001 0.057108434374999996
6 0.447710084375 0.29706325312500004 0.4317857140625 0.29706325312500004 0.4317857140625 0.4331174703125 0.447710084375 0.4331174703125 0.447710084375 0.29706325312500004
4 0.7736887859375 0.6948483578125 0.770791075 0.527627753125 0.5925818609375 0.5255504796875 0.59837728125 0.6771915234375 0.6432917984375 0.6979642703125 0.7736887859375 0.6948483578125
6 0.7736974796875 0.6969427703125 0.7084873953125 0.6969427703125 0.7084873953125 0.708358434375 0.7736974796875 0.708358434375 0.7736974796875 0.6969427703125
2 0.44769631875 0.29497299374999997 0.3868443953125 0.2690070625 0.38394668125 0.2762775234375 0.4303100546875 0.29808890625 0.44769631875 0.29497299374999997
2 0.3694581265625 0.2814707109375 0.35931613906250004 0.27420025 0.320197046875 0.3115911921875 0.330339034375 0.3167843796875 0.3694581265625 0.2814707109375
6 0.5824398734375 0.684461984375 0.62880324375 0.70731200625 0.6548826421875 0.71042791875 0.6548826421875 0.6979642703125 0.6403940875 0.6979642703125 0.596928428125 0.6782301625 0.5925818609375 0.5265891140625001 0.5795421593750001 0.524511840625 0.5795421593750001 0.6761528890624999 0.4274123453125 0.67511425 0.4303100546875 0.684461984375 0.5824398734375 0.684461984375
2 0.7939705874999999 0.6408433734375001 0.7736764703125 0.6408433734375001 0.7736764703125 0.6875903609375 0.7939705874999999 0.6875903609375 0.7939705874999999 0.6408433734375001
1 0.8896008406249999 0.6408283124999999 0.7954411765625 0.6408283124999999 0.7954411765625 0.7197740968749999 0.8896008406249999 0.7197740968749999 0.8896008406249999 0.6408283124999999
3 0.7765864953125 0.6211051109375 0.7751376421875 0.6398005812500001 0.88959721875 0.6418778546875 0.88959721875 0.6211051109375 0.7765864953125 0.6211051109375
6 0.7736887859375 0.6886165359375 0.7765864953125 0.825716659375 0.7968704703125 0.8246780203125 0.7925239078125 0.686539259375 0.7736887859375 0.6886165359375
3 0.8881512609375 0.7197590359375 0.7925210078125 0.7197590359375 0.7925210078125 0.74054216875 0.8881512609375 0.74054216875 0.8881512609375 0.7197590359375
6 0.7968487390625001 0.6065512046875 0.772226890625 0.6065512046875 0.772226890625 0.621099396875 0.7968487390625001 0.621099396875 0.7968487390625001 0.6065512046875
6 0.35931613906250004 0.2731616109375 0.3709069828125 0.2814707109375 0.3781512609375 0.2762775234375 0.3853955375 0.2773161625 0.3868443953125 0.2710843375 0.3796001171875 0.267968425 0.382497828125 0.158911509375 0.3694581265625 0.158911509375 0.3680092734375 0.261736603125 0.35931613906250004 0.2731616109375
4 0.31441176406250004 0.3292620484375 0.1275210078125 0.3292620484375 0.1275210078125 0.43519578281250004 0.31441176406250004 0.43519578281250004 0.31441176406250004 0.3292620484375
6 0.3158504796875 0.36248442187499996 0.32744131875 0.3635230578125 0.32744131875 0.3261321140625 0.336134453125 0.3167843796875 0.324543609375 0.3115911921875 0.320197046875 0.31886165312500003 0.1289481296875 0.31782301562500004 0.12749927656249999 0.327170753125 0.3158504796875 0.3292480265625 0.3158504796875 0.36248442187499996
4 0.575189075 0.479849396875 0.128928571875 0.479849396875 0.128928571875 0.67304216875 0.575189075 0.67304216875 0.575189075 0.479849396875
2 0.3940756296875 0.433102409375 0.33323529375 0.433102409375 0.33323529375 0.479849396875 0.3940756296875 0.479849396875 0.3940756296875 0.433102409375
1 0.2955672265625 0.714563253125 0.1188025203125 0.714563253125 0.1188025203125 0.8319427703125 0.2955672265625 0.8319427703125 0.2955672265625 0.714563253125
3 0.63317226875 0.15370481875 0.59548319375 0.15370481875 0.59548319375 0.433102409375 0.63317226875 0.433102409375 0.63317226875 0.15370481875