7 0.8582089546875 0.129177778125 0.74759061875 0.129177778125 0.74759061875 0.175 0.8582089546875 0.175 0.8582089546875 0.129177778125
6 0.710287846875 0.447222221875 0.7089552234375 0.5319444437499999 0.7209488265624999 0.5319444437499999 0.7196162046875 0.175 0.7036247328125 0.17361111093749998 0.710287846875 0.35972222187499997 0.7089552234375 0.4388888890625 0.5890191890625001 0.4388888890625 0.5890191890625001 0.16944444375 0.57969083125 0.16944444375 0.5823560765625 0.4375 0.3877931765625 0.44166666718750003 0.3891258 0.45277777812500003 0.710287846875 0.447222221875
4 0.70495735625 0.17361111093749998 0.5916844343750001 0.1708333328125 0.5930170578125 0.3583333328125 0.7076226015625 0.3583333328125 0.70495735625 0.17361111093749998
7 0.6556609812499999 0.125 0.6063432828125 0.125 0.6063432828125 0.16944444375 0.6556609812499999 0.16944444375 0.6556609812499999 0.125
4 0.57969083125 0.16805555625 0.3891258 0.16944444375 0.39179104531250003 0.440277778125 0.5823560765625 0.4375 0.57969083125 0.16805555625
7 0.5170682296875 0.1250111109375 0.4144456296875 0.1250111109375 0.4144456296875 0.16805555625 0.5170682296875 0.16805555625 0.5170682296875 0.1250111109375
0 0.223880596875 0.4388888890625 0.35181236718750003 0.43333333281249997 0.349147121875 0.1708333328125 0.1532515984375 0.16805555625 0.1572494671875 0.3138888890625 0.223880596875 0.3138888890625 0.223880596875 0.4388888890625
3 0.2825159921875 0.127777778125 0.225202559375 0.127777778125 0.225202559375 0.172222221875 0.2825159921875 0.172222221875 0.2825159921875 0.127777778125
7 0.33315565 0.127777778125 0.28117270781250003 0.127777778125 0.28117270781250003 0.16804444375 0.33315565 0.16804444375 0.33315565 0.127777778125
7 0.2278891265625 0.127777778125 0.1799147125 0.127777778125 0.1799147125 0.1666666671875 0.2278891265625 0.1666666671875 0.2278891265625 0.127777778125
1 0.46641791093749996 0.897222221875 0.3171641796875 0.9013888890624999 0.314498934375 0.9666666671874999 0.46641791093749996 0.965277778125 0.46641791093749996 0.897222221875
7 0.37047974375 0.8569333328125 0.330501065625 0.8569333328125 0.330501065625 0.9 0.37047974375 0.9 0.37047974375 0.8569333328125
7 0.69829424375 0.8958333328125001 0.5703624734375 0.8958333328125001 0.5703624734375 0.9375 0.69829424375 0.9375 0.69829424375 0.8958333328125001
4 0.76759061875 0.5722222218749999 0.5077292109375 0.5763888890625 0.5077292109375 0.897222221875 0.7689232406250001 0.8875 0.76759061875 0.5722222218749999
2 0.646332621875 0.533322221875 0.5783582093749999 0.533322221875 0.5783582093749999 0.5736111109375 0.646332621875 0.5736111109375 0.646332621875 0.533322221875
2 0.40512793125 0.8583333328125 0.37047974375 0.8583333328125 0.37047974375 0.89584444375 0.40512793125 0.89584444375 0.40512793125 0.8583333328125
4 0.491737740625 0.5763888890625 0.28917910468749997 0.577777778125 0.2905117265625 0.8611111109375 0.49307036249999997 0.852777778125 0.491737740625 0.5763888890625
2 0.3718123671875 0.5375 0.31317697187500004 0.5375 0.31317697187500004 0.5736111109375 0.3718123671875 0.5736111109375 0.3718123671875 0.5375
3 0.314498934375 0.575 0.314498934375 0.5388888890625 0.28784648125 0.540277778125 0.28651385937499996 0.5333333328125 0.25319829375 0.5333333328125 0.2545309171875 0.8611111109375 0.1918976546875 0.859722221875 0.1932302765625 0.9041666671874999 0.3344882734375 0.9 0.331823028125 0.85694444375 0.2905117265625 0.8611111109375 0.28651385937499996 0.5763888890625 0.314498934375 0.575
2 0.2838486140625 0.4763888890625 0.255852878125 0.4763888890625 0.255852878125 0.534722221875 0.2838486140625 0.534722221875 0.2838486140625 0.4763888890625
3 0.283859275 0.4361 0.2518763328125 0.4361 0.2518763328125 0.4763888890625 0.283859275 0.4763888890625 0.283859275 0.4361
1 0.38114072499999996 0.4513888890625 0.28785714218749997 0.4513888890625 0.28785714218749997 0.536122221875 0.38114072499999996 0.536122221875 0.38114072499999996 0.4513888890625
6 0.29452025625 0.4347333328125 0.2851812359375 0.4347333328125 0.2851812359375 0.4514 0.29452025625 0.4514 0.29452025625 0.4347333328125
2 0.3411513859375 0.436122221875 0.294498934375 0.436122221875 0.294498934375 0.4500111109375 0.3411513859375 0.4500111109375 0.3411513859375 0.436122221875
3 0.8821961625 0.8861111109375001 0.6969616203125 0.890277778125 0.6969616203125 0.9375 0.894189765625 0.9291666671875 0.8821961625 0.8861111109375001
3 0.402452025 0.8541666671874999 0.402452025 0.8986111109375001 0.4650852875 0.897222221875 0.46375266562500006 0.9444444437499999 0.5730277187499999 0.9416666671874999 0.5716950953125 0.89444444375 0.5117270781250001 0.897222221875 0.51039445625 0.852777778125 0.402452025 0.8541666671874999
3 0.5783582093749999 0.534722221875 0.373134328125 0.5361111109375 0.3744669515625 0.5763888890625 0.57969083125 0.5736111109375 0.5783582093749999 0.534722221875
3 0.9901385921875001 0.5263888890625 0.647654584375 0.534722221875 0.6463219609374999 0.5722222218749999 0.9888059703125001 0.5694444437499999 0.9901385921875001 0.5263888890625
3 0.331823028125 0.127777778125 0.33315565 0.16805555625 0.35047974375 0.16944444375 0.35314498906249997 0.43333333281249997 0.33848614062500004 0.43194444374999996 0.33848614062500004 0.45416666718750004 0.3891258 0.45416666718750004 0.3891258 0.1708333328125 0.41711087343750003 0.172222221875 0.4157782515625 0.1263888890625 0.331823028125 0.127777778125
3 0.119936034375 0.34027777812500004 0.15591684374999998 0.33888888906250003 0.1532515984375 0.16944444375 0.1812366734375 0.16944444375 0.18390191875 0.13194444375 0.042643923437499995 0.13055555624999998 0.0386460546875 0.172222221875 0.11460554375000001 0.172222221875 0.119936034375 0.34027777812500004
3 0.6090191890625001 0.1263888890625 0.5143923234375001 0.1263888890625 0.5143923234375001 0.16805555625 0.6090191890625001 0.16805555625 0.6090191890625001 0.1263888890625
3 0.7476012796875 0.129177778125 0.654317696875 0.129177778125 0.654317696875 0.175 0.7476012796875 0.175 0.7476012796875 0.129177778125
3 0.9994776125 0.13194444375 0.8542110875000001 0.13194444375 0.8542110875000001 0.1749888890625 0.9994776125 0.1749888890625 0.9994776125 0.13194444375
1 0.5930277187499999 0.027777778125000003 0.379808103125 0.027777778125000003 0.379808103125 0.1264 0.5930277187499999 0.1264 0.5930277187499999 0.027777778125000003
6 0.11994669531249999 0.32777777812500003 0.053315565625000005 0.32777777812500003 0.053315565625000005 0.3430666671875 0.11994669531249999 0.3430666671875 0.11994669531249999 0.32777777812500003
6 0.2545309171875 0.5625 0.1878997875 0.5625 0.1878997875 0.5763888890625 0.2545309171875 0.5763888890625 0.2545309171875 0.5625
6 0.491737740625 0.5763888890625 0.49307036249999997 0.85555555625 0.5063965890625 0.85555555625 0.50373134375 0.5736111109375 0.491737740625 0.5763888890625
6 0.76759061875 0.5694444437499999 0.7689232406250001 0.8916666671875 0.779584221875 0.8916666671875 0.7782515984375 0.56805555625 0.76759061875 0.5694444437499999
6 0.9488272921875 0.5319444437499999 0.94083155625 0.17361111093749998 0.930170575 0.17361111093749998 0.935501065625 0.5319444437499999 0.9488272921875 0.5319444437499999
6 0.1519189765625 0.33888888906250003 0.2038912578125 0.33888888906250003 0.20522388125000002 0.45694444375 0.251865671875 0.45555555625000005 0.2492004265625 0.4388888890625 0.22254797499999998 0.4375 0.2212153515625 0.315277778125 0.15058635468749998 0.315277778125 0.1519189765625 0.33888888906250003
2 0.39180170625 0.4916666671875 0.379797440625 0.4916666671875 0.379797440625 0.5347333328125 0.39180170625 0.5347333328125 0.39180170625 0.4916666671875
6 0.39180170625 0.45416666718750004 0.379797440625 0.45416666718750004 0.379797440625 0.490277778125 0.39180170625 0.490277778125 0.39180170625 0.45416666718750004
4 0.9315031984375001 0.1763888890625 0.7209488265624999 0.1763888890625 0.7209488265624999 0.5291666671875 0.9315031984375001 0.5291666671875 0.9315031984375001 0.1763888890625
1 0.7089552234375 0.4486111109375 0.39312366718749997 0.45277777812500003 0.3957889125 0.5333333328125 0.7089552234375 0.534722221875 0.7089552234375 0.4486111109375
1 0.6383368875000001 0.36804444375 0.5916844343750001 0.36804444375 0.5916844343750001 0.4388888890625 0.6383368875000001 0.4388888890625 0.6383368875000001 0.36804444375
6 0.710287846875 0.3597111109375 0.5916737734375 0.3597111109375 0.5916737734375 0.36944444375 0.710287846875 0.36944444375 0.710287846875 0.3597111109375
6 0.6489978671875 0.36944444375 0.6383368875000001 0.36944444375 0.6383368875000001 0.4361111109375 0.6489978671875 0.4361111109375 0.6489978671875 0.36944444375
1 0.7076226015625 0.37084444375 0.6516524515625 0.37084444375 0.6516524515625 0.4375111109375 0.7076226015625 0.4375111109375 0.7076226015625 0.37084444375