4 0.5588271375 0.4269379265625 0.6582014484375 0.42768042812499996 0.659428290625 0.29328779374999997 0.5717089921875 0.2918027921875 0.5717089921875 0.308880309375 0.559440559375 0.308880309375 0.5588271375 0.4269379265625
7 0.6413716109375 0.2592278 0.5741626796875 0.2592278 0.5741626796875 0.2937065640625 0.6413716109375 0.2937065640625 0.6413716109375 0.2592278
4 0.805430621875 0.292538609375 0.6686363640625 0.292538609375 0.6686363640625 0.59622586875 0.805430621875 0.59622586875 0.805430621875 0.292538609375
7 0.7815071765625 0.2606081078125 0.6869457734375 0.2606081078125 0.6869457734375 0.2923262546875 0.7815071765625 0.2923262546875 0.7815071765625 0.2606081078125
4 0.93240829375 0.29329150625 0.8158532703124999 0.29329150625 0.8158532703124999 0.5947393828124999 0.93240829375 0.5947393828124999 0.93240829375 0.29329150625
7 0.8999681015625001 0.2592374515625 0.8327591703125 0.2592374515625 0.8327591703125 0.28956563750000003 0.8999681015625001 0.28956563750000003 0.8999681015625001 0.2592374515625
3 0.95010366875 0.2578667953125 0.8999760765625 0.2578667953125 0.8999760765625 0.28958494218749997 0.95010366875 0.28958494218749997 0.95010366875 0.2578667953125
6 0.9454146734375 0.2885038609375 0.9321291859375 0.2885038609375 0.9321291859375 0.59416023125 0.9454146734375 0.59416023125 0.9454146734375 0.2885038609375
7 0.9717464109374999 0.2592374515625 0.9489553421875 0.2592374515625 0.9489553421875 0.29095559843749996 0.9717464109374999 0.29095559843749996 0.9717464109374999 0.2592374515625
4 0.41161084531250003 0.2962548265625 0.313460925 0.2962548265625 0.313460925 0.4284169890625 0.41161084531250003 0.4284169890625 0.41161084531250003 0.2962548265625
7 0.401004784375 0.26199806875 0.332647528125 0.26199806875 0.332647528125 0.293716215625 0.401004784375 0.293716215625 0.401004784375 0.26199806875
4 0.3036523125 0.2947779921875 0.168692184375 0.2947779921875 0.168692184375 0.5991988421875 0.3036523125 0.5991988421875 0.3036523125 0.2947779921875
7 0.2825199359375 0.2647586875 0.18682615625000001 0.2647586875 0.18682615625000001 0.295086871875 0.2825199359375 0.295086871875 0.2825199359375 0.2647586875
4 0.1594976078125 0.2955115828125 0.0576634765625 0.2955115828125 0.0576634765625 0.5991988421875 0.1594976078125 0.5991988421875 0.1594976078125 0.2955115828125
7 0.14125996875 0.26338803125 0.0740510359375 0.26338803125 0.0740510359375 0.293716215625 0.14125996875 0.293716215625 0.14125996875 0.26338803125
4 0.046004784375 0.29699806875 0.0018421046874999999 0.29699806875 0.0018421046874999999 0.5984459453125 0.046004784375 0.5984459453125 0.046004784375 0.29699806875
7 0.0205103671875 0.2633687265625 0.001148325 0.2633687265625 0.001148325 0.295086871875 0.0205103671875 0.295086871875 0.0205103671875 0.2633687265625
7 0.025055821875000002 0.9349131281249999 0.009106857812499999 0.9349131281249999 0.009106857812499999 0.9666312734375 0.025055821875000002 0.9666312734375 0.025055821875000002 0.9349131281249999
7 0.14354864375 0.9363030890624999 0.0774720890625 0.9363030890624999 0.0774720890625 0.9666312734375 0.14354864375 0.9666312734375 0.14354864375 0.9363030890624999
7 0.27568580468750004 0.9349131281249999 0.1811244015625 0.9349131281249999 0.1811244015625 0.9652413125000001 0.27568580468750004 0.9652413125000001 0.27568580468750004 0.9349131281249999
7 0.41923445 0.9349131281249999 0.32695374843749997 0.9349131281249999 0.32695374843749997 0.9666312734375 0.41923445 0.9666312734375 0.41923445 0.9349131281249999
7 0.5229027109375 0.9335424703124999 0.45454545468749996 0.9335424703124999 0.45454545468749996 0.9652606171875 0.5229027109375 0.9652606171875 0.5229027109375 0.9335424703124999
7 0.6425199359375 0.9335424703124999 0.5753110046875001 0.9335424703124999 0.5753110046875001 0.9652606171875 0.6425199359375 0.9652606171875 0.6425199359375 0.9335424703124999
7 0.783787878125 0.9321621625000001 0.689226475 0.9321621625000001 0.689226475 0.965250965625 0.783787878125 0.965250965625 0.783787878125 0.9321621625000001
7 0.902256778125 0.9293918921875 0.8361802234375 0.9293918921875 0.8361802234375 0.9611100390624999 0.902256778125 0.9611100390624999 0.902256778125 0.9293918921875
3 0.955805421875 0.930781853125 0.8999840515624999 0.930781853125 0.8999840515624999 0.9611100390624999 0.955805421875 0.9611100390624999 0.955805421875 0.930781853125
7 0.9706060609374999 0.9280212359375 0.954657096875 0.9280212359375 0.954657096875 0.9583494203124999 0.9706060609374999 0.9583494203124999 0.9706060609374999 0.9280212359375
3 0.9706060609374999 0.5957046328125 0.6641626796875 0.5957046328125 0.6641626796875 0.6274227796875 0.9706060609374999 0.6274227796875 0.9706060609374999 0.5957046328125
3 0.3087240828125 0.5998262546875 0.009106857812499999 0.5998262546875 0.009106857812499999 0.63430501875 0.3087240828125 0.63430501875 0.3087240828125 0.5998262546875
3 0.0751913875 0.2647586875 0.0205023921875 0.2647586875 0.0205023921875 0.295086871875 0.0751913875 0.295086871875 0.0751913875 0.2647586875
3 0.1890988828125 0.2633687265625 0.1401196171875 0.2633687265625 0.1401196171875 0.295086871875 0.1890988828125 0.295086871875 0.1890988828125 0.2633687265625
3 0.332647528125 0.26338803125 0.280239234375 0.26338803125 0.280239234375 0.293716215625 0.332647528125 0.293716215625 0.332647528125 0.26338803125
6 0.638571953125 0.428422928125 0.638571953125 0.4365904359375 0.6600417125 0.4373329375 0.660655134375 0.4514404515625 0.6680161953125 0.4521829515625 0.6680161953125 0.2918027921875 0.660655134375 0.29254529375 0.659428290625 0.428422928125 0.638571953125 0.428422928125
3 0.688086125 0.2606081078125 0.640239234375 0.2606081078125 0.640239234375 0.2923262546875 0.688086125 0.2923262546875 0.688086125 0.2606081078125
3 0.835047846875 0.2592471046875 0.7803588515625 0.2592471046875 0.7803588515625 0.29233590781249996 0.835047846875 0.29233590781249996 0.835047846875 0.2592471046875
3 0.078604465625 0.9349131281249999 0.025063795312499998 0.9349131281249999 0.025063795312499998 0.9666312734375 0.078604465625 0.9666312734375 0.078604465625 0.9349131281249999
3 0.1822807015625 0.9363030890624999 0.14240829375 0.9363030890624999 0.14240829375 0.9666312734375 0.1822807015625 0.9666312734375 0.1822807015625 0.9363030890624999
3 0.328086125 0.9349131281249999 0.27682615625 0.9349131281249999 0.27682615625 0.9666312734375 0.328086125 0.9666312734375 0.328086125 0.9349131281249999
3 0.5753110046875001 0.93353281875 0.5229027109375 0.93353281875 0.5229027109375 0.966621621875 0.5753110046875001 0.966621621875 0.5753110046875001 0.93353281875
3 0.6892185015625001 0.9321621625000001 0.6413716109375 0.9321621625000001 0.6413716109375 0.965250965625 0.6892185015625001 0.965250965625 0.6892185015625001 0.9321621625000001
3 0.8373205734375 0.930781853125 0.781499203125 0.930781853125 0.781499203125 0.9625 0.8373205734375 0.9625 0.8373205734375 0.930781853125
3 0.3987240828125 0.2616902625 0.39961013749999996 0.29386529375000003 0.41024277812500004 0.29386529375000003 0.4120148859375 0.4450879453125 0.43505227812499997 0.4450879453125 0.4341662234375 0.2262977265625 0.463405990625 0.227370228125 0.463405990625 0.196267696875 0.449229134375 0.19734019687499998 0.451001240625 0.06971256875000001 0.4279638484375 0.06971256875000001 0.4279638484375 0.196267696875 0.41024277812500004 0.196267696875 0.41024277812500004 0.2616902625 0.3987240828125 0.2616902625
3 0.5334042171875 0.22522522656250002 0.5334042171875 0.4461604453125 0.558213715625 0.4450879453125 0.5573276625 0.3099528109375 0.5715045187500001 0.308880309375 0.5715045187500001 0.28957528906249996 0.5759347859374999 0.28957528906249996 0.5741626796875 0.25847275937499997 0.5590997703125 0.259545259375 0.5590997703125 0.1951951953125 0.5404926453125001 0.1951951953125 0.5404926453125001 0.0675675671875 0.5201134140625 0.07078507187500001 0.5192273625 0.1951951953125 0.5085947187500001 0.1951951953125 0.5077086656249999 0.22522522656250002 0.5334042171875 0.22522522656250002
3 0.4421407046875 0.6284856296875 0.44125465156250004 0.5995281 0.4341662234375 0.5984555984375 0.4341662234375 0.495495496875 0.41290093906249997 0.49442299375000004 0.4111288328125 0.7196482203125 0.43505227812499997 0.7207207203125 0.43505227812499997 0.6284856296875 0.4421407046875 0.6284856296875
3 0.5334042171875 0.6274131281249999 0.531632109375 0.7196482203125 0.556441609375 0.7207207203125 0.5573276625 0.49442299375000004 0.534290271875 0.49442299375000004 0.535176325 0.5995281 0.52720184375 0.5984555984375 0.528087896875 0.6284856296875 0.5334042171875 0.6274131281249999
3 0.457203615625 0.965250965625 0.455431509375 0.9320034328125001 0.43682438437500004 0.9341484343750001 0.43682438437500004 0.7850707859375 0.41467304687500006 0.7861432859375 0.4137869921875 0.935220934375 0.4199893671875 0.9341484343750001 0.41910331406249995 0.965250965625 0.457203615625 0.965250965625
5 0.5218819781249999 0.068638996875 0.4492185015625 0.068638996875 0.4492185015625 0.197345559375 0.5218819781249999 0.197345559375 0.5218819781249999 0.068638996875
5 0.5342822968750001 0.291312740625 0.43627591718750003 0.291312740625 0.43627591718750003 0.444749034375 0.5342822968750001 0.444749034375 0.5342822968750001 0.291312740625
1 0.41200956875 0.1984169890625 0.2693620421875 0.1984169890625 0.2693620421875 0.264903475 0.41200956875 0.264903475 0.41200956875 0.1984169890625
1 0.715039871875 0.1941312734375 0.559090909375 0.1941312734375 0.559090909375 0.2606177609375 0.715039871875 0.2606177609375 0.715039871875 0.1941312734375
6 0.814274321875 0.2917278 0.8071929828125001 0.2917278 0.8071929828125001 0.5984652515625 0.814274321875 0.5984652515625 0.814274321875 0.2917278
6 0.9454146734375 0.6263416984375 0.933022328125 0.6263416984375 0.933022328125 0.93307915 0.9454146734375 0.93307915 0.9454146734375 0.6263416984375
6 0.8134051031249999 0.6274131281249999 0.80720095625 0.6274131281249999 0.80720095625 0.79579150625 0.8134051031249999 0.79579150625 0.8134051031249999 0.6274131281249999
6 0.814274321875 0.84190154375 0.8071929828125001 0.84190154375 0.8071929828125001 0.9319980687499999 0.814274321875 0.9319980687499999 0.814274321875 0.84190154375
6 0.1674641140625 0.8461969109374999 0.160382775 0.8461969109374999 0.160382775 0.9373552125 0.1674641140625 0.9373552125 0.1674641140625 0.8461969109374999
6 0.16835725625 0.6317084937499999 0.160382775 0.6317084937499999 0.160382775 0.8022297296875 0.16835725625 0.8022297296875 0.16835725625 0.6317084937499999
6 0.169242425 0.29277992343750003 0.158604465625 0.29277992343750003 0.158604465625 0.3903861 0.169242425 0.3903861 0.169242425 0.29277992343750003
6 0.16835725625 0.4333011578125 0.160382775 0.4333011578125 0.160382775 0.6016795359375 0.16835725625 0.6016795359375 0.16835725625 0.4333011578125
6 0.05759170625 0.29387065625000003 0.0460765546875 0.29387065625000003 0.0460765546875 0.6006081078125 0.05759170625 0.6006081078125 0.05759170625 0.29387065625000003
6 0.0566985640625 0.6306274125 0.0451834125 0.6306274125 0.0451834125 0.937364865625 0.0566985640625 0.937364865625 0.0566985640625 0.6306274125
2 0.48214942968749996 0.252450253125 0.4907373328125 0.253192753125 0.4907373328125 0.2294327296875 0.5097534046875001 0.22794772812500003 0.5103668265625 0.19453519531250002 0.4901239109375 0.19453519531250002 0.4901239109375 0.1685476671875 0.48398969375 0.1670626671875 0.48460311718750004 0.19453519531250002 0.4631333578125 0.19379269375 0.4631333578125 0.22572022656250001 0.48276285156250004 0.2249777265625 0.48214942968749996 0.252450253125
2 0.4815360078125 0.31779031875 0.48951048906250005 0.31556281406250003 0.4907373328125 0.2918027921875 0.510980246875 0.29254529375 0.5115936703124999 0.277695278125 0.48889706874999994 0.2754677765625 0.48951048906250005 0.2546777546875 0.48276285156250004 0.2539352546875 0.48276285156250004 0.2791802796875 0.4625199359375 0.2791802796875 0.46190651562499996 0.28957528906249996 0.48214942968749996 0.2903177890625 0.4815360078125 0.31779031875
6 0.534290271875 0.2813996140625 0.5103668265625 0.2813996140625 0.5103668265625 0.28956563750000003 0.534290271875 0.28956563750000003 0.534290271875 0.2813996140625
6 0.46252791093749995 0.282152509375 0.43492025468750006 0.282152509375 0.43492025468750006 0.29031853281250003 0.46252791093749995 0.29031853281250003 0.46252791093749995 0.282152509375
1 0.533070175 0.227210425 0.436148325 0.227210425 0.436148325 0.28066602343749997 0.533070175 0.28066602343749997 0.533070175 0.227210425
1 0.532448165625 0.44550193125000004 0.43552631562500005 0.44550193125000004 0.43552631562500005 0.5969691125 0.532448165625 0.5969691125 0.532448165625 0.44550193125000004
2 0.5140473562500001 0.6296406296875 0.5293828984375 0.6296406296875 0.5293828984375 0.5977130984375 0.5128205140625 0.596228096875 0.513433934375 0.5836055828125 0.506686296875 0.584348084375 0.5060728734375 0.596970596875 0.4901239109375 0.596228096875 0.49135075468749995 0.6288981296875 0.5054594531250001 0.6296406296875 0.5060728734375 0.6437481421875 0.5128205140625 0.6444906453125 0.5140473562500001 0.6296406296875
1 0.476628634375 0.783338284375 0.47846890000000003 0.6296406296875 0.436142803125 0.6288981296875 0.436142803125 0.721710721875 0.3146853140625 0.7239382234375 0.31345847187500003 0.78185328125 0.476628634375 0.783338284375
6 0.436142803125 0.7959607953125001 0.4901239109375 0.7959607953125001 0.48889706874999994 0.5984555984375 0.47846890000000003 0.5984555984375 0.47785547812500007 0.7840807843750001 0.436142803125 0.7840807843750001 0.436142803125 0.7959607953125001
2 0.4569991421875 0.6444906453125 0.4637467796875 0.6444906453125 0.4625199359375 0.6326106328125001 0.4790823203125 0.63186813125 0.47846890000000003 0.5991980984375 0.4631333578125 0.5984555984375 0.4612930921875 0.585833084375 0.45454545468749996 0.585833084375 0.4557722984375 0.5977130984375 0.43920991249999997 0.5984555984375 0.44105017812499997 0.63038313125 0.45638571875 0.6296406296875 0.4569991421875 0.6444906453125
2 0.5214084156250001 0.46332046406250005 0.522635259375 0.47371547343750003 0.5318365843749999 0.4714879703125 0.5318365843749999 0.49450549375 0.5588271375 0.49376299375 0.558213715625 0.4707454703125 0.5717089921875 0.4722304734375 0.5723224140625 0.4662904671875 0.559440559375 0.4662904671875 0.56005398125 0.44475794375 0.5306097421875 0.44401544375 0.5318365843749999 0.46406296406249997 0.5214084156250001 0.46332046406250005
2 0.4005643484375 0.464805465625 0.4011777703125 0.4729729734375 0.4109925171875 0.4722304734375 0.4109925171875 0.495247996875 0.43552938281250003 0.495247996875 0.43552938281250003 0.4714879703125 0.44841123749999995 0.47371547343750003 0.44902466093750004 0.4662904671875 0.43552938281250003 0.4670329671875 0.436142803125 0.44475794375 0.4097656734375 0.44550044531250005 0.41037909375000003 0.465547965625 0.4005643484375 0.464805465625
1 0.41098883593749996 0.4417953671875 0.3122328546875 0.4417953671875 0.3122328546875 0.5034169890625 0.41098883593749996 0.5034169890625 0.41098883593749996 0.4417953671875
6 0.41221690625 0.429169884375 0.3876874 0.429169884375 0.3876874 0.438088803125 0.41221690625 0.438088803125 0.41221690625 0.429169884375
1 0.6588197765625 0.4373359078125 0.558213715625 0.4373359078125 0.558213715625 0.5019305015625 0.6588197765625 0.5019305015625 0.6588197765625 0.4373359078125
6 0.6011563 0.428426640625 0.5575996812499999 0.428426640625 0.5575996812499999 0.4365926640625 0.6011563 0.4365926640625 0.6011563 0.428426640625
6 0.605447184375 0.5977130984375 0.6048337625 0.5026730015624999 0.59931296875 0.503415503125 0.597472703125 0.596970596875 0.556986871875 0.5977130984375 0.5576002953125 0.6103356093750001 0.59931296875 0.6110781125 0.597472703125 0.7209682203125001 0.6048337625 0.7202257203125 0.604220340625 0.6088506078125 0.664335665625 0.6110781125 0.6655625078125 0.5984555984375 0.605447184375 0.5977130984375
6 0.5655821375000001 0.50416023125 0.55760765625 0.50416023125 0.55760765625 0.5115926640625 0.5655821375000001 0.5115926640625 0.5655821375000001 0.50416023125
6 0.308551096875 0.6140481140625 0.3698932640625 0.6133056140625001 0.3705066859375 0.722453221875 0.3797080109375 0.7231957234374999 0.3784811671875 0.6125631125 0.41283278125 0.6133056140625001 0.412219359375 0.5977130984375 0.376640903125 0.5984555984375 0.3784811671875 0.5041580031249999 0.37112010781250004 0.5041580031249999 0.37112010781250004 0.5984555984375 0.30793767656250004 0.5984555984375 0.308551096875 0.6140481140625
0 0.4116028703125 0.5130694984375 0.3784768734375 0.5130694984375 0.3784768734375 0.600675675 0.4116028703125 0.600675675 0.4116028703125 0.5130694984375
2 0.393816709375 0.50490050625 0.3803214328125 0.503415503125 0.3809348546875 0.5130680140625 0.391363021875 0.5138105140625 0.392589865625 0.5219780218750001 0.3987240828125 0.5219780218750001 0.3987240828125 0.5123255109375 0.4048583 0.5138105140625 0.40547172031249995 0.50490050625 0.3987240828125 0.50490050625 0.3987240828125 0.4930204921875 0.3919764453125 0.49376299375 0.393816709375 0.50490050625
6 0.41283891562499997 0.50564671875 0.40547049375000005 0.50564671875 0.40547049375000005 0.5138127406249999 0.41283891562499997 0.5138127406249999 0.41283891562499997 0.50564671875
1 0.5312231625 0.7202257203125 0.5318365843749999 0.628155628125 0.4901239109375 0.628155628125 0.491964175 0.783338284375 0.6582014484375 0.78111078125 0.6582014484375 0.71874071875 0.5312231625 0.7202257203125
2 0.5753895234375 0.7335907328125 0.5827505828125 0.7350757359375 0.5839774265625 0.7202257203125 0.597472703125 0.7231957234374999 0.596245859375 0.7090882078125 0.5821371609375 0.7090882078125 0.581523740625 0.7001782000000001 0.57600294375 0.7001782000000001 0.57600294375 0.7090882078125 0.560667403125 0.7083457078125 0.56005398125 0.7209682203125001 0.5741626796875 0.7194832203125 0.5753895234375 0.7335907328125
6 0.5606618812499999 0.711312740625 0.556977671875 0.711312740625 0.556977671875 0.7202316609375 0.5606618812499999 0.7202316609375 0.5606618812499999 0.711312740625
2 0.3907496015625 0.73210573125 0.3974972390625 0.7335907328125 0.3987240828125 0.7231957234374999 0.4048583 0.7231957234374999 0.40547172031249995 0.7128007125 0.39933750468749996 0.7128007125 0.3987240828125 0.7001782000000001 0.391363021875 0.6986931984375 0.3919764453125 0.7120582125 0.3797080109375 0.7113157109375 0.3803214328125 0.7231957234374999 0.391363021875 0.7239382234375 0.3907496015625 0.73210573125
6 0.41161084531250003 0.7128088796875 0.4066985640625 0.7128088796875 0.4066985640625 0.720974903125 0.41161084531250003 0.720974903125 0.41161084531250003 0.7128088796875
2 0.36682615625000004 0.4514404515625 0.37357379375 0.4521829515625 0.37234695 0.4388179375 0.387069071875 0.43956044062500005 0.3882959140625 0.42916542812499997 0.37357379375 0.42768042812499996 0.375414059375 0.41802791875 0.367439578125 0.41654291718750003 0.368053 0.42990793125 0.35271745781249997 0.42916542812499997 0.3514906140625 0.43956044062500005 0.36682615625000004 0.4388179375 0.36682615625000004 0.4514404515625
2 0.292602134375 0.47371547343750003 0.303030303125 0.47594297656249995 0.303030303125 0.4885654890625 0.31161820625000003 0.4885654890625 0.31161820625000003 0.475200475 0.32388663906250004 0.47371547343750003 0.32327321875 0.4662904671875 0.312231628125 0.4670329671875 0.31345847187500003 0.45589545625000005 0.303030303125 0.45441045312500006 0.30241688125 0.46851796874999996 0.29321555625 0.4670329671875 0.292602134375 0.47371547343750003
0 0.37051036718749997 0.5138127406249999 0.3122328546875 0.5138127406249999 0.3122328546875 0.5984652515625 0.37051036718749997 0.5984652515625 0.37051036718749997 0.5138127406249999
2 0.34842350624999996 0.525690525 0.354557721875 0.5264330265625 0.3551711453125 0.5130680140625 0.37234695 0.5138105140625 0.37234695 0.5041580031249999 0.354557721875 0.5041580031249999 0.354557721875 0.49450549375 0.34965035 0.4930204921875 0.34842350624999996 0.5041580031249999 0.33554165 0.503415503125 0.33492822968749997 0.514553015625 0.349036928125 0.5130680140625 0.34842350624999996 0.525690525
2 0.616488775 0.44995545000000003 0.6232364125000001 0.45069795 0.62446325625 0.4373329375 0.6391853765625 0.43807543750000005 0.639798796875 0.4269379265625 0.62446325625 0.42471042499999995 0.6232364125000001 0.415800415625 0.61526193125 0.41654291718750003 0.6158753531250001 0.42768042812499996 0.6011532328125 0.42768042812499996 0.6017666546875 0.4365904359375 0.617102196875 0.4358479359375 0.616488775 0.44995545000000003
2 0.6490001234375 0.4670329671875 0.64961354375 0.475200475 0.6582014484375 0.47371547343750003 0.659428290625 0.49153549218750003 0.668629615625 0.49376299375 0.6692430375 0.475200475 0.6808980499999999 0.474457975 0.67967120625 0.4677754671875 0.6698564593749999 0.46851796874999996 0.6698564593749999 0.4514404515625 0.6582014484375 0.44847044843750006 0.6588148687500001 0.4677754671875 0.6490001234375 0.4670329671875
2 0.5766163671875 0.5227205234375 0.5852042703125 0.5227205234375 0.5845908484375 0.5115830109374999 0.597472703125 0.5123255109375 0.5986995453125 0.5041580031249999 0.5839774265625 0.5041580031249999 0.5809103171875 0.48930798906249995 0.57600294375 0.4885654890625 0.5766163671875 0.503415503125 0.5655747765625 0.5026730015624999 0.5643479328125001 0.5123255109375 0.57600294375 0.5108405109375 0.5766163671875 0.5227205234375
0 0.66066188125 0.51307915 0.606674640625 0.51307915 0.606674640625 0.5954922781249999 0.66066188125 0.5954922781249999 0.66066188125 0.51307915
2 0.6275303640625001 0.524205525 0.6263035218749999 0.5138105140625 0.6391853765625 0.5123255109375 0.638571953125 0.5019305015625 0.6275303640625001 0.5011880015625 0.6263035218749999 0.48930798906249995 0.6189424609375 0.49153549218750003 0.6189424609375 0.5019305015625 0.60606060625 0.5004455 0.6066740265624999 0.514553015625 0.620782725 0.5130680140625 0.620782725 0.5234630234375001 0.6275303640625001 0.524205525
2 0.6189424609375 0.73136323125 0.6263035218749999 0.7298782296875 0.6275303640625001 0.7202257203125 0.6391853765625 0.7209682203125001 0.6391853765625 0.7098307109374999 0.623849834375 0.7105732109375 0.623849834375 0.6994356984375 0.618329040625 0.6994356984375 0.6189424609375 0.7083457078125 0.605447184375 0.7083457078125 0.6048337625 0.7202257203125 0.6189424609375 0.7194832203125 0.6189424609375 0.73136323125
2 0.6490001234375 0.752153253125 0.64961354375 0.7625482625 0.659428290625 0.7618057625 0.659428290625 0.777398278125 0.668629615625 0.777398278125 0.668629615625 0.7610632609375 0.6808980499999999 0.7618057625 0.67967120625 0.7514107515624999 0.6692430375 0.752153253125 0.6698564593749999 0.73136323125 0.6600417125 0.73136323125 0.6600417125 0.752895753125 0.6490001234375 0.752153253125
4 0.6588197765625 0.7915057921875001 0.550239234375 0.7915057921875001 0.550239234375 0.932586871875 0.6588197765625 0.932586871875 0.6588197765625 0.7915057921875001
2 0.62446325625 0.8167508171875 0.6324377390625 0.8182358187500001 0.6299840515625 0.7907632921875 0.6508403875 0.7922482921875 0.6508403875 0.78111078125 0.630597471875 0.7796257796875 0.6299840515625 0.7573507562499999 0.622622990625 0.75586575625 0.622622990625 0.778883278125 0.6036069187499999 0.7803682796875 0.604220340625 0.7915057921875001 0.62446325625 0.7922482921875 0.62446325625 0.8167508171875
4 0.5428708140625 0.7966988421875 0.4361403515625 0.7966988421875 0.4361403515625 0.9318339765625 0.5428708140625 0.9318339765625 0.5428708140625 0.7966988421875
2 0.510980246875 0.7573507562499999 0.510980246875 0.78111078125 0.491964175 0.7796257796875 0.4901239109375 0.7952182953125 0.512207090625 0.79299079375 0.510980246875 0.8204633203125 0.518954728125 0.8197208203124999 0.5183413078125 0.7952182953125 0.5385842234375 0.79373329375 0.5385842234375 0.7803682796875 0.5195681515625 0.778883278125 0.5183413078125 0.758093259375 0.510980246875 0.7573507562499999
4 0.4140510359375 0.7944691125000001 0.312838915625 0.7944691125000001 0.312838915625 0.934797296875 0.4140510359375 0.934797296875 0.4140510359375 0.7944691125000001
2 0.3655993125 0.76848826875 0.3655993125 0.7848232859375 0.3514906140625 0.783338284375 0.3514906140625 0.7944757953125 0.367439578125 0.79299079375 0.3655993125 0.8100683109375 0.37480063750000003 0.8100683109375 0.37480063750000003 0.7944757953125 0.3882959140625 0.7952182953125 0.3882959140625 0.7825957812500001 0.3729603734375 0.783338284375 0.3741872171875 0.76923076875 0.3655993125 0.76848826875
2 0.28953502656249996 0.747698246875 0.2913752921875 0.7588357593749999 0.3036437234375 0.758093259375 0.303030303125 0.777398278125 0.31345847187500003 0.777398278125 0.31284505 0.758093259375 0.3245000609375 0.7588357593749999 0.3251134828125 0.7484407484375 0.31345847187500003 0.7499257484374999 0.31284505 0.73210573125 0.30180345937499997 0.7306207296875 0.3036437234375 0.7506682515625 0.28953502656249996 0.747698246875
2 0.1496748875 0.8189783187499999 0.14844804375 0.827888328125 0.1588762125 0.8271458265625 0.1588762125 0.847193346875 0.16869095781250001 0.8486783499999999 0.1705312234375 0.8286308281249999 0.1785057046875 0.8301158296875 0.1803459703125 0.8212058203125 0.16869095781250001 0.8204633203125 0.16807753593750002 0.8019008015625 0.1594896328125 0.8041283046875 0.1594896328125 0.8189783187499999 0.1496748875 0.8189783187499999
2 0.7968347453125 0.8152658140625 0.7962213218749999 0.824175825 0.8060360687499999 0.822690821875 0.8054226468750001 0.8412533421875 0.81523739375 0.84273834375 0.8146239734374999 0.8234333250000001 0.82443871875 0.824175825 0.825052140625 0.8174933171875001 0.8158508171875001 0.8160083171875 0.8158508171875001 0.7959607953125001 0.8060360687499999 0.796703296875 0.8060360687499999 0.8160083171875 0.7968347453125 0.8152658140625
2 0.14844804375 0.40540540468749997 0.14783462187500002 0.4135729125 0.1594896328125 0.415057915625 0.1588762125 0.43213543281250005 0.1693043796875 0.43139293125 0.16869095781250001 0.415800415625 0.1785057046875 0.41431541562499996 0.1791191265625 0.40689040781249997 0.1699178015625 0.40689040781249997 0.1705312234375 0.39204039218750003 0.1601030546875 0.3912978921875 0.1594896328125 0.4061479046875 0.14844804375 0.40540540468749997
2 0.34842350624999996 0.73210573125 0.3551711453125 0.7335907328125 0.3551711453125 0.7231957234374999 0.3705066859375 0.722453221875 0.37112010781250004 0.7113157109375 0.354557721875 0.7105732109375 0.354557721875 0.6994356984375 0.347810084375 0.6979506984375 0.346583240625 0.7083457078125 0.3361550734375 0.7090882078125 0.33676849375 0.721710721875 0.34842350624999996 0.722453221875 0.34842350624999996 0.73210573125
6 0.4146810203125 0.7848166015625 0.38952950625 0.7848166015625 0.38952950625 0.7929826249999999 0.4146810203125 0.7929826249999999 0.4146810203125 0.7848166015625
6 0.303030303125 0.9355509359375 0.312231628125 0.9362934359375 0.312231628125 0.79299079375 0.3521040359375 0.79373329375 0.350263771875 0.783338284375 0.31161820625000003 0.783338284375 0.31161820625000003 0.777398278125 0.3036437234375 0.777398278125 0.303030303125 0.9355509359375
6 0.542264753125 0.934065934375 0.55085265625 0.934065934375 0.5496258140625 0.7907632921875 0.6048337625 0.7922482921875 0.6048337625 0.78111078125 0.5379708 0.78185328125 0.5379708 0.7915057921875001 0.543491596875 0.7915057921875001 0.542264753125 0.934065934375
6 0.651453809375 0.78185328125 0.6526806515625 0.7907632921875 0.660655134375 0.7900207890625001 0.659428290625 0.934065934375 0.668629615625 0.9333234328125 0.6680161953125 0.778140778125 0.66126855625 0.7766557765625001 0.6600417125 0.78111078125 0.651453809375 0.78185328125
6 0.6391853765625 0.7098307109374999 0.6379585328124999 0.71874071875 0.6600417125 0.7172557187499999 0.6582014484375 0.7306207296875 0.668629615625 0.73210573125 0.668629615625 0.628155628125 0.6624953984374999 0.6274131281249999 0.660655134375 0.7105732109375 0.6391853765625 0.7098307109374999
6 0.66126855625 0.5991980984375 0.6667893515625 0.5984555984375 0.6680161953125 0.49376299375 0.6588148687500001 0.49227799218749996 0.6600417125 0.5026730015624999 0.638571953125 0.5011880015625 0.6404122203125 0.5108405109375 0.66126855625 0.5108405109375 0.66126855625 0.5991980984375
6 0.31161820625000003 0.45515295624999996 0.31161820625000003 0.4417879421875 0.3514906140625 0.43956044062500005 0.3533308796875 0.42990793125 0.31284505 0.42990793125 0.31345847187500003 0.2955152953125 0.3036437234375 0.29403029375 0.3036437234375 0.45589545625000005 0.31161820625000003 0.45515295624999996
6 0.33676849375 0.7231957234374999 0.33676849375 0.7128007125 0.312231628125 0.7135432140625 0.30977794062499997 0.634838134375 0.304257146875 0.6340956328125 0.303030303125 0.73136323125 0.31284505 0.7298782296875 0.31284505 0.722453221875 0.33676849375 0.7231957234374999
6 0.33492822968749997 0.5115830109374999 0.33492822968749997 0.503415503125 0.312231628125 0.5041580031249999 0.31161820625000003 0.4885654890625 0.303030303125 0.48930798906249995 0.3036437234375 0.6006831 0.311004784375 0.5999405999999999 0.31284505 0.5108405109375 0.33492822968749997 0.5115830109374999
0 0.36988835781249996 0.6155212359375 0.3116108453125 0.6155212359375 0.3116108453125 0.711312740625 0.36988835781249996 0.711312740625 0.36988835781249996 0.6155212359375
0 0.41221690625 0.6147876453125 0.3803189796875 0.6147876453125 0.3803189796875 0.7120463328125 0.41221690625 0.7120463328125 0.41221690625 0.6147876453125
0 0.596866028125 0.6133011578125 0.5588277515625 0.6133011578125 0.5588277515625 0.7105598453125 0.596866028125 0.7105598453125 0.596866028125 0.6133011578125
0 0.5974720890625 0.5123166015625 0.5594338125 0.5123166015625 0.5594338125 0.5969498062499999 0.5974720890625 0.5969498062499999 0.5974720890625 0.5123166015625
0 0.6600478468750001 0.611824325 0.606682615625 0.611824325 0.606682615625 0.7098359078125 0.6600478468750001 0.7098359078125 0.6600478468750001 0.611824325
4 0.30180223281249996 0.632606178125 0.16929824531249998 0.632606178125 0.16929824531249998 0.9348069499999999 0.30180223281249996 0.9348069499999999 0.30180223281249996 0.632606178125
4 0.16010366874999998 0.6348359078125 0.0576634765625 0.6348359078125 0.0576634765625 0.9355501937499999 0.16010366874999998 0.9355501937499999 0.16010366874999998 0.6348359078125
4 0.8060366828125 0.6296428578125 0.6686363640625 0.6296428578125 0.6686363640625 0.9303571421875001 0.8060366828125 0.9303571421875001 0.8060366828125 0.6296428578125
4 0.9324003187500001 0.6281563703125 0.8146172249999999 0.6281563703125 0.8146172249999999 0.9296042468750001 0.9324003187500001 0.9296042468750001 0.9324003187500001 0.6281563703125
4 0.046004784375 0.6333494203125001 0.0018421046874999999 0.6333494203125001 0.0018421046874999999 0.934797296875 0.046004784375 0.934797296875 0.046004784375 0.6333494203125001