7 0.23601027343749997 0.0785110296875 0.1628938359375 0.0785110296875 0.1628938359375 0.130165440625 0.23601027343749997 0.130165440625 0.23601027343749997 0.0785110296875
1 0.7450944109375001 0.899244834375 0.7534246578125 0.8952702718750001 0.7645316546875 0.886327503125 0.77193631875 0.878378378125 0.7784154 0.86744833125 0.7821177328125 0.8535373609375 0.6432802671875 0.8525437203124999 0.642354684375 0.9052066765625 0.733061828125 0.9042130374999999 0.7450944109375001 0.899244834375
6 0.7423176609375 0.9032193968750001 0.729359496875 0.906200315625 0.6405035171875 0.907193959375 0.6405035171875 0.9220985703125001 0.735838578125 0.92408585 0.7515734890625 0.9171303640625 0.7673084046875001 0.907193959375 0.77748981875 0.8932829890624999 0.7867456500000001 0.8803656578125001 0.7941503156249999 0.8515500812499999 0.7821177328125 0.854531 0.77748981875 0.8694356109375001 0.7710107359375 0.8823529406249999 0.7562014078125 0.8952702718750001 0.7423176609375 0.9032193968750001
7 0.783972603125 0.8048713234375 0.7173287671875 0.8048713234375 0.7173287671875 0.8525551468750001 0.783972603125 0.8525551468750001 0.783972603125 0.8048713234375
1 0.6108904109375 0.8535294125 0.3480136984375 0.8535294125 0.3480136984375 0.9230882359375 0.6108904109375 0.9230882359375 0.6108904109375 0.8535294125
7 0.5340753421875 0.8048529406249999 0.44428082187499995 0.8048529406249999 0.44428082187499995 0.8535294125 0.5340753421875 0.8535294125 0.5340753421875 0.8048529406249999
1 0.19159570625 0.8803656578125001 0.19992595156249998 0.89129570625 0.21103295156250002 0.9032193968750001 0.3119215109375 0.9042130374999999 0.3119215109375 0.8535373609375 0.183265459375 0.8515500812499999 0.18604220625 0.86744833125 0.19159570625 0.8803656578125001
6 0.1767863765625 0.8843402250000001 0.184191040625 0.8962639125 0.19437245625 0.9091812390625 0.2073306203125 0.919117646875 0.3128470921875 0.919117646875 0.3119215109375 0.9032193968750001 0.21103295156250002 0.9032193968750001 0.1990003703125 0.890302065625 0.1906701234375 0.8773847390625 0.18604220625 0.8654610484375 0.183265459375 0.8525437203124999 0.169381709375 0.8505564375000001 0.16753054375 0.8624801281250001 0.1767863765625 0.8843402250000001
7 0.2517636984375 0.80386029375 0.18419520625000002 0.80386029375 0.18419520625000002 0.8525367640624999 0.2517636984375 0.8525367640624999 0.2517636984375 0.80386029375
2 0.6895594218750001 0.8694356109375001 0.6997408359375 0.8734101765625001 0.7006664218750001 0.8535373609375 0.7164013328125 0.8555246437499999 0.7182525 0.8038553265624999 0.701592003125 0.8048489671875 0.7025175859375 0.77802066875 0.6941873390625 0.775039746875 0.6951129218750001 0.8048489671875 0.675675675 0.8048489671875 0.6738245109375 0.854531 0.6914105890625 0.8555246437499999 0.6895594218750001 0.8694356109375001
2 0.4174379859375 0.8853338640624999 0.42484265 0.88732114375 0.42669381875 0.8565182828125 0.4433543109375 0.8565182828125 0.44242872968749997 0.8048489671875 0.4257682328125 0.8038553265624999 0.4257682328125 0.777027025 0.41651240468750006 0.77802066875 0.41651240468750006 0.8038553265624999 0.398926321875 0.8038553265624999 0.4007774890625 0.8515500812499999 0.41651240468750006 0.8505564375000001 0.4174379859375 0.8853338640624999
2 0.2674935203125 0.87539745625 0.276749353125 0.8763910953125 0.2758237703125 0.8535373609375 0.29433543125 0.8535373609375 0.29340985 0.8028616843749999 0.276749353125 0.8028616843749999 0.2758237703125 0.7760333859374999 0.26934468906250003 0.775039746875 0.26934468906250003 0.7998807640625001 0.25083302343749997 0.7998807640625001 0.2526841921875 0.8535373609375 0.2674935203125 0.8535373609375 0.2674935203125 0.87539745625
4 0.3369178078125 0.63395220625 0.08054794531250001 0.63395220625 0.08054794531250001 0.8028860296874999 0.3369178078125 0.8028860296874999 0.3369178078125 0.63395220625
2 0.2869307671875 0.6637519890625 0.29340985 0.66573926875 0.2924842640625 0.632949125 0.3174750109375 0.632949125 0.3174750109375 0.6150635921875 0.29340985 0.6180445140625 0.29340985 0.581279809375 0.286005184375 0.5782988859375 0.2850796 0.6160572359375001 0.268419103125 0.6150635921875 0.268419103125 0.6339427640624999 0.286005184375 0.632949125 0.2869307671875 0.6637519890625
0 0.084228065625 0.6180445140625 0.2499074421875 0.617050875 0.25083302343749997 0.540540540625 0.169381709375 0.5415341796875001 0.169381709375 0.4501192359375 0.1064420578125 0.4491255953125 0.1064420578125 0.5067567578125 0.084228065625 0.5057631171875 0.084228065625 0.6180445140625
6 0.25083302343749997 0.6190381546875 0.08145131562499999 0.6180445140625 0.08237689687500001 0.632949125 0.26934468906250003 0.6309618453125 0.2702702703125 0.6180445140625 0.26286560625 0.6180445140625 0.2637911890625 0.523648646875 0.24527952812499998 0.523648646875 0.24342835937500001 0.5395469 0.251758609375 0.5385532578125 0.25083302343749997 0.6190381546875
1 0.2637911890625 0.6190381546875 0.338763421875 0.6190381546875 0.338763421875 0.45210651874999996 0.186967790625 0.45210651874999996 0.1851166234375 0.523648646875 0.2637911890625 0.524642290625 0.2637911890625 0.6190381546875
2 0.21936319843750002 0.5703497609375 0.22861903125 0.5703497609375 0.22861903125 0.5455087421875 0.24527952812499998 0.5455087421875 0.24527952812499998 0.5256359296875 0.22954461249999997 0.523648646875 0.22954461249999997 0.4978139890625 0.22121436718749998 0.4948330703125 0.22028878125 0.5226550078125001 0.20270270156249998 0.5226550078125001 0.203628284375 0.540540540625 0.21936319843750002 0.540540540625 0.21936319843750002 0.5703497609375
2 0.2045538703125 0.4739666140625 0.21103295156250002 0.47098569062499995 0.21195853437499998 0.45210651874999996 0.2304701953125 0.45210651874999996 0.23232136250000002 0.41335452968749997 0.21380969843750003 0.4143481734375 0.2128841171875 0.3775834671875 0.203628284375 0.3736089046875 0.19992595156249998 0.41335452968749997 0.1823398734375 0.41335452968749997 0.184191040625 0.4501192359375 0.2045538703125 0.4491255953125 0.2045538703125 0.4739666140625
6 0.338763421875 0.6190381546875 0.3156238421875 0.6180445140625 0.316549425 0.6319554859375 0.33598667187500003 0.6319554859375 0.336912253125 0.8048489671875 0.350796 0.8048489671875 0.35172158593749997 0.5465023859375 0.4618659765625 0.5474960249999999 0.4618659765625 0.531597775 0.3526471671875 0.531597775 0.35172158593749997 0.5067567578125 0.3378378390625 0.5087440375 0.338763421875 0.6190381546875
2 0.3128470921875 0.491852146875 0.336912253125 0.491852146875 0.336912253125 0.5087440375 0.3526471671875 0.5097376796875001 0.3544983359375 0.491852146875 0.3831914109375 0.491852146875 0.38134024375000003 0.478934815625 0.3544983359375 0.47694753749999996 0.3544983359375 0.45806836406249996 0.336912253125 0.459062003125 0.338763421875 0.4779411765625 0.3156238421875 0.4779411765625 0.3128470921875 0.491852146875
1 0.6636430953125 0.6190381546875 0.7534246578125 0.6180445140625 0.7571269890625001 0.45608108124999996 0.35172158593749997 0.45210651874999996 0.35172158593749997 0.5296104921875 0.6636430953125 0.5335850546875001 0.6636430953125 0.6190381546875
2 0.4914846375 0.5832670921875 0.503517215625 0.5832670921875 0.5016660484375 0.5494833046875 0.52943354375 0.5504769484375001 0.52943354375 0.5276232125 0.5016660484375 0.5286168531250001 0.5016660484375 0.48986486406249996 0.4914846375 0.488871225 0.49241021875 0.5276232125 0.4600148078125 0.5256359296875 0.46094039374999995 0.548489665625 0.4914846375 0.5494833046875 0.4914846375 0.5832670921875
6 0.7700851546874999 0.5137122421875 0.7562014078125 0.5117249593750001 0.7571269890625001 0.5524642281250001 0.7691595718750001 0.5524642281250001 0.7682339859375 0.540540540625 0.8607922984374999 0.5395469 0.8607922984374999 0.6200317984375 0.7654572390625 0.6200317984375 0.766382821875 0.593203496875 0.755275825 0.5941971390624999 0.7562014078125 0.617050875 0.7256571640625 0.6180445140625 0.7284339140625 0.6319554859375 0.8728248796875 0.6319554859375 0.8728248796875 0.5216613671875 0.8561643828125 0.5216613671875 0.8561643828125 0.5276232125 0.7710107359375 0.5266295703125 0.7700851546874999 0.5137122421875
2 0.732136246875 0.4938394265625 0.7571269890625001 0.4928457875 0.7562014078125 0.5137122421875 0.7728619046875 0.5137122421875 0.7728619046875 0.495826709375 0.7960014796875 0.495826709375 0.796927065625 0.482909378125 0.7728619046875 0.48191573906249996 0.77471306875 0.4660174890625 0.7562014078125 0.4660174890625 0.758052571875 0.47992845937500006 0.734912996875 0.478934815625 0.732136246875 0.4938394265625
2 0.7386153281250001 0.58426073125 0.7543502390625 0.58426073125 0.755275825 0.5951907796875 0.7691595718750001 0.5951907796875 0.7700851546874999 0.58028616875 0.7858200656250001 0.581279809375 0.7858200656250001 0.5693561218750001 0.7710107359375 0.5693561218750001 0.77193631875 0.5544515109375 0.752499075 0.5544515109375 0.7562014078125 0.5703497609375 0.7367641609375 0.5703497609375 0.7386153281250001 0.58426073125
4 0.8728253421875 0.6329595593749999 0.662722603125 0.6329595593749999 0.662722603125 0.8078492640625001 0.8728253421875 0.8078492640625001 0.8728253421875 0.6329595593749999
2 0.7006664218750001 0.66573926875 0.7117734171875 0.664745628125 0.7108478359375 0.6369236875000001 0.729359496875 0.6379173312499999 0.729359496875 0.617050875 0.7136245828125001 0.617050875 0.712699 0.58426073125 0.7006664218750001 0.585254371875 0.6997408359375 0.6150635921875 0.6784524249999999 0.617050875 0.6775268421875 0.6359300484375 0.6997408359375 0.6339427640624999 0.7006664218750001 0.66573926875
2 0.8570899656250001 0.48589030156249996 0.8561643828125 0.49880763281249996 0.8728248796875 0.49880763281249996 0.8728248796875 0.523648646875 0.9107737874999999 0.524642290625 0.9126249515625 0.5017885515625 0.9329877812499999 0.499801271875 0.9339133671875001 0.4908585078125 0.9116993703125 0.4908585078125 0.9116993703125 0.4660174890625 0.8737504625 0.46502384531249996 0.8728248796875 0.48589030156249996 0.8570899656250001 0.48589030156249996
3 0.2841540171875 0.1391096984375 0.286005184375 0.15500794843750001 0.2989633453125 0.154014309375 0.3008145140625 0.1391096984375 0.305442428125 0.12321144843750001 0.305442428125 0.092408584375 0.2980377640625 0.072535771875 0.3017400953125 0.058624801562499995 0.28878193125 0.056637518750000004 0.28785635 0.0784976140625 0.23602369531249998 0.07949125781250001 0.236949278125 0.12718601093749998 0.29433543125 0.1261923671875 0.2841540171875 0.1391096984375
3 0.18604220625 0.8028616843749999 0.08145131562499999 0.8038553265624999 0.0833024796875 0.447138315625 0.186967790625 0.44813195625 0.186967790625 0.41335452968749997 0.085153646875 0.4153418125 0.08793039687500001 0.13215421249999998 0.1638282125 0.1311605734375 0.1629026296875 0.07949125781250001 0.040725657812499996 0.080484896875 0.0379489078125 0.8535373609375 0.184191040625 0.8525437203124999 0.18604220625 0.8028616843749999
3 0.9107737874999999 0.46403020625 0.9116993703125 0.41832273593749997 0.23232136250000002 0.4143481734375 0.23139578125 0.451112878125 0.8737504625 0.45210651874999996 0.8746760437500001 0.46403020625 0.9107737874999999 0.46403020625
3 0.7848944828125 0.8038553265624999 0.7848944828125 0.8525437203124999 0.9033691234375001 0.8535373609375 0.9079970375 0.524642290625 0.8728248796875 0.523648646875 0.8718992984374999 0.8018680437500001 0.7848944828125 0.8038553265624999
3 0.6090336921875 0.9538950703125 0.642354684375 0.9529014296874999 0.6405035171875 0.8525437203124999 0.675675675 0.8535373609375 0.6766012609375001 0.8048489671875 0.5322102906249999 0.80584260625 0.5340614593749999 0.8555246437499999 0.61088485625 0.8555246437499999 0.6090336921875 0.9538950703125
3 0.310995928125 0.95091415 0.3470936671875 0.95091415 0.34801925312500004 0.8525437203124999 0.4007774890625 0.8525437203124999 0.398926321875 0.8038553265624999 0.29433543125 0.8038553265624999 0.29433543125 0.8525437203124999 0.3119215109375 0.8525437203124999 0.310995928125 0.95091415
6 0.6108732875 0.9240992640625001 0.34522260312499997 0.9240992640625001 0.34522260312499997 0.9370036765625 0.6108732875 0.9370036765625 0.6108732875 0.9240992640625001
1 0.854313215625 0.5206677281250001 0.8709737125 0.5206677281250001 0.8737504625 0.45210651874999996 0.7728619046875 0.45409380156249995 0.7700851546874999 0.5266295703125 0.854313215625 0.5256359296875 0.854313215625 0.5206677281250001
6 0.7710102734375 0.45110294062499995 0.7571404109375 0.45110294062499995 0.7571404109375 0.46698529375 0.7710102734375 0.46698529375 0.7710102734375 0.45110294062499995
6 0.3526369859375 0.448125 0.33969178125 0.448125 0.33969178125 0.46003676406249994 0.3526369859375 0.46003676406249994 0.3526369859375 0.448125
4 0.6451541093750001 0.548492646875 0.352654109375 0.548492646875 0.352654109375 0.80386029375 0.6451541093750001 0.80386029375 0.6451541093750001 0.548492646875
6 0.5303591265625001 0.532591415625 0.528507959375 0.5474960249999999 0.6469826000000001 0.5474960249999999 0.6460570171875 0.8048489671875 0.6599407640625 0.8048489671875 0.661791928125 0.6359300484375 0.6775268421875 0.6349364078125 0.6775268421875 0.6190381546875 0.6636430953125 0.6200317984375 0.6627175140625 0.5335850546875001 0.5303591265625001 0.532591415625
6 0.184191040625 0.523648646875 0.1851166234375 0.44813195625 0.17030729375 0.4501192359375 0.1712328765625 0.5415341796875001 0.203628284375 0.5395469 0.20270270156249998 0.5256359296875 0.184191040625 0.523648646875
6 0.104589040625 0.449117646875 0.08513698593749999 0.449117646875 0.08513698593749999 0.5047794125 0.104589040625 0.5047794125 0.104589040625 0.449117646875
4 0.2628595890625 0.130165440625 0.087003425 0.130165440625 0.087003425 0.41336397031249994 0.2628595890625 0.41336397031249994 0.2628595890625 0.130165440625
3 0.2850856171875 0.12818014687499998 0.2628595890625 0.12818014687499998 0.2628595890625 0.4153492640625 0.2850856171875 0.4153492640625 0.2850856171875 0.12818014687499998
0 0.8598801375 0.5415257359375001 0.769160959375 0.5415257359375001 0.769160959375 0.6180330875 0.8598801375 0.6180330875 0.8598801375 0.5415257359375001