4 0.8821 0.177560240625 0.6452600000000001 0.177560240625 0.6452600000000001 0.3844277109375 0.8821 0.3844277109375 0.8821 0.177560240625
7 0.77546 0.148644578125 0.7187 0.148644578125 0.7187 0.1778012046875 0.77546 0.1778012046875 0.77546 0.148644578125
4 0.62212 0.17754518125000002 0.34316 0.17754518125000002 0.34316 0.46606927656249997 0.62212 0.46606927656249997 0.62212 0.17754518125000002
7 0.56002 0.1486596390625 0.40646000000000004 0.1486596390625 0.40646000000000004 0.1768222890625 0.56002 0.1768222890625 0.56002 0.1486596390625
4 0.32528 0.2528463859375 0.08632 0.2528463859375 0.08632 0.46606927656249997 0.32528 0.46606927656249997 0.32528 0.2528463859375
7 0.2774 0.2225 0.17548 0.2225 0.17548 0.25262048125000003 0.2774 0.25262048125000003 0.2774 0.2225
1 0.30842 0.8489156625 0.08526 0.8489156625 0.08526 0.9202409640625 0.30842 0.9202409640625 0.30842 0.8489156625
7 0.22452 0.818102409375 0.16644 0.818102409375 0.16644 0.849186746875 0.22452 0.849186746875 0.22452 0.818102409375
3 0.8825799999999999 0.1506174703125 0.83742 0.1506174703125 0.83742 0.177816265625 0.8825799999999999 0.177816265625 0.8825799999999999 0.1506174703125
3 0.7187 0.14962349375 0.64386 0.14962349375 0.64386 0.1768222890625 0.7187 0.1768222890625 0.7187 0.14962349375
3 0.34209999999999996 0.1466566265625 0.32526 0.1466566265625 0.32526 0.9456325296875001 0.34209999999999996 0.9456325296875001 0.34209999999999996 0.1466566265625
3 0.40774 0.14671686718750002 0.34321999999999997 0.14671686718750002 0.34321999999999997 0.1778012046875 0.40774 0.1778012046875 0.40774 0.14671686718750002
3 0.08643999999999999 0.22246987968749998 0.0658 0.22246987968749998 0.0658 0.9395783124999999 0.08643999999999999 0.9395783124999999 0.08643999999999999 0.22246987968749998
3 0.16518 0.8220030125 0.08258 0.8220030125 0.08258 0.8492018078125 0.16518 0.8492018078125 0.16518 0.8220030125
3 0.17676 0.2215060234375 0.08516 0.2215060234375 0.08516 0.2525903609375 0.17676 0.2525903609375 0.17676 0.2215060234375
3 0.27483870781249997 0.251612903125 0.329032259375 0.251612903125 0.3303225796875 0.147648659375 0.310967740625 0.147648659375 0.310967740625 0.2224640515625 0.27612903125 0.2224640515625 0.27483870781249997 0.251612903125
3 0.3096774203125 0.9463661078125 0.3264516125 0.9453944812499999 0.3251612921875 0.8161678968749999 0.28387096875 0.8161678968749999 0.28387096875 0.84531675 0.3096774203125 0.84531675 0.3096774203125 0.9463661078125
6 0.30966 0.922063253125 0.08514000000000001 0.922063253125 0.08514000000000001 0.93179216875 0.30966 0.93179216875 0.30966 0.922063253125
2 0.8010526312499999 0.19102726875 0.810526315625 0.1918199125 0.8126315796875 0.179137603125 0.8389473687500001 0.179137603125 0.8389473687500001 0.14980976562499998 0.8115789484375 0.1490171203125 0.8115789484375 0.138712746875 0.8021052640624999 0.137920103125 0.8021052640624999 0.14980976562499998 0.7768421046875 0.14822447656249998 0.77473684375 0.179137603125 0.8010526312499999 0.17834495781249998 0.8010526312499999 0.19102726875
1 0.8789473687499999 0.395529484375 0.8621052640625001 0.39473684375 0.8621052640625001 0.41217501562500003 0.7884210515625 0.41217501562500003 0.7873684203125 0.395529484375 0.6431578953125 0.39473684375 0.64105263125 0.539790740625 0.8789473687499999 0.539790740625 0.8789473687499999 0.395529484375
2 0.7136842125 0.40821179531249996 0.7221052640625001 0.40979708437499995 0.7221052640625001 0.3963221296875 0.7505263156249999 0.3963221296875 0.7505263156249999 0.383639821875 0.7231578953125 0.383639821875 0.7231578953125 0.371750159375 0.7126315796875 0.371750159375 0.7126315796875 0.383639821875 0.68526315625 0.382847178125 0.6863157875 0.3963221296875 0.7136842125 0.39473684375 0.7136842125 0.40821179531249996
2 0.8652631562499999 0.481135065625 0.8684210515625 0.4874762203125 0.8800000000000001 0.486683575 0.8800000000000001 0.5088776140625 0.9021052640624999 0.5088776140625 0.9021052640624999 0.4874762203125 0.9136842125 0.48826886406250003 0.9126315796875 0.4787571328125 0.90105263125 0.4795497765625 0.9 0.45814838281250003 0.88105263125 0.4589410265625 0.88105263125 0.4795497765625 0.8652631562499999 0.481135065625
2 0.6094736843749999 0.441502853125 0.6094736843749999 0.44863664999999997 0.6231578953125 0.44863664999999997 0.6231578953125 0.46686747031250003 0.64105263125 0.4676601140625 0.6431578953125 0.4494292953125 0.65894736875 0.4502219390625 0.6578947359375 0.43991756562499995 0.6431578953125 0.43991756562499995 0.6421052640625 0.4193088125 0.624210528125 0.42089410312500003 0.624210528125 0.441502853125 0.6094736843749999 0.441502853125
1 0.3242 0.4811144578125 0.23892000000000002 0.4811144578125 0.23892000000000002 0.5754518078124999 0.3242 0.5754518078124999 0.3242 0.4811144578125
2 0.2621052640625 0.48906150937500004 0.270526315625 0.49064679843750003 0.26947368437499997 0.481135065625 0.29789473593750004 0.48192771093750003 0.29789473593750004 0.466074825 0.27263157968749996 0.46686747031250003 0.27263157968749996 0.45497780781249997 0.26105263125 0.45497780781249997 0.26105263125 0.466074825 0.23473684375 0.46528218125 0.235789471875 0.4795497765625 0.2621052640625 0.4795497765625 0.2621052640625 0.48906150937500004
2 0.20842105156250001 0.5239378546875 0.210526315625 0.5326569421875 0.22000000000000003 0.5318642984374999 0.22000000000000003 0.548509828125 0.235789471875 0.548509828125 0.2368421046875 0.5318642984374999 0.2536842125 0.5318642984374999 0.2526315796875 0.5247305 0.2368421046875 0.5231452140624999 0.2368421046875 0.5080849734374999 0.22315789531250002 0.5057070390625 0.22421052812500003 0.5239378546875 0.20842105156250001 0.5239378546875
4 0.32317999999999997 0.5889457828125 0.08738 0.5889457828125 0.08738 0.8156325296875 0.32317999999999997 0.8156325296875 0.32317999999999997 0.5889457828125
2 0.2621052640625 0.5992390609375 0.27263157968749996 0.5992390609375 0.27263157968749996 0.5849714640625 0.29894736875 0.5857641078125 0.3 0.5754597343750001 0.27473684375 0.574667090625 0.2715789484375 0.56357006875 0.2631578953125 0.5611921359375 0.2621052640625 0.574667090625 0.24 0.5738744453125 0.23789473593750002 0.58417881875 0.2631578953125 0.58417881875 0.2621052640625 0.5992390609375
1 0.51052 0.555647590625 0.3442 0.555647590625 0.3442 0.6245933734375 0.51052 0.6245933734375 0.51052 0.555647590625
2 0.4326315796875 0.566740646875 0.44210526406249995 0.5643627140625 0.44105263125 0.55485098125 0.46315789531249996 0.5532656953124999 0.46526315625 0.538998096875 0.44105263125 0.538998096875 0.44210526406249995 0.5294863671875001 0.43368421250000005 0.5294863671875001 0.4326315796875 0.538998096875 0.410526315625 0.5374128109375 0.4115789484375 0.5524730515625 0.4326315796875 0.5524730515625 0.4326315796875 0.566740646875
1 0.5863157875 0.6325301203125 0.624210528125 0.6317374765625 0.6231578953125 0.5540583375 0.5263157875 0.5540583375 0.524210528125 0.616677234375 0.58526315625 0.615884590625 0.5863157875 0.6325301203125
6 0.5842105281250001 0.633322765625 0.5831578953125 0.6174698796875 0.524210528125 0.6182625234375 0.524210528125 0.55168040625 0.509473684375 0.55168040625 0.5105263156250001 0.6444197828125 0.6263157875 0.6444197828125 0.6252631562500001 0.6325301203125 0.5842105281250001 0.633322765625
2 0.5484210515625 0.565948003125 0.5578947359375 0.5683259374999999 0.55894736875 0.5532656953124999 0.5778947359375 0.5540583375 0.5778947359375 0.538998096875 0.5568421046875 0.538998096875 0.5568421046875 0.5263157890625 0.550526315625 0.5255231453125 0.549473684375 0.5382054546874999 0.5284210515625001 0.536620165625 0.5315789484375 0.5540583375 0.549473684375 0.5524730515625 0.5484210515625 0.565948003125
3 0.6231578953125 0.6444197828125 0.644210528125 0.645212428125 0.644210528125 0.5556436265625 0.90105263125 0.5540583375 0.9 0.5088776140625 0.8800000000000001 0.5072923281249999 0.8789473687499999 0.5413760296875 0.64 0.5413760296875 0.64 0.5231452140624999 0.624210528125 0.5239378546875 0.624210528125 0.539790740625 0.5768421046875 0.539790740625 0.5778947359375 0.5532656953124999 0.624210528125 0.5540583375 0.6231578953125 0.6444197828125
2 0.64002 0.4740060234375 0.62422 0.4740060234375 0.62422 0.5239457828125 0.64002 0.5239457828125 0.64002 0.4740060234375
1 0.87788 0.0967018078125 0.6431600000000001 0.0967018078125 0.6431600000000001 0.149021084375 0.87788 0.149021084375 0.87788 0.0967018078125
6 0.8821199999999999 0.0887801203125 0.6431600000000001 0.0887801203125 0.6431600000000001 0.0967018078125 0.8821199999999999 0.0967018078125 0.8821199999999999 0.0887801203125
3 0.89894 0.0840060234375 0.8821 0.0840060234375 0.8821 0.45972891562499996 0.89894 0.45972891562499996 0.89894 0.0840060234375
3 0.64212 0.0832228921875 0.62316 0.0832228921875 0.62316 0.418524096875 0.64212 0.418524096875 0.64212 0.0832228921875
2 0.2473684203125 0.8600190234375 0.2568421046875 0.8623969546874999 0.2578947359375 0.8481293578125 0.2831578953125 0.8473367140624999 0.2831578953125 0.8180088765625 0.2578947359375 0.8180088765625 0.2568421046875 0.804533925 0.2473684203125 0.8037412796875 0.244210528125 0.8164235906249999 0.22315789531250002 0.8180088765625 0.22421052812500003 0.8481293578125 0.2463157875 0.8481293578125 0.2473684203125 0.8600190234375
6 0.68736 0.385225903125 0.64208 0.385225903125 0.64208 0.3939307234375 0.68736 0.3939307234375 0.68736 0.385225903125
6 0.32632 0.46686747031250003 0.3 0.46686747031250003 0.3 0.4779518078125 0.32632 0.4779518078125 0.32632 0.46686747031250003
6 0.32738 0.57625 0.29894 0.57625 0.29894 0.58495481875 0.32738 0.58495481875 0.32738 0.57625
1 0.6242 0.4803463859375 0.3442 0.4803463859375 0.3442 0.53820783125 0.6242 0.53820783125 0.6242 0.4803463859375
6 0.62526 0.4668825296875 0.34314 0.4668825296875 0.34314 0.479563253125 0.62526 0.479563253125 0.62526 0.4668825296875
3 0.64106 0.4684487953125 0.62422 0.4684487953125 0.62422 0.47480421718750004 0.64106 0.47480421718750004 0.64106 0.4684487953125
3 0.51158 0.6254066265625 0.34314 0.6254066265625 0.34314 0.64362951875 0.51158 0.64362951875 0.51158 0.6254066265625
1 0.22104 0.47796686718750003 0.08632 0.47796686718750003 0.08632 0.5754668671875 0.22104 0.5754668671875 0.22104 0.47796686718750003
6 0.22421052812500003 0.5072923281249999 0.2368421046875 0.5072923281249999 0.2368421046875 0.4676601140625 0.089473684375 0.468452759375 0.0873684203125 0.4795497765625 0.22315789531250002 0.480342421875 0.22421052812500003 0.5072923281249999
6 0.08631578749999999 0.5770450203124999 0.08631578749999999 0.5881420421875 0.24105263125 0.587349396875 0.24105263125 0.5770450203124999 0.23263157968749998 0.5770450203124999 0.23473684375 0.5493024734375 0.22526315624999999 0.5493024734375 0.22421052812500003 0.5770450203124999 0.08631578749999999 0.5770450203124999
3 0.41158 0.53978915625 0.34209999999999996 0.53978915625 0.34209999999999996 0.554849396875 0.41158 0.554849396875 0.41158 0.53978915625
3 0.52946 0.5390060234375 0.46525999999999995 0.5390060234375 0.46525999999999995 0.5532831328125 0.52946 0.5532831328125 0.52946 0.5390060234375
6 0.7884210515625 0.4105897265625 0.8621052640625001 0.4105897265625 0.86105263125 0.39473684375 0.8821052640625 0.39473684375 0.8821052640625 0.3868104 0.7494736843750001 0.3852251109375 0.7494736843750001 0.3939441984375 0.7884210515625 0.3939441984375 0.7884210515625 0.4105897265625
3 0.62286 0.1476807234375 0.55634 0.1476807234375 0.55634 0.17683735 0.62286 0.17683735 0.62286 0.1476807234375