7 0.8005895203125 0.754828896875 0.646921396875 0.754828896875 0.646921396875 0.7984790875 0.8005895203125 0.7984790875 0.8005895203125 0.754828896875
1 0.514301309375 0.6646958171875 0.19408296875 0.6646958171875 0.19408296875 0.7745437265625 0.514301309375 0.7745437265625 0.514301309375 0.6646958171875
7 0.3994978171875 0.6266539921875001 0.25718340624999997 0.6266539921875001 0.25718340624999997 0.6646768062499999 0.3994978171875 0.6646768062499999 0.3994978171875 0.6266539921875001
4 0.8652757546875 0.5041543453124999 0.831311659375 0.505562596875 0.831311659375 0.41261794218750003 0.8668930953125 0.41261794218750003 0.8652757546875 0.252077171875 0.566068253125 0.2548936765625 0.572537603125 0.75763976875 0.8685104328125 0.7562315171875 0.8652757546875 0.5041543453124999
6 0.8668995640625001 0.23798479062500003 0.6550218343750001 0.23798479062500003 0.6550218343750001 0.25205323125 0.8668995640625001 0.25205323125 0.8668995640625001 0.23798479062500003
2 0.6841339171875 0.21264610625000002 0.7083939828125 0.21264610625000002 0.7083939828125 0.23940290156250002 0.7261846984375 0.2408111515625 0.7278020390625 0.21264610625000002 0.7569141171875 0.21264610625000002 0.7569141171875 0.20138008749999997 0.729419375 0.20138008749999997 0.7278020390625 0.17884804999999998 0.70515930625 0.17884804999999998 0.7100113234375 0.20138008749999997 0.6825165765625 0.1999718359375 0.6841339171875 0.21264610625000002
2 0.49975739687500004 0.16054076875 0.4981400609375 0.16899028124999999 0.5418081828125 0.16899028124999999 0.5434255203125 0.20560484375 0.5644509125 0.2070130953125 0.5644509125 0.1732150421875 0.591945659375 0.1718067875 0.591945659375 0.1577242625 0.566068253125 0.15913251718750002 0.566068253125 0.12955921718750002 0.5450428609375 0.13096746718750002 0.5450428609375 0.1577242625 0.49975739687500004 0.16054076875
2 0.4366812234375 0.6858188968750001 0.4480025890625 0.6886354031249999 0.4480025890625 0.6661033656249999 0.48520135781249996 0.6661033656249999 0.48681869375 0.62244754375 0.44961992500000003 0.62244754375 0.4480025890625 0.5928742437500001 0.4366812234375 0.5928742437500001 0.438298559375 0.6210392890625 0.401099790625 0.6210392890625 0.39948245 0.6646951140625 0.43506388593749995 0.6661033656249999 0.4366812234375 0.6858188968750001
6 0.5644323140624999 0.20560836562499998 0.5466593890625 0.20560836562499998 0.5466593890625 0.4267110265625 0.5644323140624999 0.4267110265625 0.5644323140624999 0.20560836562499998
2 0.655 0.236577946875 0.559585153125 0.236577946875 0.559585153125 0.2534600765625 0.655 0.2534600765625 0.655 0.236577946875
2 0.566048034375 0.42669201562500003 0.55150655 0.42669201562500003 0.55150655 0.50555133125 0.566048034375 0.50555133125 0.566048034375 0.42669201562500003
6 0.7261572046875 0.10844106406250001 0.706768559375 0.10844106406250001 0.706768559375 0.178859315625 0.7261572046875 0.178859315625 0.7261572046875 0.10844106406250001
3 0.9412906375000001 0.042247570312499996 0.92673459375 0.043655821875 0.9251172578125001 0.09012815156250001 0.106744296875 0.09012815156250001 0.10836163750000001 0.050697084375 0.0970402703125 0.0492888328125 0.0970402703125 0.1112519359375 0.928351934375 0.109843684375 0.928351934375 0.1225179546875 0.9396732968749999 0.1225179546875 0.9412906375000001 0.042247570312499996
6 0.5612008734375 0.10844106406250001 0.5466593890625 0.10844106406250001 0.5466593890625 0.1295817484375 0.5612008734375 0.1295817484375 0.5612008734375 0.10844106406250001
6 0.57091703125 0.5041444859374999 0.554759825 0.5041444859374999 0.554759825 0.7590494296875 0.57091703125 0.7590494296875 0.57091703125 0.5041444859374999
6 0.1827591796875 0.109843684375 0.1649684625 0.109843684375 0.1698204765625 0.62948880625 0.18599385625 0.6280805515625 0.1827591796875 0.109843684375
6 0.192445415625 0.6632699625 0.17305676875 0.6632699625 0.17305676875 0.777338403125 0.192445415625 0.777338403125 0.192445415625 0.6632699625
6 0.8668930953125 0.41402619375 0.832929 0.41402619375 0.8345463359374999 0.502746090625 0.8652757546875 0.501337840625 0.87012776875 0.75763976875 0.8927704984375 0.75763976875 0.8846838124999999 0.1112519359375 0.8668930953125 0.109843684375 0.8668930953125 0.41402619375
3 0.0727802046875 0.490071821875 0.0663108515625 0.498521334375 0.0679281921875 0.5111956046875 0.0711628640625 0.528094634375 0.0711628640625 0.54921841875 0.0841015671875 0.546401915625 0.0841015671875 0.523869878125 0.12938703125 0.523869878125 0.12938703125 0.684410646875 0.1714378125 0.6858188968750001 0.1714378125 0.6618786078125 0.255539384375 0.663286859375 0.25392204375 0.6280805515625 0.1682031390625 0.6280805515625 0.1649684625 0.491480071875 0.0857189078125 0.490071821875 0.08248423125 0.4393747375 0.0727802046875 0.44219123906249996 0.0727802046875 0.490071821875
3 0.5159307765625 0.8139698624999999 0.5676855890625 0.8125616125 0.5676855890625 0.79566258125 0.648552484375 0.7970708359375 0.64693514375 0.7562315171875 0.551512209375 0.7590480234375 0.55312955 0.6238557953125 0.48358402187499994 0.62244754375 0.48681869375 0.663286859375 0.5159307765625 0.6604703578125 0.5159307765625 0.8139698624999999
3 0.9364386203124999 0.8252358828125 0.934821284375 0.7083509359375 0.9186479046875 0.709759190625 0.9170305671874999 0.75763976875 0.7989649046875 0.754823265625 0.80219958125 0.7984790875 0.9234999171875 0.7998873390625 0.9251172578125001 0.8252358828125 0.9364386203124999 0.8252358828125
5 0.44316593906249996 0.7759505703125 0.25718340624999997 0.7759505703125 0.25718340624999997 0.9730988593750001 0.44316593906249996 0.9730988593750001 0.44316593906249996 0.7759505703125
4 0.5466593890625 0.11408745312499999 0.1860043671875 0.11408745312499999 0.1860043671875 0.6238593156250001 0.5466593890625 0.6238593156250001 0.5466593890625 0.11408745312499999
1 0.706768559375 0.111254753125 0.56606986875 0.111254753125 0.56606986875 0.236577946875 0.706768559375 0.236577946875 0.706768559375 0.111254753125
0 0.8636681218750001 0.11266159687499999 0.7294323140625 0.11266159687499999 0.7294323140625 0.23517110312499998 0.8636681218750001 0.23517110312499998 0.8636681218750001 0.11266159687499999