7 0.752798253125 0.7137661390625001 0.759623259375 0.7292234953125 0.76917826875 0.7592289515624999 0.78078078125 0.7901436625 0.7923832921875 0.8265139109374999 0.8169533171875001 0.9110747421875001 0.825143325 0.9483542453125 0.8333333328125001 0.9810874703125 0.8408408406250001 0.9783597015625001 0.8428883421875 0.960174578125 0.8374283374999999 0.947444990625 0.8271908265624999 0.903800690625 0.8135408125 0.8528823421875 0.7957957953125 0.8001454812500001 0.7869232875 0.7655937453125 0.7698607703125 0.7219494453124999 0.7582582578125 0.688306965625 0.7514332515625 0.671940353125 0.7425607421875 0.6555737421875001 0.7336882328125001 0.662847790625 0.7384657390625 0.6728496093749999 0.7452907453125001 0.6901254781249999 0.752798253125 0.7137661390625001
4 0.4244744734375 0.5964175296875001 0.46883701875000006 0.595508275 0.46883701875000006 0.5427714124999999 0.48112203124999997 0.5418621578125 0.47975702968749995 0.420931078125 0.4975020484375 0.3781960359375 0.4551870046875 0.3545553734375 0.427886978125 0.34091652968749997 0.3889844390625 0.3281869421875 0.3371143875 0.31636661250000003 0.335066884375 0.5600472812499999 0.42379197343749997 0.55822876875 0.4244744734375 0.5964175296875001
7 0.4791154796875 0.3664302609375 0.4927654921875 0.375522821875 0.5009555015625 0.3791598484375 0.5111930109375 0.3564284421875 0.5043680046875 0.3518821609375 0.4791154796875 0.33642480468749997 0.459322959375 0.32642298593749997 0.4484029484375 0.32096744843749997 0.44157794062500005 0.3464266234375 0.46137046249999997 0.3564284421875 0.4791154796875 0.3664302609375
4 0.48112203124999997 0.6400436453125 0.47907452968750003 0.755519184375 0.71863226875 0.757337696875 0.7199972703124999 0.6573195125 0.6865547375000001 0.589125296875 0.6551597046875 0.540934715625 0.6203521703125 0.4909256234375 0.589639640625 0.45637388593750006 0.5493721 0.41818512500000005 0.5036445546875 0.38272413125 0.489994540625 0.41818512500000005 0.48726453750000004 0.6400436453125 0.48112203124999997 0.6400436453125
7 0.6128856125000001 0.4819058 0.64359814375 0.521913075 0.66885066875 0.5601018359375 0.6852306859375 0.5873795234375 0.702293203125 0.5719221671875 0.674993175 0.52282233125 0.6552006546875 0.4964539 0.6299481296875 0.4646299328125 0.60537810625 0.43644299062499997 0.5876330875 0.417348609375 0.5644280640625 0.397344971875 0.5521430515625 0.419167121875 0.58149058125 0.4473540640625 0.6128856125000001 0.4819058
7 0.7357370999999999 0.791955809375 0.7179975437499999 0.791955809375 0.7179975437499999 0.8765220953125 0.7357370999999999 0.8765220953125 0.7357370999999999 0.791955809375
3 0.0381790890625 0.3136934 0.0354490859375 0.7555919265625 0.0013240515624999998 0.7555919265625 0.0006415500000000001 0.76923076875 0.28319683281249997 0.76741225625 0.3371143875 0.8392434984375001 0.34462189374999996 0.8292416812500001 0.2886568390625 0.75468266875 0.0450040953125 0.7555919265625 0.0484165984375 0.3127841421875 0.0381790890625 0.3136934
4 0.196505596875 0.430078196875 0.1944580953125 0.4291689390625 0.1944580953125 0.596472084375 0.33027572968749996 0.5955628296875 0.33027572968749996 0.31551191093750003 0.3009282015625 0.3136934 0.2790881796875 0.31187488750000003 0.1944580953125 0.31187488750000003 0.1924105921875 0.3646117484375 0.197188096875 0.3646117484375 0.196505596875 0.430078196875
7 0.27846437343749997 0.2836824875 0.19861179375 0.2836824875 0.19861179375 0.31186579375 0.27846437343749997 0.31186579375 0.27846437343749997 0.2836824875
4 0.1869505875 0.4291689390625 0.17876057812499999 0.4291689390625 0.1794430796875 0.3646117484375 0.184220584375 0.3646117484375 0.184220584375 0.31187488750000003 0.047720446875 0.31187488750000003 0.047037946875 0.5946535734375 0.18763308750000002 0.596472084375 0.1869505875 0.4291689390625
7 0.16517199062500001 0.285507365625 0.0696191640625 0.285507365625 0.0696191640625 0.3127905078125 0.16517199062500001 0.3127905078125 0.16517199062500001 0.285507365625
3 0.71867321875 0.7901436625 0.7357357359375001 0.791962175 0.7336882328125001 0.661029278125 0.7425607421875 0.656482996875 0.721403221875 0.6064739046875001 0.702975703125 0.5728314234375 0.6859131859375001 0.5873795234375 0.7193557203125 0.658301509375 0.71867321875 0.7901436625
6 0.42993447968750004 0.6037461359375 0.42993447968750004 0.596472084375 0.42379197343749997 0.596472084375 0.42379197343749997 0.55919258125 0.335066884375 0.5601018359375 0.33643188749999997 0.31551191093750003 0.33097188125 0.3146026546875 0.3296068796875 0.596472084375 0.26749931718750003 0.596472084375 0.26818181874999997 0.604655390625 0.42993447968750004 0.6037461359375
3 0.333742834375 0.31551191093750003 0.3637728640625 0.3227859609375 0.40677040625 0.3336970359375 0.440895440625 0.3464266234375 0.4484029484375 0.3191489359375 0.40472290468749994 0.30369158125 0.3610428609375 0.29096199375 0.31804531875 0.2855064546875 0.279142778125 0.2845972 0.2798252796875 0.3127841421875 0.3050778046875 0.3136934 0.333742834375 0.31551191093750003
3 0.18427518437499998 0.3646117484375 0.1794976796875 0.36370249062500004 0.1788151796875 0.42825968437500006 0.19656019687499998 0.4291689390625 0.1972426984375 0.365521003125 0.1924651921875 0.365521003125 0.1931476921875 0.31096562968749997 0.1992901984375 0.31187488750000003 0.19860769843749998 0.2845972 0.16516516406249998 0.2845972 0.16516516406249998 0.3127841421875 0.1849576859375 0.31187488750000003 0.18427518437499998 0.3646117484375
3 0.006142506250000001 0.30551009375 0.0075075078125 0.31551191093750003 0.06825006875 0.3146026546875 0.0696150703125 0.2855064546875 0.0075075078125 0.2855064546875 0.0068250078125000006 0.295508275 0.002730003125 0.3018730671875 0.006142506250000001 0.30551009375
3 0.752798253125 0.9919985453125 0.771225771875 0.9919985453125 0.7705432703125 0.927441353125 0.7357357359375001 0.927441353125 0.734370734375 0.921985815625 0.7179907171875 0.921985815625 0.7179907171875 0.947444990625 0.752798253125 0.9483542453125 0.752798253125 0.9919985453125
4 0.5548184546875 0.7655937453125 0.5548184546875 0.77377705 0.47974337968749997 0.7728677937499999 0.47906087968750005 0.9383524265625001 0.7179361171875 0.936533915625 0.7172536171874999 0.7683215125 0.6326235328125 0.76923076875 0.63194103125 0.7646844875000001 0.5548184546875 0.7655937453125
3 0.5541891890625 0.754689034375 0.47775184218750005 0.754689034375 0.47775184218750005 0.772872340625 0.5541891890625 0.772872340625 0.5541891890625 0.754689034375
3 0.71867321875 0.7564975453125 0.631990171875 0.7564975453125 0.631990171875 0.76923076875 0.71867321875 0.76923076875 0.71867321875 0.7564975453125
3 0.4866277640625 0.5428314234375 0.46956388281250006 0.5428314234375 0.46956388281250006 0.640114565625 0.4866277640625 0.640114565625 0.4866277640625 0.5428314234375
1 0.2893256890625 0.75650118125 0.3760032765625 0.8692489546875001 0.4026208015625 0.8319694484375001 0.4736008734375 0.83106019375 0.4736008734375 0.640116384375 0.46882336875 0.6410256421875 0.46882336875 0.6037461359375 0.14395304375 0.604655390625 0.14258804375 0.658301509375 0.2893256890625 0.658301509375 0.2893256890625 0.75650118125
4 0.0463554453125 0.7537734140625 0.18080808125 0.7555919265625 0.1821730828125 0.6692125843750001 0.134398034375 0.667394071875 0.1357630359375 0.6055646484375 0.07570297499999999 0.6055646484375 0.07570297499999999 0.661029278125 0.047037946875 0.660120021875 0.0463554453125 0.7537734140625
2 0.165847665625 0.625568284375 0.1706251703125 0.6264775421875 0.1713076703125 0.6055646484375 0.1856401859375 0.6055646484375 0.1849576859375 0.596472084375 0.1713076703125 0.5955628296875 0.17267267343749998 0.57555919375 0.165847665625 0.5746499359375 0.1644826640625 0.596472084375 0.1515151515625 0.5946535734375 0.1515151515625 0.6055646484375 0.1665301671875 0.6055646484375 0.165847665625 0.625568284375
6 0.075034125 0.604655390625 0.1371416875 0.6037461359375 0.1364591875 0.612838696875 0.1432841921875 0.612838696875 0.14396669374999999 0.604655390625 0.152839203125 0.604655390625 0.1507917 0.5955628296875 0.046369095312500004 0.596472084375 0.0456865953125 0.660120021875 0.075034125 0.660120021875 0.075034125 0.604655390625
2 0.1208026203125 0.6282960546874999 0.11875511875 0.6346608484375 0.135135134375 0.635570103125 0.135135134375 0.653755228125 0.1426426421875 0.654664484375 0.1426426421875 0.636479359375 0.1542451546875 0.635570103125 0.15561015625000002 0.6310238234375001 0.14400764375 0.629205309375 0.14400764375 0.6119294421875 0.13718263749999998 0.6110201843749999 0.1365001359375 0.630114565625 0.1208026203125 0.6282960546874999
2 0.2484302484375 0.627386796875 0.253207753125 0.629205309375 0.25389025468750004 0.6073831609375 0.26822276718750004 0.6073831609375 0.26822276718750004 0.5946535734375 0.25525525625 0.5955628296875 0.25662025625 0.57374068125 0.24979524999999997 0.57374068125 0.24979524999999997 0.5946535734375 0.23614523593749998 0.5937443171875 0.23614523593749998 0.6055646484375 0.2484302484375 0.604655390625 0.2484302484375 0.627386796875
2 0.44430794531249995 0.629205309375 0.4504504515625 0.630114565625 0.45113295156250005 0.6055646484375 0.46273546249999997 0.6073831609375 0.4634179625 0.5946535734375 0.45113295156250005 0.5946535734375 0.45113295156250005 0.57374068125 0.4449904453125 0.5728314234375 0.4449904453125 0.5928350609375 0.4299754296875 0.5919258046875 0.4299754296875 0.6064739046875001 0.4449904453125 0.6055646484375 0.44430794531249995 0.629205309375
2 0.4641004640625 0.681032915625 0.4641004640625 0.6892162203125001 0.4729729734375 0.6892162203125001 0.4736554734375 0.7164939078125 0.48116298124999995 0.7174031640625 0.48184548125 0.687397709375 0.48867048906250005 0.688306965625 0.4893529890625 0.680123659375 0.48184548125 0.681032915625 0.48184548125 0.653755228125 0.475020475 0.653755228125 0.4743379734375 0.681032915625 0.4641004640625 0.681032915625
1 0.47224952187499997 0.8419712671875 0.40672945625 0.8419712671875 0.38215943281250003 0.8774322609375 0.4265219765625 0.939261684375 0.47293202343749996 0.939261684375 0.47224952187499997 0.8419712671875
6 0.45930930937500003 0.8328787046875 0.4579443078125 0.8419712671875 0.4736418234375 0.8419712671875 0.4736418234375 0.939261684375 0.47841932812500004 0.9383524265625001 0.4804668296875 0.82742316875 0.474324325 0.8246954000000001 0.474324325 0.8337879609375 0.45930930937500003 0.8328787046875
2 0.45591045625 0.8046917625000001 0.4736554734375 0.8046917625000001 0.4743379734375 0.8246954000000001 0.48048047968749996 0.8246954000000001 0.48116298124999995 0.8074195296875001 0.4948129953125 0.8065102749999999 0.49549549531250003 0.799236225 0.48116298124999995 0.799236225 0.48116298124999995 0.78196035625 0.4736554734375 0.78196035625 0.475020475 0.799236225 0.45727545625 0.799236225 0.45591045625 0.8046917625000001
2 0.44021293906250003 0.8619749046875 0.447037946875 0.8637934171874999 0.4456729453125 0.8428805234375 0.4586404578125 0.8428805234375 0.4586404578125 0.8319694484375001 0.4463554453125 0.8301509359375 0.4463554453125 0.81105655625 0.440895440625 0.8101473 0.44021293906250003 0.8319694484375001 0.42588042656249997 0.83106019375 0.42451542499999995 0.8428805234375 0.44021293906250003 0.8428805234375 0.44021293906250003 0.8619749046875
2 0.7016107015624999 0.8937988718750001 0.7016107015624999 0.903800690625 0.714578215625 0.901982178125 0.715260715625 0.921985815625 0.7364182359375 0.921985815625 0.7364182359375 0.903800690625 0.7548457546875 0.901982178125 0.7548457546875 0.8956173843749999 0.7371007374999999 0.8947081296875 0.7384657390625 0.8765230046875001 0.7179907171875 0.8774322609375 0.716625715625 0.891980359375 0.7016107015624999 0.8937988718750001
1 0.8005323499999999 0.8592471359375 0.7807398296875 0.7928714296875 0.7588998078125 0.7274049812500001 0.7459322953124999 0.693762503125 0.7356947859375 0.6683033265625 0.735012284375 0.926532096875 0.81895986875 0.9256228406250001 0.8005323499999999 0.8592471359375
6 0.8209336609375001 0.926530278125 0.7690663390625 0.926530278125 0.7690663390625 0.934713584375 0.8209336609375001 0.934713584375 0.8209336609375001 0.926530278125
6 0.4791093359375 0.717414075 0.475018428125 0.717414075 0.475018428125 0.78196399375 0.4791093359375 0.78196399375 0.4791093359375 0.717414075
6 0.6319963140625 0.757414075 0.55419533125 0.757414075 0.55419533125 0.7646808515625 0.6319963140625 0.7646808515625 0.6319963140625 0.757414075
6 0.480479115625 0.638297871875 0.474336609375 0.638297871875 0.474336609375 0.654664484375 0.480479115625 0.654664484375 0.480479115625 0.638297871875
6 0.4873095828125 0.4382651390625 0.4811670765625 0.4382651390625 0.4811670765625 0.5446481171875 0.4873095828125 0.5446481171875 0.4873095828125 0.4382651390625
2 0.3357493859375 0.8656119296875 0.3418918921875 0.8710674671874999 0.3521294015625 0.8601563921875 0.35827190781249996 0.8701582109375 0.3678269171875 0.858337878125 0.3603194109375 0.8465175484374999 0.37123942187500003 0.8337879609375 0.3664619171875 0.8292416812500001 0.3555419046875 0.8419712671875 0.346669396875 0.8301509359375 0.3384793875 0.8401527546875001 0.346669396875 0.8528823421875 0.3357493859375 0.8656119296875
1 0.281805896875 0.6664893609375 0.22106879531249998 0.6664893609375 0.22106879531249998 0.754689034375 0.281805896875 0.754689034375 0.281805896875 0.6664893609375
2 0.253849303125 0.685579196875 0.2545318046875 0.667394071875 0.265451815625 0.6683033265625 0.2640868140625 0.658301509375 0.253849303125 0.657392253125 0.2545318046875 0.640116384375 0.24838929843750002 0.640116384375 0.24838929843750002 0.656482996875 0.23473928437499997 0.6555737421875001 0.235421784375 0.6683033265625 0.24770679687500002 0.6683033265625 0.24838929843750002 0.6846699390625 0.253849303125 0.685579196875
3 0.4224269734375 0.9529005265625001 0.7179497671874999 0.947444990625 0.71863226875 0.936533915625 0.42583947499999997 0.9383524265625001 0.3678269171875 0.8610656484374999 0.3603194109375 0.8701582109375 0.4224269734375 0.9529005265625001
6 0.03681818125 0.6701145656249999 0.003378378125 0.6701145656249999 0.003378378125 0.679214403125 0.03681818125 0.679214403125 0.03681818125 0.6701145656249999
6 0.470909090625 0.5964648125 0.46203931249999997 0.5964648125 0.46203931249999997 0.6046481171875 0.470909090625 0.6046481171875 0.470909090625 0.5964648125
3 0.5377968875 0.4082560453125 0.5514469015625 0.4209856328125 0.5650969156250001 0.398254228125 0.5364318875 0.374613565625 0.5118618625 0.357337696875 0.5016243515625 0.3791598484375 0.522781871875 0.397344971875 0.5377968875 0.4082560453125
6 0.4804668296875 0.4373522453125 0.4879743375 0.438261503125 0.48933933906249993 0.419167121875 0.502989353125 0.382796871875 0.496846846875 0.378250590625 0.47978432968750007 0.4228041453125 0.4804668296875 0.4373522453125
6 0.40604695625 0.8410620109375 0.4244744734375 0.8419712671875 0.425156975 0.8319694484375001 0.40263445156250005 0.8328787046875 0.3760169265625 0.8701582109375 0.38079443125 0.8765230046875001 0.40604695625 0.8410620109375
6 0.41560196562499996 0.9774504453124999 0.42993447968750004 0.953809784375 0.42310947343749994 0.9510820140625 0.4101419609375 0.9701763953125001 0.41560196562499996 0.9774504453124999
6 0.375334425 0.927441353125 0.3889844390625 0.9092562296875 0.384206934375 0.901982178125 0.3698744203125 0.919258046875 0.375334425 0.927441353125
6 0.365096915625 0.8774322609375 0.3521294015625 0.8928896171874999 0.35417690468749996 0.899254409375 0.3698744203125 0.8819785421875 0.365096915625 0.8774322609375
6 0.328924378125 0.82742316875 0.315274365625 0.8474268046875 0.3214168703125 0.8537915984375 0.334384384375 0.8346972171875 0.328924378125 0.82742316875
6 0.30094185156250003 0.79105291875 0.2872918375 0.8083287875 0.2913868421875 0.8165120937499999 0.30640185625 0.7974177124999999 0.30094185156250003 0.79105291875
6 0.28183183125 0.7665029999999999 0.26749931718750003 0.7828696125 0.272276821875 0.79105291875 0.2872918375 0.7719585390625 0.28183183125 0.7665029999999999
6 0.184916734375 0.5955628296875 0.184916734375 0.6037461359375 0.23746928750000001 0.6037461359375 0.23746928750000001 0.5973813421874999 0.19378924375 0.596472084375 0.19378924375 0.430078196875 0.18832923906250001 0.4273504265625 0.18832923906250001 0.596472084375 0.184916734375 0.5955628296875
6 0.22040677031250003 0.7574104390625 0.221089271875 0.664666303125 0.23473928437499997 0.665575559375 0.235421784375 0.660120021875 0.14123669218749998 0.6592107656249999 0.14260169218750002 0.6510274593750001 0.1364591875 0.6528459718749999 0.1364591875 0.666484815625 0.1828692328125 0.667394071875 0.1821867328125 0.7574104390625 0.22040677031250003 0.7574104390625
6 0.28183183125 0.7537734140625 0.2886568390625 0.7555919265625 0.2893393390625 0.6592107656249999 0.2640868140625 0.658301509375 0.2640868140625 0.666484815625 0.2825143328125 0.666484815625 0.28183183125 0.7537734140625