3 0.780046328125 0.1583471578125 0.7865108015625 0.15231488437500001 0.775197975 0.120645453125 0.33507515 0.400392096875 0.339384796875 0.411702609375 0.77250444375 0.13648016875 0.780046328125 0.1583471578125
1 0.3443485890625 0.59199754375 0.34763854375 0.6042775265625 0.3023102796875 0.6329308218749999 0.292805965625 0.6083708546875 0.23541453437499998 0.6436758078125 0.1922795734375 0.5050143265625 0.16376663281249998 0.52394596875 0.18423746093749999 0.58278755625 0.1853341140625 0.6457224734375 0.20726714375 0.6462341390625 0.208363796875 0.6523741296875001 0.21238485156250003 0.663119115625 0.2167714578125 0.6702824390625 0.2215236140625 0.6759107656250001 0.226641321875 0.68000409375 0.23468343281249998 0.6820507578125 0.24235999375 0.6815390921875 0.24711215000000003 0.6794924265625 0.244918846875 0.6723291031249999 0.24784325156250003 0.671305771875 0.25954086875 0.70405239375 0.6419286453125 0.462034384375 0.664958328125 0.52957429375 0.6645927765625 0.7889889484375 0.6795803484375 0.7889889484375 0.68031145 0.742939009375 0.68506360625 0.74242734375 0.68616025625 0.7454973390624999 0.7058999859374999 0.74600900625 0.7058999859374999 0.7941056078125001 0.6985889750000001 0.7941056078125001 0.6996856265625 0.874948834375 0.8342082187500001 0.8764838312500001 0.8334771171875 0.8478305359375 0.83493931875 0.8483422015625001 0.8356704203125 0.8304338921875001 0.8400570249999999 0.830945559375 0.8407881265625001 0.876995496875 0.9153604328125 0.8764838312500001 0.9149948828125 0.8442488734375001 0.9175537359374999 0.8437372078125 0.9043939171875 0.7137740484374999 0.9464322265625 0.7055873921875 0.9413145203125 0.6544207937500001 0.8265243453125001 0.6554441265625 0.8265243453125001 0.6462341390625 0.8002047078125001 0.6462341390625 0.7998391578125 0.7004707328124999 0.7066237765625 0.6999590671875 0.706258225 0.6518624640625 0.7066237765625 0.6365124843750001 0.7091826296875 0.622697503125 0.712838134375 0.6119525171875 0.7161280890625 0.6047891937500001 0.71978359375 0.5986492015625 0.7256324015625 0.595067540625 0.7325778625 0.59199754375 0.670799825 0.40216946406250004 0.67518643125 0.3996111328125 0.6481356921875 0.3141629140625 0.6031510453125 0.342325009375 0.626546278125 0.41344658125 0.3443485890625 0.59199754375
3 0.175079459375 0.6401749359375 0.13790874375 0.6416830046875 0.13737003750000001 0.6537475484375 0.1853148734375 0.6545015828125 0.18369875468750002 0.5836223796875 0.1626892203125 0.5225456187499999 0.2925173734375 0.44186397343749995 0.28928513749999996 0.4282913578125 0.15137639375 0.516513346875 0.173463340625 0.58739255 0.175079459375 0.6401749359375
3 0.6712384859375 0.4026542 0.7154123796875 0.5436585734375 0.72564779375 0.53913436875 0.736421915625 0.5361182328125 0.7461186234375 0.5346101640625001 0.75743145 0.5338561296875 0.7698216875 0.5353641984374999 0.7827506328125 0.541396471875 0.7902925171875 0.5459206765625 0.7994505203125 0.553461015625 0.8080698171874999 0.563263459375 0.8156117015625 0.5738199374999999 0.8193826421875 0.5806062437499999 0.8247697031250001 0.58890061875 0.8285406453125 0.6009651640625 0.83285029375 0.6145377765625 0.8360825296875 0.6311265265625 0.839314765625 0.64394510625 0.8269245265625 0.64394510625 0.8263858203125001 0.6560096515625 0.9422076171875 0.6545015828125 0.9626784468749999 0.8430101046875 0.9578300921875 0.8437641375 0.959984915625 0.8550746484375 0.9712977437499999 0.8550746484375 0.9502882078124999 0.6401749359375 0.8473845828125001 0.6409289703125001 0.8468458765625 0.6333886296875 0.8441523453125 0.6167998796874999 0.8387652859375001 0.59417885625 0.8306846953125 0.5760820390625 0.8215266921875 0.5587392546875 0.8080590421875 0.5436585734375 0.7929752734375 0.5293319249999999 0.7778915046875 0.523299653125 0.7606529125 0.5187754484375 0.748801378125 0.5187754484375 0.733178903125 0.5217915843750001 0.722404784375 0.5263157890625 0.68361795 0.41019454062499994 0.8797069437499999 0.2857789171875 0.8274632328125 0.1251696578125 0.8193826421875 0.130447896875 0.8689435984375 0.2782385765625 0.6712384859375 0.4026542
5 0.8673274796875001 0.27748454375 0.8215374671875001 0.13949630468750002 0.7886763984375 0.16136329375 0.8339277046875001 0.3001055640625 0.8673274796875001 0.27748454375
4 0.8257786218750001 0.30392959531249997 0.772408246875 0.138149815625 0.6261880390625 0.23024969374999998 0.6810206171875001 0.39551780625 0.8257786218750001 0.30392959531249997
3 0.8339277046875001 0.3001055640625 0.7924473421875 0.176443975 0.78598286875 0.18021414687499998 0.825847115625 0.30462976875000003 0.8339277046875001 0.3001055640625
2 0.7843667515625 0.155331021875 0.780057103125 0.159855225 0.786521575 0.18021414687499998 0.7919086359375 0.17493590625 0.7843667515625 0.155331021875
6 0.8226148796875 0.1402503390625 0.8183052312499999 0.1312019296875 0.7849054578125 0.153822953125 0.7870602812499999 0.16136329375 0.8226148796875 0.1402503390625
3 0.6566934234375 0.5368722671875 0.657232128125 0.6944653890625 0.627603296875 0.6944653890625 0.628680709375 0.702759765625 0.6642353078125 0.702759765625 0.6642353078125 0.531594028125 0.6421483593749999 0.46373096093750005 0.35771157656249997 0.64394510625 0.3598664015625 0.6537475484375 0.6389161234375 0.47805760937499997 0.6566934234375 0.5368722671875
3 0.75581533125 0.8761876031250001 0.7563540375 0.8905142500000001 0.924969025 0.8897602171875001 0.92443031875 0.844518171875 0.916349728125 0.844518171875 0.915811021875 0.8769416375000001 0.75581533125 0.8761876031250001
3 0.13685287968749998 0.763324859375 0.13685287968749998 0.8900025859375 0.5640444515625 0.88927548125 0.5644100015625 0.8785304953124999 0.1465495875 0.8756759390625 0.14708829375000002 0.76407889375 0.13685287968749998 0.763324859375
4 0.48179558437500003 0.876995496875 0.48252668437499996 0.7721039703125 0.4302529609375 0.6104175203125 0.3597017109375 0.653909128125 0.35750840781250004 0.6441874734375 0.25990641875 0.706099059375 0.27745284375 0.764940646875 0.27781839375 0.8764838312500001 0.48179558437500003 0.876995496875
3 0.277993859375 0.7638395421874999 0.2715250765625 0.7638395421874999 0.2715250765625 0.8761891125 0.277993859375 0.8761891125 0.277993859375 0.7638395421874999
2 0.4258663546875 0.6165575109375 0.42696300625 0.6206508390625001 0.429521859375 0.6247441671875 0.43390846562499996 0.627302496875 0.4309840625 0.6339541546875 0.428425209375 0.6385591484375001 0.429156309375 0.6462341390625 0.429521859375 0.653909128125 0.4317151625 0.6544207937500001 0.4477993859375 0.6406058125 0.439757275 0.6134875156249999 0.43317736562500003 0.618092509375 0.4317151625 0.6134875156249999 0.4258663546875 0.6165575109375
6 0.4309863703125 0.6085055046875001 0.43314119375000004 0.6167998796874999 0.43852825468749995 0.61378374375 0.43691213749999996 0.60548936875 0.4309863703125 0.6085055046875001
1 0.2281035234375 0.688702415625 0.22298581718750002 0.6876790828125 0.2160403578125 0.68000409375 0.21092265000000002 0.6733524359375 0.20726714375 0.6641424484375 0.204708290625 0.6528857968749999 0.1860652140625 0.6533974625 0.1853341140625 0.654932459375 0.17582979999999998 0.6554441265625 0.17582979999999998 0.7634056484375 0.178023103125 0.7634056484375 0.1772920015625 0.787965615625 0.1747331484375 0.7884772828125 0.16559438437500001 0.77926729375 0.147316859375 0.7920589437500001 0.147316859375 0.876995496875 0.231027928125 0.876995496875 0.23066237812499998 0.763917315625 0.26465857656249997 0.74242734375 0.2467466015625 0.6871674171875 0.2387044890625 0.68921408125 0.2281035234375 0.688702415625
6 0.17144319375 0.7848956203124999 0.1765609 0.786942284375 0.1772920015625 0.76442898125 0.17582979999999998 0.7634056484375 0.17582979999999998 0.7444740078125001 0.1732709453125 0.7444740078125001 0.1732709453125 0.7634056484375 0.1462202078125 0.764940646875 0.1465857578125 0.7910356125 0.16632548593750002 0.7772206296874999 0.17144319375 0.7848956203124999
6 0.1751023546875 0.6544126078125 0.17363869062499998 0.6544126078125 0.17363869062499998 0.71581661875 0.1751023546875 0.71581661875 0.1751023546875 0.6544126078125
6 0.2525954078125 0.8248055671875001 0.2522298578125 0.876995496875 0.2566164640625 0.8775071640625001 0.257347565625 0.8248055671875001 0.2712384859375 0.8253172328125 0.2712384859375 0.8176422437499999 0.2372422859375 0.8176422437499999 0.2383389390625 0.76801064375 0.2460155 0.7623823171875 0.244187746875 0.7572656578125 0.23175902812500002 0.76442898125 0.23175902812500002 0.84527220625 0.22371691875000002 0.8447605406250001 0.21567480625000002 0.8329922218749999 0.21311595312499998 0.837597215625 0.2215236140625 0.8503888671875 0.23175902812500002 0.85090053125 0.23175902812500002 0.8775071640625001 0.2368767359375 0.876995496875 0.2368767359375 0.8248055671875001 0.2525954078125 0.8248055671875001
6 0.2558853640625 0.7490790015625 0.258078665625 0.7552189921875 0.2675829796875 0.7490790015625 0.2723351375 0.76442898125 0.27672174374999997 0.763917315625 0.26392747499999997 0.7234957015625 0.26027196875 0.72605403125 0.2657552265625 0.743450675 0.2558853640625 0.7490790015625
6 0.20543939218750001 0.6559557921875 0.2076326953125 0.6636307828125 0.21092265000000002 0.6718174375 0.21567480625000002 0.6779574296875001 0.2207925140625 0.6830740890625 0.22481356875 0.686144084375 0.231027928125 0.68819075 0.2372422859375 0.68819075 0.244553296875 0.6876790828125 0.24711215000000003 0.68665575 0.2525954078125 0.7004707328124999 0.2558853640625 0.6979124031249999 0.24747770156249999 0.67284076875 0.24564994843750002 0.6738641015625 0.24784325156250003 0.680515759375 0.244553296875 0.6815390921875 0.2368767359375 0.6825624218749999 0.228834625 0.6820507578125 0.22298581718750002 0.68000409375 0.21750255937500002 0.6733524359375 0.213847053125 0.66721244375 0.21019154843750001 0.6610724515624999 0.2079982453125 0.6533974625 0.20690159375 0.646745803125 0.1856996625 0.646745803125 0.1856996625 0.6533974625 0.204708290625 0.6528857968749999 0.20543939218750001 0.6559557921875
1 0.271596725 0.5290830953125 0.30815177656250003 0.5040114609375 0.309248428125 0.5075931234375 0.3150972359375 0.5029881296875 0.342147975 0.585366353125 0.43463225625 0.5249897671875 0.3882073390625 0.381211625 0.19738996875 0.5019647984375 0.2269995609375 0.5904830125 0.2818321390625 0.5556897265625 0.271596725 0.5290830953125
2 0.21383974375 0.5521080640625 0.201045475 0.5157797796875 0.19702441875 0.518849775 0.2083564859375 0.5556897265625 0.21383974375 0.5521080640625
6 0.193010675 0.50399099375 0.1973972796875 0.517805975 0.201052784375 0.5157593125 0.196300628125 0.5014326640625 0.193010675 0.50399099375
6 0.2935370671875 0.6068358578125 0.3026758296875 0.63241915625 0.3465418921875 0.6022308640625 0.314738996875 0.5045026609375001 0.30925573906250003 0.508084321875 0.33849978125 0.600695865625 0.305234684375 0.6206508390625001 0.2833016515625 0.5546459265625 0.25917531875 0.56999590625 0.26209972187499997 0.5776708968750001 0.2803772484375 0.5664142453125 0.28732270781249997 0.58739255 0.257347565625 0.6063241921875 0.25076765624999997 0.5853458875 0.2547887109375 0.5807408921875 0.2522298578125 0.5746009015625 0.2372422859375 0.5843225546874999 0.23980114062500002 0.5909742125 0.244918846875 0.587904215625 0.252960959375 0.61399918125 0.2368767359375 0.6247441671875 0.228834625 0.5976258703124999 0.23175902812500002 0.596090871875 0.22993127656249998 0.5889275484375001 0.2259102203125 0.5904625453125 0.214212603125 0.5520875968750001 0.208363796875 0.555669259375 0.2361456359375 0.6436758078125 0.2935370671875 0.6068358578125
6 0.35604620625 0.58278755625 0.354584003125 0.57715923125 0.341789734375 0.5853458875 0.3436174875 0.5904625453125 0.35604620625 0.58278755625
6 0.47485012343750005 0.49938600156249996 0.44121947656250005 0.5208759734374999 0.429521859375 0.48915268125000005 0.425135253125 0.4911993453125 0.43427401562499995 0.5249693 0.376517034375 0.56334425 0.3787103375 0.568972575 0.47667787656250005 0.506549325 0.47485012343750005 0.49938600156249996
4 0.48947214531250005 0.48915268125000005 0.4434127796875 0.3463978703125 0.3948091828125 0.37709783125 0.4419505765625 0.519852640625 0.48947214531250005 0.48915268125000005
6 0.3885802015625 0.38119115937500003 0.4189208953125 0.47584936562499996 0.425135253125 0.47329103593750005 0.394063459375 0.3781211625 0.3885802015625 0.38119115937500003
4 0.5534434859374999 0.44821940312499997 0.5073841203125 0.30648792343750003 0.44889603749999996 0.3443512078125 0.49532095312499996 0.486082684375 0.5534434859374999 0.44821940312499997
6 0.5315104546875 0.47124437031250005 0.5289516015625 0.46408104687499996 0.49495540312499997 0.4865943515625 0.4481649359375 0.343327875 0.4441438796875 0.3463978703125 0.490568796875 0.48915268125000005 0.4854510890625 0.4927343421875 0.48837549375 0.49938600156249996 0.5315104546875 0.47124437031250005
4 0.6181459265625 0.4077977890625 0.5713554609375 0.26555464687499997 0.5128673781249999 0.30239459687500003 0.55929229375 0.44412607499999995 0.6181459265625 0.4077977890625
6 0.5958473453125 0.43031109375 0.5932884921875 0.4236594359375 0.5589267437500001 0.44566107343750005 0.512501828125 0.30290626249999997 0.5081152203125 0.30546459375 0.5541745859375 0.44873106875 0.5399181171875 0.45691772343750003 0.5428425203125 0.46561604531249995 0.5958473453125 0.43031109375
6 0.6258224875 0.41240278437500005 0.60242725625 0.34230454374999997 0.6214358828125001 0.3300245609375 0.618877028125 0.32388456875 0.600965053125 0.3366762171875 0.5768387203125 0.26248465 0.5720865625 0.26453131406249997 0.6185114781250001 0.40882112187499997 0.6042550078125 0.417007778125 0.6068138624999999 0.4251944328125 0.6258224875 0.41240278437500005
6 0.6298435437500001 0.316209578125 0.6327679484375001 0.323372903125 0.648486621875 0.3136512484375 0.6598186875 0.34690953750000003 0.6631086421875 0.3438395421875 0.6261880390625 0.23076135937500003 0.6214358828125001 0.2333196890625 0.6455622171875001 0.306999590625 0.6298435437500001 0.316209578125
6 0.679923965625 0.3965411375 0.66895745 0.361236184375 0.6642052921875 0.36379451406249996 0.675537359375 0.4001228 0.679923965625 0.3965411375
1 0.746088609375 0.5802292265625 0.7588828765625 0.5807408921875 0.7687527421875 0.583299221875 0.7778915046875 0.5889275484375001 0.7848369640625 0.5955792062499999 0.791782425 0.6037658609375 0.79616903125 0.6134875156249999 0.7998245359375 0.6257674984375 0.8023833890625 0.6380474828125 0.8356484859375 0.6375358171875 0.8349173859375 0.6308841593750001 0.8323585328125 0.61758084375 0.8279719249999999 0.6017191984375 0.82358531875 0.5899508796874999 0.8177365109375 0.578694228125 0.8115221531250001 0.568972575 0.80567334375 0.56078591875 0.7987278843750001 0.5536225953125 0.7906857734375 0.5469709375 0.7815470109375 0.5413426125 0.7746015500000001 0.53776095 0.7661938890625 0.5352026203125 0.7563240234374999 0.5341792875 0.745357509375 0.5346909546874999 0.7340254421875 0.537249284375 0.7234244765625 0.5408309453125 0.7365842953125 0.5848342203125 0.7409709015625 0.583299221875 0.746088609375 0.5802292265625
6 0.742067553125 0.586880884375 0.7501096656249999 0.5848342203125 0.7629039328125 0.5863692171875 0.7753326515625 0.5925092109375 0.7852025140625 0.60120753125 0.7932446265624999 0.6160458453125 0.7987278843750001 0.631395825 0.7998245359375 0.639070815625 0.79653458125 0.6395824796875 0.79653458125 0.6457224734375 0.838572890625 0.6441874734375 0.8374762390624999 0.6380474828125 0.8027489390625 0.6385591484375001 0.8012867375000001 0.6303724921875 0.799093434375 0.6211625062499999 0.79616903125 0.6134875156249999 0.7914168734375 0.6047891937500001 0.78776136875 0.5991608687500001 0.7815470109375 0.5925092109375 0.77387045 0.5863692171875 0.768387190625 0.583299221875 0.7585173281250001 0.5802292265625 0.75230296875 0.5797175609375 0.7424331046875 0.5822758890624999 0.7365842953125 0.5853458875 0.7226933765625 0.5423659437499999 0.71757566875 0.543900940625 0.733294340625 0.595067540625 0.7384120484375 0.593020875 0.7373153968749999 0.5889275484375001 0.742067553125 0.586880884375
5 0.9372715312500001 0.81406058125 0.9427547890625 0.813548915625 0.9427547890625 0.8437372078125 0.961763415625 0.84322554375 0.9486035968750001 0.716332378125 0.9120485453124999 0.7224723703125 0.9237461625 0.8437372078125 0.9376370812499999 0.84322554375 0.9372715312500001 0.81406058125
6 0.9116829953125001 0.7219607031249999 0.9486035968750001 0.7153090453125001 0.94677584375 0.706610725 0.9047375343749999 0.714285715625 0.917531803125 0.84527220625 0.9233806109374999 0.8442488734375001 0.9116829953125001 0.7219607031249999
6 0.680289515625 0.7449856734375 0.6806550671875 0.7895006140625 0.66383974375 0.7900122796875 0.66383974375 0.702517396875 0.6583564859375 0.7030290625 0.6590875859375 0.8775071640625001 0.66493639375 0.8775071640625001 0.66457084375 0.797175603125 0.6938148859375 0.796152271875 0.6941804359375 0.876995496875 0.6989325921875 0.8764838312500001 0.698201490625 0.7895006140625 0.6857727734375 0.7895006140625 0.6857727734375 0.7444740078125001 0.680289515625 0.7449856734375
4 0.48910659531249995 0.8764838312500001 0.5538090375 0.8780188296875 0.5545401375 0.6938190750000001 0.6572598328125 0.6938190750000001 0.6561631828125 0.5346909546874999 0.63861675625 0.4784076953125 0.4371984203125 0.6058125265625 0.48947214531250005 0.7664756453125 0.48910659531249995 0.8764838312500001
6 0.5603889453125 0.781825625 0.561120046875 0.7593123203125 0.5644100015625 0.7593123203125 0.5647755515624999 0.7511256640624999 0.5614855984375 0.7511256640624999 0.560754496875 0.7030290625 0.5841497296875 0.7030290625 0.583418628125 0.7495906671875 0.5801286734375 0.7495906671875 0.5797631234375 0.7582889890625 0.5837841796875 0.7588006546875 0.5837841796875 0.8002456 0.5903640875 0.8002456 0.5903640875 0.70405239375 0.623263634375 0.7030290625 0.6228980843749999 0.8780188296875 0.6298435437500001 0.876995496875 0.62911244375 0.694330740625 0.5545401375 0.694330740625 0.5545401375 0.781825625 0.5603889453125 0.781825625
6 0.8407625390625 0.84885386875 0.8349181171875 0.84885386875 0.8349181171875 0.8769914046875 0.8407625390625 0.8769914046875 0.8407625390625 0.84885386875
6 0.9376356187500001 0.8452793703125 0.9248413515625 0.8452793703125 0.9248413515625 0.8539756453124999 0.9376356187500001 0.8539756453124999 0.9376356187500001 0.8452793703125
2 0.9464124875 0.8452793703125 0.9380092124999999 0.8452793703125 0.9380092124999999 0.8539756453124999 0.9464124875 0.8539756453124999 0.9464124875 0.8452793703125
6 0.961028659375 0.8442550140625 0.9467707265625 0.8442550140625 0.9467707265625 0.8550000000000001 0.961028659375 0.8550000000000001 0.961028659375 0.8442550140625
6 0.94165301875 0.8140616046875 0.9383674515625 0.8140616046875 0.9383674515625 0.8447636109375001 0.94165301875 0.8447636109375001 0.94165301875 0.8140616046875
3 0.8396673484375 0.830945559375 0.83527635625 0.830945559375 0.83527635625 0.848338109375 0.8396673484375 0.848338109375 0.8396673484375 0.830945559375
3 0.76984646875 0.8304297999999999 0.7647287609375 0.8304297999999999 0.7647287609375 0.8514040109375 0.76984646875 0.8514040109375 0.76984646875 0.8304297999999999
5 0.732197690625 0.59199754375 0.7281766328125 0.5940442078125 0.7201345234375001 0.600695865625 0.7131890624999999 0.61297585 0.70880245625 0.6257674984375 0.7073402546875001 0.639070815625 0.706609153125 0.6477691359375 0.7069747046875 0.698935734375 0.7994589859375 0.6994474015625001 0.7994589859375 0.646745803125 0.79616903125 0.6462341390625 0.7958034796875 0.6395824796875 0.7987278843750001 0.639070815625 0.79616903125 0.6247441671875 0.792147975 0.61297585 0.7852025140625 0.60120753125 0.7782570546875001 0.5955792062499999 0.76984939375 0.5899508796874999 0.7588828765625 0.5858575515625 0.7482819125 0.5853458875 0.7387775984375 0.5889275484375001 0.7395087 0.5935325421875 0.732197690625 0.596090871875 0.732197690625 0.59199754375
5 0.6229017406249999 0.7045630375 0.5907318328125 0.7045630375 0.5907318328125 0.8002507156249999 0.6229017406249999 0.8002507156249999 0.6229017406249999 0.7045630375
0 0.6590839296875 0.704054440625 0.6294728765625 0.704054440625 0.6294728765625 0.876489971875 0.6590839296875 0.876489971875 0.6590839296875 0.704054440625
0 0.6938126921875 0.797693409375 0.6645701125000001 0.797693409375 0.6645701125000001 0.8759742125000001 0.6938126921875 0.8759742125000001 0.6938126921875 0.797693409375
6 0.48216113437499997 0.876995496875 0.48910659531249995 0.8775071640625001 0.48874104375 0.7674989765625 0.44706828437499996 0.640094146875 0.44121947656250005 0.6436758078125 0.48252668437499996 0.7710806390625 0.48216113437499997 0.876995496875
6 0.143295803125 0.653911175 0.140368475 0.653911175 0.140368475 0.7147994265625 0.143295803125 0.7147994265625 0.143295803125 0.653911175
6 0.1436591609375 0.743445559375 0.1403735921875 0.743445559375 0.1403735921875 0.763402578125 0.1436591609375 0.763402578125 0.1436591609375 0.743445559375
1 0.1725383828125 0.6549283671875 0.1440225171875 0.6549283671875 0.1440225171875 0.7628939828125 0.1725383828125 0.7628939828125 0.1725383828125 0.6549283671875
2 0.16559438437500001 0.7311706921875001 0.1725398453125 0.7454973390624999 0.1754642484375 0.7444740078125001 0.17582979999999998 0.71684404375 0.17180874375 0.714285715625 0.1659599359375 0.7265656984375 0.16559438437500001 0.7311706921875001
2 0.1330603890625 0.7316823578125 0.138543646875 0.74600900625 0.14402690468749998 0.7444740078125001 0.14402690468749998 0.7153090453125001 0.1392747484375 0.7147973796875 0.1326948375 0.7270773640625 0.1330603890625 0.7316823578125
2 0.264293025 0.7234957015625 0.256982015625 0.69842406875 0.252960959375 0.7009823984375 0.26027196875 0.725542365625 0.264293025 0.7234957015625
0 0.270872934375 0.7623823171875 0.2668518796875 0.7506139984375 0.2387044890625 0.769545640625 0.2372422859375 0.817130578125 0.2697762828125 0.8166189109375 0.270872934375 0.7623823171875
2 0.244553296875 0.756242325 0.2467466015625 0.7628939828125 0.258078665625 0.755730659375 0.2562509140625 0.7490790015625 0.244553296875 0.756242325
1 0.6228980843749999 0.8012689312499999 0.5830530781250001 0.801780596875 0.583418628125 0.7598239875 0.561120046875 0.7603356531250001 0.561120046875 0.876995496875 0.622532534375 0.8754605 0.6228980843749999 0.8012689312499999
2 0.580859775 0.7511246421875 0.565506653125 0.7511246421875 0.565506653125 0.7593051578125001 0.580859775 0.7593051578125001 0.580859775 0.7511246421875
2 0.5468635765625 0.7772206296874999 0.5490568796875 0.78745395 0.552712384375 0.7910356125 0.544304721875 0.7992222671875 0.54138031875 0.8099672531250001 0.54174586875 0.8150839124999999 0.561120046875 0.8125255828125001 0.561120046875 0.7802906265625 0.5556367890625 0.782337290625 0.5549056875 0.7767089640625 0.5468635765625 0.7772206296874999
6 0.561120778125 0.8109957015625 0.55417093125 0.8109957015625 0.55417093125 0.8769985671875 0.561120778125 0.8769985671875 0.561120778125 0.8109957015625
3 0.7058802453124999 0.876489971875 0.5888996921875 0.876489971875 0.5888996921875 0.890300859375 0.7058802453124999 0.890300859375 0.7058802453124999 0.876489971875
6 0.6298413515625 0.8908022921875001 0.6232599796875 0.8908022921875001 0.6232599796875 0.9307163328125 0.6298413515625 0.9307163328125 0.6298413515625 0.8908022921875001
2 0.5706243609375 0.894392140625 0.5731832140625001 0.8913221453125001 0.5746454156249999 0.8913221453125001 0.578300921875 0.8974621359375 0.5845152796875001 0.9036021296875001 0.5896329875 0.9056487921875 0.5896329875 0.876995496875 0.5640444515625 0.876995496875 0.5629478 0.8918338109375 0.565506653125 0.8954154734375 0.5706243609375 0.894392140625
6 0.75632036875 0.8805802296874999 0.7395035828125 0.8805802296874999 0.7395035828125 0.8867263609375 0.75632036875 0.8867263609375 0.75632036875 0.8805802296874999
6 0.719769703125 0.8810959890625 0.7058802453124999 0.8810959890625 0.7058802453124999 0.8856948421874999 0.719769703125 0.8856948421874999 0.719769703125 0.8810959890625
2 0.7281766328125 0.8954154734375 0.7311010375 0.8954154734375 0.7409709015625 0.8877404828125 0.7406053515625 0.881088825 0.7190378703125 0.881088825 0.7186723203125001 0.88671715 0.7281766328125 0.8954154734375
2 0.6685919 0.361236184375 0.6634741921875 0.3448628734375 0.6594531359375 0.34690953750000003 0.6642052921875 0.36379451406249996 0.6685919 0.361236184375
1 0.62107033125 0.234343021875 0.5768387203125 0.261972984375 0.600965053125 0.33514121874999997 0.645196665625 0.306999590625 0.62107033125 0.234343021875
2 0.6324023984375 0.323372903125 0.6298435437500001 0.3167212453125 0.6185114781250001 0.3249079 0.6218014328125 0.3300245609375 0.6324023984375 0.323372903125
2 0.6064629328125 0.4246827671875 0.60426963125 0.41751944218750003 0.593668665625 0.42417110156250004 0.5965930703125 0.430822759375 0.6064629328125 0.4246827671875
2 0.5424915921875 0.4651043796875 0.5399327390625001 0.45691772343750003 0.529697325 0.46356938281250004 0.532256178125 0.47124437031250005 0.5424915921875 0.4651043796875
2 0.4876590140625 0.4988743359375 0.48473460937499996 0.492222678125 0.4741336453125 0.5004093328125 0.47669249843749995 0.506549325 0.4876590140625 0.4988743359375
2 0.42661207812499996 0.47124437031250005 0.41966661875 0.4768726984375 0.42478432499999996 0.4911993453125 0.43026758281250005 0.488641015625 0.43063313281250004 0.470221040625 0.42661207812499996 0.47124437031250005
6 0.3015718671875 0.4272615625 0.2906126625 0.43440442187499995 0.292440415625 0.44156774531250004 0.30377248125 0.43440442187499995 0.3015718671875 0.4272615625
6 0.335933615625 0.40423659531249995 0.32167714531249997 0.41395824843750006 0.3253399625 0.42058943906249996 0.33886533124999996 0.41189111718750004 0.335933615625 0.40423659531249995
2 0.3765097234375 0.564388046875 0.3659087578125 0.5618297171875 0.3604255 0.5654113796875 0.3545766921875 0.57666803125 0.3560388953125 0.5838313546875 0.3787030265625 0.5695047078125001 0.3765097234375 0.564388046875
1 0.2792732859375 0.5674580437500001 0.2511258953125 0.5848546859375 0.2577058046875 0.6053213265624999 0.28621874531249997 0.5869013515625 0.2792732859375 0.5674580437500001
2 0.2591680078125 0.5700163734375 0.252588096875 0.5746213671875 0.2555125015625 0.5807613593750001 0.26172686093749997 0.5776913625 0.2591680078125 0.5700163734375
1 0.2295584140625 0.598158003125 0.23723497500000001 0.6237413015625 0.252588096875 0.614019646875 0.24491153593749998 0.5894596812499999 0.2295584140625 0.598158003125
2 0.23686942656249999 0.5848546859375 0.2295584140625 0.5894596812499999 0.23211726875 0.5961113375 0.23942827968749997 0.5909946796875001 0.23686942656249999 0.5848546859375
2 0.30668957343750003 0.41139991875000004 0.3015718671875 0.42419156718749995 0.3045035828125 0.43389275468750005 0.3249744109375 0.4211011046875 0.3213115953125 0.4108882515625 0.30961397812499997 0.4108882515625 0.30668957343750003 0.41139991875000004
5 0.3055929234375 0.6196479734375 0.33812691875 0.600204665625 0.30815177656250003 0.506058125 0.27196227500000003 0.528571428125 0.3055929234375 0.6196479734375
1 0.25186284531249997 0.8253151859375001 0.2368781984375 0.8253151859375001 0.2368781984375 0.8759742125000001 0.25186284531249997 0.8759742125000001 0.25186284531249997 0.8253151859375001
1 0.2705117703125 0.8253151859375001 0.257349028125 0.8253151859375001 0.257349028125 0.8759742125000001 0.2705117703125 0.8759742125000001 0.2705117703125 0.8253151859375001