4 0.1356621 0.2293192484375 0.055319634375 0.2293192484375 0.055319634375 0.51551643125 0.1356621 0.51551643125 0.1356621 0.2293192484375
7 0.12557077656249999 0.19483568125 0.08333333281250001 0.19483568125 0.08333333281250001 0.2300469484375 0.12557077656249999 0.2300469484375 0.12557077656249999 0.19483568125
4 0.22172945156249999 0.2302347421875 0.14094178125 0.2302347421875 0.14094178125 0.328638496875 0.22172945156249999 0.328638496875 0.22172945156249999 0.2302347421875
7 0.20547945156249997 0.193661971875 0.1700913234375 0.193661971875 0.1700913234375 0.2300469484375 0.20547945156249997 0.2300469484375 0.20547945156249997 0.193661971875
4 0.40042808281250003 0.22933098593749998 0.3178824203125 0.22933098593749998 0.3178824203125 0.442406103125 0.40042808281250003 0.442406103125 0.40042808281250003 0.22933098593749998
7 0.35730593593750004 0.1960093890625 0.32648401875 0.1960093890625 0.32648401875 0.2300469484375 0.35730593593750004 0.2300469484375 0.35730593593750004 0.1960093890625
3 0.3601598171875 0.19483568125 0.35730593593750004 0.19483568125 0.35730593593750004 0.22887323906249998 0.3601598171875 0.22887323906249998 0.3601598171875 0.19483568125
7 0.39098173593749996 0.19483568125 0.359589040625 0.19483568125 0.359589040625 0.22887323906249998 0.39098173593749996 0.22887323906249998 0.39098173593749996 0.19483568125
4 0.48735159843750003 0.23113849687500002 0.40525114218749997 0.23113849687500002 0.40525114218749997 0.51552816875 0.48735159843750003 0.51552816875 0.48735159843750003 0.23113849687500002
7 0.46974885781250003 0.193661971875 0.4355022828125 0.193661971875 0.4355022828125 0.2312206578125 0.46974885781250003 0.2312206578125 0.46974885781250003 0.193661971875
4 0.583504565625 0.2302347421875 0.49569634687499997 0.2302347421875 0.49569634687499997 0.51553990625 0.583504565625 0.51553990625 0.583504565625 0.2302347421875
7 0.549657534375 0.193661971875 0.5148401828125 0.193661971875 0.5148401828125 0.22887323906249998 0.549657534375 0.22887323906249998 0.549657534375 0.193661971875
4 0.6686872140625 0.2302230046875 0.589212328125 0.2302230046875 0.589212328125 0.43879107968750003 0.6686872140625 0.43879107968750003 0.6686872140625 0.2302230046875
6 0.5883386015625 0.46226074375000004 0.5883386015625 0.45052365468750005 0.6168774140625 0.4514265078125 0.6173164734375 0.4396894171875 0.58921671875 0.44059227187500005 0.58921671875 0.23022751874999997 0.58350895625 0.23022751874999997 0.5830698984375 0.463163596875 0.5883386015625 0.46226074375000004
7 0.6227168953125 0.193661971875 0.592465753125 0.193661971875 0.592465753125 0.2300469484375 0.6227168953125 0.2300469484375 0.6227168953125 0.193661971875
3 0.9315068500000001 0.516431925 0.7191780828125001 0.516431925 0.71860730625 0.5058685453125 0.7083333328125 0.5058685453125 0.7071917812499999 0.517605634375 0.6826484015625 0.516431925 0.682077625 0.5072099265625 0.6694390078125 0.5055332 0.668949771875 0.5152582156250001 0.61643835625 0.5152582156250001 0.61643835625 0.5434272296875 0.663242009375 0.5434272296875 0.6638127859375 0.6737089203125 0.659246575 0.6748826296875 0.657534246875 0.8286384968749999 0.6535388125 0.8286384968749999 0.6529680359375 0.8638497656249999 0.70148401875 0.8650234734375 0.70148401875 0.8286384968749999 0.674657534375 0.8286384968749999 0.674657534375 0.5457746484375 0.9315068500000001 0.5457746484375 0.9309360734375 0.57159624375 0.9480593609374999 0.572769953125 0.9480593609374999 0.421361503125 1 0.419014084375 0.9994292234375 0.3849765265625 0.9486301375 0.3849765265625 0.9480593609374999 0.1150234734375 0.9315068500000001 0.1161971828125 0.9315068500000001 0.19483568125 0.9149543375 0.193661971875 0.9160958906250001 0.22887323906249998 0.9315068500000001 0.22887323906249998 0.9315068500000001 0.516431925
3 0.6255707765625 0.1960093890625 0.6227168953125 0.1960093890625 0.6227168953125 0.2300469484375 0.6255707765625 0.2300469484375 0.6255707765625 0.1960093890625
7 0.6558219171874999 0.19483568125 0.625 0.19483568125 0.625 0.2300469484375 0.6558219171874999 0.2300469484375 0.6558219171874999 0.19483568125
4 0.8473801375000001 0.22933098593749998 0.7626426937499999 0.22933098593749998 0.7626426937499999 0.43879107968750003 0.8473801375000001 0.43879107968750003 0.8473801375000001 0.22933098593749998
7 0.80365296875 0.19483568125 0.77283105 0.19483568125 0.77283105 0.2300469484375 0.80365296875 0.2300469484375 0.80365296875 0.19483568125
3 0.8059360734375 0.19483568125 0.8030821921875001 0.19483568125 0.8030821921875001 0.22887323906249998 0.8059360734375 0.22887323906249998 0.8059360734375 0.19483568125
7 0.836757990625 0.19483568125 0.8059360734375 0.19483568125 0.8059360734375 0.22887323906249998 0.836757990625 0.22887323906249998 0.836757990625 0.19483568125
4 0.9316837906250001 0.23021126718749998 0.8530879 0.23021126718749998 0.8530879 0.3584272296875 0.9316837906250001 0.3584272296875 0.9316837906250001 0.23021126718749998
7 0.9149543375 0.19483568125 0.8801369859375001 0.19483568125 0.8801369859375001 0.2300469484375 0.9149543375 0.2300469484375 0.9149543375 0.19483568125
3 0.26883561718750004 0.5152582156250001 0.265410959375 0.516431925 0.265410959375 0.54325955625 0.313926940625 0.5434272296875 0.3133561640625 0.8286384968749999 0.29109589062499996 0.8286384968749999 0.29109589062499996 0.8638497656249999 0.3390410953125 0.8638497656249999 0.3390410953125 0.8286384968749999 0.33047945156249997 0.8286384968749999 0.3299086765625 0.677230046875 0.3242009125 0.6760563375 0.3247716890625 0.5446009390625 0.373287671875 0.5434272296875 0.373287671875 0.5152582156250001 0.2791095890625 0.5187793421875 0.2785388125 0.5105633796875 0.2694063921875 0.5082159625 0.26883561718750004 0.5152582156250001
7 0.120433790625 0.8286384968749999 0.0844748859375 0.8286384968749999 0.0844748859375 0.8638497656249999 0.120433790625 0.8638497656249999 0.120433790625 0.8286384968749999
7 0.211757990625 0.82981220625 0.174657534375 0.82981220625 0.174657534375 0.8638497656249999 0.211757990625 0.8638497656249999 0.211757990625 0.82981220625
7 0.2916666671875 0.8286384968749999 0.256849315625 0.8286384968749999 0.256849315625 0.8650234734375 0.2916666671875 0.8650234734375 0.2916666671875 0.8286384968749999
7 0.373287671875 0.82981220625 0.3384703203125 0.82981220625 0.3384703203125 0.86267605625 0.373287671875 0.86267605625 0.373287671875 0.82981220625
7 0.44063926875000003 0.8286384968749999 0.40924657499999995 0.8286384968749999 0.40924657499999995 0.8650234734375 0.44063926875000003 0.8650234734375 0.44063926875000003 0.8286384968749999
3 0.44292237500000003 0.8286384968749999 0.44006849375 0.8286384968749999 0.44006849375 0.8650234734375 0.44292237500000003 0.8650234734375 0.44292237500000003 0.8286384968749999
7 0.473173515625 0.8286384968749999 0.441780821875 0.8286384968749999 0.441780821875 0.8650234734375 0.473173515625 0.8650234734375 0.473173515625 0.8286384968749999
7 0.5405251140625 0.8286384968749999 0.510273971875 0.8286384968749999 0.510273971875 0.8650234734375 0.5405251140625 0.8650234734375 0.5405251140625 0.8286384968749999
3 0.5433789953125 0.8286384968749999 0.5399543375 0.8286384968749999 0.5399543375 0.8650234734375 0.5433789953125 0.8650234734375 0.5433789953125 0.8286384968749999
7 0.5730593609375 0.8274647890625 0.5428082187500001 0.8274647890625 0.5428082187500001 0.8638497656249999 0.5730593609375 0.8638497656249999 0.5730593609375 0.8274647890625
7 0.6529680359375 0.8286384968749999 0.6175799093750001 0.8286384968749999 0.6175799093750001 0.8650234734375 0.6529680359375 0.8650234734375 0.6529680359375 0.8286384968749999
7 0.7363013703125 0.8286384968749999 0.7009132421875 0.8286384968749999 0.7009132421875 0.8650234734375 0.7363013703125 0.8650234734375 0.7363013703125 0.8286384968749999
7 0.8162100453125 0.8286384968749999 0.7808219171874999 0.8286384968749999 0.7808219171874999 0.8650234734375 0.8162100453125 0.8650234734375 0.8162100453125 0.8286384968749999
7 0.9195205484375 0.8309859156250001 0.8578767125000001 0.8309859156250001 0.8578767125000001 0.8638497656249999 0.9195205484375 0.8638497656249999 0.9195205484375 0.8309859156250001
7 0.9480593609374999 0.572769953125 0.9309360734375 0.572769953125 0.9309360734375 0.646713615625 0.9480593609374999 0.646713615625 0.9480593609374999 0.572769953125
7 0.0547945203125 0.4084507046875 0.0388127859375 0.4084507046875 0.0388127859375 0.47769953125000003 0.0547945203125 0.47769953125000003 0.0547945203125 0.4084507046875
7 0.0547945203125 0.5833333328125 0.0388127859375 0.5833333328125 0.0388127859375 0.65140845 0.0547945203125 0.65140845 0.0547945203125 0.5833333328125
3 0.17066209999999998 0.1960093890625 0.12557077656249999 0.1960093890625 0.12557077656249999 0.22887323906249998 0.17066209999999998 0.22887323906249998 0.17066209999999998 0.1960093890625
3 0.4355022828125 0.19483568125 0.3915525109375 0.19483568125 0.3915525109375 0.2300469484375 0.4355022828125 0.2300469484375 0.4355022828125 0.19483568125
3 0.5142694062500001 0.19483568125 0.46974885781250003 0.19483568125 0.46974885781250003 0.2300469484375 0.5142694062500001 0.2300469484375 0.5142694062500001 0.19483568125
3 0.5918949765625 0.1960093890625 0.549657534375 0.1960093890625 0.549657534375 0.22887323906249998 0.5918949765625 0.22887323906249998 0.5918949765625 0.1960093890625
3 0.1752283109375 0.8286384968749999 0.120433790625 0.8286384968749999 0.120433790625 0.8638497656249999 0.1752283109375 0.8638497656249999 0.1752283109375 0.8286384968749999
3 0.25742009062500004 0.8286384968749999 0.21118721406250002 0.8286384968749999 0.21118721406250002 0.8650234734375 0.25742009062500004 0.8650234734375 0.25742009062500004 0.8286384968749999
3 0.410388128125 0.82981220625 0.373287671875 0.82981220625 0.373287671875 0.8650234734375 0.410388128125 0.8650234734375 0.410388128125 0.82981220625
3 0.5108447484374999 0.8286384968749999 0.473173515625 0.8286384968749999 0.473173515625 0.8650234734375 0.5108447484374999 0.8650234734375 0.5108447484374999 0.8286384968749999
3 0.618150684375 0.82981220625 0.572488584375 0.82981220625 0.572488584375 0.8638497656249999 0.618150684375 0.8638497656249999 0.618150684375 0.82981220625
3 0.78139269375 0.82981220625 0.7363013703125 0.82981220625 0.7363013703125 0.8638497656249999 0.78139269375 0.8638497656249999 0.78139269375 0.82981220625
3 0.879566209375 0.19483568125 0.836757990625 0.19483568125 0.836757990625 0.22887323906249998 0.879566209375 0.22887323906249998 0.879566209375 0.19483568125
3 0.8578767125000001 0.8286384968749999 0.81563926875 0.8286384968749999 0.81563926875 0.8638497656249999 0.8578767125000001 0.8638497656249999 0.8578767125000001 0.8286384968749999
3 0.7631278531250001 0.22769953125 0.748287671875 0.22769953125 0.748287671875 0.45859154999999996 0.7631278531250001 0.45859154999999996 0.7631278531250001 0.22769953125
3 0.9195205484375 0.8286384968749999 0.9189497718749999 0.8638497656249999 0.9486301375 0.8638497656249999 0.9486301375 0.6478873234375 0.9309360734375 0.6478873234375 0.9315068500000001 0.8286384968749999 0.9195205484375 0.8286384968749999
3 0.5976027390625 0.517605634375 0.393264840625 0.517605634375 0.393264840625 0.5446009390625 0.5976027390625 0.5446009390625 0.5976027390625 0.517605634375
3 0.3173515984375 0.22769953125 0.30365296875 0.22769953125 0.30365296875 0.517605634375 0.3173515984375 0.517605634375 0.3173515984375 0.22769953125
3 0.25440313125 0.1861167 0.2336105671875 0.1861167 0.2334474890625 0.1960093890625 0.20547945156249997 0.1953387 0.20547945156249997 0.22887323906249998 0.2531800390625 0.228034875 0.25440313125 0.1861167
3 0.0547945203125 0.8274647890625 0.0547945203125 0.6502347421875 0.038242009375000004 0.65140845 0.0376712328125 0.8638497656249999 0.0844748859375 0.8650234734375 0.08390410937500001 0.8286384968749999 0.0547945203125 0.8274647890625
3 0.055365296875000004 0.22887323906249998 0.08333333281250001 0.22887323906249998 0.08390410937500001 0.19483568125 0.038242009375000004 0.193661971875 0.0376712328125 0.4084507046875 0.055365296875000004 0.4084507046875 0.055365296875000004 0.22887323906249998
1 0.22084650468749997 0.4297580359375 0.2019669828125 0.43066088750000003 0.20240604062499998 0.4523293609375 0.1940639265625 0.4523293609375 0.19494204375 0.43427230000000006 0.15937829375 0.4333694484375 0.158939234375 0.34218129375 0.1404987703125 0.34308414531250003 0.1400597125 0.5155290734375 0.22172462187500003 0.5155290734375 0.22084650468749997 0.4297580359375
0 0.195381103125 0.41892379843749994 0.2212855640625 0.419826653125 0.22172462187500003 0.34037558749999997 0.16728135 0.3412784390625 0.16508605625 0.42524377031249994 0.195381103125 0.426146625 0.195381103125 0.41892379843749994
7 0.20605022812499998 0.328638496875 0.182077625 0.328638496875 0.182077625 0.339201878125 0.20605022812499998 0.339201878125 0.20605022812499998 0.328638496875
6 0.313926940625 0.6238732390624999 0.30294520625 0.6238732390624999 0.30294520625 0.6356103281250001 0.313926940625 0.6356103281250001 0.313926940625 0.6238732390624999
6 0.3297374421875 0.6247652578125 0.3244634703125 0.6247652578125 0.3244634703125 0.6356103281250001 0.3297374421875 0.6356103281250001 0.3297374421875 0.6247652578125
7 0.353881278125 0.6255868546875 0.3299086765625 0.6255868546875 0.3299086765625 0.63732394375 0.353881278125 0.63732394375 0.353881278125 0.6255868546875
6 0.2713382515625 0.6247742859375001 0.2713382515625 0.6013001078125 0.26782578125 0.6013001078125 0.268264840625 0.636511375 0.28143660000000004 0.6374142296875001 0.28143660000000004 0.623871434375 0.2713382515625 0.6247742859375001
7 0.30365296875 0.6244131453125 0.2808219171875 0.6244131453125 0.2808219171875 0.636150234375 0.30365296875 0.636150234375 0.30365296875 0.6244131453125
4 0.6577168953125 0.686161971875 0.589657534375 0.686161971875 0.589657534375 0.8288145546875001 0.6577168953125 0.8288145546875001 0.6577168953125 0.686161971875
6 0.6291710578124999 0.6744312015625 0.61643835625 0.6744312015625 0.6159992984375 0.6852654390625 0.6291710578124999 0.6852654390625 0.6291710578124999 0.6744312015625
7 0.651826484375 0.6748826296875 0.6289954343749999 0.6748826296875 0.6289954343749999 0.6842723 0.651826484375 0.6842723 0.651826484375 0.6748826296875
6 0.6585901828125 0.6744248828125 0.651569634375 0.6744248828125 0.651569634375 0.684354459375 0.6585901828125 0.684354459375 0.6585901828125 0.6744248828125
4 0.7512271687500001 0.685258215625 0.6743892687499999 0.685258215625 0.6743892687499999 0.829718309375 0.7512271687500001 0.829718309375 0.7512271687500001 0.685258215625
6 0.6866894984374999 0.6735211265625 0.67351598125 0.6735211265625 0.67351598125 0.684366196875 0.6866894984374999 0.684366196875 0.6866894984374999 0.6735211265625
7 0.7106164390624999 0.6737089203125 0.6866438359375 0.6737089203125 0.6866438359375 0.6842723 0.7106164390624999 0.6842723 0.7106164390624999 0.6737089203125
6 0.63136635 0.6265799921874999 0.61643835625 0.6247742859375001 0.6173164734375 0.6328999640624999 0.63136635 0.6328999640624999 0.63136635 0.6265799921874999
0 0.6638584468750001 0.6346948359375 0.62214611875 0.6346948359375 0.62214611875 0.6735211265625 0.6638584468750001 0.6735211265625 0.6638584468750001 0.6346948359375
7 0.6529680359375 0.6255868546875 0.6312785390625 0.6255868546875 0.6312785390625 0.6326291078125 0.6529680359375 0.6326291078125 0.6529680359375 0.6255868546875
6 0.662985159375 0.6247769953125 0.6528824203125 0.6247769953125 0.6528824203125 0.6347065734374999 0.662985159375 0.6347065734374999 0.662985159375 0.6247769953125
6 0.6853710046875 0.6247652578125 0.674834475 0.6247652578125 0.674834475 0.6328873234375 0.6853710046875 0.6328873234375 0.6853710046875 0.6247652578125
7 0.7077625578125 0.6267605640625 0.6855022828124999 0.6267605640625 0.6855022828124999 0.6338028171875 0.7077625578125 0.6338028171875 0.7077625578125 0.6267605640625
4 0.4008561640625 0.686161971875 0.3306050234375 0.686161971875 0.3306050234375 0.8297065734375 0.4008561640625 0.8297065734375 0.4008561640625 0.686161971875
6 0.3371974890625 0.67713615 0.330176940625 0.67713615 0.330176940625 0.685258215625 0.3371974890625 0.685258215625 0.3371974890625 0.67713615
7 0.36073059375 0.6760563375 0.3373287671875 0.6760563375 0.3373287671875 0.685446009375 0.36073059375 0.685446009375 0.36073059375 0.6760563375
4 0.3134874421875 0.6852699531249999 0.2344577625 0.6852699531249999 0.2344577625 0.8288145546875001 0.3134874421875 0.8288145546875001 0.3134874421875 0.6852699531249999
6 0.27835616406249997 0.67623239375 0.26650684999999996 0.67623239375 0.26650684999999996 0.6852699531249999 0.27835616406249997 0.6852699531249999 0.27835616406249997 0.67623239375
7 0.299657534375 0.6760563375 0.27796803593749997 0.6760563375 0.27796803593749997 0.685446009375 0.299657534375 0.685446009375 0.299657534375 0.6760563375
1 0.3995433796875 0.4550352109375 0.3178767125 0.4550352109375 0.3178767125 0.51552816875 0.3995433796875 0.51552816875 0.3995433796875 0.4550352109375
2 0.36002809999999996 0.46677500937499994 0.36354056875 0.46858071562500003 0.36354056875 0.45413506562499995 0.37232174218749997 0.45413506562499995 0.3727608015625 0.4423979765625 0.36485774531250004 0.4423979765625 0.36485774531250004 0.43066088750000003 0.3613452765625 0.43066088750000003 0.3613452765625 0.44420368281249994 0.3494906921875 0.44330083125 0.3490516328125 0.4523293609375 0.359589040625 0.4532322140625 0.36002809999999996 0.46677500937499994
1 0.23445732343749998 0.6762369078125 0.26694766406250003 0.6744312015625 0.267386721875 0.54442036875 0.145767475 0.5453232203125 0.145767475 0.5913687249999999 0.23445732343749998 0.5904658734375 0.23445732343749998 0.6762369078125
2 0.2520196703125 0.5543517515625 0.255971196875 0.5561574578124999 0.25641025625 0.54442036875 0.2651914296875 0.5453232203125 0.2647523703125 0.5155290734375 0.255971196875 0.513723365625 0.255971196875 0.5046948359375001 0.2520196703125 0.5046948359375001 0.25114155312499997 0.5128205125 0.24279943906249998 0.5128205125 0.24279943906249998 0.54442036875 0.25245872812500003 0.5435175171875 0.2520196703125 0.5543517515625
3 0.221379646875 0.5172702890624999 0.05422374375 0.516431925 0.05422374375 0.478705565625 0.0383235484375 0.4778672046875 0.0387312453125 0.58266264375 0.0554468375 0.58266264375 0.0558545328125 0.5440979203125 0.24298760625 0.5440979203125 0.24298760625 0.5172702890624999 0.23646444843749997 0.5172702890624999 0.2360567515625 0.5105633796875 0.22178734531250002 0.5097250171875001 0.221379646875 0.5172702890624999
2 0.21601685937499998 0.48212350937500004 0.21601685937499998 0.49205489375000006 0.22084650468749997 0.492957746875 0.22084650468749997 0.5092091015625 0.2357745 0.511917659375 0.23709167656250002 0.49205489375000006 0.24279943906249998 0.491152040625 0.24279943906249998 0.483929215625 0.2379697921875 0.48212350937500004 0.2379697921875 0.46767786093749997 0.22172462187500003 0.46677500937499994 0.22172462187500003 0.4812206578125 0.21601685937499998 0.48212350937500004
2 0.2972427109375 0.47851209843750003 0.29812082812499996 0.48844348125000003 0.302511415625 0.48934633281249995 0.30295047343750003 0.5092091015625 0.31787846875 0.5092091015625 0.31787846875 0.492957746875 0.32314717187499997 0.49205489375000006 0.3227081140625 0.48483207031250003 0.318317528125 0.483929215625 0.318317528125 0.463163596875 0.30426765 0.464969303125 0.303828590625 0.47941494999999995 0.2972427109375 0.47851209843750003
2 0.3933965578125 0.5669916953125 0.39383561718750004 0.5751173703125 0.3999824375 0.5760202234375 0.4008605546875 0.59317443125 0.406129259375 0.592271578125 0.406129259375 0.5742145187500001 0.4122760796875 0.5742145187500001 0.41095890468749996 0.566088840625 0.40525114218749997 0.5669916953125 0.40525114218749997 0.54442036875 0.401738671875 0.5435175171875 0.4012996140625 0.5678945468750001 0.3933965578125 0.5669916953125
6 0.4008605546875 0.8297219203124999 0.40525114218749997 0.8297219203124999 0.4056902 0.59317443125 0.4012996140625 0.592271578125 0.4012996140625 0.6771397609375 0.3727608015625 0.6771397609375 0.373199859375 0.6744312015625 0.36793115468750004 0.67352835 0.36793115468750004 0.6771397609375 0.3622233921875 0.6762369078125 0.3613452765625 0.6843625875 0.4012996140625 0.6852654390625 0.4008605546875 0.8297219203124999
6 0.37275685 0.6247769953125 0.3543207765625 0.6247769953125 0.3543207765625 0.6347065734374999 0.37275685 0.6347065734374999 0.37275685 0.6247769953125
2 0.3797857390625 0.6003972562500001 0.373199859375 0.59859155 0.3736389171875 0.5832430468750001 0.3683702140625 0.5823401953125 0.367492096875 0.59859155 0.3609062171875 0.59859155 0.361784334375 0.6076200796875 0.36705303906250003 0.60852293125 0.367492096875 0.625677140625 0.3740779765625 0.6247742859375001 0.3736389171875 0.6076200796875 0.3802247984375 0.6076200796875 0.3797857390625 0.6003972562500001
2 0.361784334375 0.6509570234375001 0.36354056875 0.6608884078124999 0.36793115468750004 0.6617912609375 0.367492096875 0.67533405625 0.373199859375 0.6762369078125 0.3736389171875 0.65637414375 0.381102915625 0.6572769953125001 0.38154197343749996 0.650054171875 0.3736389171875 0.64915131875 0.3736389171875 0.636511375 0.3683702140625 0.6356085234375 0.367492096875 0.6509570234375001 0.361784334375 0.6509570234375001
2 0.261678959375 0.6482484640624999 0.261678959375 0.6572769953125001 0.26694766406250003 0.6572769953125001 0.26694766406250003 0.67533405625 0.27265542656249997 0.6762369078125 0.271777309375 0.6590827015625 0.276167896875 0.6572769953125001 0.276167896875 0.6509570234375001 0.27265542656249997 0.6509570234375001 0.27221636718750003 0.6356085234375 0.2665086046875 0.6328999640624999 0.26694766406250003 0.6482484640624999 0.261678959375 0.6482484640624999
2 0.2612399015625 0.5751173703125 0.2612399015625 0.5814373421875 0.267386721875 0.5832430468750001 0.267386721875 0.6013001078125 0.271777309375 0.6022029625 0.271777309375 0.5859516078125 0.2779241296875 0.5850487531249999 0.2770460140625 0.578728784375 0.27221636718750003 0.578728784375 0.2713382515625 0.5606717234375 0.267386721875 0.5606717234375 0.26782578125 0.5742145187500001 0.2612399015625 0.5751173703125
4 0.22874429218749998 0.6022065734375001 0.14488584531249998 0.6022065734375001 0.14488584531249998 0.829718309375 0.22874429218749998 0.829718309375 0.22874429218749998 0.6022065734375001
2 0.1808921671875 0.611231490625 0.1844046375 0.6121343453125 0.185282753125 0.6058143734375 0.1940639265625 0.6076200796875 0.1940639265625 0.5913687249999999 0.1848436953125 0.5895630187500001 0.1848436953125 0.576923078125 0.1826484015625 0.576923078125 0.1813312265625 0.5895630187500001 0.1734281703125 0.5886601671875 0.173867228125 0.6013001078125 0.18045310781249999 0.6022029625 0.1808921671875 0.611231490625
2 0.25641025625 0.712351028125 0.255971196875 0.6861682906250001 0.26694766406250003 0.6843625875 0.2665086046875 0.67533405625 0.255971196875 0.67533405625 0.2555321390625 0.65637414375 0.2520196703125 0.6554712890625 0.2520196703125 0.6744312015625 0.2348963828125 0.6762369078125 0.23445732343749998 0.6870711453125 0.2515806109375 0.6870711453125 0.25245872812500003 0.7132538828125 0.25641025625 0.712351028125
2 0.133912890625 0.7457565921875 0.133912890625 0.754785121875 0.1383034765625 0.7556879734375 0.1387425359375 0.7755507390624999 0.145328415625 0.7746478875 0.1462065328125 0.7574936812499999 0.1514752375 0.7583965328125 0.151036178125 0.74846515 0.1462065328125 0.74665944375 0.14708464999999998 0.7322137953125 0.13918159531250002 0.7304080890625 0.1387425359375 0.74846515 0.133912890625 0.7457565921875
6 0.139620653125 0.6861682906250001 0.13918159531250002 0.7331166484375 0.1448893578125 0.7322137953125 0.14445029843749999 0.6022029625 0.1743062875 0.6031058140625001 0.1747453453125 0.5904658734375 0.145328415625 0.5913687249999999 0.1448893578125 0.586854459375 0.1400597125 0.5886601671875 0.139620653125 0.6771397609375 0.05356515625 0.6771397609375 0.0540042140625 0.6861682906250001 0.139620653125 0.6861682906250001
2 0.13435195 0.5606717234375 0.1334738328125 0.5678945468750001 0.1383034765625 0.5678945468750001 0.1383034765625 0.5877573125 0.145328415625 0.586854459375 0.145328415625 0.5687973984375 0.1519142953125 0.5678945468750001 0.152353353125 0.5615745750000001 0.146645590625 0.55976886875 0.145767475 0.54442036875 0.13918159531250002 0.5435175171875 0.1387425359375 0.55976886875 0.13435195 0.5606717234375
6 0.1400627859375 0.2293192484375 0.1356678078125 0.2293192484375 0.1356678078125 0.4568309859375 0.1400627859375 0.4568309859375 0.1400627859375 0.2293192484375
2 0.1514752375 0.35752979375 0.1514752375 0.3412784390625 0.15981735156250002 0.34037558749999997 0.16025640937500002 0.32683279062500004 0.1514752375 0.325027084375 0.1514752375 0.3105814359375 0.14708464999999998 0.3105814359375 0.14752370937499998 0.325027084375 0.140937828125 0.32683279062500004 0.1404987703125 0.34218129375 0.14752370937499998 0.3412784390625 0.14752370937499998 0.3584326484375 0.1514752375 0.35752979375
2 0.1273270109375 0.47309498124999994 0.1273270109375 0.4812206578125 0.135230065625 0.4812206578125 0.135669125 0.5001805703125 0.140937828125 0.5001805703125 0.1413768875 0.4812206578125 0.14796276875 0.48031780468749996 0.14708464999999998 0.47399783281249996 0.1413768875 0.47309498124999994 0.140937828125 0.45684362656250005 0.136108184375 0.45774647812499997 0.135669125 0.47219212656250004 0.1273270109375 0.47309498124999994
2 0.5830698984375 0.57060310625 0.58350895625 0.5886601671875 0.5905338953125 0.5895630187500001 0.5905338953125 0.57060310625 0.5958026000000001 0.5724088125 0.5958026000000001 0.5615745750000001 0.589655778125 0.5606717234375 0.5887776609375 0.5426146625 0.5826308390625 0.5435175171875 0.5830698984375 0.564283134375 0.5747277828125 0.56338028125 0.5747277828125 0.57060310625 0.5830698984375 0.57060310625
6 0.5958026000000001 0.6861682906250001 0.5962416578124999 0.67352835 0.5883386015625 0.6744312015625 0.5883386015625 0.5895630187500001 0.58350895625 0.5886601671875 0.58350895625 0.8297219203124999 0.58921671875 0.82881906875 0.58921671875 0.6852654390625 0.5958026000000001 0.6861682906250001
2 0.6072181249999999 0.6979053796875 0.606779065625 0.6852654390625 0.6159992984375 0.6852654390625 0.6159992984375 0.67172264375 0.6076571828125 0.67172264375 0.606779065625 0.6572769953125001 0.6023884796875 0.6572769953125001 0.6023884796875 0.6699169359375 0.5958026000000001 0.67172264375 0.5958026000000001 0.6852654390625 0.6015103625 0.6861682906250001 0.6023884796875 0.697002528125 0.6072181249999999 0.6979053796875
2 0.6089743578125 0.5967858421875001 0.6094134171875 0.6067172249999999 0.6168774140625 0.6067172249999999 0.61643835625 0.6229685796875 0.62214611875 0.623871434375 0.6217070609375 0.6076200796875 0.62785388125 0.6067172249999999 0.6274148234375 0.6013001078125 0.6225851765625 0.6003972562500001 0.6230242359375 0.5877573125 0.61643835625 0.586854459375 0.6159992984375 0.5976886968749999 0.6089743578125 0.5967858421875001
2 0.6094134171875 0.651859878125 0.6094134171875 0.6608884078124999 0.61643835625 0.6608884078124999 0.61643835625 0.6744312015625 0.62214611875 0.6744312015625 0.62214611875 0.6608884078124999 0.6304882328125 0.6617912609375 0.6296101171874999 0.6536655828125 0.6217070609375 0.651859878125 0.62214611875 0.6338028171875 0.61643835625 0.6328999640624999 0.61643835625 0.651859878125 0.6094134171875 0.651859878125
1 0.6691210046875 0.45232394375 0.5887785390625 0.45232394375 0.5887785390625 0.5146244125 0.6691210046875 0.5146244125 0.6691210046875 0.45232394375
2 0.62346329375 0.46045503749999994 0.6282929390625 0.46045503749999994 0.6287319984375 0.45052365468750005 0.6361959953125 0.45052365468750005 0.6370741125 0.43788371406250004 0.6296101171874999 0.43698085937500003 0.6291710578124999 0.42524377031249994 0.6243414125 0.4243409171875 0.62346329375 0.4360780078125 0.61643835625 0.4360780078125 0.6159992984375 0.4487179484375 0.623902353125 0.449620803125 0.62346329375 0.46045503749999994
2 0.5769230765625 0.47941494999999995 0.5769230765625 0.48844348125000003 0.5830698984375 0.48934633281249995 0.5826308390625 0.5083062484374999 0.589655778125 0.510111953125 0.589655778125 0.4902491875 0.5962416578124999 0.4902491875 0.595363540625 0.48212350937500004 0.5905338953125 0.48031780468749996 0.5900948374999999 0.463163596875 0.583948015625 0.46045503749999994 0.583948015625 0.48031780468749996 0.5769230765625 0.47941494999999995
2 0.392518440625 0.4767063921875 0.39207938124999997 0.483929215625 0.3995433796875 0.48483207031250003 0.3995433796875 0.5037919828125 0.40525114218749997 0.50740339375 0.4056902 0.48573492187499995 0.411837021875 0.48573492187499995 0.411837021875 0.47851209843750003 0.40700737656249997 0.4767063921875 0.40656831718750003 0.4613578921875 0.3995433796875 0.4613578921875 0.3995433796875 0.4767063921875 0.392518440625 0.4767063921875
5 0.30426940625 0.28801643125 0.2362100453125 0.28801643125 0.2362100453125 0.44963615 0.30426940625 0.44963615 0.30426940625 0.28801643125
2 0.2515806109375 0.29703864375 0.256849315625 0.298844346875 0.2572883734375 0.290718671875 0.2647523703125 0.290718671875 0.2651914296875 0.278078728125 0.256849315625 0.27627302343750004 0.25641025625 0.2663416390625 0.2537759046875 0.2663416390625 0.2533368453125 0.278078728125 0.2436775546875 0.277175875 0.2436775546875 0.2871072578125 0.2520196703125 0.2889129640625 0.2515806109375 0.29703864375
6 0.2735331046875 0.2789788734375 0.26518835625000003 0.2789788734375 0.26518835625000003 0.28890845 0.2735331046875 0.28890845 0.2735331046875 0.2789788734375
2 0.28890059687499997 0.2979414953125 0.2893396546875 0.28801011249999997 0.2963645953125 0.28801011249999997 0.2963645953125 0.2789815828125 0.2880224796875 0.278078728125 0.28890059687499997 0.2654387859375 0.28538812812500003 0.2654387859375 0.28363189218749996 0.279884434375 0.27353354375 0.2789815828125 0.27353354375 0.28801011249999997 0.2840709515625 0.2889129640625 0.28538812812500003 0.2979414953125 0.28890059687499997 0.2979414953125
2 0.26694766406250003 0.2591188140625 0.271777309375 0.2573131109375 0.271777309375 0.23203322499999998 0.2858271859375 0.23203322499999998 0.2858271859375 0.1814734546875 0.2708991921875 0.1832791625 0.2708991921875 0.1607078359375 0.26694766406250003 0.1607078359375 0.267386721875 0.180570603125 0.2542149640625 0.1814734546875 0.2537759046875 0.2311303703125 0.2665086046875 0.23022751874999997 0.26694766406250003 0.2591188140625
6 0.16552511406249998 0.3963524734375 0.15981735156250002 0.3954496203125 0.15981735156250002 0.43246659374999996 0.1958201625 0.4333694484375 0.19494204375 0.4514265078125 0.201088865625 0.45052365468750005 0.201088865625 0.42885518281249996 0.22172462187500003 0.4297580359375 0.22084650468749997 0.419826653125 0.195381103125 0.419826653125 0.195381103125 0.426146625 0.16508605625 0.42524377031249994 0.16552511406249998 0.3963524734375
2 0.1505971203125 0.374684003125 0.151036178125 0.38371253125 0.15937829375 0.384615384375 0.15850017656249998 0.3954496203125 0.165964171875 0.3954496203125 0.16640323125 0.382809678125 0.172550053125 0.384615384375 0.171671934375 0.37558685468749997 0.16640323125 0.374684003125 0.165964171875 0.36384976562500004 0.15981735156250002 0.362044059375 0.15981735156250002 0.3737811484375 0.1505971203125 0.374684003125
1 0.76220583125 0.516431925 0.88075166875 0.516431925 0.8798735515624999 0.3710725890625 0.85353003125 0.3710725890625 0.8530909718749999 0.45052365468750005 0.7626448890625 0.4514265078125 0.76220583125 0.516431925
2 0.8667017906250001 0.384615384375 0.8706533203125 0.3855182375 0.8702142609375001 0.37016973750000004 0.8781173156250001 0.37016973750000004 0.8772391984375 0.3602383515625 0.8697752015625 0.36114120625 0.8697752015625 0.3485012625 0.8658236734375 0.3485012625 0.8653846156249999 0.3593355 0.8561643828125 0.3593355 0.8574815593749999 0.37016973750000004 0.8667017906250001 0.37016973750000004 0.8667017906250001 0.384615384375
2 0.86933614375 0.391838209375 0.86933614375 0.3990610328125 0.88075166875 0.3990610328125 0.880312609375 0.41260382812499996 0.8855813140625 0.41350668125 0.8851422546875 0.39815818125 0.8956796625000001 0.3972553265625 0.895240603125 0.39093535625000003 0.886020371875 0.39093535625000003 0.8855813140625 0.3782954125 0.880312609375 0.3782954125 0.8798735515624999 0.391838209375 0.86933614375 0.391838209375
2 0.8732876718749999 0.43698085937500003 0.872409553125 0.44691224218750003 0.8798735515624999 0.4460093890625 0.8798735515624999 0.4595521859375 0.8851422546875 0.46226074375000004 0.8851422546875 0.44420368281249994 0.8926062515625001 0.44691224218750003 0.891728134375 0.43788371406250004 0.886020371875 0.43788371406250004 0.886020371875 0.42885518281249996 0.8811907265625001 0.426146625 0.8820688453125 0.43788371406250004 0.8732876718749999 0.43698085937500003
2 0.8083069890625 0.46045503749999994 0.8083069890625 0.4487179484375 0.816649103125 0.449620803125 0.816649103125 0.43698085937500003 0.80786793125 0.43878656562499996 0.8069898140625 0.42704947656250003 0.8034773453125 0.42704947656250003 0.8034773453125 0.43878656562499996 0.79513523125 0.43788371406250004 0.7960133468749999 0.4523293609375 0.8034773453125 0.4514265078125 0.8034773453125 0.46045503749999994 0.8083069890625 0.46045503749999994
4 0.9312442921875 0.5462206578125001 0.8509018265625 0.5462206578125001 0.8509018265625 0.8288028171875 0.9312442921875 0.8288028171875 0.9312442921875 0.5462206578125001
2 0.8702142609375001 0.5588660171875001 0.8702142609375001 0.54442036875 0.8794344921875 0.54442036875 0.8794344921875 0.516431925 0.8710923781250001 0.516431925 0.8706533203125 0.5019862765625 0.8658236734375 0.5019862765625 0.8658236734375 0.5155290734375 0.85792061875 0.5128205125 0.8574815593749999 0.5471289265625 0.8658236734375 0.5471289265625 0.8662627328125 0.5588660171875001 0.8702142609375001 0.5588660171875001
6 0.7204908671875 0.5444131453125001 0.7165410953125 0.5444131453125001 0.7165410953125 0.5796244125000001 0.7204908671875 0.5796244125000001 0.7204908671875 0.5444131453125001
1 0.7507933796875 0.5453286390625001 0.7213755703125 0.5453286390625001 0.7213755703125 0.6735446015625 0.7507933796875 0.6735446015625 0.7507933796875 0.5453286390625001
2 0.7323498421875 0.5561574578124999 0.736740428125 0.5561574578124999 0.7380576046875 0.5480317796875 0.745960659375 0.5480317796875 0.7455216015625 0.516431925 0.7354232515625 0.516431925 0.7363013703125 0.5019862765625 0.7319107828125 0.5001805703125 0.731471725 0.5146262187499999 0.721373375 0.513723365625 0.721812434375 0.5453232203125 0.7323498421875 0.5453232203125 0.7323498421875 0.5561574578124999
2 0.7630839468749999 0.5092091015625 0.7630839468749999 0.4875406296875 0.7683526515625 0.48844348125000003 0.76923076875 0.48212350937500004 0.7630839468749999 0.4812206578125 0.764401125 0.4613578921875 0.7472778375 0.45864933125 0.746838778125 0.50740339375 0.7630839468749999 0.5092091015625
2 0.6616613984375 0.475803540625 0.6612223390625 0.48573492187499995 0.6673691609375 0.48844348125000003 0.6673691609375 0.5046948359375001 0.6818580953125 0.50740339375 0.6831752718749999 0.486637775 0.6871267999999999 0.48573492187499995 0.6880049171875 0.47941494999999995 0.6831752718749999 0.475803540625 0.6831752718749999 0.45684362656250005 0.6691253953125 0.45864933125 0.6686863375 0.475803540625 0.6616613984375 0.475803540625
2 0.733227959375 0.65637414375 0.7327889 0.67352835 0.72225149375 0.67352835 0.723129609375 0.6843625875 0.7336670187500001 0.6861682906250001 0.7327889 0.7051282046875 0.7358623109375 0.7042253515625 0.736740428125 0.6861682906250001 0.750351246875 0.6852654390625 0.75079030625 0.67533405625 0.7363013703125 0.67352835 0.736740428125 0.65637414375 0.733227959375 0.65637414375
6 0.7494731296875 0.6744312015625 0.7490340703125 0.6852654390625 0.751668421875 0.6852654390625 0.7512293640625 0.8315276265625 0.7556199515625 0.8306247750000001 0.756059009375 0.5904658734375 0.7512293640625 0.5895630187500001 0.751668421875 0.6744312015625 0.7494731296875 0.6744312015625
2 0.7442044265625001 0.5615745750000001 0.7450825437499999 0.569700253125 0.7512293640625 0.57060310625 0.75079030625 0.5904658734375 0.75649806875 0.5895630187500001 0.7556199515625 0.569700253125 0.7630839468749999 0.5687973984375 0.7630839468749999 0.564283134375 0.757376184375 0.5624774296874999 0.7569371265625 0.5516431921875 0.7512293640625 0.5534488984375 0.7512293640625 0.5606717234375 0.7442044265625001 0.5615745750000001
6 0.7209360734375 0.6247652578125 0.7077625578125 0.6247652578125 0.7077625578125 0.6328873234375 0.7209360734375 0.6328873234375 0.7209360734375 0.6247652578125
2 0.7095187921874999 0.5976886968749999 0.7090797328125 0.6076200796875 0.7152265546875001 0.6076200796875 0.7152265546875001 0.6247742859375001 0.7209343171875 0.6274828453125 0.7204952578125 0.60852293125 0.727520196875 0.6076200796875 0.727520196875 0.6003972562500001 0.72225149375 0.5994944015625 0.721812434375 0.5805344875 0.71654373125 0.5805344875 0.7161046718749999 0.5967858421875001 0.7095187921874999 0.5976886968749999
6 0.723127853125 0.6735211265625 0.7099543374999999 0.6735211265625 0.7099543374999999 0.685258215625 0.723127853125 0.685258215625 0.723127853125 0.6735211265625
2 0.72795925625 0.64915131875 0.721373375 0.650054171875 0.7204952578125 0.6328999640624999 0.7152265546875001 0.6328999640624999 0.7152265546875001 0.64915131875 0.7095187921874999 0.650054171875 0.70995785 0.6572769953125001 0.71654373125 0.6572769953125001 0.7156656124999999 0.67533405625 0.7209343171875 0.67533405625 0.721812434375 0.658179846875 0.7283983140625 0.6590827015625 0.72795925625 0.64915131875
0 0.9312442921875 0.3710563375 0.8860159812499999 0.3710563375 0.8860159812499999 0.4171126765625 0.9312442921875 0.4171126765625 0.9312442921875 0.3710563375
7 0.9207077625 0.362042253125 0.8983105015625 0.362042253125 0.8983105015625 0.37016431875 0.9207077625 0.37016431875 0.9207077625 0.362042253125
0 0.9321175796875 0.43065727656249997 0.88514269375 0.43065727656249997 0.88514269375 0.516431925 0.9321175796875 0.516431925 0.9321175796875 0.43065727656249997
7 0.9220205484375 0.41890845 0.8991894984375 0.41890845 0.8991894984375 0.427946009375 0.9220205484375 0.427946009375 0.9220205484375 0.41890845
6 0.8526519140625 0.4514265078125 0.8530909718749999 0.3710725890625 0.8574815593749999 0.37016973750000004 0.8574815593749999 0.3629469125 0.8526519140625 0.362044059375 0.8522128562500001 0.2293246671875 0.847383209375 0.2293246671875 0.847383209375 0.4396894171875 0.816649103125 0.4396894171875 0.8162100453125 0.4523293609375 0.8526519140625 0.4514265078125
6 0.88075166875 0.3782954125 0.8851422546875 0.3801011203125 0.886020371875 0.3710725890625 0.8983140140625 0.37016973750000004 0.8987530734375 0.36114120625 0.8772391984375 0.36114120625 0.8772391984375 0.3692668828125 0.88075166875 0.3692668828125 0.88075166875 0.3782954125
6 0.8855813140625 0.419826653125 0.8855813140625 0.41260382812499996 0.8811907265625001 0.4144095359375 0.8816297859375 0.42885518281249996 0.8991921328125001 0.42885518281249996 0.8987530734375 0.41892379843749994 0.8855813140625 0.419826653125
6 0.92993150625 0.362042253125 0.9207077625 0.362042253125 0.9207077625 0.37016431875 0.92993150625 0.37016431875 0.92993150625 0.362042253125
6 0.9303710046875 0.418931925 0.92202625625 0.418931925 0.92202625625 0.428861503125 0.9303710046875 0.428861503125 0.9303710046875 0.418931925
6 0.79601598125 0.43969483593750003 0.762203196875 0.43969483593750003 0.762203196875 0.45053990625000007 0.79601598125 0.45053990625000007 0.79601598125 0.43969483593750003
5 0.748150684375 0.2889201875 0.683173515625 0.2889201875 0.683173515625 0.44962441249999996 0.748150684375 0.44962441249999996 0.748150684375 0.2889201875
3 0.6551696015624999 0.23054996718749998 0.6690313109375 0.23054996718749998 0.6690313109375 0.45942320625 0.6824853234375 0.4585848421875 0.6824853234375 0.228034875 0.6987932156250001 0.228034875 0.6992009125 0.1861167 0.67759295625 0.1861167 0.6771852578125 0.1961770640625 0.6555772984375 0.1953387 0.6551696015624999 0.23054996718749998
6 0.6884474890625001 0.2798826296875 0.6827397265624999 0.2798826296875 0.6827397265624999 0.2880046953125 0.6884474890625001 0.2880046953125 0.6884474890625001 0.2798826296875
2 0.7297154890625001 0.2979414953125 0.7323498421875 0.2979414953125 0.733227959375 0.290718671875 0.7411310140625 0.2889129640625 0.7415700734375 0.2789815828125 0.733227959375 0.278078728125 0.7327889 0.2672444921875 0.72927643125 0.2663416390625 0.72927643125 0.277175875 0.7182999640625 0.277175875 0.7187390234375 0.2889129640625 0.7297154890625001 0.2889129640625 0.7297154890625001 0.2979414953125
6 0.7477226031249999 0.2789788734375 0.7411358453125 0.2789788734375 0.7411358453125 0.28890845 0.7477226031249999 0.28890845 0.7477226031249999 0.2789788734375
2 0.7125922015625 0.25279884531249996 0.71654373125 0.25279884531249996 0.7161046718749999 0.23022751874999997 0.731471725 0.23022751874999997 0.731032665625 0.18508486875000002 0.71654373125 0.1841820140625 0.7169827890625 0.15890213125 0.7125922015625 0.157096425 0.7125922015625 0.1832791625 0.6994204421875 0.1841820140625 0.698542325 0.2293246671875 0.7125922015625 0.22842181250000002 0.7125922015625 0.25279884531249996
1 0.747277396875 0.2302347421875 0.6831792234375 0.2302347421875 0.6831792234375 0.2780751171875 0.747277396875 0.2780751171875 0.747277396875 0.2302347421875
1 0.7073234984375001 0.5055976875 0.7191780828125001 0.5046948359375001 0.7191780828125001 0.5155290734375 0.7472778375 0.516431925 0.7477168953125 0.45052365468750005 0.6831752718749999 0.45052365468750005 0.6822971546875001 0.5173347765625 0.7077625578125 0.5155290734375 0.7073234984375001 0.5055976875
6 0.8504566203125 0.5453169015625 0.8447488578125 0.5453169015625 0.8447488578125 0.8297065734375 0.8504566203125 0.8297065734375 0.8504566203125 0.5453169015625
6 0.494823059375 0.5453169015625 0.4882363015625 0.5453169015625 0.4882363015625 0.8288145546875001 0.494823059375 0.8288145546875001 0.494823059375 0.5453169015625
6 0.49481164375000003 0.2302230046875 0.48779109531250003 0.2302230046875 0.48779109531250003 0.51733568125 0.49481164375000003 0.51733568125 0.49481164375000003 0.2302230046875
6 0.8847031968750001 0.46134976562499996 0.8811872140625001 0.46134976562499996 0.8811872140625001 0.51733568125 0.8847031968750001 0.51733568125 0.8847031968750001 0.46134976562499996
6 0.3732020546875 0.5426291078125 0.3683732875 0.5426291078125 0.3683732875 0.5823474171874999 0.3732020546875 0.5823474171874999 0.3732020546875 0.5426291078125
6 0.3139212328125 0.67623239375 0.29943493125 0.67623239375 0.29943493125 0.6852699531249999 0.3139212328125 0.6852699531249999 0.3139212328125 0.67623239375
6 0.2717751140625 0.5435093890625 0.266946346875 0.5435093890625 0.266946346875 0.5606690140625 0.2717751140625 0.5606690140625 0.2717751140625 0.5435093890625
6 0.14488584531249998 0.7746478875 0.1391780828125 0.7746478875 0.1391780828125 0.829718309375 0.14488584531249998 0.829718309375 0.14488584531249998 0.7746478875
6 0.2212899546875 0.328638496875 0.20592465781249997 0.328638496875 0.20592465781249997 0.34037558749999997 0.2212899546875 0.34037558749999997 0.2212899546875 0.328638496875
6 0.24367579843749998 0.2789906109375 0.2362100453125 0.2789906109375 0.2362100453125 0.2871126765625 0.24367579843749998 0.2871126765625 0.24367579843749998 0.2789906109375
6 0.30426940625 0.2789788734375 0.2963698625 0.2789788734375 0.2963698625 0.28890845 0.30426940625 0.28890845 0.30426940625 0.2789788734375
6 0.1405022828125 0.4992840375 0.1352283109375 0.4992840375 0.1352283109375 0.5164436625 0.1405022828125 0.5164436625 0.1405022828125 0.4992840375
2 0.6967860906250001 0.2997472015625 0.7007376187500001 0.298844346875 0.6998595015625 0.2889129640625 0.7068844390625 0.2889129640625 0.708201615625 0.2789815828125 0.700298559375 0.2789815828125 0.700298559375 0.2663416390625 0.69634703125 0.2663416390625 0.69634703125 0.278078728125 0.6884439765625 0.278078728125 0.6884439765625 0.28801011249999997 0.6959079734375 0.28801011249999997 0.6967860906250001 0.2997472015625
6 0.7178595890625 0.2798826296875 0.70775685 0.2798826296875 0.70775685 0.2880046953125 0.7178595890625 0.2880046953125 0.7178595890625 0.2798826296875
1 0.6164326484375 0.5453169015625 0.58877283125 0.5453169015625 0.58877283125 0.6717253515625 0.6164326484375 0.6717253515625 0.6164326484375 0.5453169015625
2 0.6173173515625 0.51733568125 0.5966780828125 0.51733568125 0.5966780828125 0.5426173703125 0.6173173515625 0.5426173703125 0.6173173515625 0.51733568125
6 0.622579909375 0.5435211265625 0.616872146875 0.5435211265625 0.616872146875 0.586854459375 0.622579909375 0.586854459375 0.622579909375 0.5435211265625
6 0.165964171875 0.3629469125 0.165964171875 0.34037558749999997 0.18220934375 0.33947273437500003 0.1813312265625 0.328638496875 0.158939234375 0.32954135 0.15981735156250002 0.33947273437500003 0.15937829375 0.3629469125 0.165964171875 0.3629469125
6 0.22918862031249998 0.8315276265625 0.2340182640625 0.8297219203124999 0.2340182640625 0.592271578125 0.1940639265625 0.5904658734375 0.19450298593749998 0.6040086671875 0.22918862031249998 0.6022029625 0.22918862031249998 0.8315276265625
1 0.30339041093749997 0.2302347421875 0.237089040625 0.2302347421875 0.237089040625 0.2780751171875 0.30339041093749997 0.2780751171875 0.30339041093749997 0.2302347421875
1 0.2687038984375 0.50740339375 0.279680365625 0.5092091015625 0.279680365625 0.516431925 0.303828590625 0.516431925 0.30426765 0.4514265078125 0.23709167656250002 0.45052365468750005 0.23709167656250002 0.5155290734375 0.268264840625 0.5146262187499999 0.2687038984375 0.50740339375
4 0.138738584375 0.5444248828125 0.056192921875 0.5444248828125 0.056192921875 0.675340375 0.138738584375 0.675340375 0.138738584375 0.5444248828125
4 0.139183790625 0.686173709375 0.0548801375 0.686173709375 0.0548801375 0.8279107984375 0.139183790625 0.8279107984375 0.139183790625 0.686173709375
4 0.48823059375 0.5453169015625 0.40613013750000004 0.5453169015625 0.40613013750000004 0.8288145546875001 0.48823059375 0.8288145546875001 0.48823059375 0.5453169015625
4 0.583076484375 0.5444248828125 0.494823059375 0.5444248828125 0.494823059375 0.8279225359375 0.583076484375 0.8279225359375 0.583076484375 0.5444248828125
6 0.3494863015625 0.44419014062500006 0.31699771718749997 0.44419014062500006 0.31699771718749997 0.45322769999999996 0.3494863015625 0.45322769999999996 0.3494863015625 0.44419014062500006
6 0.4012996140625 0.46226074375000004 0.40525114218749997 0.46045503749999994 0.4048120828125 0.22842181250000002 0.4012996140625 0.2293246671875 0.4008605546875 0.44510653749999995 0.37232174218749997 0.44420368281249994 0.3727608015625 0.4523293609375 0.4008605546875 0.4523293609375 0.4012996140625 0.46226074375000004
1 0.4008675796875 0.5435093890625 0.3745205484375 0.5435093890625 0.3745205484375 0.6744248828125 0.4008675796875 0.6744248828125 0.4008675796875 0.5435093890625
2 0.39383561718750004 0.5164201875 0.3727625578125 0.5164201875 0.3727625578125 0.541701878125 0.39383561718750004 0.541701878125 0.39383561718750004 0.5164201875
6 0.40481164375 0.5038028171875 0.3999828765625 0.5038028171875 0.3999828765625 0.516431925 0.40481164375 0.516431925 0.40481164375 0.5038028171875
0 0.31436073124999997 0.5444248828125 0.2722146125 0.5444248828125 0.2722146125 0.6238849765625 0.31436073124999997 0.6238849765625 0.31436073124999997 0.5444248828125
0 0.3670433796875 0.5453169015625 0.3248972609375 0.5453169015625 0.3248972609375 0.6247769953125 0.3670433796875 0.6247769953125 0.3670433796875 0.5453169015625
0 0.3670433796875 0.637394365625 0.3248972609375 0.637394365625 0.3248972609375 0.6753286390625 0.3670433796875 0.6753286390625 0.3670433796875 0.637394365625
0 0.313915525 0.637394365625 0.27176940625 0.637394365625 0.27176940625 0.6753286390625 0.313915525 0.6753286390625 0.313915525 0.637394365625
6 0.6691267125 0.43877934218750003 0.636192921875 0.43877934218750003 0.636192921875 0.45051643124999996 0.6691267125 0.45051643124999996 0.6691267125 0.43877934218750003
4 0.8443093609375 0.54713615 0.755622146875 0.54713615 0.755622146875 0.8288262906250001 0.8443093609375 0.8288262906250001 0.8443093609375 0.54713615
0 0.6638584468750001 0.5435093890625 0.62214611875 0.5435093890625 0.62214611875 0.623861503125 0.6638584468750001 0.623861503125 0.6638584468750001 0.5435093890625
0 0.7169863015625 0.5453169015625 0.675273971875 0.5453169015625 0.675273971875 0.6256690140625001 0.7169863015625 0.6256690140625001 0.7169863015625 0.5453169015625
0 0.7165410953125 0.6338028171875 0.6748287671875 0.6338028171875 0.6748287671875 0.6726291078125 0.7165410953125 0.6726291078125 0.7165410953125 0.6338028171875
3 0.7734018265625 0.1961770640625 0.749347684375 0.1961770640625 0.7489399875 0.1869550640625 0.7310013046875 0.1869550640625 0.7314090015625 0.228034875 0.7734018265625 0.228034875 0.7734018265625 0.1961770640625
3 0.762391553125 0.5071948359375 0.74731164375 0.5071948359375 0.74731164375 0.5172652578125 0.762391553125 0.5172652578125 0.762391553125 0.5071948359375
3 0.236872146875 0.2288849765625 0.22146118750000002 0.2288849765625 0.22146118750000002 0.4664671359375 0.236872146875 0.4664671359375 0.236872146875 0.2288849765625
3 0.3269732546875 0.1953387 0.30658838906249997 0.1945003359375 0.30658838906249997 0.18443997343750002 0.285795825 0.1852783359375 0.28538812812500003 0.228034875 0.3261578609375 0.22887323906249998 0.3269732546875 0.1953387