3 0.18537828750000002 0.9257633390625 0.183061059375 0.8906448140625001 0.134399259375 0.8916203296875 0.134399259375 0.4858062625 0.2745915875 0.4858062625 0.2734329734375 0.44873670781249997 0.134399259375 0.44873670781249997 0.1367164875 0.1336454984375 0.2027575015625 0.1336454984375 0.2039161171875 0.0985269734375 0.09268914375000001 0.0995024875 0.09268914375000001 0.9247878249999999 0.18537828750000002 0.9257633390625
7 0.29428571406250004 0.8896707640624999 0.1818978109375 0.8896707640624999 0.1818978109375 0.9257638281249999 0.29428571406250004 0.9257638281249999 0.29428571406250004 0.8896707640624999
4 0.3487434828125 0.1326690078125 0.13672054218750002 0.1326690078125 0.13672054218750002 0.4487357328125 0.3487434828125 0.4487357328125 0.3487434828125 0.1326690078125
7 0.3139885296875 0.098525021875 0.20275808125 0.098525021875 0.20275808125 0.133643546875 0.3139885296875 0.133643546875 0.3139885296875 0.098525021875
4 0.53643841875 0.4662959703125 0.6801065921875 0.4662959703125 0.6777893640625 0.3433811328125 0.77395435 0.34435664843749997 0.77395435 0.38337723125 0.8759124093749999 0.3824017171875 0.8759124093749999 0.1346210125 0.6801065921875 0.1336454984375 0.6777893640625 0.26533996718749997 0.659251534375 0.26631548125000004 0.6615687640625 0.1355965265625 0.3904530171875 0.1346210125 0.38929440312499997 0.3453321625 0.534121190625 0.3453321625 0.53643841875 0.4662959703125
7 0.5920490093749999 0.0994995609375 0.45764859218750004 0.0994995609375 0.45764859218750004 0.1346180859375 0.5920490093749999 0.1346180859375 0.5920490093749999 0.0994995609375
3 0.8284092218750001 0.1336454984375 0.8759124093749999 0.1346210125 0.8747537953125001 0.46727148593749995 0.6279689484375 0.46727148593749995 0.6279689484375 0.4936103796875 0.6337620203125 0.4936103796875 0.6337620203125 0.5004389812500001 0.9176225234375 0.5014144953125 0.9164639093750001 0.0331674953125 0.8747537953125001 0.0341430109375 0.8759124093749999 0.0985269734375 0.8272506078124999 0.0985269734375 0.8284092218750001 0.1336454984375
7 0.7693222109375 0.0995039515625 0.7276120953125 0.0995039515625 0.7276120953125 0.13364793749999998 0.7693222109375 0.13364793749999998 0.7693222109375 0.0995039515625
2 0.82956204375 0.0994995609375 0.772794578125 0.0994995609375 0.772794578125 0.1326690078125 0.82956204375 0.1326690078125 0.82956204375 0.0994995609375
3 0.7276120953125 0.0995039515625 0.5920542234374999 0.0995039515625 0.5920542234374999 0.13364793749999998 0.7276120953125 0.13364793749999998 0.7276120953125 0.0995039515625
3 0.348742903125 0.1336454984375 0.348742903125 0.44873670781249997 0.3359981453125 0.44776119375 0.33483953125 0.4858062625 0.348742903125 0.48678177656250005 0.348742903125 0.5043410390624999 0.38929440312499997 0.503365525 0.38929440312499997 0.49458589374999995 0.5410728765624999 0.4955614078125 0.5399142625 0.46727148593749995 0.3881357890625 0.4662959703125 0.3904530171875 0.1346210125 0.4599698765625 0.1336454984375 0.457652646875 0.0995024875 0.313984475 0.0985269734375 0.313984475 0.1336454984375 0.348742903125 0.1336454984375
3 0.38929440312499997 0.9257633390625 0.38929440312499997 0.6194517609375 0.651141234375 0.6204272750000001 0.651141234375 0.5843332359375 0.38929440312499997 0.58530875 0.3904530171875 0.5570188265625 0.348742903125 0.5570188265625 0.3475842890625 0.8916203296875 0.29312941718749996 0.8916203296875 0.29312941718749996 0.9257633390625 0.38929440312499997 0.9257633390625
2 0.651147028125 0.5062949953125 0.63492179375 0.5062949953125 0.63492179375 0.5609218609375 0.651147028125 0.5609218609375 0.651147028125 0.5062949953125
6 0.6522992703125 0.49946005312499997 0.6349165796875 0.49946005312499997 0.6349165796875 0.5072651453125 0.6522992703125 0.5072651453125 0.6522992703125 0.49946005312499997
6 0.6499791453125 0.5609218609375 0.63492179375 0.5609218609375 0.63492179375 0.5853116765624999 0.6499791453125 0.5853116765624999 0.6499791453125 0.5609218609375
0 0.8770710234375001 0.3911813484375 0.763526821875 0.3911813484375 0.763526821875 0.3550873078125 0.6882168921875 0.3531362796875 0.68937550625 0.46727148593749995 0.8759124093749999 0.46727148593749995 0.8770710234375001 0.3911813484375
6 0.6893795625 0.43995610156250003 0.6801094890625 0.43995610156250003 0.6801094890625 0.46824407343749996 0.6893795625 0.46824407343749996 0.6893795625 0.43995610156250003
1 0.5248488015625 0.3541088671875 0.389290928125 0.3541088671875 0.389290928125 0.46629499531249996 0.5248488015625 0.46629499531249996 0.5248488015625 0.3541088671875
6 0.53296663125 0.41849429374999997 0.523696559375 0.41849429374999997 0.523696559375 0.4682484640625 0.53296663125 0.4682484640625 0.53296663125 0.41849429374999997
1 0.345271115625 0.48580333593749997 0.265323253125 0.48580333593749997 0.265323253125 0.6106672515625 0.345271115625 0.6106672515625 0.345271115625 0.48580333593749997
2 0.26995713125 0.5209247875 0.2548951453125 0.5219003015625 0.25373653125 0.568725003125 0.263816475 0.5671641796875 0.30239833125 0.53555750625 0.291970803125 0.5258023609375 0.26995713125 0.5209247875
6 0.2641657984375 0.48385425781249997 0.25721063593750004 0.48385425781249997 0.25721063593750004 0.5238542578125001 0.2641657984375 0.5238542578125001 0.2641657984375 0.48385425781249997
4 0.2664812890625 0.6204272750000001 0.2664812890625 0.6613988875000001 0.2548951453125 0.6623744015625 0.257212375 0.621402790625 0.1355578734375 0.6223783046875 0.134399259375 0.8916203296875 0.3475842890625 0.8916203296875 0.348742903125 0.6204272750000001 0.2664812890625 0.6204272750000001
2 0.280384659375 0.6516437421875 0.2961418140625 0.6637401234375 0.3116672453125 0.6731050625 0.3371567609375 0.677007121875 0.3378519296875 0.6309628328125 0.340632603125 0.6204272750000001 0.3378519296875 0.6110623359375 0.283860503125 0.6135986734375 0.2679874875 0.6110623359375 0.2734329734375 0.6340844796875 0.280384659375 0.6516437421875
6 0.349895725 0.6116505703125 0.337153284375 0.6116505703125 0.337153284375 0.6204302015625001 0.349895725 0.6204302015625001 0.349895725 0.6116505703125
6 0.763526821875 0.3902058328125 0.8770710234375001 0.3921568625 0.8770710234375001 0.3824017171875 0.7727957359375 0.3824017171875 0.7727957359375 0.3453321625 0.6801065921875 0.34435664843749997 0.678947978125 0.3970344359375 0.68937550625 0.3970344359375 0.68937550625 0.3531362796875 0.763526821875 0.3531362796875 0.763526821875 0.3902058328125
6 0.3881357890625 0.35411179375 0.5236936625 0.35411179375 0.5236936625 0.37459760000000003 0.534121190625 0.375573115625 0.534121190625 0.3453321625 0.386977175 0.3463076765625 0.3881357890625 0.35411179375
6 0.2548951453125 0.6613988875000001 0.2664812890625 0.6613988875000001 0.2664812890625 0.621402790625 0.2734329734375 0.621402790625 0.2745915875 0.612623159375 0.2664812890625 0.61164764375 0.26763990312499997 0.5657984578125 0.2560537609375 0.5648229437500001 0.2548951453125 0.6077455859375 0.134399259375 0.6077455859375 0.134399259375 0.6204272750000001 0.257212375 0.6204272750000001 0.2548951453125 0.6613988875000001
2 0.3357664234375 0.3959613703125 0.31595411875 0.3968393328125 0.2992700734375 0.4038630375 0.2825860265625 0.4187884109375 0.2732012515625 0.43985952656249994 0.2721584984375 0.48551360781249997 0.3357664234375 0.48551360781249997 0.3357664234375 0.4530289734375 0.3357664234375 0.3959613703125
2 0.6882168921875 0.398595259375 0.674313521875 0.3960589203125 0.659251534375 0.3989854640625 0.6430309359375 0.40678958125 0.6725755999999999 0.4381036 0.6754721359375 0.43995707656249994 0.6903023984375001 0.4389815625 0.6882168921875 0.398595259375
1 0.63260166875 0.494591746875 0.38929614218749997 0.494591746875 0.38929614218749997 0.586286215625 0.63260166875 0.586286215625 0.63260166875 0.494591746875
2 0.6268091765625 0.46727392500000003 0.5387591234375 0.46727392500000003 0.5387591234375 0.4965364359375 0.6268091765625 0.4965364359375 0.6268091765625 0.46727392500000003
2 0.3881386859375 0.5014135203125 0.34758602656250004 0.5014135203125 0.34758602656250004 0.5589727828125 0.3881386859375 0.5589727828125 0.3881386859375 0.5014135203125
2 0.5318039625 0.4467856796875 0.5410728765624999 0.44581016562500003 0.5399142625 0.3999609796875 0.5399142625 0.3736220859375 0.5236936625 0.3736220859375 0.5225350484375 0.41654472656249997 0.5318039625 0.41654472656249997 0.5318039625 0.4467856796875
3 0.6766319078125 0.133643546875 0.6604066734375 0.133643546875 0.6604066734375 0.265338015625 0.6766319078125 0.265338015625 0.6766319078125 0.133643546875
0 0.25373305468749996 0.484828796875 0.1344004171875 0.484828796875 0.1344004171875 0.607743634375 0.25373305468749996 0.607743634375 0.25373305468749996 0.484828796875
6 0.6163828062500001 0.045849185937499995 0.8782296374999999 0.046824700000000004 0.8770710234375001 0.0399960984375 0.654617078125 0.0419471265625 0.6557756921875 0.0341430109375 0.599003590625 0.0341430109375 0.60016220625 0.1004780015625 0.614065578125 0.1014535171875 0.6163828062500001 0.045849185937499995
1 0.8759124093749999 0.0477963125 0.617539103125 0.0477963125 0.617539103125 0.098525021875 0.8759124093749999 0.098525021875 0.8759124093749999 0.0477963125
7 0.8759071953124999 0.034139596875 0.6557716375 0.034139596875 0.6557716375 0.0419446890625 0.8759071953124999 0.0419446890625 0.8759071953124999 0.034139596875