3 0.9502740546874999 0.544718440625 0.9060291875 0.5471721265625 0.9053688171875001 0.5643479328125001 0.9489533109374999 0.5631210890625 0.9496136828124999 0.6036069187499999 0.8591428375 0.6036069187499999 0.859803209375 0.6342780015625 0.96480221875 0.6330511578125 0.96480221875 0.10918905625 0.9403684875 0.10918905625 0.9403684875 0.1374064515625 0.9496136828124999 0.1361796109375 0.9502740546874999 0.544718440625
4 0.7364154046875 0.2922718296875 0.7306244562499999 0.2931683703125 0.730141878125 0.1389636015625 0.485956953125 0.14075667812499998 0.4864395328125 0.282409896875 0.5192548984375 0.282409896875 0.5197374765625 0.29496145 0.48016600781249996 0.29496145 0.479683428125 0.3084095390625 0.46134542968750003 0.3084095390625 0.46134542968750003 0.29406490937499996 0.40346491562500003 0.2931683703125 0.4029823375 0.13986014062500002 0.10860920624999999 0.1389636015625 0.10909178593749999 0.230410615625 0.36051539374999997 0.22951407499999998 0.373545025 0.2752375828125 0.3730624453125 0.35861574375 0.9483254515624999 0.363098440625 0.949715278125 0.2671687296875 0.8131454484375 0.2671687296875 0.8131454484375 0.200824815625 0.7364154046875 0.20172135624999998 0.7364154046875 0.2922718296875
4 0.9492283562500001 0.14164335625 0.8855269765625 0.14164335625 0.8855269765625 0.2483333328125 0.9492283562500001 0.2483333328125 0.9492283562500001 0.14164335625
7 0.9410351312499999 0.110734265625 0.8955520703125 0.110734265625 0.8955520703125 0.14423076875000002 0.9410351312499999 0.14423076875000002 0.9410351312499999 0.110734265625
7 0.717540778125 0.1107226109375 0.6736260984375 0.1107226109375 0.6736260984375 0.13841491875 0.717540778125 0.13841491875 0.717540778125 0.1107226109375
7 0.628920953125 0.1107226109375 0.5850062734375 0.1107226109375 0.5850062734375 0.13841491875 0.628920953125 0.13841491875 0.628920953125 0.1107226109375
7 0.5473651187499999 0.1107226109375 0.5034504390625 0.1107226109375 0.5034504390625 0.13841491875 0.5473651187499999 0.13841491875 0.5473651187499999 0.1107226109375
4 0.476794228125 0.138974359375 0.41309284843749994 0.138974359375 0.41309284843749994 0.2797202796875 0.476794228125 0.2797202796875 0.476794228125 0.138974359375
7 0.47130489375 0.1121911421875 0.4273902140625 0.1121911421875 0.4273902140625 0.13988345 0.47130489375 0.13988345 0.47130489375 0.1121911421875
7 0.3983688828125 0.1107459203125 0.354454203125 0.1107459203125 0.354454203125 0.138438228125 0.3983688828125 0.138438228125 0.3983688828125 0.1107459203125
7 0.32465495624999996 0.1107459203125 0.2807402765625 0.1107459203125 0.2807402765625 0.138438228125 0.32465495624999996 0.138438228125 0.32465495624999996 0.1107459203125
7 0.250941028125 0.1093007 0.20702634843749998 0.1093007 0.20702634843749998 0.13699300625 0.250941028125 0.13699300625 0.250941028125 0.1093007
7 0.17565872031250002 0.11076923125 0.131744040625 0.11076923125 0.131744040625 0.1384615390625 0.17565872031250002 0.1384615390625 0.17565872031250002 0.11076923125
3 0.186224659375 0.8686050796875 0.186224659375 0.818304503125 0.1763190921875 0.817077659375 0.1763190921875 0.8477487437500001 0.04688635 0.8465218999999999 0.04688635 0.6330511578125 0.13075348281250002 0.6330511578125 0.1314138546875 0.6023800765625 0.10830086406249999 0.6036069187499999 0.10764049375 0.2956692421875 0.0937727 0.2956692421875 0.093112328125 0.6121948234375 0.0369807828125 0.6097411359375 0.0369807828125 0.8661513921875 0.186224659375 0.8686050796875
7 0.10821831875000001 0.2447552453125 0.093312421875 0.2447552453125 0.093312421875 0.295757575 0.10821831875000001 0.295757575 0.10821831875000001 0.2447552453125
7 0.2501631109375 0.6031468531249999 0.20702634843749998 0.6031468531249999 0.20702634843749998 0.6322843828125 0.2501631109375 0.6322843828125 0.2501631109375 0.6031468531249999
7 0.54109159375 0.604615384375 0.49795483125000006 0.604615384375 0.49795483125000006 0.6337529140625 0.54109159375 0.6337529140625 0.54109159375 0.604615384375
7 0.614027603125 0.6031468531249999 0.570890840625 0.6031468531249999 0.570890840625 0.6322843828125 0.614027603125 0.6322843828125 0.614027603125 0.6031468531249999
7 0.6955834375000001 0.604615384375 0.652446675 0.604615384375 0.652446675 0.6337529140625 0.6955834375000001 0.6337529140625 0.6955834375000001 0.604615384375
5 0.8459661234375 0.6320629375 0.74896486875 0.6320629375 0.74896486875 0.6813636359374999 0.8459661234375 0.6813636359374999 0.8459661234375 0.6320629375
6 0.8454782359375 0.6903353046875 0.8459608140625001 0.6804733734374999 0.749445034375 0.6804733734374999 0.749445034375 0.6338533265625 0.7436540875000001 0.632060246875 0.7436540875000001 0.691231846875 0.8454782359375 0.6903353046875
7 0.778707653125 0.6031468531249999 0.735570890625 0.6031468531249999 0.735570890625 0.6322843828125 0.778707653125 0.6322843828125 0.778707653125 0.6031468531249999
7 0.8594730234375 0.6031468531249999 0.8163362609375 0.6031468531249999 0.8163362609375 0.6322843828125 0.8594730234375 0.6322843828125 0.8594730234375 0.6031468531249999
3 0.4524780421875 0.604592075 0.2501568375 0.604592075 0.2501568375 0.6322843828125 0.4524780421875 0.6322843828125 0.4524780421875 0.604592075
3 0.2078168125 0.1092540796875 0.17644918437499998 0.1092540796875 0.17644918437499998 0.13694638750000002 0.2078168125 0.13694638750000002 0.2078168125 0.1092540796875
3 0.28074655000000004 0.1092540796875 0.2501693859375 0.1092540796875 0.2501693859375 0.13694638750000002 0.28074655000000004 0.13694638750000002 0.28074655000000004 0.1092540796875
3 0.354617315625 0.10794871718750002 0.324905896875 0.10794871718750002 0.324905896875 0.138624709375 0.354617315625 0.138624709375 0.354617315625 0.10794871718750002
3 0.4351845734375 0.29198871406250004 0.4351845734375 0.2809471234375 0.41405269687499996 0.2809471234375 0.41339232656249997 0.1386332953125 0.40348675937499995 0.1374064515625 0.40348675937499995 0.29198871406250004 0.4351845734375 0.29198871406250004
3 0.4272647421875 0.110407925 0.398205771875 0.110407925 0.398205771875 0.1386363640625 0.4272647421875 0.1386363640625 0.4272647421875 0.110407925
3 0.4609390484375 0.2932155578125 0.46159941875 0.30793767656250004 0.47876906718749995 0.30793767656250004 0.4800898109375 0.2932155578125 0.48669352187500003 0.2932155578125 0.4853727796875 0.1374064515625 0.4767879546875 0.1374064515625 0.4774483265625 0.2809471234375 0.45631645 0.2809471234375 0.45631645 0.2932155578125 0.4609390484375 0.2932155578125
3 0.50385821875 0.110407925 0.47149937187499996 0.110407925 0.47149937187499996 0.139848484375 0.50385821875 0.139848484375 0.50385821875 0.110407925
3 0.5857528234375 0.1104195796875 0.547446675 0.1104195796875 0.547446675 0.141095571875 0.5857528234375 0.141095571875 0.5857528234375 0.1104195796875
3 0.6735821828125 0.110407925 0.6286762859375 0.110407925 0.6286762859375 0.139848484375 0.6735821828125 0.139848484375 0.6735821828125 0.110407925
3 0.762063990625 0.110407925 0.7171580921875 0.110407925 0.7171580921875 0.1386363640625 0.762063990625 0.1386363640625 0.762063990625 0.110407925
3 0.8961166875 0.10919580468750001 0.7944228359375 0.10919580468750001 0.7944228359375 0.142319346875 0.8961166875 0.142319346875 0.8961166875 0.10919580468750001
3 0.8168820578125 0.6036013984374999 0.778575909375 0.6036013984374999 0.778575909375 0.6318298375 0.8168820578125 0.6318298375 0.8168820578125 0.6036013984374999
3 0.735652446875 0.6036013984374999 0.6947114171875 0.6036013984374999 0.6947114171875 0.6330419578125001 0.735652446875 0.6330419578125001 0.735652446875 0.6036013984374999
3 0.6524404015624999 0.602377621875 0.61348180625 0.602377621875 0.61348180625 0.6330536125 0.6524404015624999 0.6330536125 0.6524404015624999 0.602377621875
3 0.5712233375 0.6036013984374999 0.5408469265625 0.6036013984374999 0.5408469265625 0.6330419578125001 0.5712233375 0.6330419578125001 0.5712233375 0.6036013984374999
3 0.10962160781250001 0.13986014062500002 0.1320742265625 0.1386332953125 0.1320742265625 0.11041589999999998 0.094433071875 0.11041589999999998 0.093112328125 0.2441418234375 0.10764049375 0.24659551093749998 0.10962160781250001 0.13986014062500002
3 0.46820313125 0.6318243171875 0.49791983125000006 0.6330511578125 0.49725945937500005 0.6036069187499999 0.483391665625 0.6023800765625 0.4840520375 0.3803214328125 0.50650465625 0.3803214328125 0.50650465625 0.3631456265625 0.4715049859375 0.3631456265625 0.4708446140625 0.6036069187499999 0.467542759375 0.6036069187499999 0.46820313125 0.6318243171875
1 0.9487452953125001 0.3873076921875 0.883601003125 0.3873076921875 0.883601003125 0.4366083921875 0.9487452953125001 0.4366083921875 0.9487452953125001 0.3873076921875
3 0.949611040625 0.3643706296875 0.9264993718750001 0.3643706296875 0.9264993718750001 0.38644522187499997 0.949611040625 0.38644522187499997 0.949611040625 0.3643706296875
1 0.8879451796875 0.6033709890625001 0.9188302281249999 0.6033709890625001 0.9188302281249999 0.5648197953125 0.9043528625 0.5648197953125 0.9038702828125 0.45275237500000004 0.8840845484375001 0.45275237500000004 0.8840845484375001 0.5908194359375 0.8874625999999999 0.5917159765625 0.8879451796875 0.6033709890625001
6 0.8840845484375001 0.5917159765625 0.883119390625 0.384615384375 0.8787761796875 0.38640846406249996 0.8782936015624999 0.6033709890625001 0.8874625999999999 0.6033709890625001 0.8874625999999999 0.5917159765625 0.8840845484375001 0.5917159765625
3 0.9047114171875 0.36315850781250003 0.878952321875 0.36315850781250003 0.878952321875 0.3852331 0.9047114171875 0.3852331 0.9047114171875 0.36315850781250003
1 0.1389827234375 0.54599246875 0.1780716140625 0.5441993890625 0.1790367734375 0.4348215890625 0.3411832828125 0.4348215890625 0.3411832828125 0.3810292265625 0.108580253125 0.37923614843750003 0.108580253125 0.45544199374999994 0.139465303125 0.45633853437500005 0.1389827234375 0.54599246875
3 0.118205771875 0.3619230765625 0.10764115468749999 0.3619230765625 0.10764115468749999 0.3791025640625 0.118205771875 0.3791025640625 0.118205771875 0.3619230765625
3 0.1624529484375 0.359475525 0.134058971875 0.359475525 0.134058971875 0.3815501171875 0.1624529484375 0.3815501171875 0.1624529484375 0.359475525
3 0.2080238390625 0.35946386874999997 0.1842471765625 0.35946386874999997 0.1842471765625 0.379090909375 0.2080238390625 0.379090909375 0.2080238390625 0.35946386874999997
3 0.2535821828125 0.359475525 0.22915307343750002 0.359475525 0.22915307343750002 0.3778671328125 0.2535821828125 0.3778671328125 0.2535821828125 0.359475525
3 0.296505646875 0.359475525 0.2747114171875 0.359475525 0.2747114171875 0.3778671328125 0.296505646875 0.3778671328125 0.296505646875 0.359475525
3 0.425282309375 0.36068764531249997 0.31632371406250004 0.36068764531249997 0.31632371406250004 0.37907925468750003 0.425282309375 0.37907925468750003 0.425282309375 0.36068764531249997
4 0.41694817031250003 0.5666128734375 0.33973554687499996 0.5657163359374999 0.340218125 0.4455800609375 0.2750699734375 0.4455800609375 0.274104815625 0.6033709890625001 0.41743075 0.6033709890625001 0.41694817031250003 0.5666128734375
3 0.4180112921875 0.5471678328125 0.34141154375 0.5471678328125 0.34141154375 0.565559440625 0.4180112921875 0.565559440625 0.4180112921875 0.5471678328125
3 0.17565872031250002 0.6956201703125 0.1855642875 0.6956201703125 0.1855642875 0.6318243171875 0.20735653437499998 0.6318243171875 0.20735653437499998 0.6036069187499999 0.1617909265625 0.6036069187499999 0.1617909265625 0.6318243171875 0.1763190921875 0.6305974734375 0.17565872031250002 0.6956201703125
2 0.1911012453125 0.7539895984375 0.1872406140625 0.7530930609375 0.1872406140625 0.69661108125 0.17565872031250002 0.695714540625 0.17565872031250002 0.7530930609375 0.170350353125 0.7530930609375 0.16986777343749998 0.760265375 0.174210984375 0.760265375 0.174210984375 0.8176438953125 0.18772319375 0.8176438953125 0.186758034375 0.76295499375 0.19158382499999999 0.76295499375 0.1911012453125 0.7539895984375
1 0.4830363859375 0.6329487171875 0.41836888281249995 0.6329487171875 0.41836888281249995 0.6930186484374999 0.4830363859375 0.6930186484374999 0.4830363859375 0.6329487171875
2 0.45893253593749994 0.643715259375 0.4627931671875 0.6428187203125 0.46327574531250004 0.6338533265625 0.4685841125 0.6329567875000001 0.468101534375 0.6033709890625001 0.4627931671875 0.602474446875 0.46327574531250004 0.5917159765625 0.45893253593749994 0.5917159765625 0.45844995624999996 0.6051640671875 0.4516938515625 0.6033709890625001 0.45217642968750005 0.6338533265625 0.45941511406249996 0.6338533265625 0.45893253593749994 0.643715259375
2 0.44445516874999996 0.3039268421875 0.44735064218750004 0.303030303125 0.44783322031250006 0.29496145 0.4560370609375 0.29406490937499996 0.4555544828125 0.27792720000000004 0.44735064218750004 0.278823740625 0.4468680625 0.269858346875 0.4449377484375 0.269858346875 0.44300743125000003 0.278823740625 0.4343210109375 0.27792720000000004 0.43480359062499996 0.29406490937499996 0.44445516874999996 0.29406490937499996 0.44445516874999996 0.3039268421875
5 0.4704830609375 0.3711655015625 0.42512547031250003 0.3711655015625 0.42512547031250003 0.6033799531249999 0.4704830609375 0.6033799531249999 0.4704830609375 0.3711655015625
2 0.44638548437500003 0.3774430703125 0.45072869375 0.3783396078125 0.4512112734375 0.37027075468750004 0.4709970078125 0.3684776765625 0.4714795875 0.363098440625 0.45072869375 0.3639949796875 0.4512112734375 0.357719203125 0.44542032656249997 0.357719203125 0.4459029046875 0.363098440625 0.4251520125 0.36220189999999997 0.4261171703125 0.37027075468750004 0.44638548437500003 0.37027075468750004 0.44638548437500003 0.3774430703125
4 0.5496612296875 0.38012820468749997 0.48306148125000004 0.38012820468749997 0.48306148125000004 0.6033682984375 0.5496612296875 0.6033682984375 0.5496612296875 0.38012820468749997
2 0.5158768453125 0.38730500156250003 0.5197374765625 0.38730500156250003 0.5197374765625 0.3801326875 0.52794131875 0.3801326875 0.528423896875 0.36220189999999997 0.5197374765625 0.3613053609375 0.5197374765625 0.355029584375 0.5168420031250001 0.3559261265625 0.5149116874999999 0.36220189999999997 0.506707846875 0.36220189999999997 0.5062252671875 0.37923614843750003 0.5158768453125 0.3801326875 0.5158768453125 0.38730500156250003
4 0.8778105390625001 0.380139859375 0.5593036390624999 0.380139859375 0.5593036390624999 0.60158508125 0.8778105390625001 0.60158508125 0.8778105390625001 0.380139859375
2 0.6075668375000001 0.3899946203125 0.6119100484375 0.3899946203125 0.6119100484375 0.3810292265625 0.62059646875 0.3819257671875 0.6201138890625 0.363098440625 0.6119100484375 0.363098440625 0.6119100484375 0.3559261265625 0.6075668375000001 0.355029584375 0.6075668375000001 0.3639949796875 0.5983978375000001 0.36220189999999997 0.5988804171875 0.37923614843750003 0.6070842578125 0.3801326875 0.6075668375000001 0.3899946203125
1 0.8112170640624999 0.13986014062500002 0.7383437890625 0.13986014062500002 0.7383437890625 0.18559440625 0.8112170640624999 0.18559440625 0.8112170640624999 0.13986014062500002
2 0.7759868734375 0.149722071875 0.7793649265625 0.1506186125 0.780330084375 0.14075667812499998 0.79480745 0.13986014062500002 0.794324871875 0.10937780156250002 0.77984750625 0.1084812640625 0.77984750625 0.1004124078125 0.7759868734375 0.1004124078125 0.7755042953125 0.1084812640625 0.76150950625 0.1084812640625 0.7619920859375 0.1389636015625 0.7759868734375 0.1389636015625 0.7759868734375 0.149722071875
2 0.77067850625 0.20620405156250002 0.7745391374999999 0.2071005921875 0.7745391374999999 0.200824815625 0.7885339250000001 0.200824815625 0.7885339250000001 0.188273265625 0.7750217171875 0.1891698046875 0.7750217171875 0.182894028125 0.77067850625 0.1811009515625 0.77067850625 0.187376725 0.7566837171875 0.188273265625 0.7562011390625 0.1990317359375 0.77067850625 0.199928278125 0.77067850625 0.20620405156250002
2 0.8474085515625 0.276134121875 0.8517517609375 0.276134121875 0.85126918125 0.26806526875 0.8599556015625 0.26806526875 0.8599556015625 0.25641025625 0.852234340625 0.2555137171875 0.85126918125 0.24654832343750002 0.8454782359375 0.2474448625 0.8464433937500001 0.2555137171875 0.83872213125 0.2546171765625 0.8382395515625 0.26537565 0.8474085515625 0.2662721890625 0.8474085515625 0.276134121875
2 0.34601003750000003 0.45454545468749996 0.3397365125 0.45454545468749996 0.3397365125 0.5011655015625001 0.34601003750000003 0.5011655015625001 0.34601003750000003 0.45454545468749996
2 0.314159346875 0.436620046875 0.29196361406250004 0.436620046875 0.29196361406250004 0.44468531406249995 0.314159346875 0.44468531406249995 0.314159346875 0.436620046875
4 0.2687954828125 0.44377622343749995 0.1848306140625 0.44377622343749995 0.1848306140625 0.6024708624999999 0.2687954828125 0.6024708624999999 0.2687954828125 0.44377622343749995
2 0.24804265937499997 0.4348135203125 0.22488080312499997 0.4348135203125 0.22488080312499997 0.44378787812500003 0.24804265937499997 0.44378787812500003 0.24804265937499997 0.4348135203125
2 0.21716050625 0.397166934375 0.22102113750000002 0.396270396875 0.2205385578125 0.3810292265625 0.2297075578125 0.3801326875 0.2297075578125 0.35861574375 0.20943924374999998 0.35861574375 0.2084740859375 0.37923614843750003 0.21716050625 0.37923614843750003 0.21716050625 0.397166934375
2 0.26155776406250003 0.384615384375 0.2668661328125 0.3855119234375 0.2668661328125 0.37923614843750003 0.274104815625 0.37923614843750003 0.274104815625 0.35861574375 0.25431908124999997 0.35861574375 0.25383650156250004 0.37923614843750003 0.26204034374999996 0.37923614843750003 0.26155776406250003 0.384615384375
2 0.3045072875 0.38909808125 0.3078853390625 0.3908911609375 0.3098156546875 0.3801326875 0.3156066015625 0.3801326875 0.31608918125 0.36040882343749997 0.30933307656250003 0.36040882343749997 0.3098156546875 0.3478572703125 0.30498986562499997 0.34696073125 0.30547244375 0.35861574375 0.2963034453125 0.35951228281250003 0.2963034453125 0.3783396078125 0.3045072875 0.3801326875 0.3045072875 0.38909808125
6 0.35035228281249997 0.239376009375 0.357590965625 0.24027254843749998 0.3672425453125 0.27434104375 0.322845284375 0.2752375828125 0.32236270624999996 0.2375829296875 0.3324968625 0.23847946874999998 0.33153170468750004 0.230410615625 0.312711128125 0.231307153125 0.3131937078125 0.239376009375 0.3180194953125 0.239376009375 0.318502075 0.273444503125 0.312711128125 0.27434104375 0.3112633921875 0.2833064375 0.3180194953125 0.281513359375 0.318502075 0.31647839375000003 0.322845284375 0.31647839375000003 0.322845284375 0.282409896875 0.36772512343749997 0.282409896875 0.36772512343749997 0.36040882343749997 0.37206833437500003 0.35951228281250003 0.3725509125 0.27165142656249996 0.359038703125 0.22951407499999998 0.3493871234375 0.230410615625 0.35035228281249997 0.239376009375
1 0.35710838749999996 0.24116908593750003 0.3233278640625 0.239376009375 0.322845284375 0.27434104375 0.3672425453125 0.273444503125 0.35710838749999996 0.24116908593750003
2 0.34407875625 0.24385870625 0.3445613359375 0.239376009375 0.349869703125 0.23847946874999998 0.34890454531250004 0.22951407499999998 0.3431135984375 0.2286175359375 0.34214844218749996 0.221445221875 0.33635749375 0.2205486828125 0.3368400734375 0.22682445625 0.3310491265625 0.230410615625 0.3324968625 0.239376009375 0.3387703890625 0.24027254843749998 0.33973554687499996 0.2447552453125 0.34407875625 0.24385870625
6 0.29099507812500003 0.272547965625 0.294855709375 0.272547965625 0.29437313125000003 0.23847946874999998 0.29775118125 0.23847946874999998 0.2982337609375 0.230410615625 0.27893060468750003 0.230410615625 0.2779654484375 0.239376009375 0.29147765625 0.24027254843749998 0.29099507812500003 0.272547965625
1 0.318017565625 0.2393706296875 0.295332496875 0.2393706296875 0.295332496875 0.2734498828125 0.318017565625 0.2734498828125 0.318017565625 0.2393706296875
2 0.30740276093749996 0.2178590625 0.3035421296875 0.2196521421875 0.3045072875 0.22772099843750002 0.297268603125 0.2286175359375 0.29775118125 0.2375829296875 0.3131937078125 0.23847946874999998 0.312711128125 0.2286175359375 0.308850496875 0.2286175359375 0.30740276093749996 0.2178590625
1 0.3175345046875 0.28329836875000003 0.2953387703125 0.28329836875000003 0.2953387703125 0.35861305312499997 0.3175345046875 0.35861305312499997 0.3175345046875 0.28329836875000003
2 0.302576971875 0.28599605625 0.30740276093749996 0.2877891328125 0.3078853390625 0.281513359375 0.3131937078125 0.2833064375 0.3136762859375 0.27434104375 0.2982337609375 0.27434104375 0.297268603125 0.28061681875 0.302576971875 0.282409896875 0.302576971875 0.28599605625
6 0.32235884531250003 0.3514335671875 0.318017565625 0.3514335671875 0.318017565625 0.36129370625 0.32235884531250003 0.36129370625 0.32235884531250003 0.3514335671875
2 0.322845284375 0.3532365078125 0.32236270624999996 0.3388918765625 0.326705915625 0.3388918765625 0.328153653125 0.3308230234375 0.3233278640625 0.3308230234375 0.3233278640625 0.31647839375000003 0.3180194953125 0.3173749328125 0.3180194953125 0.3505468875 0.322845284375 0.3532365078125
2 0.2687964484375 0.2456517828125 0.271691921875 0.2456517828125 0.27265707968749997 0.24027254843749998 0.2779654484375 0.23847946874999998 0.27893060468750003 0.231307153125 0.274104815625 0.22951407499999998 0.274104815625 0.2250313796875 0.2687964484375 0.2232383 0.26831386875 0.22951407499999998 0.2605926078125 0.22951407499999998 0.260110028125 0.2375829296875 0.26831386875 0.23847946874999998 0.2687964484375 0.2456517828125
2 0.2258469265625 0.2456517828125 0.22632950468750002 0.2375829296875 0.23163787343750003 0.23668639218749998 0.230672715625 0.2286175359375 0.22439918906249998 0.22772099843750002 0.22439918906249998 0.2232383 0.22102113750000002 0.22234175937499998 0.2205385578125 0.22772099843750002 0.2147476109375 0.2286175359375 0.2147476109375 0.24027254843749998 0.21957339999999997 0.24027254843749998 0.22102113750000002 0.24654832343750002 0.2258469265625 0.2456517828125
2 0.17324582500000002 0.242962165625 0.17710645625000002 0.2447552453125 0.1775890359375 0.23847946874999998 0.1833799828125 0.239376009375 0.1838625625 0.22951407499999998 0.17710645625000002 0.2286175359375 0.1775890359375 0.22234175937499998 0.172763246875 0.2232383 0.1717980890625 0.2286175359375 0.1655245640625 0.22951407499999998 0.166489721875 0.2375829296875 0.17324582500000002 0.2375829296875 0.17324582500000002 0.242962165625
1 0.15008155625 0.241153846875 0.1095420328125 0.241153846875 0.1095420328125 0.27343822812499996 0.15008155625 0.27343822812499996 0.15008155625 0.241153846875
6 0.11774780468749999 0.230407925 0.108099121875 0.230407925 0.108099121875 0.23938228437500003 0.11774780468749999 0.23938228437500003 0.11774780468749999 0.230407925
2 0.12257504062499999 0.2286175359375 0.1162725609375 0.22951407499999998 0.11675513906249999 0.24027254843749998 0.123028665625 0.24027254843749998 0.12351124531249999 0.2447552453125 0.12640671718750002 0.2447552453125 0.126889296875 0.2375829296875 0.13123250625 0.2375829296875 0.13222661875 0.230410615625 0.126435671875 0.22951407499999998 0.126435671875 0.22234175937499998 0.12257504062499999 0.221445221875 0.12257504062499999 0.2286175359375
2 0.12351124531249999 0.38730500156250003 0.1278544546875 0.38909808125 0.12737187656249999 0.3810292265625 0.133162821875 0.3819257671875 0.133162821875 0.36220189999999997 0.1283370328125 0.36040882343749997 0.12930219062499998 0.3532365078125 0.12351124531249999 0.3523399671875 0.12351124531249999 0.35951228281250003 0.11675513906249999 0.35861574375 0.117720296875 0.37654653125 0.12254608593750001 0.3783396078125 0.12351124531249999 0.38730500156250003
2 0.1708039765625 0.38730500156250003 0.175629765625 0.38730500156250003 0.17611234375 0.3810292265625 0.18431618593750002 0.3810292265625 0.18431618593750002 0.35951228281250003 0.1630827140625 0.35861574375 0.1630827140625 0.37923614843750003 0.1703213984375 0.37923614843750003 0.1708039765625 0.38730500156250003
1 0.1785570890625 0.555850815625 0.10907151875000001 0.555850815625 0.10907151875000001 0.60335664375 0.1785570890625 0.60335664375 0.1785570890625 0.555850815625
6 0.14959945937500002 0.5450959296875 0.139465303125 0.5441993890625 0.1404304609375 0.53344091875 0.13608725 0.5343374562500001 0.135604671875 0.5441993890625 0.10809767343750001 0.5450959296875 0.10809767343750001 0.5549578625 0.1486343015625 0.5549578625 0.14959945937500002 0.5450959296875
1 0.13463613593749998 0.5002797203125 0.10857590937499999 0.5002797203125 0.10857590937499999 0.5433100234375 0.13463613593749998 0.5433100234375 0.13463613593749998 0.5002797203125
2 0.138952321875 0.5011538468750001 0.1355771640625 0.5011538468750001 0.1355771640625 0.533438228125 0.138952321875 0.533438228125 0.138952321875 0.5011538468750001
6 0.1384755328125 0.49399766874999995 0.108074028125 0.49399766874999995 0.108074028125 0.500268065625 0.1384755328125 0.500268065625 0.1384755328125 0.49399766874999995
1 0.1341530734375 0.46441725 0.109058971875 0.46441725 0.109058971875 0.49040792499999997 0.1341530734375 0.49040792499999997 0.1341530734375 0.46441725
2 0.1394353828125 0.46620046562499995 0.135094103125 0.46620046562499995 0.135094103125 0.49310023281250004 0.1394353828125 0.49310023281250004 0.1394353828125 0.46620046562499995
2 0.1688770390625 0.545081584375 0.1486135515625 0.545081584375 0.1486135515625 0.555850815625 0.1688770390625 0.555850815625 0.1688770390625 0.545081584375
5 0.1761166875 0.6311655015625 0.045815557812500005 0.6311655015625 0.045815557812500005 0.7118648015625 0.1761166875 0.7118648015625 0.1761166875 0.6311655015625
2 0.143296978125 0.6392325624999999 0.148605346875 0.640129103125 0.1481227671875 0.632060246875 0.16211755625 0.6338533265625 0.161634978125 0.6033709890625001 0.1495705046875 0.602474446875 0.1495705046875 0.5881298187499999 0.1442621375 0.5881298187499999 0.14377955781250001 0.601577909375 0.1302673484375 0.6006813703125 0.1302673484375 0.631163709375 0.143296978125 0.631163709375 0.143296978125 0.6392325624999999
6 0.5187452953125 0.284207459375 0.486900878125 0.284207459375 0.486900878125 0.29406759843749997 0.5187452953125 0.29406759843749997 0.5187452953125 0.284207459375
6 0.34501882031250003 0.5020629375000001 0.340677540625 0.5020629375000001 0.340677540625 0.54600233125 0.34501882031250003 0.54600233125 0.34501882031250003 0.5020629375000001
1 0.175627353125 0.7136480187500001 0.04678168125 0.7136480187500001 0.04678168125 0.8472377625 0.175627353125 0.8472377625 0.175627353125 0.7136480187500001
6 0.4241530734375 0.37923076875 0.41787954843749997 0.37923076875 0.41787954843749997 0.604265734375 0.4241530734375 0.604265734375 0.4241530734375 0.37923076875
6 0.55107615 0.6042675265625 0.558314834375 0.6042675265625 0.558314834375 0.37923614843750003 0.5998166203124999 0.3783396078125 0.599334040625 0.3648915203125 0.5279123640625001 0.3639949796875 0.5283949421874999 0.37923614843750003 0.550593571875 0.3801326875 0.55107615 0.6042675265625
2 0.9115915453125 0.276134121875 0.914969596875 0.27703066249999997 0.9159347546875001 0.2671687296875 0.925586334375 0.2662721890625 0.9260689125000001 0.2510310203125 0.9173824921874999 0.2501344796875 0.9168999140625 0.24027254843749998 0.9115915453125 0.2420656265625 0.912556703125 0.2501344796875 0.9024225453125 0.2492379421875 0.903387703125 0.2662721890625 0.9106263875 0.26806526875 0.9115915453125 0.276134121875
6 0.9492346296875 0.250139859375 0.9260727734374999 0.250139859375 0.9260727734374999 0.266270396875 0.9492346296875 0.266270396875 0.9492346296875 0.250139859375
3 0.8845671265625 0.13806526875 0.8744291093750001 0.13806526875 0.8744291093750001 0.1972261078125 0.8845671265625 0.1972261078125 0.8845671265625 0.13806526875
6 0.8589904453124999 0.2573067953125 0.8599556015625 0.26537565 0.903387703125 0.2662721890625 0.903387703125 0.2510310203125 0.8845671265625 0.2510310203125 0.8845671265625 0.19634211875000002 0.8778110218749999 0.19634211875000002 0.8778110218749999 0.2573067953125 0.8589904453124999 0.2573067953125
6 0.755718559375 0.200824815625 0.7562011390625 0.188273265625 0.737863140625 0.1891698046875 0.7373805625000001 0.1389636015625 0.73207219375 0.1380670609375 0.7315896140625 0.291375290625 0.735932825 0.291375290625 0.7368979828125 0.200824815625 0.755718559375 0.200824815625
3 0.8198996234375 0.139848484375 0.8116938515625 0.139848484375 0.8116938515625 0.19991841562499998 0.8198996234375 0.19991841562499998 0.8198996234375 0.139848484375
6 0.8116938515625 0.1882750578125 0.7885319953125001 0.1882750578125 0.7885319953125001 0.1999300703125 0.8116938515625 0.1999300703125 0.8116938515625 0.1882750578125
6 0.8203841328125 0.2573067953125 0.819901553125 0.199928278125 0.8141106078125 0.1990317359375 0.8141106078125 0.2671687296875 0.8392047109374999 0.2662721890625 0.83872213125 0.25641025625 0.8203841328125 0.2573067953125
6 0.9168999140625 0.4375112078125 0.9014573875 0.43661466718749997 0.9014573875 0.4509592953125 0.9043528625 0.45185583749999997 0.9048354406250001 0.5477855484374999 0.9115915453125 0.546889009375 0.911108965625 0.45275237500000004 0.9173824921874999 0.4509592953125 0.9168999140625 0.4375112078125
1 0.94875156875 0.4518414921875 0.9120765375 0.4518414921875 0.9120765375 0.5441958046875001 0.94875156875 0.5441958046875001 0.94875156875 0.4518414921875
2 0.924138596875 0.46082123125 0.9270340703125 0.46082123125 0.9275166484374999 0.45275237500000004 0.9337901750000001 0.453648915625 0.9333075953125001 0.439304284375 0.9279992281249999 0.43840774531250004 0.9270340703125 0.43033889218750004 0.9231734390625 0.4294423515625 0.9236560171875 0.43661466718749997 0.9154521765625001 0.43661466718749997 0.9159347546875001 0.45185583749999997 0.9236560171875 0.45185583749999997 0.924138596875 0.46082123125
6 0.9497114171875 0.43840326406249996 0.933299875 0.43840326406249996 0.933299875 0.451853146875 0.9497114171875 0.451853146875 0.9497114171875 0.43840326406249996
2 0.8922883890625 0.4635108484375 0.8947012828125 0.4635108484375 0.8956664421875 0.45275237500000004 0.9024225453125 0.45454545468749996 0.902905125 0.43661466718749997 0.8961490203125001 0.4375112078125 0.8961490203125001 0.423166578125 0.8918058109375 0.4240631171875 0.89132323125 0.43661466718749997 0.883119390625 0.43661466718749997 0.8821542328125 0.4509592953125 0.8918058109375 0.45185583749999997 0.8922883890625 0.4635108484375
6 0.7393161859374999 0.000011654687500000001 0.7344855703125 0.000011654687500000001 0.7344855703125 0.11117715624999999 0.7393161859374999 0.11117715624999999 0.7393161859374999 0.000011654687500000001
6 0.8763676281249999 0.000011654687500000001 0.8715370140625 0.000011654687500000001 0.8715370140625 0.11117715624999999 0.8763676281249999 0.11117715624999999 0.8763676281249999 0.000011654687500000001
1 0.8705771640625001 0.0313636359375 0.7393099125 0.0313636359375 0.7393099125 0.110268065625 0.8705771640625001 0.110268065625 0.8705771640625001 0.0313636359375
5 0.7388268499999999 0 0.7388268499999999 0.0304895109375 0.8720138015625001 0.0304895109375 0.8720138015625001 0 0.7388268499999999 0
4 0.8763613546875 0.1398717953125 0.8203764109374999 0.1398717953125 0.8203764109374999 0.2546270390625 0.8763613546875 0.2546270390625 0.8763613546875 0.1398717953125
2 0.9236511921874999 0.564825175 0.9193099124999999 0.564825175 0.9193099124999999 0.6033799531249999 0.9236511921874999 0.6033799531249999 0.9236511921874999 0.564825175
1 0.9492346296875 0.5648135203125 0.9241405265625 0.5648135203125 0.9241405265625 0.6024592078125 0.9492346296875 0.6024592078125 0.9492346296875 0.5648135203125
2 0.9150275062500001 0.3953738578125 0.9179229796874999 0.397166934375 0.9174404015625001 0.38640846406249996 0.9270919796875001 0.38730500156250003 0.9270919796875001 0.3639949796875 0.9184055593749999 0.363098440625 0.9184055593749999 0.35682266406249996 0.9150275062500001 0.35682266406249996 0.914544928125 0.363098440625 0.9044107718750001 0.36220189999999997 0.905375928125 0.38640846406249996 0.9135797703125 0.3855119234375 0.9150275062500001 0.3953738578125
6 0.8788268499999999 0.36399766875 0.6201693859375 0.36399766875 0.6201693859375 0.3783333328125 0.8788268499999999 0.3783333328125 0.8788268499999999 0.36399766875
6 0.1346395125 0.46620046562499995 0.1389827234375 0.46620046562499995 0.139465303125 0.45544199374999994 0.1095454109375 0.45544199374999994 0.10809767343750001 0.4635108484375 0.134156934375 0.4644073875 0.1346395125 0.46620046562499995
6 0.1790367734375 0.6042675265625 0.18482771874999998 0.6042675265625 0.18482771874999998 0.4428904421875 0.2248817671875 0.4428904421875 0.2248817671875 0.4348215890625 0.1790367734375 0.435718128125 0.1790367734375 0.5450959296875 0.16986777343749998 0.5441993890625 0.168902615625 0.5549578625 0.1790367734375 0.5540613234375 0.1790367734375 0.6042675265625
6 0.2687964484375 0.60606060625 0.274104815625 0.60606060625 0.274104815625 0.44378698125 0.29147765625 0.4428904421875 0.2919602359375 0.435718128125 0.24756297656249998 0.435718128125 0.24804555625 0.44468352187500004 0.2687964484375 0.44468352187500004 0.2687964484375 0.60606060625
6 0.340218125 0.45544199374999994 0.34552649375 0.45454545468749996 0.3450439140625 0.37923614843750003 0.3407007046875 0.3783396078125 0.340218125 0.435718128125 0.31464144374999997 0.43661466718749997 0.31464144374999997 0.44378698125 0.340218125 0.44378698125 0.340218125 0.45544199374999994
6 0.2972647421875 0.2752331 0.10858218281250001 0.2752331 0.10858218281250001 0.281503496875 0.2972647421875 0.281503496875 0.2972647421875 0.2752331
6 0.154429109375 0.2824009328125 0.1505646171875 0.2824009328125 0.1505646171875 0.3603962703125 0.154429109375 0.3603962703125 0.154429109375 0.2824009328125
6 0.200276034375 0.2824009328125 0.19641154375 0.2824009328125 0.19641154375 0.3603962703125 0.200276034375 0.3603962703125 0.200276034375 0.2824009328125
6 0.24612296093750002 0.2824009328125 0.24225846875 0.2824009328125 0.24225846875 0.3603962703125 0.24612296093750002 0.3603962703125 0.24612296093750002 0.2824009328125
6 0.29486825625 0.2824009328125 0.2910037640625 0.2824009328125 0.2910037640625 0.3603962703125 0.29486825625 0.3603962703125 0.29486825625 0.2824009328125
6 0.1505646171875 0.2752375828125 0.1544252484375 0.276134121875 0.1544252484375 0.23847946874999998 0.166489721875 0.23847946874999998 0.16600714218749998 0.230410615625 0.131744040625 0.231307153125 0.131744040625 0.23847946874999998 0.1505646171875 0.23847946874999998 0.1505646171875 0.2752375828125
6 0.1973747703125 0.2752375828125 0.2026831390625 0.276134121875 0.2026831390625 0.23847946874999998 0.2147476109375 0.23847946874999998 0.21571276875 0.230410615625 0.1833799828125 0.230410615625 0.1833799828125 0.24027254843749998 0.19785735 0.23847946874999998 0.1973747703125 0.2752375828125
6 0.24611523906250002 0.27434104375 0.250941028125 0.2752375828125 0.25045845 0.23847946874999998 0.2610751859375 0.239376009375 0.26155776406250003 0.231307153125 0.23163787343750003 0.22951407499999998 0.23115529375000002 0.239376009375 0.24611523906250002 0.239376009375 0.24611523906250002 0.27434104375
1 0.197377665625 0.24026806562499997 0.1553952328125 0.24026806562499997 0.1553952328125 0.272552446875 0.197377665625 0.272552446875 0.197377665625 0.24026806562499997
1 0.2456336265625 0.24026806562499997 0.2036511921875 0.24026806562499997 0.2036511921875 0.272552446875 0.2456336265625 0.272552446875 0.2456336265625 0.24026806562499997
1 0.2905144296875 0.241153846875 0.250464240625 0.241153846875 0.250464240625 0.27343822812499996 0.2905144296875 0.27343822812499996 0.2905144296875 0.241153846875
1 0.3667628609375 0.28329836875000003 0.32332496875 0.28329836875000003 0.32332496875 0.35949883437499996 0.3667628609375 0.35949883437499996 0.3667628609375 0.28329836875000003
1 0.290037640625 0.2824125875 0.2465997484375 0.2824125875 0.2465997484375 0.35861305312499997 0.290037640625 0.35861305312499997 0.290037640625 0.2824125875
1 0.2412986203125 0.284207459375 0.20075909687500001 0.284207459375 0.20075909687500001 0.36040792499999996 0.2412986203125 0.36040792499999996 0.2412986203125 0.284207459375
1 0.195941028125 0.2824125875 0.15540150625 0.2824125875 0.15540150625 0.35861305312499997 0.195941028125 0.35861305312499997 0.195941028125 0.2824125875
1 0.149617315625 0.28329836875000003 0.1090777921875 0.28329836875000003 0.1090777921875 0.35949883437499996 0.149617315625 0.35949883437499996 0.149617315625 0.28329836875000003
4 0.41694479375000004 0.38103729531249997 0.34503764062500003 0.38103729531249997 0.34503764062500003 0.5468881125 0.41694479375000004 0.5468881125 0.41694479375000004 0.38103729531249997