3 0.41960784375 0.450980390625 0.42614379218750004 0.1932773109375 0.9058823531250001 0.19887955 0.9045751640624999 0.2577030796875 0.9542483640625001 0.2619047609375 0.95555555625 0.1526610625 0.37908496875000003 0.1470588234375 0.37254902031250003 0.44957983125 0.41960784375 0.450980390625
7 0.9529411765625 0.2619047609375 0.907189540625 0.2605042015625 0.9045751640624999 0.36554621875 0.9516339875 0.36694677656249997 0.9529411765625 0.2619047609375
7 0.901960784375 0.46358543281250003 0.8993464046874999 0.5840336140625 0.9490196078125 0.5840336140625 0.9516339875 0.4621848734375 0.901960784375 0.46358543281250003
7 0.898039215625 0.6624649875 0.894117646875 0.7787114828125 0.9464052281249999 0.7787114828125 0.9450980390625 0.663865546875 0.898039215625 0.6624649875
7 0.8431176468749999 0.8725420171874999 0.7320196078125 0.8725420171874999 0.7320196078125 0.9257773109375 0.8431176468749999 0.9257773109375 0.8431176468749999 0.8725420171874999
7 0.5555490203125 0.8683403359374999 0.44311764687500005 0.8683403359374999 0.44311764687500005 0.9201470593750001 0.5555490203125 0.9201470593750001 0.5555490203125 0.8683403359374999
7 0.2823333328125 0.8641386546875 0.1555490203125 0.8641386546875 0.1555490203125 0.91737395 0.2823333328125 0.91737395 0.2823333328125 0.8641386546875
3 0.9477058828124999 0.5826470593749999 0.8993529406249999 0.5826470593749999 0.8993529406249999 0.666680671875 0.9477058828124999 0.666680671875 0.9477058828124999 0.5826470593749999
3 0.9490392156249999 0.36556722656249996 0.903274509375 0.36556722656249996 0.903274509375 0.4635924375 0.9490392156249999 0.4635924375 0.9490392156249999 0.36556722656249996
3 0.8418300671875001 0.8753501390625 0.8418300671875001 0.9271708703125 0.9464052281249999 0.9285714281249999 0.9450980390625 0.7787114828125 0.8954248359375001 0.780112046875 0.8954248359375001 0.8767507015625 0.8418300671875001 0.8753501390625
3 0.7320261453125 0.8753501390625 0.6666666671875 0.8739495796875 0.6666666671875 0.8543417359375001 0.609150325 0.8543417359375001 0.6078431375 0.8725490203125 0.5542483640625 0.8711484578125 0.5542483640625 0.9215686265624999 0.730718953125 0.9257703062499999 0.7320261453125 0.8753501390625
3 0.44183006718750006 0.8697478984375 0.3986928125 0.868347340625 0.39607843125 0.8543417359375001 0.3529411765625 0.8529411765624999 0.3503267953125 0.8669467765625001 0.2797385609375 0.864145659375 0.2797385609375 0.9173669453125 0.4431372546875 0.9201680671875 0.44183006718750006 0.8697478984375
3 0.0588235296875 0.84313725625 0.0496732046875 0.914565828125 0.1568627453125 0.9159663859375 0.1568627453125 0.8655462187499999 0.11111110937499999 0.864145659375 0.113725490625 0.844537815625 0.0588235296875 0.84313725625
4 0.3986928125 0.8697478984375 0.6065359484374999 0.8725490203125 0.61307189375 0.5756302515625 0.38039215625 0.5714285718750001 0.3660130703125 0.8529411765624999 0.3973856203125 0.8515406171875 0.3986928125 0.8697478984375
6 0.3764705875 0.5630042015625001 0.3607843140625 0.5630042015625001 0.3607843140625 0.5784243703125 0.3764705875 0.5784243703125 0.3764705875 0.5630042015625001
3 0.4195882359375 0.50420168125 0.36339215625 0.50420168125 0.36339215625 0.567226890625 0.4195882359375 0.567226890625 0.4195882359375 0.50420168125
4 0.6235294125 0.8529411765624999 0.669281046875 0.8515406171875 0.669281046875 0.8753501390625 0.894117646875 0.8753501390625 0.8993464046874999 0.641456584375 0.6705882359374999 0.6400560203125 0.669281046875 0.683473390625 0.6274509796875 0.682072828125 0.6235294125 0.8529411765624999
6 0.6248235296875 0.6820588234375 0.6091372546875 0.6820588234375 0.6091372546875 0.85432773125 0.6248235296875 0.85432773125 0.6248235296875 0.6820588234375
3 0.6679803921875 0.6162394953125 0.6117843140625 0.6162394953125 0.6117843140625 0.68207983125 0.6679803921875 0.68207983125 0.6679803921875 0.6162394953125
6 0.6352941171875 0.40476890781249997 0.61960784375 0.40476890781249997 0.61960784375 0.43976890781250005 0.6352941171875 0.43976890781250005 0.6352941171875 0.40476890781249997
1 0.61439215625 0.4103571421875 0.41831372499999997 0.4103571421875 0.41831372499999997 0.5476260500000001 0.61439215625 0.5476260500000001 0.61439215625 0.4103571421875
1 0.6156862750000001 0.4131652640625 0.41960784375 0.410364146875 0.41960784375 0.55042016875 0.6143790859375 0.5490196093749999 0.6156862750000001 0.4131652640625
1 0.5581699328124999 0.39775910468750003 0.6183006546875001 0.3963585421875 0.6183006546875001 0.252100840625 0.542483659375 0.252100840625 0.5372549015625 0.326330534375 0.5581699328124999 0.3291316515625 0.5581699328124999 0.39775910468750003
6 0.62092156875 0.3991386546875 0.6104509796875 0.3991386546875 0.6104509796875 0.4103571421875 0.62092156875 0.4103571421875 0.62092156875 0.3991386546875
4 0.6352941171875 0.40756302499999997 0.6339869296875 0.6162465 0.896732028125 0.62044818125 0.9006535953125001 0.3851540625 0.6745098046875 0.3851540625 0.6745098046875 0.40756302499999997 0.6352941171875 0.40756302499999997
3 0.6731960781249999 0.34594537812500004 0.62092156875 0.34594537812500004 0.62092156875 0.4061554625 0.6731960781249999 0.4061554625 0.6731960781249999 0.34594537812500004
6 0.5581699328124999 0.41176470624999995 0.559477125 0.39775910468750003 0.5542483640625 0.3963585421875 0.5555555562500001 0.3291316515625 0.534640521875 0.3291316515625 0.5359477140625 0.31512605 0.521568628125 0.31792717187499997 0.522875815625 0.4005602234375 0.501960784375 0.39915966406250003 0.5032679718749999 0.41176470624999995 0.5581699328124999 0.41176470624999995
2 0.498039215625 0.280112046875 0.5006535953125 0.294117646875 0.522875815625 0.29551820625 0.521568628125 0.31792717187499997 0.5385620906249999 0.31792717187499997 0.5411764703124999 0.29551820625 0.5790849687499999 0.294117646875 0.5777777765625001 0.2815126046875 0.5437908515625 0.280112046875 0.5437908515625 0.2633053234375 0.5254901953125 0.2633053234375 0.5241830078125 0.2815126046875 0.498039215625 0.280112046875
2 0.330718953125 0.474789915625 0.330718953125 0.4859943984375 0.3673202625 0.4873949578125 0.3673202625 0.50420168125 0.42352941250000004 0.50420168125 0.4248366 0.4873949578125 0.4718954234375 0.4859943984375 0.46797385468749997 0.476190475 0.4248366 0.474789915625 0.4222222234375 0.45238095312500004 0.37254902031250003 0.45238095312500004 0.37254902031250003 0.47338935781249997 0.330718953125 0.474789915625
2 0.47450980468750004 0.4453781515625 0.4836601296875 0.446778709375 0.48496732187499997 0.41176470624999995 0.5006535953125 0.4131652640625 0.501960784375 0.39775910468750003 0.4875816984375 0.3963585421875 0.490196078125 0.3739495796875 0.473202615625 0.3739495796875 0.473202615625 0.3949579828125 0.44967320468749994 0.39775910468750003 0.4483660125 0.4131652640625 0.47450980468750004 0.41176470624999995 0.47450980468750004 0.4453781515625
2 0.5764705875 0.43977591250000003 0.58823529375 0.43837534843750003 0.58692810625 0.41176470624999995 0.609150325 0.41596638593749996 0.6104575171875 0.39775910468750003 0.58692810625 0.3963585421875 0.584313725 0.3697478984375 0.5725490203125 0.3697478984375 0.5751634 0.3963585421875 0.5581699328124999 0.3949579828125 0.5568627453125 0.4131652640625 0.5725490203125 0.41176470624999995 0.5764705875 0.43977591250000003
4 0.6379084984375 0.31932773124999997 0.8065359484375 0.322128853125 0.8078431374999999 0.36694677656249997 0.903267971875 0.364145659375 0.9058823531250001 0.201680671875 0.546405228125 0.1974789921875 0.5437908515625 0.233893559375 0.6379084984375 0.233893559375 0.6379084984375 0.31932773124999997
2 0.5921568625 0.27591036562500004 0.5921568625 0.291316525 0.6156862750000001 0.2927170875 0.6156862750000001 0.3095238109375 0.63660130625 0.3095238109375 0.6392156859375 0.2927170875 0.6640522859375 0.291316525 0.6640522859375 0.2815126046875 0.640522875 0.2787114828125 0.6379084984375 0.2675070046875 0.62091503125 0.266106440625 0.62091503125 0.277310925 0.5921568625 0.27591036562500004
6 0.6745098046875 0.3851540625 0.903267971875 0.3851540625 0.9045751640624999 0.36694677656249997 0.8065359484375 0.36694677656249997 0.8065359484375 0.3235294125 0.7921568625 0.322128853125 0.790849675 0.36554621875 0.6745098046875 0.36554621875 0.6745098046875 0.3851540625
1 0.7842941171875 0.33892857187500003 0.681039215625 0.33892857187500003 0.681039215625 0.36275210156250004 0.7842941171875 0.36275210156250004 0.7842941171875 0.33892857187500003
2 0.6954248359374999 0.362745096875 0.703267971875 0.362745096875 0.7071895406250001 0.338935575 0.7241830078125 0.338935575 0.7254901953124999 0.31932773124999997 0.705882353125 0.31932773124999997 0.7045751640625 0.30112045 0.6954248359374999 0.2997198859375 0.6954248359374999 0.31932773124999997 0.6797385609375 0.31932773124999997 0.6797385609375 0.336134453125 0.6954248359374999 0.336134453125 0.6954248359374999 0.362745096875
2 0.7751634000000001 0.3235294125 0.7542483640625 0.3235294125 0.7503267953125 0.3025210078125 0.7372549015625001 0.3025210078125 0.738562090625 0.322128853125 0.721568628125 0.322128853125 0.7241830078125 0.336134453125 0.7372549015625001 0.336134453125 0.7372549015625001 0.364145659375 0.7490196078125 0.364145659375 0.7490196078125 0.3375350125 0.7738562078125 0.3375350125 0.7738562078125 0.3599439796875 0.78692810625 0.362745096875 0.784313725 0.33333333125000003 0.7986928125 0.336134453125 0.79607843125 0.32492997031250004 0.78692810625 0.322128853125 0.7856209140625 0.2997198859375 0.7751634000000001 0.2997198859375 0.7751634000000001 0.3235294125
2 0.7294117640625 0.682072828125 0.7437908515625 0.679271709375 0.746405228125 0.641456584375 0.78039215625 0.6400560203125 0.7816993453125 0.62044818125 0.7450980390625 0.6218487390625 0.7450980390625 0.5756302515625 0.7333333328125 0.5728291296875 0.7359477140624999 0.6176470593750001 0.7084967328125 0.6162465 0.7084967328125 0.6386554624999999 0.7294117640625 0.635854340625 0.7294117640625 0.682072828125
2 0.498039215625 0.6008403359375001 0.5084967328125 0.6022408953125 0.509803921875 0.5728291296875 0.5398692828125 0.5728291296875 0.5398692828125 0.5518207265624999 0.511111109375 0.5518207265624999 0.509803921875 0.5168067234375 0.496732028125 0.5140056015625001 0.498039215625 0.547619046875 0.46928104687500005 0.55042016875 0.473202615625 0.5686274499999999 0.4993464046875 0.5686274499999999 0.498039215625 0.6008403359375001
2 0.5803921562500001 0.456582634375 0.5830065375 0.4705882359375 0.61307189375 0.47338935781249997 0.6143790859375 0.50420168125 0.6339869296875 0.507002803125 0.6300653609375 0.46918767656249993 0.665359478125 0.4677871140625 0.6640522859375 0.4593837515625 0.63660130625 0.456582634375 0.6352941171875 0.43837534843750003 0.6143790859375 0.43837534843750003 0.6143790859375 0.456582634375 0.5803921562500001 0.456582634375
2 0.322875815625 0.61204481875 0.35555555625 0.61064425625 0.35163398749999997 0.63445378125 0.37516340000000004 0.63445378125 0.3777777765625 0.6162465 0.40130718749999994 0.6148459374999999 0.40130718749999994 0.6008403359375001 0.3764705875 0.5994397765625 0.3830065375 0.5770308109375 0.3568627453125 0.5770308109375 0.35555555625 0.595238096875 0.318954246875 0.5980392140624999 0.322875815625 0.61204481875
6 0.5398692828125 0.55042016875 0.5385620906249999 0.5728291296875 0.6156862750000001 0.5728291296875 0.6156862750000001 0.6190476171875 0.6326797375 0.6162465 0.6326797375 0.5056022390625 0.6143790859375 0.5028011218749999 0.6156862750000001 0.55042016875 0.5398692828125 0.55042016875
4 0.11111110937499999 0.8627450968750001 0.34640522812499996 0.8655462187499999 0.36209150156250003 0.56442576875 0.0915032671875 0.5602240875 0.0745098046875 0.844537815625 0.11241830156249999 0.8459383734375001 0.11111110937499999 0.8627450968750001
6 0.0758169921875 0.5588235296875 0.0601307171875 0.8487394953124999 0.0758169921875 0.8459383734375001 0.0915032671875 0.5588235296875 0.0758169921875 0.5588235296875
3 0.12417647031250001 0.5084033609375 0.0719019609375 0.5084033609375 0.0719019609375 0.5588235296875 0.12417647031250001 0.5588235296875 0.12417647031250001 0.5084033609375
6 0.62091503125 0.252100840625 0.62091503125 0.26890756250000003 0.6379084984375 0.2675070046875 0.63660130625 0.23529411718749998 0.5437908515625 0.233893559375 0.5437908515625 0.1946778703125 0.5254901953125 0.1946778703125 0.522875815625 0.2633053234375 0.5385620906249999 0.2647058828125 0.5411764703124999 0.25070028125 0.62091503125 0.252100840625
6 0.6339869296875 0.31932773124999997 0.6339869296875 0.3067226890625 0.61960784375 0.3095238109375 0.6222222234375 0.34313725625 0.678431371875 0.3459383734375 0.678431371875 0.320728290625 0.6339869296875 0.31932773124999997
6 0.707196078125 0.6176260499999999 0.666686275 0.6176260499999999 0.666686275 0.6372478984375001 0.707196078125 0.6372478984375001 0.707196078125 0.6176260499999999
6 0.8993529406249999 0.6218697484375 0.783 0.6218697484375 0.783 0.640063025 0.8993529406249999 0.640063025 0.8993529406249999 0.6218697484375
6 0.4744901953125 0.5503991593750001 0.4182941171875 0.5503991593750001 0.4182941171875 0.565819328125 0.4744901953125 0.565819328125 0.4744901953125 0.5503991593750001
6 0.3673202625 0.547619046875 0.1241830078125 0.54201680625 0.12287581562500001 0.5588235296875 0.3673202625 0.5616246515625 0.3673202625 0.547619046875
6 0.35555555625 0.63445378125 0.34901960781249997 0.8543417359375001 0.36339869375 0.8543417359375001 0.3738562078125 0.6330532234375 0.35555555625 0.63445378125
0 0.5254901953125 0.1946778703125 0.4274509796875 0.1946778703125 0.41960784375 0.3949579828125 0.5202614390625 0.39775910468750003 0.5254901953125 0.1946778703125
6 0.44966666718750004 0.39775210156249996 0.4195882359375 0.39775210156249996 0.4195882359375 0.411743696875 0.44966666718750004 0.411743696875 0.44966666718750004 0.39775210156249996