4 0.26086683437499997 0.188 0.0783291453125 0.188 0.0783291453125 0.4671372546875 0.26086683437499997 0.4671372546875 0.26086683437499997 0.188
7 0.22702261250000003 0.13584313750000002 0.11574120624999999 0.13584313750000002 0.11574120624999999 0.186274509375 0.22702261250000003 0.186274509375 0.22702261250000003 0.13584313750000002
4 0.45005025156249995 0.1891568625 0.2719597984375 0.1891568625 0.2719597984375 0.5870784312499999 0.45005025156249995 0.5870784312499999 0.45005025156249995 0.1891568625
7 0.402902009375 0.1358627453125 0.29162060312500004 0.1358627453125 0.29162060312500004 0.18907843124999998 0.402902009375 0.18907843124999998 0.402902009375 0.1358627453125
7 0.5958417078125 0.1372549015625 0.4854648234375 0.1372549015625 0.4854648234375 0.186274509375 0.5958417078125 0.186274509375 0.5958417078125 0.1372549015625
4 0.5704995578125 0.873125721875 0.8808749625000001 0.873125721875 0.879396984375 0.3114186859375 0.65326633125 0.3102652828125 0.654744309375 0.739331028125 0.5719775359375 0.7381776234374999 0.5704995578125 0.873125721875
7 0.768128140625 0.2577058828125 0.6891582921875 0.2577058828125 0.6891582921875 0.3095098046875 0.768128140625 0.3095098046875 0.768128140625 0.2577058828125
2 0.7959440046874999 0.212885153125 0.7959440046874999 0.256302521875 0.768126346875 0.2535014 0.768126346875 0.31232492968750003 0.7959440046874999 0.31232492968750003 0.7959440046874999 0.3557422984375 0.8040201 0.35434173750000003 0.80312275625 0.313725490625 0.8345297921875 0.31232492968750003 0.833632446875 0.2549019609375 0.8022254125 0.256302521875 0.8040201 0.212885153125 0.7959440046874999 0.212885153125
1 0.32219923125 0.8708189171875 0.5608926984375 0.873125721875 0.5608926984375 0.74163783125 0.45004433906249997 0.739331028125 0.45004433906249997 0.6136101484375 0.261602128125 0.6124567484375001 0.26012415 0.490196078125 0.20617795 0.490196078125 0.20617795 0.7254901953124999 0.322938221875 0.7243367921874999 0.32219923125 0.8708189171875
2 0.22760863125 0.517877740625 0.234998521875 0.519031140625 0.234998521875 0.4936562859375 0.255690215625 0.49134948281249996 0.255690215625 0.467128028125 0.234998521875 0.46828143125 0.237215490625 0.43137254843750006 0.231303578125 0.43021914531250005 0.2298255984375 0.46366782031250003 0.20987289374999998 0.462514415625 0.21135087187499998 0.489042675 0.22613065312499997 0.490196078125 0.22760863125 0.517877740625
2 0.17957434218749999 0.53171856875 0.187703221875 0.53056516875 0.186964234375 0.5559400234375 0.20913390468749998 0.5547866203125 0.20839491406250002 0.5340253765625 0.220957728125 0.5340253765625 0.22243570781250002 0.5213379453125 0.2069169375 0.519031140625 0.2069169375 0.4982698984375 0.190659178125 0.495963090625 0.18992018906250002 0.5224913484375 0.18031333125 0.5201845453125 0.17957434218749999 0.53171856875
2 0.1751404078125 0.65513264375 0.1751404078125 0.6678200703125 0.187703221875 0.6678200703125 0.190659178125 0.6966551328125 0.2069169375 0.6978085328125 0.20765592656249998 0.6655132625 0.22686964375000002 0.6666666671875 0.2290866109375 0.657439446875 0.20617795 0.65513264375 0.20617795 0.6274509796875 0.190659178125 0.6251441765625 0.18992018906250002 0.6539792390625 0.1751404078125 0.65513264375
2 0.3650605984375 0.6447520203125 0.3739284640625 0.6447520203125 0.3746674546875 0.6136101484375 0.391664203125 0.6124567484375001 0.39240319375 0.5893886984375001 0.3746674546875 0.585928490625 0.3761454328125 0.552479815625 0.366538575 0.5501730125 0.3643216078125 0.587081890625 0.3443689046875 0.587081890625 0.34510789218750004 0.6136101484375 0.3650605984375 0.614763553125 0.3650605984375 0.6447520203125
2 0.29116169062499997 0.7900807375000001 0.28968371406250004 0.8073817765625 0.30741945 0.805074971875 0.30668046250000003 0.8339100359374999 0.3236772078125 0.8316032312500001 0.322938221875 0.805074971875 0.34510789218750004 0.8016147640625 0.34658586874999997 0.7912341406250001 0.322938221875 0.7900807375000001 0.322938221875 0.7577854671875001 0.30815843906249996 0.7589388703125 0.30815843906249996 0.7912341406250001 0.29116169062499997 0.7900807375000001
2 0.34584688125 0.9296424468750001 0.3539757609375 0.9307958468749999 0.3539757609375 0.8985005765625 0.3746674546875 0.8985005765625 0.3746674546875 0.8696655140624999 0.353236771875 0.8673587093749999 0.3539757609375 0.8408304515625 0.3436299140625 0.83852364375 0.34510789218750004 0.8673587093749999 0.32811114375 0.868512109375 0.32589417656249997 0.8985005765625 0.34584688125 0.9008073796874999 0.34584688125 0.9296424468750001
2 0.5402010046875 0.7993079562500001 0.5402010046875 0.8154555921875 0.5586757312499999 0.8143021921875 0.55793674375 0.845444059375 0.5719775359375 0.8465974624999999 0.572716521875 0.8143021921875 0.5904522609375 0.8131487875 0.589713271875 0.7993079562500001 0.572716521875 0.7993079562500001 0.572716521875 0.7727797015625 0.5601537078125001 0.7704728937499999 0.5608926984375 0.7993079562500001 0.5402010046875 0.7993079562500001
2 0.5062075078125 0.7670126859375 0.5150753765625 0.7647058828125 0.5135974 0.740484428125 0.533550103125 0.740484428125 0.5342890921875 0.715109571875 0.5143363875 0.715109571875 0.5143363875 0.686274509375 0.506946496875 0.6828143015625 0.5054685203125 0.7139561718749999 0.4855158140625 0.715109571875 0.48699379218749994 0.739331028125 0.5076854875000001 0.7381776234374999 0.5062075078125 0.7670126859375
6 0.45004433906249997 0.6113033453125001 0.4515223171875 0.7381776234374999 0.48625480468750004 0.739331028125 0.48699379218749994 0.7174163765625 0.46408513124999995 0.7174163765625 0.46039018593750003 0.1868512125 0.45004433906249997 0.1880046125 0.45004433906249997 0.5893886984375001 0.3909252140625 0.5893886984375001 0.391664203125 0.6113033453125001 0.45004433906249997 0.6113033453125001
3 0.48624371875000005 0.13607843125000002 0.3997864328125 0.13607843125000002 0.3997864328125 0.188 0.48624371875000005 0.188 0.48624371875000005 0.13607843125000002
3 0.294849246875 0.134960784375 0.22464824062500002 0.134960784375 0.22464824062500002 0.1880196078125 0.294849246875 0.1880196078125 0.294849246875 0.134960784375
6 0.39386934687499997 0.9192549015625 0.3739195984375 0.9192549015625 0.3739195984375 0.9550196078125 0.39386934687499997 0.9550196078125 0.39386934687499997 0.9192549015625
3 0.44042713593749994 0.8754509796875001 0.37761306562499997 0.8754509796875001 0.37761306562499997 0.918117646875 0.44042713593749994 0.918117646875 0.44042713593749994 0.8754509796875001
6 0.2497783046875 0.959630909375 0.2785988765625 0.9630911171875001 0.2785988765625 0.74163783125 0.30815843906249996 0.740484428125 0.3088974265625 0.7589388703125 0.321460240625 0.7600922703124999 0.32219923125 0.7243367921874999 0.26234111875 0.7254901953124999 0.26234111875 0.9319492515625001 0.251995271875 0.9331026515625 0.2497783046875 0.959630909375
3 0.32072864375 0.85239215625 0.27565326562500003 0.85239215625 0.27565326562500003 0.8985098046875001 0.32072864375 0.8985098046875001 0.32072864375 0.85239215625
3 0.9111809046875001 0.2572156859375 0.8306281406249999 0.2572156859375 0.8306281406249999 0.30796078437499996 0.9111809046875001 0.30796078437499996 0.9111809046875001 0.2572156859375
3 0.899346734375 0.1360980390625 0.8786432156249999 0.1360980390625 0.8786432156249999 0.2595098046875 0.899346734375 0.2595098046875 0.899346734375 0.1360980390625
3 0.8986055281249999 0.30913725468750003 0.8801381906250001 0.30913725468750003 0.8801381906250001 0.912352940625 0.8986055281249999 0.912352940625 0.8986055281249999 0.30913725468750003
3 0.63848655 0.309111878125 0.6909547734375 0.3102652828125 0.6902157843750001 0.259515571875 0.6710020703125 0.25836216875 0.6717410578125 0.1372549015625 0.5919302390625 0.1361014984375 0.5948861953125 0.1880046125 0.639225540625 0.1868512125 0.63848655 0.309111878125
1 0.878655778125 0.13839215625 0.6709924625 0.13839215625 0.6709924625 0.256039215625 0.878655778125 0.256039215625 0.878655778125 0.13839215625
3 0.050990246875 0.7704728937499999 0.0783328421875 0.7716262984375 0.0783328421875 0.1868512125 0.116760271875 0.1868512125 0.11602128437499999 0.1361014984375 0.036210464062499996 0.1361014984375 0.036210464062499996 0.1868512125 0.052468223437499996 0.1868512125 0.050990246875 0.7704728937499999
0 0.190653265625 0.494803921875 0.0797989953125 0.494803921875 0.0797989953125 0.55939215625 0.190653265625 0.55939215625 0.190653265625 0.494803921875
3 0.192876884375 0.466 0.0790829140625 0.466 0.0790829140625 0.4925098046875 0.192876884375 0.4925098046875 0.192876884375 0.466
1 0.308153265625 0.742803921875 0.27933417031249996 0.742803921875 0.27933417031249996 0.8500588234374999 0.308153265625 0.8500588234374999 0.308153265625 0.742803921875
6 0.32219849218749996 0.8315882359375 0.3089070359375 0.8315882359375 0.3089070359375 0.8535098046874999 0.32219849218749996 0.8535098046874999 0.32219849218749996 0.8315882359375
6 0.9126633171874999 0.873117646875 0.897135678125 0.873117646875 0.897135678125 0.8984901953125 0.9126633171874999 0.8984901953125 0.9126633171874999 0.873117646875
6 0.879396984375 0.874279121875 0.5704995578125 0.8754325250000001 0.569021578125 0.8442906593749999 0.5608926984375 0.8465974624999999 0.5608926984375 0.874279121875 0.44117647031249996 0.873125721875 0.4396984921875 0.8985005765625 0.8816139515625 0.896193771875 0.879396984375 0.874279121875
6 0.5705025125 0.897352940625 0.5601507531250001 0.897352940625 0.5601507531250001 0.9158235296875 0.5705025125 0.9158235296875 0.5705025125 0.897352940625
0 0.05172110625 0.49596078437499996 0.0354648234375 0.49596078437499996 0.0354648234375 0.5582352937499999 0.05172110625 0.5582352937499999 0.05172110625 0.49596078437499996
3 0.053216079687499994 0.465960784375 0.0376884421875 0.465960784375 0.0376884421875 0.498274509375 0.053216079687499994 0.498274509375 0.053216079687499994 0.465960784375
0 0.0524623109375 0.5836078437500001 0.034723618750000004 0.5836078437500001 0.034723618750000004 0.7254901953124999 0.0524623109375 0.7254901953124999 0.0524623109375 0.5836078437500001
6 0.0524623109375 0.5594117640625 0.036934673437499996 0.5594117640625 0.036934673437499996 0.5824705875 0.0524623109375 0.5824705875 0.0524623109375 0.5594117640625
6 0.056155778125 0.723196078125 0.0391708546875 0.723196078125 0.0391708546875 0.753196078125 0.056155778125 0.753196078125 0.056155778125 0.723196078125
6 0.2623366828125 0.7266470593750001 0.07831658281250001 0.7266470593750001 0.07831658281250001 0.7520196078125 0.2623366828125 0.7520196078125 0.2623366828125 0.7266470593750001
6 0.2061809046875 0.6977843140625 0.1914070359375 0.6977843140625 0.1914070359375 0.7277843140625 0.2061809046875 0.7277843140625 0.2061809046875 0.6977843140625
0 0.191394471875 0.58592156875 0.0790577890625 0.58592156875 0.0790577890625 0.7266274515625 0.191394471875 0.7266274515625 0.191394471875 0.58592156875
6 0.190659178125 0.6274509796875 0.20617795 0.6274509796875 0.20617795 0.5547866203125 0.1928761453125 0.5536332203125001 0.19213715625 0.5628604390625 0.07981081875 0.56055363125 0.07759385156250001 0.5836216828125 0.19139816875 0.5824682828125 0.190659178125 0.6274509796875
6 0.261602128125 0.61151095625 0.34584688125 0.61151095625 0.34584688125 0.590749709375 0.27120898437499996 0.589596309375 0.27120898437499996 0.188212228125 0.26234111875 0.1870588234375 0.26234111875 0.467128028125 0.25642920625 0.467128028125 0.2549512265625 0.489250290625 0.261602128125 0.4880968859375 0.261602128125 0.61151095625
6 0.20322199218749998 0.4880968859375 0.21061188125000002 0.489250290625 0.21135087187499998 0.4661822390625 0.1936151359375 0.4661822390625 0.1928761453125 0.4950173015625 0.20322199218749998 0.4950173015625 0.20322199218749998 0.4880968859375
6 0.5608926984375 0.7716262984375 0.5704995578125 0.7739331015625 0.5712385453125 0.7381776234374999 0.654744309375 0.739331028125 0.65326633125 0.306805075 0.6399645281249999 0.306805075 0.63848655 0.7185697796875 0.533550103125 0.7174163765625 0.532811115625 0.7370242203124999 0.5601537078125001 0.7381776234374999 0.5608926984375 0.7716262984375
4 0.6384799 0.1880196078125 0.46187185937499997 0.1880196078125 0.46187185937499997 0.718568628125 0.6384799 0.718568628125 0.6384799 0.1880196078125
4 0.052474875 0.1857058828125 0.036218592187499996 0.1857058828125 0.036218592187499996 0.4659803921875 0.052474875 0.4659803921875 0.052474875 0.1857058828125