6 0.09316770156250001 0.068557475 0.0691699625 0.06761833125 0.0649350625 0.3559353890625 0.204686615625 0.3559353890625 0.2032749875 0.39819684375 0.2343308875 0.3991359875 0.2329192546875 0.35311795468749996 0.443252396875 0.3521788140625 0.4418407703125 0.33527423125 0.2032749875 0.336213371875 0.20609824843750002 0.26577761093749996 0.320440428125 0.263899321875 0.320440428125 0.2789256203125 0.3373800125 0.2798647640625 0.3373800125 0.26577761093749996 0.35996611875 0.26483846718750004 0.3571428578125 0.2488730296875 0.1538678703125 0.24981216874999998 0.151044609375 0.205672425 0.09175606875 0.20097671093749997 0.09316770156250001 0.068557475
4 0.155279503125 0.2507513140625 0.43619424218749997 0.2507513140625 0.434782609375 0.07325319375 0.097402596875 0.07043576406249999 0.09316770156250001 0.20097671093749997 0.1538678703125 0.205672425 0.155279503125 0.2507513140625
7 0.3576708078125 0.044173553125 0.192763975 0.044173553125 0.192763975 0.0669834703125 0.3576708078125 0.0669834703125 0.3576708078125 0.044173553125
4 0.8526397515624999 0.074194215625 0.46723602499999994 0.074194215625 0.46723602499999994 0.3540702484375 0.8526397515624999 0.3540702484375 0.8526397515624999 0.074194215625
7 0.8288509312500001 0.0470454546875 0.5932608703125 0.0470454546875 0.5932608703125 0.068409090625 0.8288509312500001 0.068409090625 0.8288509312500001 0.0470454546875
7 0.7688819875 0.8748760328125 0.599689440625 0.8748760328125 0.599689440625 0.9033884296875 0.7688819875 0.9033884296875 0.7688819875 0.8748760328125
3 0.59114906875 0.044194215625 0.3576708078125 0.044194215625 0.3576708078125 0.07126033125 0.59114906875 0.07126033125 0.59114906875 0.044194215625
3 0.8836956515625 0.06857437968749999 0.8554347828125 0.06857437968749999 0.8554347828125 0.8781198343750001 0.8836956515625 0.8781198343750001 0.8836956515625 0.06857437968749999
3 0.9359627328125001 0.04702479375 0.8309937890624999 0.04702479375 0.8309937890624999 0.0698347109375 0.9359627328125001 0.0698347109375 0.9359627328125001 0.04702479375
3 0.5997204968750001 0.8777272734375 0.43481366406250005 0.8777272734375 0.43481366406250005 0.9019421484375 0.5997204968750001 0.9019421484375 0.5997204968750001 0.8777272734375
3 0.9316459625 0.8763016531250001 0.7667391296875 0.8763016531250001 0.7667391296875 0.9019628093750001 0.9316459625 0.9019628093750001 0.9316459625 0.8763016531250001
3 0.19704433593749998 0.044172128125 0.1220818140625 0.042747223437499995 0.11994003125 0.0170988890625 0.0685371609375 0.0170988890625 0.07067894375 0.0698204625 0.199186125 0.0698204625 0.19704433593749998 0.044172128125
1 0.431956521875 0.268595040625 0.3415838515625 0.268595040625 0.3415838515625 0.33528925625 0.431956521875 0.33528925625 0.431956521875 0.268595040625
2 0.3898051 0.2764320328125 0.404797603125 0.2764320328125 0.40908117343750006 0.26645768125 0.4326408203125 0.2650327734375 0.436924396875 0.2522086078125 0.40908117343750006 0.2522086078125 0.40908117343750006 0.2393844375 0.39194688125 0.2379595328125 0.385521528125 0.24935879375 0.3598200875 0.24935879375 0.355536515625 0.26218295937499997 0.3876633109375 0.26218295937499997 0.3898051 0.2764320328125
2 0.300677584375 0.2995867765625 0.300677584375 0.3089782109375 0.31055900625 0.3108565 0.3133822671875 0.336213371875 0.33596837812499997 0.3371525171875 0.3345567453125 0.3099173546875 0.3529079625 0.3089782109375 0.35431959687500003 0.2948910578125 0.3387916453125 0.29395191718749997 0.34161490625 0.2789256203125 0.3147939 0.2789256203125 0.3147939 0.2986476328125 0.300677584375 0.2995867765625
1 0.8512422359375 0.369090909375 0.463043478125 0.369090909375 0.463043478125 0.45454545468749996 0.8512422359375 0.45454545468749996 0.8512422359375 0.369090909375
2 0.5858272171875 0.38317055 0.6013551671874999 0.3812922609375 0.604178428125 0.370022540625 0.6549971734375 0.37096168125 0.657820440625 0.35311795468749996 0.5985319 0.3521788140625 0.604178428125 0.34090909062499997 0.5830039499999999 0.3380916609375 0.5815923234375 0.35311795468749996 0.5279503109375 0.35311795468749996 0.5279503109375 0.36908339687499997 0.5830039499999999 0.370022540625 0.5858272171875 0.38317055
2 0.1849237703125 0.41979714531249995 0.1835121421875 0.43388429687499996 0.19904009375 0.4348234421875 0.19904009375 0.45454545468749996 0.235742515625 0.45454545468749996 0.2329192546875 0.42918857812500005 0.25409373281250003 0.4301277234375 0.25409373281250003 0.42073628906250005 0.235742515625 0.418858 0.2385657828125 0.39819684375 0.2018633546875 0.3963185578125 0.19904009375 0.417918859375 0.1849237703125 0.41979714531249995
6 0.6253529062500001 0.5644252437499999 0.6070016953125 0.5663035328125 0.6084133234375 0.61701728125 0.599943534375 0.6160781359375 0.5985319 0.6292261453125 0.8568605281250001 0.627347859375 0.8554489000000001 0.4752066109375 0.8060417828125 0.4742674671875 0.807453415625 0.61701728125 0.6225296453125 0.6160781359375 0.6253529062500001 0.5644252437499999
2 0.5900621125 0.5381292265625001 0.5900621125 0.54845980625 0.604178428125 0.5465815171874999 0.6055900624999999 0.5653643890625 0.630999434375 0.5653643890625 0.6295878015625 0.5475206609375001 0.6394692234375 0.54845980625 0.6394692234375 0.5353117968750001 0.630999434375 0.5353117968750001 0.6295878015625 0.5184072109375 0.6084133234375 0.5184072109375 0.6070016953125 0.5381292265625001 0.5900621125 0.5381292265625001
3 0.515248446875 0.473326446875 0.48562111874999997 0.473326446875 0.48562111874999997 0.8780785124999999 0.515248446875 0.8780785124999999 0.515248446875 0.473326446875
4 0.8540372671875 0.6273347109375 0.5166459624999999 0.6273347109375 0.5166459624999999 0.8762190078125001 0.8540372671875 0.8762190078125001 0.8540372671875 0.6273347109375
2 0.55194805 0.6057475578125 0.55194805 0.6151389921875 0.530773571875 0.6151389921875 0.530773571875 0.627347859375 0.55194805 0.6282870046875 0.5533596828125 0.642374153125 0.5688876328125 0.6433132968749999 0.5688876328125 0.631104434375 0.6027668015625001 0.6301652890625 0.6013551671874999 0.6151389921875 0.5745341609375 0.6151389921875 0.5731225281250001 0.6066867031250001 0.55194805 0.6057475578125
3 0.46444099375 0.071384296875 0.43481366406250005 0.071384296875 0.43481366406250005 0.45547520625000004 0.46444099375 0.45547520625000004 0.46444099375 0.071384296875
3 0.8540683234375 0.453615703125 0.149658384375 0.453615703125 0.149658384375 0.47522727343750004 0.8540683234375 0.47522727343750004 0.8540683234375 0.453615703125
3 0.6281987578125 0.474276859375 0.6084472046875 0.474276859375 0.6084472046875 0.5193595046875 0.6281987578125 0.5193595046875 0.6281987578125 0.474276859375
6 0.530776396875 0.615144628125 0.512453415625 0.615144628125 0.512453415625 0.6292355374999999 0.530776396875 0.6292355374999999 0.530776396875 0.615144628125
6 0.530776396875 0.355 0.46301242187499997 0.355 0.46301242187499997 0.3681404953125 0.530776396875 0.3681404953125 0.530776396875 0.355
6 0.8554347828125 0.3540495875 0.656366459375 0.3540495875 0.656366459375 0.369090909375 0.8554347828125 0.369090909375 0.8554347828125 0.3540495875
0 0.311956521875 0.267644628125 0.20891304375000003 0.267644628125 0.20891304375000003 0.335247934375 0.311956521875 0.335247934375 0.311956521875 0.267644628125
4 0.43481366406250005 0.355 0.2315217390625 0.355 0.2315217390625 0.45359504062499995 0.43481366406250005 0.45359504062499995 0.43481366406250005 0.355
1 0.2032608703125 0.3568595046875 0.0620807453125 0.3568595046875 0.0620807453125 0.45454545468749996 0.2032608703125 0.45454545468749996 0.2032608703125 0.3568595046875
1 0.60562111875 0.4752066109375 0.515248446875 0.4752066109375 0.515248446875 0.6123140499999999 0.60562111875 0.6123140499999999 0.60562111875 0.4752066109375
0 0.8046273296875001 0.476157025 0.6281677015625 0.476157025 0.6281677015625 0.6151652890625 0.8046273296875001 0.6151652890625 0.8046273296875001 0.476157025