7 0.2471823765625 0.7373858921875 0.19082991875 0.7373858921875 0.19082991875 0.7615905953125 0.2471823765625 0.7615905953125 0.2471823765625 0.7373858921875
1 0.1617930328125 0.7630152140625001 0.077694671875 0.7630152140625001 0.077694671875 0.8085477171875001 0.1617930328125 0.8085477171875001 0.1617930328125 0.7630152140625001
6 0.162226775 0.7624135546875 0.1617998640625 0.8079414484375 0.077271175 0.8073651453125 0.077271175 0.7629898578125001 0.072148225 0.7618718296875 0.072148225 0.8165859843750001 0.1673497265625 0.8165859843750001 0.1673497265625 0.7624135546875 0.162226775 0.7624135546875
7 0.1498463109375 0.7373789765625001 0.11654713125 0.7373789765625001 0.11654713125 0.7633125859375001 0.1498463109375 0.7633125859375001 0.1498463109375 0.7373789765625001
7 0.3566905734375 0.7373789765625001 0.3009733609375 0.7373789765625001 0.3009733609375 0.7624550484375 0.3566905734375 0.7624550484375 0.3566905734375 0.7373789765625001
1 0.4828381140625 0.737090825 0.5596823765625001 0.737090825 0.5588285515625 0.4673812828125 0.8081454921875 0.4685338859375 0.8089993171875 0.3976486859375 0.233521175 0.3970723828125 0.2330942625 0.4685338859375 0.4828381140625 0.4673812828125 0.4828381140625 0.737090825
3 0.4700307375 0.7382434296875 0.45402151562500004 0.7365145234375 0.45402151562500004 0.7633125859375001 0.4982069671875 0.7633125859375001 0.49756659843750006 0.7365145234375 0.48347848437499996 0.7373789765625001 0.4828381140625 0.46680497968749995 0.3893442625 0.46766943281250006 0.38998463125 0.485822959375 0.46939036874999995 0.485822959375 0.4700307375 0.7382434296875
1 0.4674641390625 0.764177040625 0.3842161890625 0.764177040625 0.3842161890625 0.8091286312499999 0.4674641390625 0.8091286312499999 0.4674641390625 0.764177040625
6 0.3829405734375 0.8091286312499999 0.3833674859375 0.7624481328125 0.3778176234375 0.7618718296875 0.3778176234375 0.8166205625 0.47259221250000005 0.81489165625 0.4730191265625 0.764177040625 0.467896175 0.7630244359375 0.467896175 0.808552328125 0.3829405734375 0.8091286312499999
7 0.4546618859375 0.7365145234375 0.4219979515625 0.7365145234375 0.4219979515625 0.7633195015625 0.4546618859375 0.7633195015625 0.4546618859375 0.7365145234375
7 0.543678278125 0.7373789765625001 0.4982069671875 0.7373789765625001 0.4982069671875 0.7624550484375 0.543678278125 0.7624550484375 0.543678278125 0.7373789765625001
3 0.54367315625 0.7615836796875 0.5872182375 0.7633125859375001 0.5872182375 0.7356500687499999 0.571209015625 0.7373789765625001 0.571209015625 0.48409405312500003 0.6314036890625 0.48409405312500003 0.6320440578125 0.46680497968749995 0.5590420078125 0.46680497968749995 0.5590420078125 0.7365145234375 0.544313525 0.7373789765625001 0.54367315625 0.7615836796875
6 0.5737704921875 0.8097049343749999 0.5746243171875001 0.7624481328125 0.569928278125 0.7618718296875 0.569501365625 0.8154679578125 0.66427595625 0.816044259375 0.66427595625 0.7630244359375 0.65957991875 0.7624481328125 0.65957991875 0.8097049343749999 0.5737704921875 0.8097049343749999
1 0.659149590625 0.7630221296874999 0.5741905734375 0.7630221296874999 0.5741905734375 0.809121715625 0.659149590625 0.809121715625 0.659149590625 0.7630221296874999
7 0.6198770484375 0.7365145234375 0.58657786875 0.7365145234375 0.58657786875 0.7633195015625 0.6198770484375 0.7633195015625 0.6198770484375 0.7365145234375
7 0.740271515625 0.7382434296875 0.685835040625 0.7382434296875 0.685835040625 0.7624481328125 0.740271515625 0.7624481328125 0.740271515625 0.7382434296875
7 0.8510502046875 0.7365214390625 0.7966137296875 0.7365214390625 0.7966137296875 0.7624550484375 0.8510502046875 0.7624550484375 0.8510502046875 0.7365214390625
6 0.879012978125 0.8091286312499999 0.879439890625 0.7624481328125 0.8747438531249999 0.7624481328125 0.8747438531249999 0.8166205625 0.9690915296875 0.8154679578125 0.9682377046875 0.7630244359375 0.9648224046875 0.7630244359375 0.9643954921875 0.8091286312499999 0.879012978125 0.8091286312499999
1 0.9639651640625001 0.7624550484375 0.879436475 0.7624550484375 0.879436475 0.8085546328125 0.9639651640625001 0.8085546328125 0.9639651640625001 0.7624550484375
7 0.9253329921875 0.7373720609375 0.8913883203124999 0.7373720609375 0.8913883203124999 0.764177040625 0.9253329921875 0.764177040625 0.9253329921875 0.7373720609375
4 0.959272540625 0.12794605781249999 0.8802971312500001 0.12794605781249999 0.8802971312500001 0.319273859375 0.959272540625 0.319273859375 0.959272540625 0.12794605781249999
7 0.9259733609374999 0.1028699859375 0.8926741796875 0.1028699859375 0.8926741796875 0.12794605781249999 0.9259733609374999 0.12794605781249999 0.9259733609374999 0.1028699859375
4 0.8666290984374999 0.1285200546875 0.7509323765625 0.1285200546875 0.7509323765625 0.319280775 0.8666290984374999 0.319280775 0.8666290984374999 0.1285200546875
7 0.842085040625 0.1020055328125 0.785087090625 0.1020055328125 0.785087090625 0.1288105125 0.842085040625 0.1288105125 0.842085040625 0.1020055328125
4 0.740696721875 0.1285200546875 0.627991803125 0.1285200546875 0.627991803125 0.31869986093749997 0.740696721875 0.31869986093749997 0.740696721875 0.1285200546875
7 0.7120952875000001 0.1020055328125 0.6570235656250001 0.1020055328125 0.6570235656250001 0.12966804999999998 0.7120952875000001 0.12966804999999998 0.7120952875000001 0.1020055328125
4 0.6215881140625 0.1285200546875 0.531506146875 0.1285200546875 0.531506146875 0.284121715625 0.6215881140625 0.284121715625 0.6215881140625 0.1285200546875
7 0.581460040625 0.1028769015625 0.5494415984375001 0.1028769015625 0.5494415984375001 0.12708160468750002 0.581460040625 0.12708160468750002 0.581460040625 0.1028769015625
4 0.5101588109375 0.1285200546875 0.4196567625 0.1285200546875 0.4196567625 0.284121715625 0.5101588109375 0.284121715625 0.5101588109375 0.1285200546875
7 0.49308913906249996 0.1028699859375 0.46107069687499996 0.1028699859375 0.46107069687499996 0.12794605781249999 0.49308913906249996 0.12794605781249999 0.49308913906249996 0.1028699859375
4 0.4145338109375 0.1279391421875 0.30097848437499997 0.1279391421875 0.30097848437499997 0.3181189484375 0.4145338109375 0.3181189484375 0.4145338109375 0.1279391421875
7 0.386147540625 0.1028699859375 0.32979508125 0.1028699859375 0.32979508125 0.12794605781249999 0.386147540625 0.12794605781249999 0.386147540625 0.1028699859375
4 0.290727459375 0.1290871375 0.1750307375 0.1290871375 0.1750307375 0.3186860296875 0.290727459375 0.3186860296875 0.290727459375 0.1290871375
7 0.25678790937499996 0.1011341625 0.20171618906250002 0.1011341625 0.20171618906250002 0.1279391421875 0.25678790937499996 0.1279391421875 0.25678790937499996 0.1011341625
4 0.16094262343750002 0.1267842328125 0.0819672125 0.1267842328125 0.0819672125 0.319273859375 0.16094262343750002 0.319273859375 0.16094262343750002 0.1267842328125
7 0.148570696875 0.1028769015625 0.1165522546875 0.1028769015625 0.1165522546875 0.12708160468750002 0.148570696875 0.12708160468750002 0.148570696875 0.1028769015625
6 0.23138661093750001 0.3186952515625 0.23095970000000002 0.3261871828125 0.291154371875 0.3261871828125 0.290727459375 0.379783309375 0.3005464484375 0.3792070078125 0.3005464484375 0.3273397890625 0.3624487703125 0.3261871828125 0.36202185781249996 0.31984785625 0.3005464484375 0.320424159375 0.3005464484375 0.129091746875 0.290727459375 0.1285154453125 0.291154371875 0.3186952515625 0.23138661093750001 0.3186952515625
3 0.3304354515625 0.1011341625 0.2574334015625 0.1011341625 0.2574334015625 0.1279391421875 0.3304354515625 0.1279391421875 0.3304354515625 0.1011341625
3 0.4373770484375 0.10201244843749999 0.386147540625 0.10201244843749999 0.386147540625 0.12794605781249999 0.4373770484375 0.12794605781249999 0.4373770484375 0.10201244843749999
3 0.6570235656250001 0.10201244843749999 0.6045133203125 0.10201244843749999 0.6045133203125 0.12794605781249999 0.6570235656250001 0.12794605781249999 0.6570235656250001 0.10201244843749999
6 0.680498634375 0.319271553125 0.680071721875 0.3261871828125 0.74197404375 0.3261871828125 0.74112021875 0.3792070078125 0.7509392078125 0.379783309375 0.7500853828125 0.3273397890625 0.8107069671874999 0.32676348593750004 0.8107069671874999 0.320424159375 0.7505122953125001 0.319271553125 0.7513661203125 0.1273628390625 0.74112021875 0.1279391421875 0.74112021875 0.319271553125 0.680498634375 0.319271553125
3 0.78445184375 0.1019986171875 0.7114497953125001 0.1019986171875 0.7114497953125001 0.1270746890625 0.78445184375 0.1270746890625 0.78445184375 0.1019986171875
3 0.3016137296875 0.7373789765625001 0.24717725468750001 0.7373789765625001 0.24717725468750001 0.7624550484375 0.3016137296875 0.7624550484375 0.3016137296875 0.7373789765625001
3 0.39894979531249997 0.7373789765625001 0.35668545156250003 0.7373789765625001 0.35668545156250003 0.7633125859375001 0.39894979531249997 0.7633125859375001 0.39894979531249997 0.7373789765625001
3 0.6858401640625 0.7373789765625001 0.64229508125 0.7373789765625001 0.64229508125 0.7624550484375 0.6858401640625 0.7624550484375 0.6858401640625 0.7373789765625001
3 0.796618853125 0.7373789765625001 0.74026639375 0.7373789765625001 0.74026639375 0.7633125859375001 0.796618853125 0.7633125859375001 0.796618853125 0.7373789765625001
3 0.23757684375000002 0.4685338859375 0.14471823749999999 0.4685338859375 0.14471823749999999 0.48496542187499997 0.23757684375000002 0.48496542187499997 0.23757684375000002 0.4685338859375
1 0.3833674859375 0.5739972343749999 0.41239754062499995 0.57342093125 0.412824453125 0.4863992625 0.28005464375 0.4863992625 0.28005464375 0.5394190875 0.3833674859375 0.5394190875 0.3833674859375 0.5739972343749999
3 0.3624487703125 0.46766943281250006 0.26511270468750003 0.46766943281250006 0.26511270468750003 0.485829875 0.3624487703125 0.485829875 0.3624487703125 0.46766943281250006
1 0.6570184421875 0.538842784375 0.7633196718749999 0.5382664828125 0.7646004093750001 0.4863992625 0.62670765 0.485822959375 0.625 0.5745735359374999 0.6561646171875 0.5757261406249999 0.6570184421875 0.538842784375
3 0.77676741875 0.4676763484375 0.6582940578125 0.4676763484375 0.6582940578125 0.48496542187499997 0.77676741875 0.48496542187499997 0.77676741875 0.4676763484375
1 0.9601280734375001 0.48524896249999994 0.774851434375 0.48524896249999994 0.774851434375 0.539426003125 0.9601280734375001 0.539426003125 0.9601280734375001 0.48524896249999994
3 0.8977971312499999 0.4685338859375 0.8036577875 0.4685338859375 0.8036577875 0.485822959375 0.8977971312499999 0.485822959375 0.8977971312499999 0.4685338859375
3 0.9605584015625 0.4685338859375 0.921490778125 0.4685338859375 0.921490778125 0.48496542187499997 0.9605584015625 0.48496542187499997 0.9605584015625 0.4685338859375
3 0.12167008125 0.46766943281250006 0.081321721875 0.46766943281250006 0.081321721875 0.485829875 0.12167008125 0.485829875 0.12167008125 0.46766943281250006
3 0.23822233593750003 0.379502075 0.1863473359375 0.379502075 0.1863473359375 0.3967911484375 0.23822233593750003 0.3967911484375 0.23822233593750003 0.379502075
3 0.16329917968750002 0.3786237890625 0.0819672125 0.3786237890625 0.0819672125 0.3967842328125 0.16329917968750002 0.3967842328125 0.16329917968750002 0.3786237890625
3 0.4226434421875 0.37863762031250003 0.2638319671875 0.37863762031250003 0.2638319671875 0.3976556015625 0.4226434421875 0.3976556015625 0.4226434421875 0.37863762031250003
3 0.5961834015624999 0.379495159375 0.44889856562499997 0.379495159375 0.44889856562499997 0.3976556015625 0.5961834015624999 0.3976556015625 0.5961834015624999 0.379495159375
3 0.777412909375 0.3786237890625 0.62307889375 0.3786237890625 0.62307889375 0.3967842328125 0.777412909375 0.3967842328125 0.777412909375 0.3786237890625
3 0.85617315625 0.379502075 0.80429815625 0.379502075 0.80429815625 0.3967911484375 0.85617315625 0.3967911484375 0.85617315625 0.379502075
0 0.9592776640625 0.3964937765625 0.8935297125 0.3964937765625 0.8935297125 0.46795988906249997 0.9592776640625 0.46795988906249997 0.9592776640625 0.3964937765625
3 0.959912909375 0.379502075 0.8798616796875001 0.379502075 0.8798616796875001 0.3967911484375 0.959912909375 0.3967911484375 0.959912909375 0.379502075
3 0.1492059421875 0.7624481328125 0.1914702875 0.7624481328125 0.1914702875 0.7356500687499999 0.174820696875 0.7373789765625001 0.175461065625 0.5437413546875 0.1620133203125 0.5454702625000001 0.1626536890625 0.7365145234375 0.1492059421875 0.7365145234375 0.1492059421875 0.7624481328125
3 0.8516905734375 0.7615836796875 0.8913934421875 0.7615836796875 0.8913934421875 0.7365145234375 0.8805071718749999 0.7373789765625001 0.8805071718749999 0.5454702625000001 0.8664190578125 0.5454702625000001 0.8664190578125 0.7373789765625001 0.8510502046875 0.7373789765625001 0.8516905734375 0.7615836796875
3 0.9797131140625 0.10114107812499999 0.946413934375 0.10114107812499999 0.9470543031249999 0.1279391421875 0.9598616796874999 0.1279391421875 0.960553278125 0.7373789765625001 0.9471055328125001 0.7373789765625001 0.9471055328125001 0.7624481328125 0.979123975 0.7633125859375001 0.9797131140625 0.10114107812499999
3 0.8670081968750001 0.31984785625 0.8804559421875 0.31984785625 0.8798155734374999 0.1270746890625 0.89198258125 0.1279391421875 0.89198258125 0.1020055328125 0.8426741796874999 0.1020055328125 0.8426741796874999 0.1270746890625 0.8670081968750001 0.1270746890625 0.8670081968750001 0.31984785625
3 0.5103227453125 0.3803596125 0.53145491875 0.379495159375 0.5308145484375 0.1279391421875 0.5493852453125 0.1270746890625 0.5493852453125 0.1020055328125 0.49303278749999996 0.1020055328125 0.49239241875 0.1279391421875 0.5109631140625 0.1270746890625 0.5103227453125 0.3803596125
3 0.161321721875 0.320712309375 0.1747694671875 0.320712309375 0.1741290984375 0.1279391421875 0.201664959375 0.128803596875 0.201664959375 0.10027662500000001 0.14851434375 0.1020055328125 0.14851434375 0.1270746890625 0.161962090625 0.126210234375 0.161321721875 0.320712309375
3 0.0940829921875 0.7633125859375001 0.0947233609375 0.7356500687499999 0.081915984375 0.7365145234375 0.081915984375 0.1270746890625 0.09344262343750001 0.1270746890625 0.0940829921875 0.1020055328125 0.06270491875 0.1020055328125 0.06270491875 0.7633125859375001 0.0940829921875 0.7633125859375001
1 0.29029713125 0.3273443984375 0.0828176234375 0.3273443984375 0.0828176234375 0.37921161875 0.29029713125 0.37921161875 0.29029713125 0.3273443984375
6 0.11009221250000001 0.318983403125 0.0825512296875 0.318983403125 0.0825512296875 0.32677040156250003 0.11009221250000001 0.32677040156250003 0.11009221250000001 0.318983403125
6 0.20743340156249998 0.318983403125 0.134431353125 0.318983403125 0.134431353125 0.32677040156250003 0.20743340156249998 0.32677040156250003 0.20743340156249998 0.318983403125
6 0.45845286874999996 0.3284923921875 0.45332991875 0.3284923921875 0.45332991875 0.3803596125 0.45845286874999996 0.3803596125 0.45845286874999996 0.3284923921875
1 0.6215847 0.3273397890625 0.6220116109375 0.2916090359375 0.58828551875 0.291032734375 0.58913934375 0.3803596125 0.74112021875 0.37863070468750004 0.74112021875 0.3273397890625 0.6215847 0.3273397890625
6 0.5890932375 0.3284923921875 0.5833247953125 0.3284923921875 0.5833247953125 0.3803596125 0.5890932375 0.3803596125 0.5890932375 0.3284923921875
1 0.9596977453125 0.3279114796875 0.7509375 0.3279114796875 0.7509375 0.3791977875 0.9596977453125 0.3791977875 0.9596977453125 0.3279114796875
6 0.9111987703125 0.318983403125 0.8343545078125001 0.318983403125 0.8343545078125001 0.32677040156250003 0.9111987703125 0.32677040156250003 0.9111987703125 0.318983403125
6 0.960507171875 0.319840940625 0.9336116796875 0.319840940625 0.9336116796875 0.3276279390625 0.960507171875 0.3276279390625 0.960507171875 0.319840940625
6 0.960507171875 0.5394190875 0.9336116796875 0.5394190875 0.9336116796875 0.5463347171875 0.960507171875 0.5463347171875 0.960507171875 0.5394190875
6 0.910553278125 0.5385615484375 0.840758196875 0.5385615484375 0.840758196875 0.5463347171875 0.910553278125 0.5463347171875 0.910553278125 0.5385615484375
6 0.207428278125 0.539412171875 0.1337807375 0.539412171875 0.1337807375 0.5471991703125 0.207428278125 0.5471991703125 0.207428278125 0.539412171875
4 0.161803278125 0.5469156296875 0.0819672125 0.5469156296875 0.0819672125 0.7370954359375 0.161803278125 0.7370954359375 0.161803278125 0.5469156296875
6 0.1113729515625 0.5385546328124999 0.0812704921875 0.5385546328124999 0.0812704921875 0.5463416328124999 0.1113729515625 0.5463416328124999 0.1113729515625 0.5385546328124999
6 0.963968578125 0.055325034375000005 0.963968578125 0.1025818359375 0.9690915296875 0.1031581375 0.9686646171875 0.0489857078125 0.8734631140625 0.0489857078125 0.8743169390625001 0.10027662500000001 0.879439890625 0.1025818359375 0.879439890625 0.056477639062499994 0.963968578125 0.055325034375000005
6 0.43032786874999995 0.1020055328125 0.43075478125 0.055325034375000005 0.5195525953125 0.055325034375000005 0.5186987703125 0.1025818359375 0.5233948078124999 0.1025818359375 0.523821721875 0.055325034375000005 0.6113387984374999 0.0559013375 0.611765709375 0.10142922968750001 0.6160348359375 0.10142922968750001 0.6164617484375 0.049562009375 0.42520491875 0.049562009375 0.42477800468750004 0.10142922968750001 0.43032786874999995 0.1020055328125
6 0.6220116109375 0.1279391421875 0.6215847 0.2841171046875 0.6177424859375 0.2841171046875 0.6173155734375 0.291032734375 0.622438525 0.291032734375 0.6220116109375 0.3261871828125 0.6557377046874999 0.32561088125 0.6557377046874999 0.319271553125 0.62670765 0.319271553125 0.62670765 0.1285154453125 0.6220116109375 0.1279391421875
0 0.5835911890625 0.2916044265625 0.5315112703125 0.2916044265625 0.5315112703125 0.37863070468750004 0.5835911890625 0.37863070468750004 0.5835911890625 0.2916044265625
6 0.58358948125 0.2973720609375 0.58828551875 0.2967957578125 0.58828551875 0.291032734375 0.5938353828125 0.2927616421875 0.5934084703125 0.28526970937499996 0.531506146875 0.28526970937499996 0.531506146875 0.291032734375 0.5831625687499999 0.291032734375 0.58358948125 0.2973720609375
6 0.45380806093750004 0.2967957578125 0.4580771859375 0.2973720609375 0.45765027343750003 0.2916090359375 0.51101434375 0.2916090359375 0.51101434375 0.28469340625 0.44868510937500006 0.28469340625 0.449112021875 0.291032734375 0.45380806093750004 0.2916090359375 0.45380806093750004 0.2967957578125
6 0.3867827875 0.319271553125 0.38592896250000003 0.3261871828125 0.4209357921875 0.32676348593750004 0.42050887968749995 0.2916090359375 0.42477800468750004 0.2921853390625 0.42477800468750004 0.28526970937499996 0.42050887968749995 0.28526970937499996 0.42050887968749995 0.129091746875 0.4153859296875 0.1285154453125 0.41495901562500004 0.319271553125 0.3867827875 0.319271553125
1 0.16179815625 0.0570539421875 0.0781198765625 0.0570539421875 0.0781198765625 0.10142462031249999 0.16179815625 0.10142462031249999 0.16179815625 0.0570539421875
6 0.0776980875 0.10373443906249999 0.078125 0.056477639062499994 0.1626536890625 0.055325034375000005 0.162226775 0.10142922968750001 0.1673497265625 0.099700321875 0.1664959015625 0.049562009375 0.0730020484375 0.049562009375 0.07257513593750001 0.1025818359375 0.0776980875 0.10373443906249999
6 0.27108948125 0.5463347171875 0.27066256875 0.7376671265625 0.2809084703125 0.7376671265625 0.2804815578125 0.5463347171875 0.3137807375 0.54691101875 0.313353825 0.538842784375 0.28005464375 0.539995390625 0.28005464375 0.485822959375 0.27151639375 0.485822959375 0.27108948125 0.5394190875 0.23138661093750001 0.5394190875 0.23181352500000002 0.5463347171875 0.27108948125 0.5463347171875
4 0.378242828125 0.54576071875 0.280056353125 0.54576071875 0.280056353125 0.7370885203124999 0.378242828125 0.7370885203124999 0.378242828125 0.54576071875
6 0.3778176234375 0.7382434296875 0.3833674859375 0.7382434296875 0.3833674859375 0.5394190875 0.33811475468749996 0.538842784375 0.33811475468749996 0.5457584140625 0.3778176234375 0.5457584140625 0.3778176234375 0.7382434296875
6 0.4183709015625 0.485822959375 0.4128176234375 0.485822959375 0.4128176234375 0.534813278125 0.4183709015625 0.534813278125 0.4183709015625 0.485822959375
4 0.46960553281250006 0.5809128625 0.38379610625 0.5809128625 0.38379610625 0.7370954359375 0.46960553281250006 0.7370954359375 0.46960553281250006 0.5809128625
6 0.41239754062499995 0.5739972343749999 0.40642076562499996 0.57342093125 0.40642076562499996 0.5803365609375 0.47045765 0.579760259375 0.47045765 0.57342093125 0.41794740468749997 0.57342093125 0.41752049218750004 0.5676579078125 0.412824453125 0.568234209375 0.41239754062499995 0.5739972343749999
6 0.625430328125 0.484674965625 0.6207377046875 0.484674965625 0.6207377046875 0.535961271875 0.625430328125 0.535961271875 0.625430328125 0.484674965625
4 0.655742828125 0.579757953125 0.5720645484375 0.579757953125 0.5720645484375 0.7365076078125 0.655742828125 0.7365076078125 0.655742828125 0.579757953125
4 0.656178278125 0.579757953125 0.5720594265625001 0.579757953125 0.5720594265625001 0.7370885203124999 0.656178278125 0.7370885203124999 0.656178278125 0.579757953125
6 0.6318306015624999 0.5739972343749999 0.6245730875 0.57342093125 0.6245730875 0.5676579078125 0.6215847 0.5676579078125 0.6211577875 0.57342093125 0.5716359296875 0.57342093125 0.571209015625 0.5803365609375 0.6318306015624999 0.5803365609375 0.6318306015624999 0.5739972343749999
6 0.66214139375 0.5457584140625 0.7044057375 0.5457584140625 0.70483265 0.539995390625 0.6565915296875 0.5394190875 0.6565915296875 0.7376671265625 0.66171448125 0.7382434296875 0.66214139375 0.5457584140625
6 0.764173496875 0.5457584140625 0.764173496875 0.7388197328125 0.7735655734375 0.7388197328125 0.7731386609374999 0.5457584140625 0.81711065625 0.5457584140625 0.8166837421875 0.5382664828125 0.7727117484375 0.5394190875 0.7727117484375 0.4846703546875 0.7646004093750001 0.4846703546875 0.7646004093750001 0.538842784375 0.7278859296875 0.5394190875 0.7287397546875 0.54691101875 0.764173496875 0.5457584140625
2 0.947751025 0.10257952968749999 0.92554815625 0.10257952968749999 0.92554815625 0.1279322265625 0.947751025 0.1279322265625 0.947751025 0.10257952968749999
2 0.6040829921875 0.1031604421875 0.5818801234375 0.1031604421875 0.5818801234375 0.1285131390625 0.6040829921875 0.1285131390625 0.6040829921875 0.1031604421875
2 0.45935963125 0.1031604421875 0.4371567625 0.1031604421875 0.4371567625 0.1285131390625 0.45935963125 0.1285131390625 0.45935963125 0.1031604421875
2 0.1161219265625 0.10374135468750001 0.0939190578125 0.10374135468750001 0.0939190578125 0.129094053125 0.1161219265625 0.129094053125 0.1161219265625 0.10374135468750001
2 0.11654713125 0.735940525 0.0939241796875 0.735940525 0.0939241796875 0.7624550484375 0.11654713125 0.7624550484375 0.11654713125 0.735940525
2 0.421367828125 0.7359474406250001 0.399164959375 0.7359474406250001 0.399164959375 0.7630290453125 0.421367828125 0.7630290453125 0.421367828125 0.7359474406250001
2 0.6425 0.735940525 0.6194467218749999 0.735940525 0.6194467218749999 0.7624550484375 0.6425 0.7624550484375 0.6425 0.735940525
2 0.9485963109375 0.735940525 0.9255430328124999 0.735940525 0.9255430328124999 0.7624550484375 0.9485963109375 0.7624550484375 0.9485963109375 0.735940525
2 0.8969433062500001 0.467957584375 0.8973702187500001 0.48524665625 0.921704234375 0.48351775 0.9221311468750001 0.46334716406250004 0.9195696718749999 0.4512448125 0.9153005468750001 0.44605809062499996 0.8969433062500001 0.467957584375
2 0.912312159375 0.56477639375 0.9165812843750001 0.5676579078125 0.9345116109375 0.5463347171875 0.9328039625000001 0.538842784375 0.9093237703125 0.538842784375 0.9076161203125 0.5474873203125 0.9097506828125 0.5555555562500001 0.912312159375 0.56477639375
4 0.8670594265625 0.54576071875 0.7727151640625001 0.54576071875 0.7727151640625001 0.7370885203124999 0.8670594265625 0.7370885203124999 0.8670594265625 0.54576071875
2 0.82351434375 0.5670816046875 0.8414446718749999 0.5463347171875 0.8410177593749999 0.5382664828125 0.8162568312499999 0.5376901796875 0.8162568312499999 0.5503688343750001 0.81796448125 0.5590133703125 0.82351434375 0.5670816046875
2 0.7782616109375 0.45182111562499994 0.7761270484375 0.465652375 0.7761270484375 0.48409405312500003 0.803876365625 0.48409405312500003 0.8047301921875001 0.467957584375 0.783811475 0.44375288125 0.7782616109375 0.45182111562499994
0 0.88413934375 0.3976556015625 0.81711065625 0.3976556015625 0.81711065625 0.4685408015625 0.88413934375 0.4685408015625 0.88413934375 0.3976556015625
2 0.8598019125 0.4166666671875 0.8623633890625 0.42070078437499997 0.882001365625 0.39649608125 0.880720628125 0.3792070078125 0.8559597 0.379783309375 0.8551058734374999 0.39649608125 0.8572404375 0.40917473437499996 0.8598019125 0.4166666671875
2 0.77954235 0.4172429703125 0.7833845625 0.42185338906250003 0.8051571031250001 0.3970723828125 0.8047301921875001 0.3792070078125 0.7769808734375 0.3792070078125 0.7757001359375 0.3976486859375 0.7769808734375 0.4074458265625 0.77954235 0.4172429703125
2 0.6326844265625 0.45069156250000003 0.6292691265625 0.46164130937500003 0.6292691265625 0.46682803125000005 0.6309767749999999 0.4679806359375 0.6314036890625 0.48526970937499997 0.6582991796875 0.48526970937499997 0.65872609375 0.46682803125000005 0.6369535515625 0.44435223593749995 0.6326844265625 0.45069156250000003
2 0.5981045078125 0.41496081250000005 0.602800546875 0.4224527421875 0.624146175 0.39709543593749996 0.62329235 0.379230059375 0.5951161203125 0.380382665625 0.5955430328125 0.3965191328125 0.5955430328125 0.405739971875 0.5981045078125 0.41496081250000005
2 0.447404371875 0.41496081250000005 0.44868510937500006 0.4068925765625 0.44953893437500003 0.39767173906250003 0.449112021875 0.379230059375 0.42221652968749995 0.3786537578125 0.4217896171875 0.398248040625 0.442281421875 0.4224527421875 0.447404371875 0.41496081250000005
2 0.390625 0.4564545875 0.3863558734375 0.44838635312499997 0.3820867484375 0.44492853749999994 0.3628756828125 0.46567542656249994 0.3628756828125 0.48642231406249997 0.390625 0.48699861718750004 0.391478825 0.4633702171875 0.390625 0.4564545875
2 0.33341871562500003 0.5659520515625001 0.336407103125 0.5573075140625 0.338968578125 0.548662978125 0.337687840625 0.5394421390625 0.313353825 0.540018440625 0.3125 0.545781465625 0.33128415312500004 0.56710465625 0.33341871562500003 0.5659520515625001
2 0.40684767656250004 0.5918856609375001 0.40812841562499996 0.5838174281249999 0.407274590625 0.5740202859375 0.38379439843749996 0.5740202859375 0.3825136609375 0.5820885203125 0.4012978140625 0.6022591046875 0.40684767656250004 0.5918856609375001
2 0.41239754062499995 0.53483171875 0.412824453125 0.5676809578124999 0.41752049218750004 0.5682572609375 0.43417008125 0.54347625625 0.42904713125000005 0.5394421390625 0.4183743171875 0.53483171875 0.41239754062499995 0.53483171875
2 0.6373804640625 0.6034117109375 0.6570184421875 0.5820885203125 0.6565915296875 0.57574919375 0.6318306015624999 0.5740202859375 0.6322575140625 0.5884278468749999 0.6343920765625 0.5959197781250001 0.6373804640625 0.6034117109375
0 0.6211577875 0.484674965625 0.5720594265625001 0.484674965625 0.5720594265625001 0.5739972343749999 0.6211577875 0.5739972343749999 0.6211577875 0.484674965625
2 0.605362021875 0.5417473484374999 0.6049351093750001 0.5446288609375001 0.6203039625 0.5688335640625 0.6254269125 0.569409865625 0.6245730875 0.53483171875 0.6207308734375 0.5342554171875 0.6130464484375 0.535408021875 0.605362021875 0.5417473484374999
2 0.9097506828125 0.3071692015625 0.9088968578125 0.3181189484375 0.9106045078125 0.31984785625 0.9097506828125 0.32676348593750004 0.9340847 0.32561088125 0.9340847 0.3181189484375 0.914873634375 0.2967957578125 0.9114583328125001 0.2996772703125 0.9097506828125 0.3071692015625
2 0.8098531421875 0.3181189484375 0.8102800546875001 0.32676348593750004 0.8350409843750001 0.32388197343749997 0.8350409843750001 0.311779621875 0.8324795078125 0.30140617812500003 0.8282103828125 0.2973720609375 0.8098531421875 0.3181189484375
2 0.6745218578125 0.2973720609375 0.6548838796875 0.3186952515625 0.6553107921875 0.32561088125 0.680498634375 0.32388197343749997 0.681352459375 0.3158137390625 0.680071721875 0.306016596875 0.678790984375 0.30140617812500003 0.6745218578125 0.2973720609375
2 0.572062840625 0.3273397890625 0.5810280046875 0.330797603125 0.5887124312500001 0.32964499687500004 0.5874316937499999 0.2973720609375 0.58273565625 0.295643153125 0.566086065625 0.320424159375 0.572062840625 0.3273397890625
2 0.5934084703125 0.2725910546875 0.5908469953125 0.2818118953125 0.5917008203125 0.291032734375 0.6177424859375 0.291032734375 0.6181693984375001 0.2835408015625 0.598531421875 0.2627939140625 0.5934084703125 0.2725910546875
2 0.42392417968749996 0.2835408015625 0.42435109375 0.29045643125 0.449112021875 0.2875749203125 0.450819671875 0.280659290625 0.447404371875 0.2725910546875 0.4427083328125 0.26221761093749996 0.42392417968749996 0.2835408015625
2 0.4742998640625 0.3215767640625 0.4580771859375 0.29621945625 0.45423497187499995 0.2967957578125 0.452100409375 0.32964499687500004 0.45935792343750004 0.3290686953125 0.467896175 0.3273397890625 0.4742998640625 0.3215767640625
1 0.3001195359375 0.37863070468750004 0.453381146875 0.37863070468750004 0.45380806093750004 0.291032734375 0.4209357921875 0.2921853390625 0.4213627046875 0.3261871828125 0.2996926234375 0.32676348593750004 0.3001195359375 0.37863070468750004
2 0.367998634375 0.2973720609375 0.3628756828125 0.3054402953125 0.3611680328125 0.3181189484375 0.36202185781249996 0.32561088125 0.38592896250000003 0.3273397890625 0.3872097 0.319271553125 0.367998634375 0.2973720609375
2 0.134050546875 0.5624711859375 0.134477459375 0.554979253125 0.135758196875 0.5497925312499999 0.13490437187499998 0.5394190875 0.11057035625 0.538842784375 0.10971652968750001 0.54691101875 0.1280737703125 0.5676579078125 0.134050546875 0.5624711859375
4 0.270665984375 0.5463347171875 0.17589139375 0.5463347171875 0.17589139375 0.7370954359375 0.270665984375 0.7370954359375 0.270665984375 0.5463347171875
2 0.213456284375 0.568234209375 0.23138661093750001 0.54691101875 0.2322404375 0.538842784375 0.20747950781250002 0.538842784375 0.20747950781250002 0.554979253125 0.21004098437500002 0.5630474875 0.213456284375 0.568234209375
2 0.12124316875 0.45239741718750004 0.12038934375000002 0.460465653125 0.12038934375000002 0.46680497968749995 0.1220969953125 0.48524665625 0.1451502734375 0.48524665625 0.1460040984375 0.465652375 0.1263661203125 0.44548178906249997 0.12124316875 0.45239741718750004
2 0.182718578125 0.41609036406250005 0.1857069671875 0.40571692031250006 0.18698770468749998 0.39880129062499997 0.1865607921875 0.379783309375 0.1626536890625 0.3792070078125 0.1617998640625 0.3976486859375 0.180157103125 0.4189718765625 0.182718578125 0.41609036406250005
2 0.1285006828125 0.29621945625 0.10928961718750001 0.3186952515625 0.11057035625 0.3261871828125 0.134477459375 0.32561088125 0.135758196875 0.31696634375 0.1327698078125 0.3054402953125 0.1285006828125 0.29621945625
2 0.213456284375 0.2967957578125 0.20790642187500002 0.3054402953125 0.2066256828125 0.3158137390625 0.20705259531250003 0.32676348593750004 0.23266735 0.327916090625 0.23266735 0.319271553125 0.213456284375 0.2967957578125
2 0.26297814218750004 0.4137851546875 0.26511270468750003 0.40456431562499995 0.2655396171875 0.39937759375000004 0.26511270468750003 0.37863070468750004 0.23736338906249999 0.37863070468750004 0.23779029999999998 0.3976486859375 0.2591359296875 0.42242969218750004 0.26297814218750004 0.4137851546875
4 0.95970286875 0.5463416328124999 0.880727459375 0.5463416328124999 0.880727459375 0.7376694328125 0.95970286875 0.7376694328125 0.95970286875 0.5463416328124999
4 0.7633196718749999 0.5469087140625 0.6617213109375 0.5469087140625 0.6617213109375 0.7382365140625 0.7633196718749999 0.7382365140625 0.7633196718749999 0.5469087140625
6 0.8166803281250001 0.395919778125 0.8085655734375001 0.395919778125 0.8085655734375001 0.46795297343750003 0.8166803281250001 0.46795297343750003 0.8166803281250001 0.395919778125
6 0.8930942625 0.3970677734375 0.8849795078125 0.3970677734375 0.8849795078125 0.46910096875 0.8930942625 0.46910096875 0.8930942625 0.3970677734375
2 0.2655396171875 0.45988935 0.2625512296875 0.4506685109375 0.258282103125 0.44375288125 0.2365095625 0.46680497968749995 0.23736338906249999 0.48236514531249997 0.26511270468750003 0.4869755640625 0.2655396171875 0.46680497968749995 0.2655396171875 0.45988935
0 0.5101588109375 0.2921853390625 0.45807889375000005 0.2921853390625 0.45807889375000005 0.37921161875 0.5101588109375 0.37921161875 0.5101588109375 0.2921853390625
0 0.2245594265625 0.3976556015625 0.15839139375 0.3976556015625 0.15839139375 0.4685408015625 0.2245594265625 0.4685408015625 0.2245594265625 0.3976556015625
0 0.4691752046875 0.485822959375 0.4170952875 0.485822959375 0.4170952875 0.5728492390625 0.4691752046875 0.5728492390625 0.4691752046875 0.485822959375
1 0.27109118906249996 0.48698478593749994 0.08239241875 0.48698478593749994 0.08239241875 0.53885200625 0.27109118906249996 0.53885200625 0.27109118906249996 0.48698478593749994
1 0.518273565625 0.05533195 0.4299026640625 0.05533195 0.4299026640625 0.10143153593750001 0.518273565625 0.10143153593750001 0.518273565625 0.05533195
1 0.6121977453125 0.05533195 0.52382684375 0.05533195 0.52382684375 0.10143153593750001 0.6121977453125 0.10143153593750001 0.6121977453125 0.05533195
1 0.9644006140625001 0.05591286250000001 0.879021515625 0.05591286250000001 0.879021515625 0.10201244843749999 0.9644006140625001 0.10201244843749999 0.9644006140625001 0.05591286250000001
0 0.1488934421875 0.3976556015625 0.082725409375 0.3976556015625 0.082725409375 0.4685408015625 0.1488934421875 0.4685408015625 0.1488934421875 0.3976556015625