3 0.11222910156250002 0.5455278 0.11029411874999999 0.7977437562499999 0.1286764703125 0.7977437562499999 0.1296439640625 0.544721996875 0.3695820421875 0.544721996875 0.368614553125 0.5318291703125 0.1286764703125 0.5318291703125 0.1296439640625 0.20628525468749997 0.11222910156250002 0.20628525468749997 0.11222910156250002 0.5318291703125 0.0735294109375 0.5310233671875 0.0735294109375 0.547139403125 0.11222910156250002 0.5455278
6 0.2907183484375 0.1214365046875 0.328058321875 0.060718251562500006 0.3449502140625 0.059237320312499994 0.3449502140625 0.099962975 0.3591749640625 0.099222509375 0.3582859171875 0.0644205859375 0.4080725453125 0.0636801171875 0.4080725453125 0.0503517203125 0.31827880625 0.0510921890625 0.2809388328125 0.108848575 0.0666785203125 0.109589040625 0.0657894734375 0.1214365046875 0.11113086875 0.1214365046875 0.11113086875 0.18807849062499998 0.12535561875 0.18881895625 0.12535561875 0.1214365046875 0.2907183484375 0.1214365046875
4 0.3653947375 0.205849315625 0.128026315625 0.205849315625 0.128026315625 0.5309178078125 0.3653947375 0.5309178078125 0.3653947375 0.205849315625
7 0.3277631578125 0.18494520625 0.22085526249999998 0.18494520625 0.22085526249999998 0.20842465781250002 0.3277631578125 0.20842465781250002 0.3277631578125 0.18494520625
7 0.3125 0.796465753125 0.1821052625 0.796465753125 0.1821052625 0.8170136984375 0.3125 0.8170136984375 0.3125 0.796465753125
7 0.5686184203125 0.7964794515625 0.43822368437500003 0.7964794515625 0.43822368437500003 0.818972603125 0.5686184203125 0.818972603125 0.5686184203125 0.7964794515625
7 0.8223684203125 0.9226986296874999 0.691973684375 0.9226986296874999 0.691973684375 0.9413013703124999 0.8223684203125 0.9413013703124999 0.8223684203125 0.9226986296874999
3 0.17034539531249998 0.1868904109375 0.068141446875 0.1868904109375 0.068141446875 0.20549314999999999 0.17034539531249998 0.20549314999999999 0.17034539531249998 0.1868904109375
3 0.18208881562499998 0.79550685 0.07166118437499999 0.79550685 0.07166118437499999 0.8170410953125 0.18208881562499998 0.8170410953125 0.18208881562499998 0.79550685
3 0.4382072375 0.79550685 0.3113322375 0.79550685 0.3113322375 0.81605479375 0.4382072375 0.81605479375 0.4382072375 0.79550685
3 0.9339802625000001 0.922712328125 0.8200328953125 0.922712328125 0.8200328953125 0.9432602734375 0.9339802625000001 0.9432602734375 0.9339802625000001 0.922712328125
3 0.601503759375 0.9540117421875 0.625 0.9540117421875 0.622650375 0.7994129156249999 0.5686090234375001 0.7994129156249999 0.5697838359375 0.8189823859375001 0.601503759375 0.8189823859375001 0.601503759375 0.9540117421875
3 0.6214755624999999 0.5616438359375 0.6261748125000001 0.9422700578125 0.6943139109375001 0.9432485312500001 0.6931390984375 0.9217221125 0.6390977437500001 0.920743640625 0.64027255625 0.5616438359375 0.6214755624999999 0.5616438359375
3 0.3700657890625 0.136007828125 0.40296052656250003 0.135029353125 0.41000939843750006 0.11643835625000001 0.3806390984375 0.1154598828125 0.3818139109375 0.09686888437499999 0.34891917499999997 0.097847359375 0.34656955 0.18493150625000002 0.32777255625 0.18590998125 0.32777255625 0.2093933453125 0.3700657890625 0.20841487343749998 0.3700657890625 0.136007828125
3 0.8959046046875001 0.5817945203125 0.8746217109375 0.5817945203125 0.8746217109375 0.9234657531250001 0.8959046046875001 0.9234657531250001 0.8959046046875001 0.5817945203125
3 0.384078946875 0.1345753421875 0.3715131578125 0.1345753421875 0.3715131578125 0.4746301375 0.384078946875 0.4746301375 0.384078946875 0.1345753421875
2 0.344298246875 0.4977168953125 0.343201753125 0.5050228296875 0.3651315796875 0.5050228296875 0.36622806875 0.53150685 0.38596491093749996 0.53150685 0.3870614046875 0.5086758 0.40350877343749997 0.50776255625 0.40460526249999995 0.499543378125 0.38596491093749996 0.499543378125 0.3870614046875 0.473972603125 0.3651315796875 0.47488584375 0.36622806875 0.4977168953125 0.344298246875 0.4977168953125
2 0.3449502140625 0.5768234 0.364509246875 0.577563865625 0.3653982921875 0.6034801921875 0.384957325 0.6019992609375 0.384957325 0.577563865625 0.40273826250000005 0.57830433125 0.4036273125 0.570899665625 0.384957325 0.570899665625 0.384957325 0.5472047390625 0.3671763875 0.5472047390625 0.3653982921875 0.5723806 0.3476173546875 0.570899665625 0.3449502140625 0.5768234
2 0.189367 0.2236208828125 0.2009246078125 0.2251018140625 0.2018136546875 0.20881154999999998 0.2222617375 0.20881154999999998 0.2222617375 0.18511662499999998 0.2000355625 0.185857090625 0.2000355625 0.16956682812499999 0.1902560453125 0.16956682812499999 0.189367 0.18437615624999998 0.167140825 0.18511662499999998 0.16802987187500001 0.20881154999999998 0.1920341375 0.20733061875 0.189367 0.2236208828125
1 0.12446657187500001 0.18733802187499998 0.34672830625 0.18733802187499998 0.3440611671875 0.0614587171875 0.32894736875 0.0614587171875 0.2916073984375 0.1229174390625 0.12446657187500001 0.1214365046875 0.12446657187500001 0.18733802187499998
4 0.3653947375 0.5442328765625 0.128026315625 0.5442328765625 0.128026315625 0.797465753125 0.3653947375 0.797465753125 0.3653947375 0.5442328765625
4 0.6214309203124999 0.608657534375 0.38495065781250004 0.608657534375 0.38495065781250004 0.7974794515625 0.6214309203124999 0.7974794515625 0.6214309203124999 0.608657534375
1 0.6214260328125001 0.5605331375 0.6392069703125001 0.55979266875 0.6400960171875 0.59015179375 0.6854374109375 0.59015179375 0.683659315625 0.7360236953125 0.744114509375 0.735283228125 0.7467816515625 0.47760088749999996 0.3858285921875 0.47389855625 0.3849395453125 0.5997778609375 0.6205369828125 0.5982969265625 0.6214260328125001 0.5605331375
2 0.4551920328125 0.64198445 0.46141536250000004 0.6427249171875 0.4631934578125 0.6108848578125 0.504089615625 0.6116253234375 0.50320056875 0.59903739375 0.4631934578125 0.59903739375 0.46408250312500005 0.5671973343750001 0.45430298750000003 0.5671973343750001 0.45252489531249995 0.5975564609374999 0.4151849203125 0.59681599375 0.414295875 0.6079229921875 0.4560810828125 0.6064420578124999 0.4551920328125 0.64198445
6 0.6214638156250001 0.5990547937499999 0.5032072375000001 0.5990547937499999 0.5032072375000001 0.610150684375 0.6214638156250001 0.610150684375 0.6214638156250001 0.5990547937499999
3 0.3849671046875 0.6027534250000001 0.3662828953125 0.6027534250000001 0.3662828953125 0.795273971875 0.3849671046875 0.795273971875 0.3849671046875 0.6027534250000001
6 0.416973684375 0.5997945203125 0.384078946875 0.5997945203125 0.384078946875 0.60793150625 0.416973684375 0.60793150625 0.416973684375 0.5997945203125
3 0.384046053125 0.530904109375 0.3680592109375 0.530904109375 0.3680592109375 0.546465753125 0.384046053125 0.546465753125 0.384046053125 0.530904109375
2 0.73168563125 0.5264716765624999 0.73257468125 0.5360977421875 0.745910384375 0.5368382078125 0.7450213359375 0.557571271875 0.7628022765625 0.559052203125 0.76102418125 0.5383191390625 0.7734708390625 0.5368382078125 0.771692746875 0.5294335421875 0.7619132296875 0.5301740109375 0.76102418125 0.5072195484375001 0.7485775265625 0.5072195484375001 0.74679943125 0.5279526109375 0.73168563125 0.5264716765624999
1 0.6756578953125 0.5990410953125 0.6409868421875 0.5990410953125 0.6409868421875 0.6449589046875001 0.6756578953125 0.6449589046875001 0.6756578953125 0.5990410953125
2 0.649893315625 0.6190299890625 0.649893315625 0.6286560515625 0.6721194875000001 0.6286560515625 0.6738975828125 0.647167715625 0.685455190625 0.647167715625 0.686344240625 0.6264346546875 0.7112375531249999 0.6279155859375 0.7112375531249999 0.6205109203125 0.686344240625 0.6182895234375 0.6845661453125 0.6012587921875 0.674786628125 0.5997778609375 0.674786628125 0.6190299890625 0.649893315625 0.6190299890625
2 0.72457325625 0.6308774515625 0.72457325625 0.6390225828125 0.7450213359375 0.6382821171875 0.745910384375 0.6545723812500001 0.7592460890625 0.6545723812500001 0.7583570421875 0.6375416515625 0.778805121875 0.6368011828125 0.7796941671875001 0.6308774515625 0.7583570421875 0.6301369859375 0.7583570421875 0.6101443921875 0.74679943125 0.6108848578125 0.7476884765625 0.6316179203125001 0.72457325625 0.6308774515625
2 0.6738975828125 0.683450571875 0.675675675 0.7041836359375 0.686344240625 0.7019622359375 0.685455190625 0.68271010625 0.7112375531249999 0.681969640625 0.7094594609375 0.674564975 0.686344240625 0.6738245093749999 0.686344240625 0.655312846875 0.6738975828125 0.6560533125 0.6738975828125 0.676045909375 0.6490042671875 0.677526840625 0.6516714078125 0.68271010625 0.6738975828125 0.683450571875
4 0.876578946875 0.7434246578125 0.6392105265625 0.7434246578125 0.6392105265625 0.9233698625000001 0.876578946875 0.9233698625000001 0.876578946875 0.7434246578125
2 0.7156827890625 0.765642353125 0.7156827890625 0.7463902250000001 0.735241821875 0.745649759375 0.735241821875 0.735283228125 0.7156827890625 0.735283228125 0.7130156484375 0.7152906328124999 0.7059032734375 0.7152906328124999 0.704125178125 0.735283228125 0.685455190625 0.735283228125 0.6872332859375 0.745649759375 0.7041073984375 0.7463902250000001 0.7050142234375001 0.764161421875 0.7156827890625 0.765642353125
6 0.6863157890625 0.7367671234375 0.6392105265625 0.7367671234375 0.6392105265625 0.7456438359375 0.6863157890625 0.7456438359375 0.6863157890625 0.7367671234375
2 0.7023470859375001 0.7204738984375 0.6872332859375 0.7204738984375 0.685455190625 0.7115883015625 0.674786628125 0.7115883015625 0.6738975828125 0.7204738984375 0.6596728328125 0.7204738984375 0.660561878125 0.7263976296875 0.6738975828125 0.7278785640625001 0.6738975828125 0.7360236953125 0.685455190625 0.735283228125 0.6872332859375 0.7271380953125 0.704125178125 0.7271380953125 0.7023470859375001 0.7204738984375
6 0.841020625 0.6871529062499999 0.8392425328125 0.7330618296875 0.7467816515625 0.7315808953125 0.7458926015625 0.7367641609375 0.7352240390625 0.735283228125 0.7334459468750001 0.76119955625 0.7992354203125001 0.76342095625 0.8001244671875 0.74268789375 0.8783605984375 0.74268789375 0.8792496453125 0.679007775 0.7565611671875 0.679748240625 0.7574502140625 0.653831915625 0.7458926015625 0.655312846875 0.747670696875 0.68937430625 0.7574502140625 0.690114771875 0.758339259375 0.6871529062499999 0.841020625 0.6871529062499999
2 0.7263513515625 0.7041836359375 0.72457325625 0.7130692328125 0.7450213359375 0.7115883015625 0.7450213359375 0.7308404296875 0.7592460890625 0.7315808953125 0.7583570421875 0.7123287671874999 0.774359884375 0.7108478328125 0.777916071875 0.7049241015625001 0.75746799375 0.7049241015625001 0.760135134375 0.68937430625 0.7476884765625 0.6886338390625 0.7476884765625 0.7041836359375 0.7263513515625 0.7041836359375
6 0.6836677625 0.701972603125 0.6410032890624999 0.701972603125 0.6410032890624999 0.7123287671874999 0.6836677625 0.7123287671874999 0.6836677625 0.701972603125
6 0.6836513156249999 0.64568493125 0.6400986843750001 0.64568493125 0.6400986843750001 0.6553013703125 0.6836513156249999 0.6553013703125 0.6836513156249999 0.64568493125
6 0.6836677625 0.590904109375 0.6392269734375 0.590904109375 0.6392269734375 0.599780821875 0.6836677625 0.599780821875 0.6836677625 0.590904109375
6 0.7458926015625 0.5087004828125 0.7610064015625 0.5087004828125 0.7610064015625 0.47611995625 0.791233996875 0.47760088749999996 0.7894559046875 0.464272490625 0.3822724046875 0.46205109375 0.3822724046875 0.472417621875 0.7458926015625 0.476860421875 0.7458926015625 0.5087004828125
6 0.75567211875 0.6116253234375 0.7565611671875 0.587930396875 0.873026315625 0.5886708625 0.8774715499999999 0.5820066625 0.890807253125 0.5805257312500001 0.8996977234375001 0.59015179375 0.927258178125 0.587930396875 0.9281472265625 0.571640134375 0.7601173546875 0.5701592 0.7601173546875 0.559052203125 0.747670696875 0.559052203125 0.7458926015625 0.6123657921875 0.75567211875 0.6116253234375
0 0.8721381578124999 0.58793150625 0.7574671046875 0.58793150625 0.7574671046875 0.6797397265625 0.8721381578124999 0.6797397265625 0.8721381578124999 0.58793150625
0 0.8401315796875 0.6886164390625 0.7574342109375001 0.6886164390625 0.7574342109375001 0.73231506875 0.8401315796875 0.73231506875 0.8401315796875 0.6886164390625
1 0.6738815796875001 0.6567945203125001 0.6392105265625 0.6567945203125001 0.6392105265625 0.702712328125 0.6738815796875001 0.702712328125 0.6738815796875001 0.6567945203125001
1 0.6756578953125 0.7138219171875 0.6409868421875 0.7138219171875 0.6409868421875 0.7360410953125001 0.6756578953125 0.7360410953125001 0.6756578953125 0.7138219171875