3 0.5510480046875 0.45448008125 0.5652467890625 0.45448008125 0.5638945234375 0.4343448875 0.8803245421874999 0.4343448875 0.8810006765624999 0.491154896875 0.9006085203125 0.491154896875 0.901960784375 0.496907809375 0.9114266390625 0.49618869375 0.91277890625 0.39623184375 0.5720081125 0.39623184375 0.57133198125 0.3840069046875 0.559837728125 0.382568675 0.560513859375 0.38544513125 0.5388776203125001 0.38616424375 0.540229884375 0.5911117499999999 0.5652467890625 0.5903926359375 0.5638945234375 0.4659859046875 0.5503718734375 0.4659859046875 0.5510480046875 0.45448008125
7 0.9101379312500001 0.4923349640625 0.8829655171875 0.4923349640625 0.8829655171875 0.566784840625 0.9101379312500001 0.566784840625 0.9101379312500001 0.4923349640625
7 0.909080459375 0.7390464546875 0.8829655171875 0.7390464546875 0.8829655171875 0.815721271875 0.909080459375 0.815721271875 0.909080459375 0.7390464546875
7 0.6875747125 0.8901833734375 0.616517240625 0.8901833734375 0.616517240625 0.9213080687499999 0.6875747125 0.9213080687499999 0.6875747125 0.8901833734375
7 0.5120229890625 0.8890709046874999 0.439931034375 0.8890709046874999 0.439931034375 0.9224205375000001 0.5120229890625 0.9224205375000001 0.5120229890625 0.8890709046874999
7 0.3354252875 0.8890709046874999 0.2633333328125 0.8890709046874999 0.2633333328125 0.9224205375000001 0.3354252875 0.9224205375000001 0.3354252875 0.8890709046874999
7 0.1588275859375 0.8913080687500001 0.08673563281249999 0.8913080687500001 0.08673563281249999 0.9224327625000001 0.1588275859375 0.9224327625000001 0.1588275859375 0.8913080687500001
7 0.081517240625 0.8101833734375001 0.054344828125 0.8101833734375001 0.054344828125 0.8824327625 0.081517240625 0.8824327625 0.081517240625 0.8101833734375001
7 0.08150574687499999 0.6134596578125 0.053298849999999995 0.6134596578125 0.053298849999999995 0.685709046875 0.08150574687499999 0.685709046875 0.08150574687499999 0.6134596578125
7 0.08150574687499999 0.41566014687499997 0.053298849999999995 0.41566014687499997 0.053298849999999995 0.490110025 0.08150574687499999 0.490110025 0.08150574687499999 0.41566014687499997
7 0.08358620624999999 0.2189364296875 0.053287356249999994 0.2189364296875 0.053287356249999994 0.294511003125 0.08358620624999999 0.294511003125 0.08358620624999999 0.2189364296875
4 0.540206896875 0.04888753125 0.17441379375 0.04888753125 0.17441379375 0.2926772609375 0.540206896875 0.2926772609375 0.540206896875 0.04888753125
7 0.24660919531249997 0.0166625921875 0.1755517234375 0.0166625921875 0.1755517234375 0.046662592187500004 0.24660919531249997 0.046662592187500004 0.24660919531249997 0.0166625921875
7 0.48067816093750004 0.0166625921875 0.4096206890625 0.0166625921875 0.4096206890625 0.0477872859375 0.48067816093750004 0.0477872859375 0.48067816093750004 0.0166625921875
3 0.41065517187499995 0.015550121875 0.24345977031250002 0.015550121875 0.24345977031250002 0.0477750609375 0.41065517187499995 0.0477750609375 0.41065517187499995 0.015550121875
3 0.0825517234375 0.48898532968749997 0.0511954015625 0.48898532968749997 0.0511954015625 0.6134596578125 0.0825517234375 0.6134596578125 0.0825517234375 0.48898532968749997
3 0.081494253125 0.6868215156249999 0.0511954015625 0.6868215156249999 0.0511954015625 0.8123960875 0.081494253125 0.8123960875 0.081494253125 0.6868215156249999
3 0.08113590312499999 0.8924205374999999 0.081812034375 0.88379116875 0.052873562500000006 0.8826405875000001 0.0520622046875 0.9211851 0.08586882968750001 0.9211851 0.0865449625 0.8917014234374999 0.08113590312499999 0.8924205374999999
3 0.2663908046875 0.8909902203125 0.155494253125 0.8909902203125 0.155494253125 0.9219193156250001 0.2663908046875 0.9219193156250001 0.2663908046875 0.8909902203125
3 0.9120919546874999 0.5673716375 0.8803218390625001 0.5673716375 0.8803218390625001 0.7421149140625001 0.9120919546874999 0.7421149140625001 0.9120919546874999 0.5673716375
3 0.41244827656250005 0.5400489 0.3881034484375 0.5400489 0.3881034484375 0.591833740625 0.41244827656250005 0.591833740625 0.41244827656250005 0.5400489
3 0.4780256921875 0.0496188703125 0.540229884375 0.048899756249999995 0.5395537515625 0.2933985328125 0.506423259375 0.2933985328125 0.5077755234375 0.31928663749999997 0.5726842453125001 0.320005753125 0.5720081125 0.0172587390625 0.475997296875 0.0165396234375 0.4739688984375 0.025888104687500003 0.4780256921875 0.026607220312500002 0.4780256921875 0.0496188703125
3 0.060851926562500006 0.4221199484375 0.061528059375 0.4192434921875 0.0824881671875 0.41852437968749995 0.08113590312499999 0.31928663749999997 0.3887762 0.3178484109375 0.3887762 0.34014094687499996 0.41244083906249995 0.34014094687499996 0.41176470624999995 0.318567525 0.44624746406250004 0.318567525 0.44624746406250004 0.29267941875000003 0.050709940625000005 0.291241190625 0.050709940625000005 0.420681721875 0.060851926562500006 0.4221199484375
3 0.40229885000000004 0.45232273906250003 0.3881000671875 0.45232273906250003 0.3887762 0.502660721875 0.41244083906249995 0.50122249375 0.4131169703125 0.3796922203125 0.3894523328125 0.3796922203125 0.3894523328125 0.4415360265625 0.40365111562499995 0.44081691406249995 0.40229885000000004 0.45232273906250003
3 0.44489520000000005 0.9233424421875001 0.4435429328125 0.91255573125 0.44083840468749996 0.911836615625 0.44219066875 0.8902631953125001 0.41176470624999995 0.8895440812500001 0.4131169703125 0.63497770625 0.3881000671875 0.635696821875 0.3887762 0.8909823109375001 0.3326572 0.8909823109375001 0.33198106875 0.922623328125 0.44489520000000005 0.9233424421875001
3 0.5395537515625 0.635696821875 0.54090601875 0.8895440812500001 0.5111561859375 0.8902631953125001 0.5118323203124999 0.911836615625 0.5077755234375 0.911836615625 0.5077755234375 0.9233424421875001 0.6220419203125 0.9211851 0.6213657890625 0.911836615625 0.6186612578124999 0.911117503125 0.6193373906249999 0.8895440812500001 0.5645706546875 0.88882496875 0.5638945234375 0.635696821875 0.5395537515625 0.635696821875
3 0.8803245421874999 0.8147562203125001 0.8816768093749999 0.8902631953125001 0.687626775 0.8902631953125001 0.6889790390625 0.911117503125 0.6855983765625 0.911117503125 0.6842461125 0.9233424421875001 0.9134550375 0.9233424421875001 0.9141311703125 0.8118797656250001 0.901960784375 0.81116065 0.901960784375 0.8133179921875 0.8803245421874999 0.8147562203125001
1 0.895632184375 0.2904645484375 0.5719540234375 0.2904645484375 0.5719540234375 0.39511002500000003 0.895632184375 0.39511002500000003 0.895632184375 0.2904645484375
6 0.895875590625 0.39623184375 0.9107505078125 0.39623184375 0.9114266390625 0.273263340625 0.57133198125 0.272544225 0.5706558484375 0.2898029640625 0.8965517234375 0.291241190625 0.895875590625 0.39623184375
3 0.081784990625 0.048899756249999995 0.17576741093749998 0.048899756249999995 0.17779580625 0.0172587390625 0.05068289375 0.0172587390625 0.05068289375 0.2222062421875 0.081784990625 0.22148712656249997 0.081784990625 0.048899756249999995
6 0.1737241375 0.04888753125 0.16494252812500002 0.04888753125 0.16494252812500002 0.1459779953125 0.1737241375 0.1459779953125 0.1737241375 0.04888753125
6 0.17441379375 0.1884107578125 0.16494252812500002 0.1884107578125 0.16494252812500002 0.29413202968749996 0.17441379375 0.29413202968749996 0.17441379375 0.1884107578125
4 0.3887586203125 0.5616136921875 0.0824597703125 0.5616136921875 0.0824597703125 0.8895354515625 0.3887586203125 0.8895354515625 0.3887586203125 0.5616136921875
6 0.195367815625 0.5522738390625 0.081781609375 0.5522738390625 0.081781609375 0.5623471875 0.195367815625 0.5623471875 0.195367815625 0.5522738390625
1 0.6896666671875 0.5739853296875 0.56486206875 0.5739853296875 0.56486206875 0.654327628125 0.6896666671875 0.654327628125 0.6896666671875 0.5739853296875
6 0.6186206890625 0.56378973125 0.56386206875 0.56378973125 0.56386206875 0.573129584375 0.6186206890625 0.573129584375 0.6186206890625 0.56378973125
4 0.8824619953124999 0.664090228125 0.700037078125 0.6633015234374999 0.700037078125 0.698004575 0.6889136062500001 0.6964271640625 0.6889136062500001 0.664878934375 0.565072303125 0.664878934375 0.5643307375 0.8896600687499999 0.8817204296875 0.8896600687499999 0.8824619953124999 0.664090228125
6 0.59971264375 0.6536797062499999 0.5638735625 0.6536797062499999 0.5638735625 0.664462103125 0.59971264375 0.664462103125 0.59971264375 0.6536797062499999
5 0.5415517234375 0.6349755499999999 0.41173563281250003 0.6349755499999999 0.41173563281250003 0.8902567234375001 0.5415517234375 0.8902567234375001 0.5415517234375 0.6349755499999999
0 0.5496686937499999 0.46526679218749994 0.5645436109374999 0.4659859046875 0.5638674781249999 0.5609089609375 0.6896281265625 0.5616280734375 0.6903042593750001 0.435064 0.5645436109374999 0.4343448875 0.5631913453124999 0.453760965625 0.5489925625 0.453760965625 0.5496686937499999 0.46526679218749994
6 0.6903042593750001 0.572414784375 0.6903042593750001 0.577448584375 0.69909398125 0.5760103546875001 0.69909398125 0.43362577187499995 0.6903042593750001 0.43362577187499995 0.6896281265625 0.5623471875 0.6497363078125 0.5623471875 0.6497363078125 0.5716956703125 0.6903042593750001 0.572414784375
6 0.3901014203125 0.5623471875 0.38874915468750004 0.5522795921875 0.26366463906250004 0.55299870625 0.265016903125 0.48755932812499997 0.31031778125 0.48684021250000004 0.310993915625 0.476772615625 0.26366463906250004 0.476772615625 0.26366463906250004 0.41349057968749997 0.38874915468750004 0.4120523515625 0.3894252875 0.40342298281250005 0.26298850625000003 0.40270386875 0.2643407703125 0.318567525 0.2528465171875 0.320005753125 0.2528465171875 0.5515604765625 0.23797160156250002 0.55299870625 0.23932386718749998 0.5630663031250001 0.3901014203125 0.5623471875
0 0.3894252875 0.476772615625 0.38874915468750004 0.453760965625 0.4022718046875 0.45304185312499995 0.4022718046875 0.4422551421875 0.3880730234375 0.4415360265625 0.38874915468750004 0.4120523515625 0.26366463906250004 0.41349057968749997 0.26298850625000003 0.4760535015625 0.3894252875 0.476772615625
0 0.3887356328125 0.486845965625 0.26501149375 0.486845965625 0.26501149375 0.5522738390625 0.3887356328125 0.5522738390625 0.3887356328125 0.486845965625
6 0.38941379375 0.476760390625 0.342770115625 0.476760390625 0.342770115625 0.4853911984375 0.38941379375 0.4853911984375 0.38941379375 0.476760390625
2 0.20686950624999997 0.157485978125 0.191994590625 0.14813749375000002 0.1771196765625 0.14238458125 0.1656254234375 0.1445419234375 0.164273159375 0.1920034515625 0.175091278125 0.1927225640625 0.20686950624999997 0.157485978125
1 0.540770115625 0.3201711484375 0.41270115 0.3201711484375 0.41270115 0.6322004890625 0.540770115625 0.6322004890625 0.540770115625 0.3201711484375
2 0.5091007453125 0.32072486875 0.5091007453125 0.29267941875000003 0.4468965515625 0.2933985328125 0.44622041875 0.31928663749999997 0.47799864843749995 0.34661297343749997 0.5091007453125 0.32072486875
2 0.57198106875 0.318567525 0.540878971875 0.318567525 0.5402028390625 0.38544513125 0.5740094671875 0.3840069046875 0.5983502374999999 0.3516467703125 0.57198106875 0.318567525
2 0.4320216375 0.34661297343749997 0.414442190625 0.33870271875 0.3907775515625 0.33870271875 0.3894252875 0.3796922203125 0.4130899265625 0.3796922203125 0.43337390156250005 0.353085 0.4320216375 0.34661297343749997
4 0.25286206875 0.3178484109375 0.08111494218750001 0.3178484109375 0.08111494218750001 0.5522738390625 0.25286206875 0.5522738390625 0.25286206875 0.3178484109375
2 0.2406761328125 0.543650221875 0.2332386765625 0.529267940625 0.225801215625 0.5184812328125 0.19402298906249998 0.5508413640625001 0.19537525312499998 0.5630663031250001 0.2406761328125 0.5630663031250001 0.2406761328125 0.543650221875
2 0.321812034375 0.5120092046875 0.3434482765625 0.4861210984375 0.344124409375 0.476772615625 0.31031778125 0.476772615625 0.31031778125 0.49403135468750004 0.3143745765625 0.505537178125 0.321812034375 0.5120092046875
2 0.4299932390625 0.505537178125 0.41985124999999995 0.50122249375 0.41173765937500006 0.5005033796875 0.3894252875 0.501941609375 0.3894252875 0.5407737671875 0.4130899265625 0.5407737671875 0.4320216375 0.5141665484375 0.4299932390625 0.505537178125
2 0.6294523328125 0.597583778125 0.650412440625 0.5738530125 0.650412440625 0.5623471875 0.617281946875 0.5630663031250001 0.617281946875 0.5860779515625001 0.623367140625 0.5954264359375 0.6294523328125 0.597583778125
2 0.66190669375 0.6105278281250001 0.673400946875 0.6198763125 0.687599728125 0.624190996875 0.6977417171875 0.6234718828125 0.69909398125 0.5745721265625 0.6889519953125001 0.5716956703125 0.656497634375 0.6033366890625 0.66190669375 0.6105278281250001
2 0.6125490203124999 0.61699985625 0.6010547671875 0.6335394796875 0.5976741031249999 0.6500791031250001 0.5990263703125 0.664461384375 0.6456795125 0.66374226875 0.64500338125 0.6558320140625 0.6125490203124999 0.61699985625
2 0.4387829609375 0.624190996875 0.4130899265625 0.5903926359375 0.3894252875 0.5903926359375 0.3880730234375 0.635696821875 0.417146721875 0.63497770625 0.4299932390625 0.6321012515625 0.4387829609375 0.624190996875
6 0.6889519953125001 0.6529555593749999 0.64229885 0.653674671875 0.643651115625 0.6651804984374999 0.6896281265625 0.6651804984374999 0.6896281265625 0.696821515625 0.69909398125 0.696821515625 0.69909398125 0.6615849265625 0.8857065593750001 0.6623040421875 0.8836781609375001 0.6551129 0.69909398125 0.6543937875 0.69841785 0.621314540625 0.6882758625000001 0.6220336546875 0.6889519953125001 0.6529555593749999
2 0.5232995265625 0.630663021875 0.5334415156250001 0.63497770625 0.5645436109374999 0.635696821875 0.5638674781249999 0.591830865625 0.5422312375 0.5896735234375 0.513833671875 0.620595425 0.5232995265625 0.630663021875
0 0.16629885 0.04888753125 0.0811034484375 0.04888753125 0.0811034484375 0.2926772609375 0.16629885 0.2926772609375 0.16629885 0.04888753125
1 0.38860919531250004 0.32018337343750003 0.2649080453125 0.32018337343750003 0.2649080453125 0.40167481718750003 0.38860919531250004 0.40167481718750003 0.38860919531250004 0.32018337343750003
4 0.8812298843749999 0.43544009843750003 0.7006091953125 0.43544009843750003 0.7006091953125 0.6531662593750001 0.8812298843749999 0.6531662593750001 0.8812298843749999 0.43544009843750003