6 0.20446289687500002 0.6901661890625 0.184743121875 0.6891076515625 0.184743121875 0.74944426875 0.20342501406250002 0.74838573125 0.20342501406250002 0.9082248312500001 0.2200311359375 0.9071662984375 0.2200311359375 0.672171059375 0.3331603515625 0.672171059375 0.33212246875 0.6562930046875 0.196159834375 0.6562930046875 0.1951219515625 0.64994178125 0.1805915953125 0.64994178125 0.1805915953125 0.6552344671875 0.135962634375 0.6552344671875 0.135962634375 0.672171059375 0.2065386640625 0.671112521875 0.20446289687500002 0.6901661890625
4 0.20031136562500002 0.74838573125 0.1837052390625 0.74944426875 0.1837052390625 0.6901661890625 0.20238713125 0.6891076515625 0.20446289687500002 0.670053984375 0.0643487265625 0.674288134375 0.0643487265625 0.9039906859375 0.2013492484375 0.9050492234374999 0.20031136562500002 0.74838573125
7 0.19304878125 0.905024875 0.1338780484375 0.905024875 0.1338780484375 0.9346766171875001 0.19304878125 0.9346766171875001 0.19304878125 0.905024875
7 0.36117073125 0.9071641796875 0.289560975 0.9071641796875 0.289560975 0.9368159203124999 0.36117073125 0.9368159203124999 0.36117073125 0.9071641796875
7 0.5459024390625 0.90825870625 0.477414634375 0.90825870625 0.477414634375 0.9368159203124999 0.5459024390625 0.9368159203124999 0.5459024390625 0.90825870625
4 0.726517903125 0.798136975 0.6009340921875 0.7960199 0.599896209375 0.91034190625 0.72548001875 0.9082248312500001 0.726517903125 0.798136975
7 0.713 0.90925373125 0.6403658531249999 0.90925373125 0.6403658531249999 0.938905471875 0.713 0.938905471875 0.713 0.90925373125
7 0.834439025 0.90927860625 0.7659512187499999 0.90927860625 0.7659512187499999 0.9399751249999999 0.834439025 0.9399751249999999 0.834439025 0.90927860625
7 0.925804878125 0.7261691546875 0.9029756093750001 0.7261691546875 0.9029756093750001 0.8044776125 0.925804878125 0.8044776125 0.925804878125 0.7261691546875
7 0.9268536578125 0.4985820890625 0.90504878125 0.4985820890625 0.90504878125 0.5726616921875001 0.9268536578125 0.5726616921875001 0.9268536578125 0.4985820890625
4 0.6787752968749999 0.4615221734375 0.7317073171875 0.4625807109375 0.7296315515625 0.4149465421875 0.5801764390625 0.41388800468750003 0.5781006734374999 0.5197417171875001 0.6777374140625 0.5197417171875001 0.6787752968749999 0.4615221734375
7 0.692243903125 0.386393034375 0.623756096875 0.386393034375 0.623756096875 0.413905471875 0.692243903125 0.413905471875 0.692243903125 0.386393034375
4 0.9019268296874999 0.4128358203125 0.7462682921875 0.4128358203125 0.7462682921875 0.6531343281249999 0.9019268296874999 0.6531343281249999 0.9019268296874999 0.4128358203125
7 0.8624634140625 0.38848258750000003 0.795 0.38848258750000003 0.795 0.4128109453125 0.8624634140625 0.4128109453125 0.8624634140625 0.38848258750000003
4 0.24286455624999997 0.1333756765625 0.31344058124999996 0.1333756765625 0.312402696875 0.0423414828125 0.0695381421875 0.0402244078125 0.06850025781249999 0.1608976421875 0.23975090781250002 0.1577220296875 0.24286455624999997 0.1333756765625
7 0.253243903125 0.0148258703125 0.18060975625 0.0148258703125 0.18060975625 0.0412935328125 0.253243903125 0.0412935328125 0.253243903125 0.0148258703125
4 0.5614878046875 0.043383084375 0.330024390625 0.043383084375 0.330024390625 0.30696517343749996 0.5614878046875 0.30696517343749996 0.5614878046875 0.043383084375
7 0.4525365859375 0.01378109375 0.38609756093750003 0.01378109375 0.38609756093750003 0.042338307812499996 0.4525365859375 0.042338307812499996 0.4525365859375 0.01378109375
4 0.31451219531249996 0.17995024843750002 0.0685121953125 0.17995024843750002 0.0685121953125 0.30800995000000003 0.31451219531249996 0.30800995000000003 0.31451219531249996 0.17995024843750002
2 0.192008303125 0.2064147359375 0.20342501406250002 0.20429766093750001 0.20446289687500002 0.178892771875 0.22833420000000001 0.177834234375 0.22833420000000001 0.1577220296875 0.20550078125 0.1556049546875 0.2065386640625 0.1386683578125 0.18993253593749998 0.1386683578125 0.18993253593749998 0.1577220296875 0.16398546875 0.1577220296875 0.16709911718749998 0.178892771875 0.1930461859375 0.177834234375 0.192008303125 0.2064147359375
1 0.279190453125 0.41071239375 0.41930461875 0.40859532343750005 0.41930461875 0.32814650312500004 0.1982356 0.3292050390625 0.1971977171875 0.37683920937500004 0.27815257031249996 0.377897746875 0.279190453125 0.41071239375
2 0.3674104828125 0.3546099296875 0.378827190625 0.3546099296875 0.38090295625000004 0.3302635765625 0.4026984921875 0.3302635765625 0.403736375 0.3069757609375 0.3777893125 0.3048586859375 0.378827190625 0.2921562390625 0.3674104828125 0.2910977015625 0.3653347171875 0.3059172234375 0.3476907125 0.30380015 0.3466528296875 0.327087965625 0.368448365625 0.3292050390625 0.3674104828125 0.3546099296875
2 0.22833420000000001 0.36096115 0.2376751421875 0.3556684671875 0.23871302499999997 0.3292050390625 0.2573949125 0.3302635765625 0.2573949125 0.3069757609375 0.2366372578125 0.3059172234375 0.2376751421875 0.2910977015625 0.22625843437499998 0.2889806265625 0.22625843437499998 0.3048586859375 0.20446289687500002 0.3059172234375 0.20550078125 0.3292050390625 0.22625843437499998 0.3292050390625 0.22833420000000001 0.36096115
4 0.13607188750000002 0.4294317859375 0.18228498125 0.42812254687499995 0.183568678125 0.33123854218750004 0.0654685515625 0.3299292984375 0.0667522484375 0.47918302968750004 0.134788190625 0.4804922734375 0.13607188750000002 0.4294317859375
3 0.20550078125 0.32814650312500004 0.2065386640625 0.3069757609375 0.06850025781249999 0.3059172234375 0.06746237499999999 0.270985496875 0.0435910734375 0.272044034375 0.040477425 0.35778554218749997 0.0643487265625 0.3588440796875 0.0643487265625 0.3292050390625 0.20550078125 0.32814650312500004
6 0.17955371250000002 0.50068805 0.1805915953125 0.5980734625 0.1951219515625 0.5980734625 0.1951219515625 0.5059807359375 0.26362220937499997 0.5059807359375 0.26258432656249997 0.5663173484375 0.24805397031249998 0.5663173484375 0.2501297359375 0.5821954078125 0.279190453125 0.5821954078125 0.2760768046875 0.5070392734375 0.336274 0.5059807359375 0.336274 0.5832539453125001 0.41930461875 0.5821954078125 0.41930461875 0.5673758859375 0.3508043609375 0.5684344234375 0.3508043609375 0.40647824843749997 0.336274 0.40647824843749997 0.3352361171875 0.4911612140625 0.2760768046875 0.49221975156250003 0.27815257031249996 0.37578067187499997 0.26362220937499997 0.37683920937500004 0.26258432656249997 0.4911612140625 0.1951219515625 0.4911612140625 0.1951219515625 0.3789562828125 0.1805915953125 0.377897746875 0.1805915953125 0.42659045312500005 0.17955371250000002 0.50068805
2 0.1837052390625 0.35778554218749997 0.1837052390625 0.3821318953125 0.1971977171875 0.38107335781249996 0.19927348281249999 0.35778554218749997 0.22106901875 0.35778554218749997 0.22106901875 0.3419074828125 0.1982356 0.3408489453125 0.196159834375 0.327087965625 0.1837052390625 0.324970890625 0.18162947812500002 0.3419074828125 0.158796053125 0.34402455781249996 0.16087181875 0.35778554218749997 0.1837052390625 0.35778554218749997
1 0.2631463421875 0.39146766093749996 0.1950975609375 0.39146766093749996 0.1950975609375 0.4883333328125 0.2631463421875 0.4883333328125 0.2631463421875 0.39146766093749996
2 0.22625843437499998 0.37683920937500004 0.1930461859375 0.377897746875 0.19408406875 0.3916587265625 0.2252205515625 0.39271726406249996 0.22418266875 0.4128294671875 0.23975090781250002 0.41388800468750003 0.2418266734375 0.39271726406249996 0.26466009218750003 0.3937758015625 0.26466009218750003 0.377897746875 0.240788790625 0.3800148203125 0.240788790625 0.3673123734375 0.22729631718749999 0.3673123734375 0.22625843437499998 0.37683920937500004
0 0.3336585359375 0.5074626859375 0.2770731703125 0.5074626859375 0.2770731703125 0.5671641796875 0.3336585359375 0.5671641796875 0.3336585359375 0.5074626859375
0 0.3336585359375 0.425870646875 0.279024390625 0.425870646875 0.279024390625 0.48955223906249995 0.3336585359375 0.48955223906249995 0.3336585359375 0.425870646875
2 0.3113648140625 0.4382343578125 0.323819409375 0.4382343578125 0.3227815265625 0.425531915625 0.3414634140625 0.428707528125 0.34250129687499997 0.4096538609375 0.3227815265625 0.40859532343750005 0.325895175 0.3969514125 0.3113648140625 0.3948343390625 0.31032693125 0.4096538609375 0.27815257031249996 0.4096538609375 0.27815257031249996 0.427648990625 0.3113648140625 0.42659045312500005 0.3113648140625 0.4382343578125
1 0.4184878046875 0.42813432812499996 0.353024390625 0.42813432812499996 0.353024390625 0.5668905468750001 0.4184878046875 0.5668905468750001 0.4184878046875 0.42813432812499996
2 0.382978721875 0.3895416515625 0.3840166046875 0.41071239375 0.35184224375 0.40859532343750005 0.35184224375 0.427648990625 0.3840166046875 0.427648990625 0.38505448750000004 0.44458558281249994 0.39750908281249997 0.44670265625 0.39854696562499997 0.42976606406249995 0.417228853125 0.42976606406249995 0.420342503125 0.4149465421875 0.39750908281249997 0.4096538609375 0.39958484843750003 0.3916587265625 0.382978721875 0.3895416515625
6 0.57704878125 0.0444527359375 0.5614878046875 0.0444527359375 0.5614878046875 0.7070895515625 0.57704878125 0.7070895515625 0.57704878125 0.0444527359375
1 0.730414634375 0.5380845765625 0.57895121875 0.5380845765625 0.57895121875 0.6009203984375 0.730414634375 0.6009203984375 0.730414634375 0.5380845765625
2 0.6040477421875 0.55255636875 0.61754021875 0.55255636875 0.615464453125 0.5387953828125001 0.6372599906249999 0.5398539203125 0.6351842249999999 0.5186831796875 0.6196159859375 0.5186831796875 0.6185781031250001 0.5038636609375 0.605085625 0.5017465875 0.6030098578125 0.521858790625 0.581214321875 0.520800253125 0.5801764390625 0.5387953828125001 0.6040477421875 0.5377368453125 0.6040477421875 0.55255636875
2 0.70991178125 0.5631417359374999 0.7109496640625 0.576902721875 0.7296315515625 0.575844184375 0.7296315515625 0.5980734625 0.7431240296875 0.5980734625 0.7441619078125 0.574785646875 0.7721847421875 0.577961259375 0.7701089750000001 0.5652588109375001 0.745199790625 0.5620831984375 0.745199790625 0.5387953828125001 0.7296315515625 0.5398539203125 0.7296315515625 0.5631417359374999 0.70991178125 0.5631417359374999
6 0.660093409375 0.6562930046875 0.6580176437499999 0.621361278125 0.6787752968749999 0.621361278125 0.6787752968749999 0.60336615 0.6351842249999999 0.6023076125 0.6382978734375 0.620302740625 0.6476388140625 0.6192442046875 0.64660093125 0.6562930046875 0.574987025 0.6562930046875 0.577062790625 0.671112521875 0.6445251703125 0.671112521875 0.6414115218750001 0.7250979156249999 0.674623765625 0.7250979156249999 0.6735858828125 0.7123954671875 0.6590555265625 0.7113369296875 0.6559418781249999 0.672171059375 0.72859366875 0.671112521875 0.7275557859374999 0.71027839375 0.71821484375 0.71027839375 0.7171769609374999 0.722980840625 0.726517903125 0.721922303125 0.726517903125 0.734624746875 0.7410482640625 0.734624746875 0.7410482640625 0.672171059375 0.9019200828124999 0.672171059375 0.9039958484374999 0.6552344671875 0.7410482640625 0.6552344671875 0.742086146875 0.599132 0.730669434375 0.5980734625 0.7296315515625 0.6562930046875 0.660093409375 0.6562930046875
0 0.647804878125 0.620895521875 0.5795121953125 0.620895521875 0.5795121953125 0.65472636875 0.647804878125 0.65472636875 0.647804878125 0.620895521875
1 0.72782926875 0.671616915625 0.657243903125 0.671616915625 0.657243903125 0.7082835828125 0.72782926875 0.7082835828125 0.72782926875 0.671616915625
1 0.7278536578125 0.6231840796875 0.6611219515625 0.6231840796875 0.6611219515625 0.6559203984375 0.7278536578125 0.6559203984375 0.7278536578125 0.6231840796875
2 0.696419303125 0.6414734828124999 0.7078360140625 0.6414734828124999 0.70679813125 0.621361278125 0.730669434375 0.6192442046875 0.72859366875 0.6001905375 0.704722365625 0.6001905375 0.7026466 0.574785646875 0.6943435421874999 0.573727109375 0.69538141875 0.6001905375 0.6787752968749999 0.6001905375 0.6777374140625 0.621361278125 0.6974571859375 0.622419815625 0.696419303125 0.6414734828124999
2 0.6185781031250001 0.635122259375 0.6289569265625 0.6361807953125 0.62791904375 0.622419815625 0.6382978734375 0.623478353125 0.63933575625 0.6044246859375 0.625843278125 0.6044246859375 0.6237675125 0.5917222390625 0.6144265703125 0.5906637015625 0.6144265703125 0.6023076125 0.5988583265625 0.601249075 0.601971975 0.6181856671875 0.6185781031250001 0.6181856671875 0.6185781031250001 0.635122259375
1 0.7254878046875 0.7250995031249999 0.44007317031250004 0.7250995031249999 0.44007317031250004 0.7790796015625 0.7254878046875 0.7790796015625 0.7254878046875 0.7250995031249999
2 0.6216917515625 0.734624746875 0.632070575 0.7335662140625 0.6341463421875 0.722980840625 0.6414115218750001 0.7250979156249999 0.6445251703125 0.7081613234375 0.6299948093750001 0.71027839375 0.6310326921875 0.6933418015624999 0.6216917515625 0.6912247265625 0.6196159859375 0.7071027859375 0.6030098578125 0.7049857109375 0.607161390625 0.721922303125 0.6227296296875 0.720863765625 0.6216917515625 0.734624746875
2 0.6912298921875 0.7430930453125 0.7036844828125 0.7409759703125001 0.7036844828125 0.724039378125 0.7213284875 0.7250979156249999 0.7192527265625 0.7092198562500001 0.704722365625 0.7113369296875 0.7036844828125 0.6933418015624999 0.690192009375 0.6933418015624999 0.690192009375 0.7071027859375 0.6756616484375 0.7081613234375 0.6735858828125 0.7250979156249999 0.6933056578125 0.722980840625 0.6912298921875 0.7430930453125
2 0.6870783609375 0.8193077171875001 0.704722365625 0.820366253125 0.704722365625 0.798136975 0.71821484375 0.80025405 0.7192527265625 0.7822589203125 0.7036844828125 0.7812003828125 0.704722365625 0.7653223234375 0.6870783609375 0.7632052484375 0.690192009375 0.7801418453125 0.6704722390625 0.778024771875 0.6715101171875 0.7991955125 0.6881162437499999 0.80025405 0.6870783609375 0.8193077171875001
3 0.43902439062500004 0.6467661687499999 0.4193170734375 0.6467661687499999 0.4193170734375 0.9071641796875 0.43902439062500004 0.9071641796875 0.43902439062500004 0.6467661687499999
4 0.585365853125 0.8584735875 0.53866113125 0.8563565171875 0.5376232484375 0.80025405 0.443175921875 0.7970784375 0.43798650781250004 0.9114004421875 0.5843279703125 0.9114004421875 0.585365853125 0.8584735875
6 0.4462682921875 0.7811940296875 0.43695121875 0.7811940296875 0.43695121875 0.7960199 0.4462682921875 0.7960199 0.4462682921875 0.7811940296875
2 0.461857809375 0.80978088125 0.47119875625 0.80978088125 0.4701608734375 0.7991955125 0.48572911249999995 0.798136975 0.4846912296875 0.7822589203125 0.47119875625 0.7822589203125 0.4722366390625 0.7684979359375 0.46081992656250004 0.7674393984375001 0.46081992656250004 0.7822589203125 0.443175921875 0.7822589203125 0.4452516875 0.7991955125 0.461857809375 0.7991955125 0.461857809375 0.80978088125
2 0.4929942921875 0.74521011875 0.5054488828125 0.74521011875 0.506486765625 0.7250979156249999 0.53035806875 0.724039378125 0.53035806875 0.7060442484375 0.5044109999999999 0.7060442484375 0.5033731171875 0.6859320390625 0.48988064375 0.6838149703124999 0.48780487812500006 0.7039271734375 0.4628956921875 0.7039271734375 0.461857809375 0.722980840625 0.491956409375 0.720863765625 0.4929942921875 0.74521011875
1 0.4182682921875 0.5822139296875 0.19617073125 0.5822139296875 0.19617073125 0.6562935328124999 0.4182682921875 0.6562935328124999 0.4182682921875 0.5822139296875
2 0.2968344578125 0.59489785 0.3165542296875 0.59489785 0.315516346875 0.5821954078125 0.3373118828125 0.5821954078125 0.3373118828125 0.5673758859375 0.312402696875 0.5652588109375001 0.312402696875 0.5493807562499999 0.3020238734375 0.54832221875 0.300985990625 0.5684344234375 0.279190453125 0.5673758859375 0.279190453125 0.5843124828125 0.29994810781250003 0.5821954078125 0.2968344578125 0.59489785
2 0.22418266875 0.60336615 0.23871302499999997 0.6001905375 0.2376751421875 0.5821954078125 0.252205503125 0.5832539453125001 0.249091853125 0.5673758859375 0.233523609375 0.5673758859375 0.235599375 0.5514978312500001 0.22106901875 0.55043929375 0.22106901875 0.5652588109375001 0.20342501406250002 0.5652588109375001 0.20342501406250002 0.5832539453125001 0.2252205515625 0.5821954078125 0.22418266875 0.60336615
2 0.1785158296875 0.6298295765625 0.17955371250000002 0.64994178125 0.196159834375 0.65100031875 0.1982356 0.6308881140625 0.22314478593749998 0.6298295765625 0.2200311359375 0.620302740625 0.1982356 0.620302740625 0.1971977171875 0.599132 0.1805915953125 0.599132 0.1805915953125 0.620302740625 0.1567202921875 0.620302740625 0.1567202921875 0.6298295765625 0.1785158296875 0.6298295765625
4 0.4162195125 0.6743034828125001 0.2221219515625 0.6743034828125001 0.2221219515625 0.9071890546875 0.4162195125 0.9071890546875 0.4162195125 0.6743034828125001
2 0.3580695359375 0.7081613234375 0.368448365625 0.7092198562500001 0.3694862484375 0.6753466718750001 0.3912817859375 0.6753466718750001 0.390243903125 0.66052715 0.368448365625 0.6584100796875 0.3694862484375 0.6372393328125 0.36014530312500004 0.6372393328125 0.36014530312500004 0.66052715 0.3310845859375 0.6594686125 0.3310845859375 0.673229596875 0.35910741874999996 0.673229596875 0.3580695359375 0.7081613234375
2 0.38920601875 0.6181856671875 0.387130253125 0.6298295765625 0.417228853125 0.6298295765625 0.417228853125 0.65205885625 0.436948625 0.6488832437500001 0.43902439062500004 0.6277125031249999 0.46081992656250004 0.6287710390625 0.45874416093750003 0.6192442046875 0.43798650781250004 0.620302740625 0.44006227343750004 0.599132 0.420342503125 0.599132 0.4182667359375 0.620302740625 0.38920601875 0.6181856671875
2 0.10067462499999999 0.6922832640625 0.11312921406250001 0.6891076515625 0.11105344843750001 0.673229596875 0.135962634375 0.673229596875 0.135962634375 0.6562930046875 0.11105344843750001 0.6552344671875 0.11105344843750001 0.6435905578125001 0.1037882734375 0.6425320203125 0.10067462499999999 0.6541759296875 0.076803321875 0.65311739375 0.0778412046875 0.673229596875 0.10067462499999999 0.672171059375 0.10067462499999999 0.6922832640625
6 0.716139078125 0.7801418453125 0.71821484375 0.798136975 0.726517903125 0.7960199 0.72548001875 0.9124589796875 0.742086146875 0.9114004421875 0.7431240296875 0.7727320843750001 0.726517903125 0.7727320843750001 0.726517903125 0.7790833078125 0.716139078125 0.7801418453125
2 0.70991178125 0.7642637859375 0.72548001875 0.7621467109375 0.723404253125 0.774849159375 0.7431240296875 0.774849159375 0.7431240296875 0.7621467109375 0.75557861875 0.7621467109375 0.75557861875 0.75050280625 0.7431240296875 0.75050280625 0.7462376734375 0.7325076765625 0.723404253125 0.7325076765625 0.723404253125 0.74944426875 0.7078360140625 0.74732719375 0.70991178125 0.7642637859375
3 0.79604878125 0.386393034375 0.6933170734375 0.386393034375 0.6933170734375 0.413905471875 0.79604878125 0.413905471875 0.79604878125 0.386393034375
3 0.3850731703125 0.013756218749999998 0.2532682921875 0.013756218749999998 0.2532682921875 0.0444527359375 0.3850731703125 0.0444527359375 0.3850731703125 0.013756218749999998
6 0.244940321875 0.1333756765625 0.24286455624999997 0.1587805671875 0.22833420000000001 0.1587805671875 0.22625843437499998 0.177834234375 0.31759211249999997 0.177834234375 0.3144784640625 0.31120990625 0.33212246875 0.31120990625 0.3279709421875 0.04551709375 0.312402696875 0.0444585578125 0.312402696875 0.1333756765625 0.244940321875 0.1333756765625
3 0.34665853593749996 0.30910447812499997 0.258414634375 0.30910447812499997 0.258414634375 0.32711442812499997 0.34665853593749996 0.32711442812499997 0.34665853593749996 0.30910447812499997
5 0.559414634375 0.328134328125 0.43902439062500004 0.328134328125 0.43902439062500004 0.5398258703125001 0.559414634375 0.5398258703125001 0.559414634375 0.328134328125
3 0.5604634140625 0.30696517343749996 0.40480487812500004 0.30696517343749996 0.40480487812500004 0.3270646765625 0.5604634140625 0.3270646765625 0.5604634140625 0.30696517343749996
3 0.0632926828125 0.42661691562500004 0.039439025 0.42661691562500004 0.039439025 0.5430348265625 0.0632926828125 0.5430348265625 0.0632926828125 0.42661691562500004
3 0.06331707343750001 0.61074626875 0.037365853125 0.61074626875 0.037365853125 0.7314427859375 0.06331707343750001 0.7314427859375 0.06331707343750001 0.61074626875
3 0.2885365859375 0.9050497515625 0.1940975609375 0.9050497515625 0.1940975609375 0.93574626875 0.2885365859375 0.93574626875 0.2885365859375 0.9050497515625
3 0.478439025 0.9082338312499999 0.36117073125 0.9082338312499999 0.36117073125 0.93574626875 0.478439025 0.93574626875 0.478439025 0.9082338312499999
3 0.641414634375 0.910348259375 0.546975609375 0.910348259375 0.546975609375 0.9400000000000001 0.641414634375 0.9400000000000001 0.641414634375 0.910348259375
3 0.76495121875 0.9093034828125001 0.7140731703125 0.9093034828125001 0.7140731703125 0.9410447765625 0.76495121875 0.9410447765625 0.76495121875 0.9093034828125001
3 0.9278780484375 0.5715920390625 0.90295121875 0.5715920390625 0.90295121875 0.7272139296875 0.9278780484375 0.7272139296875 0.9278780484375 0.5715920390625
3 0.6258536578125 0.3885074625 0.57395121875 0.3885074625 0.57395121875 0.4117910453125 0.6258536578125 0.4117910453125 0.6258536578125 0.3885074625
3 0.43695121875 0.32601990000000003 0.42139024375 0.32601990000000003 0.42139024375 0.5980597015625 0.43695121875 0.5980597015625 0.43695121875 0.32601990000000003
7 0.06431707343750001 0.35885572187500003 0.0404634140625 0.35885572187500003 0.0404634140625 0.42552238750000004 0.06431707343750001 0.42552238750000004 0.06431707343750001 0.35885572187500003
7 0.0622682921875 0.5430348265625 0.038414634375 0.5430348265625 0.038414634375 0.6097014921875 0.0622682921875 0.6097014921875 0.0622682921875 0.5430348265625
7 0.0632926828125 0.7314427859375 0.039439025 0.7314427859375 0.039439025 0.8097512437500001 0.0632926828125 0.8097512437500001 0.0632926828125 0.7314427859375
7 0.066439025 0.199004975 0.04360975625 0.199004975 0.04360975625 0.27203980156249996 0.066439025 0.27203980156249996 0.066439025 0.199004975
3 0.0695381421875 0.0402244078125 0.17955371250000002 0.0412829453125 0.1805915953125 0.0148195171875 0.0435910734375 0.0148195171875 0.0435910734375 0.2000635125 0.06850025781249999 0.2000635125 0.0695381421875 0.0402244078125
3 0.06746237499999999 0.9050492234374999 0.06642449218749999 0.80978088125 0.039439542187499996 0.8087223437500001 0.039439542187499996 0.9325711890624999 0.1338868734375 0.9346882593749999 0.1338868734375 0.9071662984375 0.06746237499999999 0.9050492234374999
3 0.92682926875 0.8034296609375 0.9019200828124999 0.8044881984375 0.9019200828124999 0.90928336875 0.8344577078125001 0.91034190625 0.8344577078125001 0.9410394828124999 0.928905034375 0.9410394828124999 0.92682926875 0.8034296609375
3 0.5801764390625 0.0148195171875 0.4525168640625 0.0127024421875 0.4525168640625 0.0444585578125 0.5832900875 0.0444585578125 0.5801764390625 0.0148195171875
6 0.16604878125 0.1640796015625 0.0684878046875 0.1640796015625 0.0684878046875 0.178905471875 0.16604878125 0.178905471875 0.16604878125 0.1640796015625
6 0.46182926875 0.7060447765625 0.437975609375 0.7060447765625 0.437975609375 0.7219154234375 0.46182926875 0.7219154234375 0.46182926875 0.7060447765625
6 0.603024390625 0.705 0.5282926828125001 0.705 0.5282926828125001 0.720870646875 0.603024390625 0.720870646875 0.603024390625 0.705
6 0.4182926828125 0.6605223875 0.38921951250000003 0.6605223875 0.38921951250000003 0.6732089546875 0.4182926828125 0.6732089546875 0.4182926828125 0.6605223875
6 0.0778536578125 0.65522388125 0.06331707343750001 0.65522388125 0.06331707343750001 0.672139303125 0.0778536578125 0.672139303125 0.0778536578125 0.65522388125
3 0.18268292656250001 0.427636815625 0.137024390625 0.427636815625 0.137024390625 0.5028109453125 0.18268292656250001 0.5028109453125 0.18268292656250001 0.427636815625
3 0.7462195125 0.4636567171875 0.678756096875 0.4636567171875 0.678756096875 0.53773631875 0.7462195125 0.53773631875 0.7462195125 0.4636567171875
4 0.180585365625 0.49965174062499995 0.065365853125 0.49965174062499995 0.065365853125 0.6541791046875 0.180585365625 0.6541791046875 0.180585365625 0.49965174062499995
6 0.138024390625 0.481641790625 0.06539024375 0.481641790625 0.06539024375 0.4985572140625 0.138024390625 0.4985572140625 0.138024390625 0.481641790625
6 0.746243903125 0.412860696875 0.7317073171875 0.412860696875 0.7317073171875 0.4636567171875 0.746243903125 0.4636567171875 0.746243903125 0.412860696875
6 0.6777560968749999 0.51975124375 0.6341463421875 0.51975124375 0.6341463421875 0.53776119375 0.6777560968749999 0.53776119375 0.6777560968749999 0.51975124375
6 0.6009024390625 0.6023134328124999 0.57704878125 0.6023134328124999 0.57704878125 0.6181840796875 0.6009024390625 0.6181840796875 0.6009024390625 0.6023134328124999
6 0.540736896875 0.8552979796875 0.5832900875 0.8552979796875 0.5843279703125 0.9114004421875 0.599896209375 0.9114004421875 0.599896209375 0.7970784375 0.66943435625 0.7970784375 0.6704722390625 0.7812003828125 0.4846912296875 0.7801418453125 0.4826154640625 0.7970784375 0.5396990140625 0.7970784375 0.540736896875 0.8552979796875
4 0.90295121875 0.6721890546875 0.7410487812500001 0.6721890546875 0.7410487812500001 0.9093034828125001 0.90295121875 0.9093034828125001 0.90295121875 0.6721890546875
1 0.5573658531250001 0.5419651734375 0.43902439062500004 0.5419651734375 0.43902439062500004 0.703905471875 0.5573658531250001 0.703905471875 0.5573658531250001 0.5419651734375
0 0.6439024390625 0.672636815625 0.57560975625 0.672636815625 0.57560975625 0.7064676609375 0.6439024390625 0.7064676609375 0.6439024390625 0.672636815625
1 0.26185365781250003 0.50800995 0.19639024375 0.50800995 0.19639024375 0.5669154234375 0.26185365781250003 0.5669154234375 0.26185365781250003 0.50800995
3 0.9037227218749999 0.500130925 0.9293966640625 0.500130925 0.9306803609375001 0.3888452484375 0.8664955078125001 0.3875360046875 0.865211809375 0.4111023828125 0.9037227218749999 0.4111023828125 0.9037227218749999 0.500130925