4 0.45446645781250006 0.9376534124999999 0.69951338125 0.940108003125 0.7003823437500001 0.7584683375 0.6543274234374999 0.7560137453125 0.6560653453125 0.10432007968749998 0.32064650625 0.09818360468750001 0.318039625 0.697103584375 0.45533541875 0.6995581750000001 0.45446645781250006 0.9376534124999999
7 0.6031995140624999 0.0458247421875 0.43086374687499995 0.0458247421875 0.43086374687499995 0.1002233671875 0.6031995140624999 0.1002233671875 0.6031995140624999 0.0458247421875
4 0.9619343062500001 0.1043127140625 0.6734428218749999 0.1043127140625 0.6734428218749999 0.589089346875 0.9619343062500001 0.589089346875 0.9619343062500001 0.1043127140625
7 0.9083576640625 0.0486769765625 0.735 0.0486769765625 0.735 0.1045189 0.9083576640625 0.1045189 0.9083576640625 0.0486769765625
4 0.302408759375 0.22091065312499997 0.07126520625 0.22091065312499997 0.07126520625 0.69585910625 0.302408759375 0.69585910625 0.302408759375 0.22091065312499997
7 0.2787834546875 0.174690721875 0.21085158124999998 0.174690721875 0.21085158124999998 0.22338487968749998 0.2787834546875 0.22338487968749998 0.2787834546875 0.174690721875
2 0.1781369484375 0.2528227796875 0.185088634375 0.2565046625 0.18595759375 0.2258222890625 0.21202641562500002 0.22459499374999997 0.21028849374999997 0.17182130625 0.187695515625 0.16813941875 0.187695515625 0.13868434062499999 0.181612790625 0.1374570453125 0.181612790625 0.16936671406249998 0.1564129296875 0.16936671406249998 0.15554396875 0.22336769687500002 0.1772679875 0.22459499374999997 0.1781369484375 0.2528227796875
1 0.45446645781250006 0.7020127625 0.3727841515625 0.7007854671875 0.3719151890625 0.724104075 0.2294056296875 0.7204221890625 0.22853666874999998 0.9327442296875 0.4527285375 0.9376534124999999 0.45446645781250006 0.7020127625
2 0.25895029375 0.738831615625 0.26590198125 0.7400589109375 0.26590198125 0.7204221890625 0.293708725 0.71919489375 0.2928397640625 0.6958762890625 0.2667709421875 0.69464899375 0.26763990312499997 0.6786941578125 0.257212375 0.6786941578125 0.2563434140625 0.6958762890625 0.23027459062500003 0.693421696875 0.23288147499999998 0.71919489375 0.2606882171875 0.7204221890625 0.25895029375 0.738831615625
0 0.0686478984375 0.9339715249999999 0.2111574546875 0.9327442296875 0.2137643375 0.71919489375 0.0947167171875 0.7179675984375 0.09558567812499999 0.8014236625000001 0.06951685937499999 0.8014236625000001 0.0686478984375 0.9339715249999999
6 0.0947167171875 0.71674030625 0.2155022609375 0.71919489375 0.2155022609375 0.7376043203125 0.2294056296875 0.738831615625 0.22853666874999998 0.7179675984375 0.2354883546875 0.71919489375 0.2311435515625 0.697103584375 0.066909975 0.6983308796875 0.066909975 0.8014236625000001 0.0947167171875 0.8014236625000001 0.0947167171875 0.71674030625
2 0.2007299265625 0.768286696875 0.2007299265625 0.7817869421875 0.2128953765625 0.7817869421875 0.2137643375 0.8136966109375001 0.2276677109375 0.8149239078124999 0.2294056296875 0.7842415328125 0.2389642 0.7842415328125 0.2389642 0.77196858125 0.2311435515625 0.77196858125 0.2311435515625 0.738831615625 0.2137643375 0.7400589109375 0.21202641562500002 0.7695139890625 0.2007299265625 0.768286696875
1 0.96281021875 0.608728521875 0.686484184375 0.608728521875 0.686484184375 0.7363573890625 0.96281021875 0.7363573890625 0.96281021875 0.608728521875
2 0.83072645 0.633284240625 0.8385470968750001 0.6320569453125 0.8394160578125 0.6124202265625 0.8767813703125 0.6099656359375001 0.8750434484375 0.5903289140625 0.8385470968750001 0.5903289140625 0.8402850187500001 0.56455571875 0.8298574921874999 0.5633284234375 0.83072645 0.5878743265625 0.795968021875 0.58664703125 0.7968369828124999 0.6124202265625 0.8298574921874999 0.61119293125 0.83072645 0.633284240625
0 0.924574209375 0.8640157078125 0.9497740703125 0.865243003125 0.9515119921874999 0.7584683375 0.716023634375 0.7572410406250001 0.716023634375 0.9425625906249999 0.9254431703125 0.9425625906249999 0.924574209375 0.8640157078125
2 0.862871046875 0.737611684375 0.8029197078125 0.737611684375 0.8029197078125 0.759707903125 0.862871046875 0.759707903125 0.862871046875 0.737611684375
2 0.3953771296875 1 0.39711505156250004 0.9658811999999999 0.4318734796875 0.9671084921875 0.4318734796875 0.9388807078125 0.39711505156250004 0.9388807078125 0.396246090625 0.8885616109375001 0.390163365625 0.8861070203124999 0.38929440312499997 0.9339715249999999 0.35106013125 0.9339715249999999 0.3536670140625 0.9634266078125 0.38929440312499997 0.9634266078125 0.38929440312499997 1 0.3953771296875 1
1 0.284160584375 0.0576804125 0.07126520625 0.0576804125 0.07126520625 0.17427835 0.284160584375 0.17427835 0.284160584375 0.0576804125
6 0.2702467859375 0.025773195312500004 0.27111574374999997 0.0405007359375 0.172923184375 0.04172803125 0.07386166250000001 0.0233186046875 0.0721237390625 0.0368188515625 0.066909975 0.038046148437499996 0.0686478984375 0.0540009828125 0.0721237390625 0.0540009828125 0.0729927 0.06627393125 0.081682309375 0.068728521875 0.0790754265625 0.0589101609375 0.19812304375 0.060137457812499996 0.279805353125 0.072410409375 0.279805353125 0.061364753125000004 0.2867570390625 0.060137457812499996 0.2867570390625 0.045409917187499996 0.2789363921875 0.039273440625 0.279805353125 0.027000492187500003 0.2702467859375 0.025773195312500004
6 0.371046228125 0.721649484375 0.371046228125 0.6983308796875 0.318039625 0.6983308796875 0.318039625 0.2221404015625 0.3067431359375 0.2221404015625 0.30326729218750004 0.6983308796875 0.293708725 0.6995581750000001 0.2928397640625 0.71919489375 0.371046228125 0.721649484375
6 0.9506430312499999 0.8664702984374999 0.9254431703125 0.8640157078125 0.9237052484375001 0.9450171828125 0.9619395203125001 0.9450171828125 0.9654153624999999 0.7425135015625 0.8620090359375 0.738831615625 0.863746959375 0.7584683375 0.9515119921874999 0.7560137453125 0.9506430312499999 0.8664702984374999
6 0.7950990609375 0.58910161875 0.6699687171875001 0.58910161875 0.6699687171875001 0.5694649 0.6560653453125 0.5706921953124999 0.655196384375 0.75478645 0.69951338125 0.7560137453125 0.7003823437500001 0.9450171828125 0.714285715625 0.9450171828125 0.714285715625 0.75478645 0.8029197078125 0.7572410406250001 0.8020507468750001 0.738831615625 0.685610009375 0.7400589109375 0.685610009375 0.6075110453125 0.795968021875 0.6099656359375001 0.7950990609375 0.58910161875
2 0.64476885625 0.5338733437500001 0.6543274234374999 0.5351006390624999 0.6543274234374999 0.5719194875 0.6725755984374999 0.5694649 0.671706640625 0.5338733437500001 0.6873479312499999 0.5326460484375 0.6864789703125 0.5228276875 0.6725755984374999 0.5216003921875 0.6725755984374999 0.48232695156250005 0.655196384375 0.483554246875 0.6569343062499999 0.5191458046874999 0.6438998953125 0.5191458046874999 0.64476885625 0.5338733437500001
6 0.35626520625 0.9364261171875 0.037360096875 0.9364261171875 0.037360096875 0.9609622 0.35626520625 0.9609622 0.35626520625 0.9364261171875
6 0.22852798124999998 0.8136769765625 0.21375912343749998 0.8136769765625 0.21375912343749998 0.9351890031250001 0.22852798124999998 0.9351890031250001 0.22852798124999998 0.8136769765625
6 0.965413625 0.5915635734375 0.87590024375 0.5915635734375 0.87590024375 0.6111855671875001 0.965413625 0.6111855671875001 0.965413625 0.5915635734375
6 0.6708394156249999 0.10063573906250001 0.656946471875 0.10063573906250001 0.656946471875 0.4823195875 0.6708394156249999 0.4823195875 0.6708394156249999 0.10063573906250001
6 0.5187695515625 0.9671084921875 0.9862704203125 0.970790378125 0.9862704203125 0.9450171828125 0.43100451875 0.9376534124999999 0.4301355578125 0.9621993124999999 0.5152937078125001 0.9621993124999999 0.5187695515625 0.9671084921875
3 0.96280848125 0.9462444781249999 0.985401459375 0.9462444781249999 0.98800834375 0.10432007968749998 1 0.10432007968749998 0.9993048328125 0.050319096875000004 0.9071949953124999 0.0515463921875 0.90806395625 0.10432007968749998 0.9662843234375 0.10432007968749998 0.96280848125 0.9462444781249999
3 0.7351338203125 0.046649484375 0.60218978125 0.046649484375 0.60218978125 0.1018728515625 0.7351338203125 0.1018728515625 0.7351338203125 0.046649484375
3 0.1555474453125 0.1718041234375 0.01043795625 0.1718041234375 0.01043795625 0.22091065312499997 0.1555474453125 0.22091065312499997 0.1555474453125 0.1718041234375
3 0.07038929375 0.0417353953125 0.046058393749999996 0.0417353953125 0.046058393749999996 0.1730412375 0.07038929375 0.1730412375 0.07038929375 0.0417353953125
3 0.27806743125 0.2258222890625 0.3189085859375 0.2258222890625 0.31977754531249997 0.09818360468750001 0.4318734796875 0.099410896875 0.4344803625 0.045409917187499996 0.2850191171875 0.0429553265625 0.2850191171875 0.1755031921875 0.27806743125 0.174275896875 0.27806743125 0.2258222890625
3 0.0686478984375 0.935198821875 0.071254778125 0.2196858109375 0.0460549171875 0.2196858109375 0.043448035937500004 0.935198821875 0.0686478984375 0.935198821875