3 0.5015479875 0.47992259375 0.5025799796875 0.5050798265625 0.5252837968749999 0.5060474125 0.52425180625 0.32510885312500004 0.8575851390624999 0.32801161093750003 0.8575851390624999 0.35703918749999997 0.8854489171875001 0.35703918749999997 0.8833849328125 0.3502660859375 0.9287925703125 0.351233671875 0.9277605781249999 0.302854378125 0.9360165125 0.302854378125 0.933952528125 0.29414610625000004 0.9205366359375 0.295113690625 0.9153766765625001 0.2757619734375 0.9081527359375 0.27479438749999996 0.9112487109374999 0.29704886406250003 0.89370485 0.2960812765625 0.89370485 0.302854378125 0.8988648093749999 0.3038219640625 0.8998967999999999 0.31156265156249996 0.528379771875 0.3057571359375 0.5304437562500001 0.21577164999999998 0.5056759546875 0.217706821875 0.5036119703125 0.4576681171875 0.49019607968749995 0.4567005328125 0.48916408593750005 0.480890178125 0.5015479875 0.47992259375
2 0.8456900765625001 0.401802765625 0.8456900765625001 0.411733253125 0.855466840625 0.41096936875 0.854652109375 0.426247040625 0.8872413234375 0.42548315625 0.8872413234375 0.412497134375 0.8970180859375001 0.41020548437500004 0.8970180859375001 0.4048582984375 0.8864265921875001 0.4048582984375 0.8864265921875001 0.3926361625 0.8570963015625 0.3926361625 0.854652109375 0.4025666484375 0.8456900765625001 0.401802765625
7 0.8854411765625001 0.3560740203125 0.8555185765625 0.3560740203125 0.8555185765625 0.39187953593749997 0.8854411765625001 0.39187953593749997 0.8854411765625001 0.3560740203125
3 0.8482972140625 0.5805515234375 0.901960784375 0.5795839375 0.901960784375 0.604741171875 0.9298245625 0.6037735843750001 0.9298245625 0.540880503125 0.8875128999999999 0.540880503125 0.8864809093750001 0.533139815625 0.8586171312499999 0.533139815625 0.8586171312499999 0.5621673921875 0.8482972140625 0.56119980625 0.8482972140625 0.5805515234375
7 0.886478328125 0.50894775 0.8565557281249999 0.50894775 0.8565557281249999 0.533142234375 0.886478328125 0.533142234375 0.886478328125 0.50894775
7 0.9298297218749999 0.60183599375 0.8926780187500001 0.60183599375 0.8926780187500001 0.67633526875 0.9298297218749999 0.67633526875 0.9298297218749999 0.60183599375
7 0.6233204328124999 0.8137373 0.5748219812500001 0.8137373 0.5748219812500001 0.8408345421875 0.6233204328124999 0.8408345421875 0.6233204328124999 0.8137373
3 0.0825593390625 0.0754716984375 0.1145510828125 0.0754716984375 0.1145510828125 0.0532172234375 0.3591331265625 0.058055153125 0.358101134375 0.17513304375 0.1640866875 0.17416545781249998 0.1620227046875 0.1906144171875 0.35706914375 0.1935171734375 0.35706914375 0.26028060000000003 0.3849329203125 0.262215771875 0.388028896875 0.07837445625 0.400412796875 0.0803096265625 0.400412796875 0.0754716984375 0.41382868906250003 0.0745041125 0.41486068125 0.06869859687499999 0.400412796875 0.066763425 0.3983488125 0.060957909374999994 0.3797729609375 0.05999032343750001 0.3787409703125 0.04063860625 0.3859649125 0.0328979203125 0.377708978125 0.0328979203125 0.3694530453125 0.016448959375 0.36532507812500004 0.030962746875000002 0.36016511875 0.0299951625 0.3622291015625 0.042573778125 0.11145510781250001 0.036768262499999996 0.11248709999999999 0.031930334375 0.1186790515625 0.0270924046875 0.10629515 0.025157232812500003 0.103199175 0.0077406859375 0.09494324062500001 0.0077406859375 0.0918472640625 0.024189646875 0.072239421875 0.024189646875 0.0732714140625 0.031930334375 0.0825593390625 0.031930334375 0.0825593390625 0.0396710203125 0.011351909375 0.0396710203125 0.011351909375 0.06289308125000001 0.0825593390625 0.0638606671875 0.0825593390625 0.0754716984375
7 0.11454334375 0.07450653125 0.0815247671875 0.07450653125 0.0815247671875 0.1257837453125 0.11454334375 0.1257837453125 0.11454334375 0.07450653125
3 0.06707946249999999 0.295113690625 0.06707946249999999 0.28640541875 0.059855521875 0.28640541875 0.059855521875 0.30091920625 0.0350877203125 0.302854378125 0.034055728125000004 0.3096274796875 0.057791537500000004 0.31156265156249996 0.056759546875 0.3299467828125 0.066047471875 0.332849540625 0.0650154796875 0.3222060953125 0.09391125 0.3222060953125 0.0918472640625 0.49637155312500003 0.110423115625 0.4954039671875 0.110423115625 0.47605225000000007 0.1186790515625 0.47508466250000003 0.1186790515625 0.45283018906250005 0.10939112499999999 0.45283018906250005 0.1155830765625 0.128688921875 0.08152734843750001 0.1257861640625 0.07739938125 0.29414610625000004 0.06707946249999999 0.295113690625
3 0.18679050625 0.5757135953125 0.184726521875 0.84373488125 0.1547987609375 0.853410740625 0.1568627453125 0.8621190125 0.18369453125 0.8621190125 0.18059855625000001 0.8766328015625 0.18679050625 0.8717948718749999 0.1857585140625 0.9192065796875 0.18059855625000001 0.920174165625 0.181630546875 0.936623125 0.22187822499999998 0.936623125 0.220846234375 0.9192065796875 0.204334365625 0.9192065796875 0.204334365625 0.8708272859375 0.26522187812500003 0.8717948718749999 0.2641898875 0.8427672953125 0.204334365625 0.84373488125 0.204334365625 0.6908563140624999 0.30856553125 0.6918238999999999 0.307533540625 0.6724721812500001 0.2053663578125 0.6724721812500001 0.2063983484375 0.5737784218749999 0.5025799796875 0.5766811796875 0.5046439625 0.5844218671875 0.52734778125 0.58345428125 0.528379771875 0.5766811796875 0.5572755421875 0.5786163531249999 0.5572755421875 0.5602322203125001 0.52425180625 0.5602322203125001 0.52425180625 0.5437832609375 0.5036119703125 0.5437832609375 0.5036119703125 0.5544267046875 0.10939112499999999 0.5495887765624999 0.10939112499999999 0.5341074015625 0.0908152734375 0.5341074015625 0.08978328125 0.552491534375 0.0712074296875 0.552491534375 0.0701754375 0.5718432515625 0.18679050625 0.5757135953125
1 0.3959589375 0.4789550078125 0.1091738640625 0.4751355890625 0.10835913281250001 0.5499961796874999 0.503503340625 0.55457948125 0.502688609375 0.482010540625 0.48965292343750005 0.4812466578125 0.4904676546875 0.4583301515625 0.504318071875 0.45756626718750004 0.504318071875 0.231456725 0.3861821734375 0.231456725 0.38455271406249997 0.45298296562499996 0.3959589375 0.45298296562499996 0.3959589375 0.4789550078125
3 0.3952528375 0.45476535937499996 0.3859649125 0.45476535937499996 0.3859649125 0.306724721875 0.358101134375 0.3057571359375 0.35706914375 0.3231736828125 0.36532507812500004 0.3231736828125 0.3663570703125 0.45863570468750003 0.16821465468750002 0.455732946875 0.1568627453125 0.45283018906250005 0.1568627453125 0.47798742031249997 0.3952528375 0.4789550078125 0.3952528375 0.45476535937499996
3 0.88545665625 0.42380986875 0.8565557281249999 0.42380986875 0.8565557281249999 0.477989840625 0.88545665625 0.477989840625 0.88545665625 0.42380986875
4 0.8937591656249999 0.8104804828125 0.8937591656249999 0.579787640625 0.5279452499999999 0.57902375625 0.5279452499999999 0.8142999015625 0.8937591656249999 0.8104804828125
6 0.90271671875 0.6752757625 0.8937538703125 0.6752757625 0.8937538703125 0.732561684375 0.90271671875 0.732561684375 0.90271671875 0.6752757625
3 0.93085139375 0.676342525 0.902987615625 0.676342525 0.902987615625 0.7314949203125 0.93085139375 0.7314949203125 0.93085139375 0.676342525
3 0.814233746875 0.8137373 0.6233204328124999 0.8137373 0.6233204328124999 0.841792453125 0.814233746875 0.841792453125 0.814233746875 0.8137373
7 0.932051490625 0.8417997093749999 0.9312367593750001 0.7318004734375 0.8953886265625 0.733328240625 0.8953886265625 0.8112443656250001 0.81391559375 0.8112443656250001 0.81391559375 0.8425635937499999 0.932051490625 0.8417997093749999
3 0.922608359375 0.8147097249999999 0.9029953562499999 0.8147097249999999 0.9029953562499999 0.8340566031250001 0.922608359375 0.8340566031250001 0.922608359375 0.8147097249999999
3 0.334365325 0.9443638125 0.40247677968750006 0.9443638125 0.40247677968750006 0.9163038218749999 0.3787409703125 0.9153362359375 0.3797729609375 0.84373488125 0.3261093921875 0.8447024671875001 0.32507739999999996 0.8708272859375 0.33642930781249997 0.8708272859375 0.334365325 0.9443638125
3 0.5077399375 0.9163038218749999 0.474716203125 0.9163038218749999 0.47574819375 0.9443638125 0.5366357078124999 0.9433962265625 0.5376676984375 0.8417997093749999 0.5737874109375001 0.8417997093749999 0.5748194015625 0.8137397203125 0.528379771875 0.8147073046875001 0.5294117640625 0.6753749390625 0.42414860625 0.6753749390625 0.42208462343750003 0.692791484375 0.5077399375 0.692791484375 0.5077399375 0.9163038218749999
3 0.78017801875 0.5602249640625 0.641896284375 0.5602249640625 0.641896284375 0.5786139328125001 0.78017801875 0.5786139328125001 0.78017801875 0.5602249640625
1 0.1882027046875 0.1924986625 0.11569170625 0.1909708953125 0.1116180546875 0.32083110625 0.1833143234375 0.3215949890625 0.1882027046875 0.1924986625
2 0.135245234375 0.20242915 0.140948346875 0.20395691718750003 0.140948346875 0.1924986625 0.1637607953125 0.1917347796875 0.164575525 0.1734015734375 0.1417630765625 0.1734015734375 0.14257780625 0.162707203125 0.1360599640625 0.162707203125 0.135245234375 0.17263768906250002 0.11569170625 0.17263768906250002 0.114062246875 0.1909708953125 0.134430503125 0.1909708953125 0.135245234375 0.20242915
2 0.1743522890625 0.25360934999999996 0.1751670203125 0.2612481859375 0.1857585140625 0.2620120703125 0.1865732453125 0.2818730421875 0.2020531203125 0.2826369265625 0.20286785156249998 0.2604843015625 0.21427407656250003 0.2604843015625 0.21264461406250001 0.2551371171875 0.20286785156249998 0.254373234375 0.2020531203125 0.23451225937500003 0.1865732453125 0.23527614375 0.1857585140625 0.254373234375 0.1743522890625 0.25360934999999996
2 0.3552224203125 0.2879841125 0.3560371515625 0.3063173171875 0.387811634375 0.3063173171875 0.388626365625 0.28874799375000004 0.40003258906249994 0.287220228125 0.399217859375 0.27881750781250003 0.387811634375 0.27881750781250003 0.388626365625 0.25972041875 0.3560371515625 0.2604843015625 0.3560371515625 0.28110915937500003 0.343816196875 0.28110915937500003 0.3446309265625 0.28645634375 0.3552224203125 0.2879841125
2 0.44076910468749997 0.2429149796875 0.44891640937500005 0.2429149796875 0.44973113906249995 0.233748378125 0.466840475 0.23298449375 0.466840475 0.2146512875 0.448101678125 0.2146512875 0.44891640937500005 0.20395691718750003 0.44076910468749997 0.20242915 0.44076910468749997 0.2146512875 0.4220303078125 0.213887403125 0.42365976875 0.2306928421875 0.439954375 0.231456725 0.44076910468749997 0.2429149796875
3 0.3462603890625 0.4048582984375 0.28108196093750004 0.40333053281250003 0.282711421875 0.3391643125 0.2957471078125 0.33992819375 0.2965618375 0.322358871875 0.2468632875 0.32083110625 0.24767801875 0.3391643125 0.265602084375 0.3391643125 0.26397262499999996 0.4399969453125 0.1865732453125 0.4384691765625 0.1882027046875 0.3368726609375 0.206941503125 0.3361087765625 0.20857096249999998 0.322358871875 0.1719080984375 0.3215949890625 0.1694639078125 0.45527461718750006 0.3649991859375 0.4583301515625 0.3641844546875 0.323886640625 0.33159524218750003 0.323886640625 0.332409971875 0.33840042812500004 0.34788984843750004 0.33992819375 0.3462603890625 0.4048582984375
2 0.2224213796875 0.3498586828125 0.23056868125 0.3498586828125 0.2313834125 0.3414559625 0.24930747968750003 0.3391643125 0.24767801875 0.3215949890625 0.23219814218749998 0.322358871875 0.23301287343750002 0.3124283859375 0.22486557031249998 0.31090061874999997 0.2240508390625 0.3215949890625 0.206941503125 0.3215949890625 0.206126771875 0.33992819375 0.22160664843750003 0.3414559625 0.2224213796875 0.3498586828125
2 0.311226984375 0.3498586828125 0.3185595578125 0.3513864484375 0.31774482656249997 0.33992819375 0.33159524218750003 0.3391643125 0.33078051249999996 0.32312275625 0.3193742859375 0.322358871875 0.31774482656249997 0.3124283859375 0.31285644375 0.31319227031249997 0.31285644375 0.3215949890625 0.294932378125 0.3215949890625 0.294932378125 0.33992819375 0.310412253125 0.33992819375 0.311226984375 0.3498586828125
2 0.135245234375 0.49117714531249995 0.1393188859375 0.491941028125 0.14013361562499999 0.47819112343750003 0.1588724140625 0.47971889062499995 0.160501875 0.45069131562500003 0.1417630765625 0.44916354687500004 0.14257780625 0.4392330609375 0.135245234375 0.4384691765625 0.134430503125 0.44839966249999996 0.1173211671875 0.44839966249999996 0.1173211671875 0.4766633578125 0.134430503125 0.47819112343750003 0.135245234375 0.49117714531249995
2 0.07739938125 0.5110381171875 0.07739938125 0.520204721875 0.0888056046875 0.5194408375 0.0888056046875 0.536246275 0.1091738640625 0.536246275 0.11080332343749999 0.520204721875 0.12302427812500001 0.5194408375 0.123839009375 0.5140936515625001 0.11080332343749999 0.51332976875 0.1116180546875 0.4949965625 0.087990875 0.49576044531249996 0.08717614375 0.5118020015625 0.07739938125 0.5110381171875
2 0.5369072828125 0.5278435578125 0.5369072828125 0.520968603125 0.5271305203125001 0.520968603125 0.5287599796875 0.504163165625 0.5018738796875 0.50492705 0.5018738796875 0.5438851125 0.5279452499999999 0.5438851125 0.5271305203125001 0.5278435578125 0.5369072828125 0.5278435578125
1 0.6721525171875 0.42548315625 0.6713377875 0.32617829062500003 0.606974090625 0.3269421734375 0.60534463125 0.43770529375 0.6477106078125 0.42548315625 0.6721525171875 0.42548315625
1 0.61675085625 0.5721488046875 0.6403780359375 0.571384921875 0.6411927640624999 0.5599266671875001 0.6517842593750001 0.559162784375 0.6517842593750001 0.433885875 0.525501059375 0.467496753125 0.5246863281249999 0.5568711328125 0.61675085625 0.559162784375 0.61675085625 0.5721488046875
2 0.64934006875 0.426247040625 0.6126772046875 0.4361775265625 0.615936125 0.44381636249999995 0.6501547984375 0.43464975937499994 0.64934006875 0.426247040625
6 0.5507577 0.45069131562500003 0.5246863281249999 0.45756626718750004 0.525501059375 0.4659689875 0.5507577 0.4590940328125 0.5507577 0.45069131562500003
1 0.5980120578125 0.36437247031250003 0.525501059375 0.3636085859375 0.5263157890625 0.4583301515625 0.5963825968750001 0.4399969453125 0.5980120578125 0.36437247031250003
2 0.58823529375 0.440760828125 0.5507577 0.45069131562500003 0.551572428125 0.4590940328125 0.5890500249999999 0.44916354687500004 0.58823529375 0.440760828125
2 0.660743034375 0.4789550078125 0.6534055734375 0.4789550078125 0.6534055734375 0.52478955 0.660743034375 0.52478955 0.660743034375 0.4789550078125
6 0.5238715984375 0.323886640625 0.5246863281249999 0.36437247031250003 0.5980120578125 0.365136353125 0.5963825968750001 0.4399969453125 0.5874205640625 0.4430524796875 0.5906794843750001 0.45069131562500003 0.615936125 0.4430524796875 0.6126772046875 0.4354136421875 0.6045299015625 0.43770529375 0.60534463125 0.3605530515625 0.5393514749999999 0.3582614 0.5385367453125001 0.3246505234375 0.5238715984375 0.323886640625
2 0.6053405578125 0.326937590625 0.5980030953125001 0.326937590625 0.5980030953125001 0.3582583453125 0.6053405578125 0.3582583453125 0.6053405578125 0.326937590625
2 0.848126934375 0.5606821484375 0.7805108359374999 0.5606821484375 0.7805108359374999 0.57978229375 0.848126934375 0.57978229375 0.848126934375 0.5606821484375
2 0.6102399375 0.5606894046875001 0.5572832812499999 0.5606894046875001 0.5572832812499999 0.5782656015625001 0.6102399375 0.5782656015625001 0.6102399375 0.5606894046875001
2 0.3560371515625 0.6179753265625 0.3478947375 0.6179753265625 0.3478947375 0.6576995640625001 0.3560371515625 0.6576995640625001 0.3560371515625 0.6179753265625
4 0.3690728375 0.7577725156249999 0.3454456578125 0.75700863125 0.3462603890625 0.6936062953125 0.206941503125 0.6913146421875 0.206126771875 0.8333969890624999 0.3723317578125 0.8349247578125001 0.3690728375 0.7577725156249999
4 0.371517028125 0.75700863125 0.3446309265625 0.75700863125 0.3462603890625 0.6928424109375 0.206126771875 0.6913146421875 0.20531204218750002 0.8341608734375001 0.371517028125 0.8356886421875 0.371517028125 0.75700863125
2 0.3544117640625 0.7012481859374999 0.34626935 0.7012481859374999 0.34626935 0.74020319375 0.3544117640625 0.74020319375 0.3544117640625 0.7012481859374999
2 0.29004399531249997 0.8853410734375 0.2990060296875 0.8845771906250001 0.29737656874999996 0.8738828203125 0.32589212968750003 0.872355053125 0.32589212968750003 0.8341608734375001 0.29737656874999996 0.8333969890624999 0.29819129843750003 0.8234665031249999 0.2908587265625 0.8234665031249999 0.29167345624999996 0.8356886421875 0.26397262499999996 0.8349247578125001 0.26397262499999996 0.872355053125 0.2892292640625 0.8731189359375 0.29004399531249997 0.8853410734375
2 0.4358807234375 0.954090596875 0.439954375 0.9548544796874999 0.4415838359375 0.9456878765625 0.4774319703125 0.94492399375 0.4774319703125 0.9097853484374999 0.44321329531250003 0.9105492328125001 0.44321329531250003 0.9036742796875 0.43506599375 0.9036742796875 0.43506599375 0.9097853484374999 0.40084731875 0.90825758125 0.40247677968750006 0.9433962265625 0.4358807234375 0.9433962265625 0.4358807234375 0.954090596875
6 0.21427407656250003 0.980826521875 0.3503340390625 0.980826521875 0.3503340390625 0.96554885 0.3731464890625 0.9647849671875001 0.3723317578125 0.9815904046874999 0.49291184687499995 0.9823542890624999 0.49372657656249996 0.94492399375 0.48476454375 0.9441601109375 0.4839498125 0.9739515703125001 0.3780348703125 0.9747154531250001 0.3788496 0.95714613125 0.343001465625 0.9563822468750001 0.3421867375 0.9739515703125001 0.22323610781249997 0.9731876859374999 0.2240508390625 0.9586738984375 0.19146162656250001 0.9579100140625 0.1882027046875 0.9647849671875001 0.21264461406250001 0.9647849671875001 0.21427407656250003 0.980826521875
6 0.20204334375 0.935747459375 0.19634675 0.935747459375 0.19634675 0.9594339625 0.20204334375 0.9594339625 0.20204334375 0.935747459375
6 0.2631501546875 0.8356894046875001 0.20449690468749998 0.8356894046875001 0.20449690468749998 0.8448621187500001 0.2631501546875 0.8448621187500001 0.2631501546875 0.8356894046875001
6 0.3715092875 0.836451378125 0.3258900921875 0.836451378125 0.3258900921875 0.8448548625000001 0.3715092875 0.8448548625000001 0.3715092875 0.836451378125
6 0.401656346875 0.90978229375 0.37803405625000003 0.90978229375 0.37803405625000003 0.9166618281250001 0.401656346875 0.9166618281250001 0.401656346875 0.90978229375
6 0.5067569656249999 0.9105515234375 0.476617646875 0.9105515234375 0.476617646875 0.917431059375 0.5067569656249999 0.917431059375 0.5067569656249999 0.9105515234375
4 0.3788496 0.90825758125 0.50594753125 0.9097853484374999 0.5075769921875 0.6936062953125 0.436695453125 0.6936062953125 0.43751018437500006 0.7585363984375 0.37966433125 0.75700863125 0.3788496 0.90825758125
2 0.4277321984375 0.74936865 0.38455882343750003 0.74936865 0.38455882343750003 0.7577721328125 0.4277321984375 0.7577721328125 0.4277321984375 0.74936865
1 0.32426266875 0.6706897859375001 0.33078051249999996 0.6714536703125 0.33078051249999996 0.6836758078125 0.3470751171875 0.6836758078125 0.3462603890625 0.5805515234375 0.3153006359375 0.5805515234375 0.31448590625 0.592009778125 0.3071533328125 0.5904820109375 0.3071533328125 0.5805515234375 0.284340884375 0.5805515234375 0.283526153125 0.61187075 0.25826951249999996 0.5813154078125 0.2256803 0.6095791 0.23464233281250002 0.618745703125 0.2264950296875 0.6233290046875 0.2199771875 0.61569016875 0.21020042343749998 0.62562065625 0.21427407656250003 0.6355511421875 0.206941503125 0.6355511421875 0.206126771875 0.6714536703125 0.3063386015625 0.6706897859375001 0.30878279218750004 0.684439690625 0.32507739999999996 0.6836758078125 0.32426266875 0.6706897859375001
6 0.2077562328125 0.62562065625 0.2207919171875 0.6149262859375 0.2264950296875 0.6218012374999999 0.233827603125 0.6172179359375 0.2256803 0.6111068671875 0.25826951249999996 0.5820792921875 0.283526153125 0.610342984375 0.284340884375 0.579787640625 0.3079680625 0.579787640625 0.3071533328125 0.5897181265625 0.3153006359375 0.5904820109375 0.31448590625 0.5813154078125 0.3470751171875 0.5805515234375 0.3454456578125 0.57444045625 0.206941503125 0.57444045625 0.20531204218750002 0.633259490625 0.2134593453125 0.633259490625 0.2077562328125 0.62562065625
6 0.3560448921875 0.5759651671875 0.34708204375 0.5759651671875 0.34708204375 0.617213353125 0.3560448921875 0.617213353125 0.3560448921875 0.5759651671875
6 0.6094182828125 0.57902375625 0.6420074953125 0.57902375625 0.6411927640624999 0.5721488046875 0.615936125 0.5721488046875 0.6151213953125 0.559162784375 0.6102330125 0.5599266671875001 0.6094182828125 0.57902375625
6 0.659930340625 0.52478955 0.6534133125 0.52478955 0.6534133125 0.5606966625 0.659930340625 0.5606966625 0.659930340625 0.52478955
2 0.8456900765625001 0.4904132609375 0.8448753468750001 0.4972882140625 0.855466840625 0.49652432968750004 0.8562815718750001 0.5095103515625 0.8864265921875001 0.5087464671874999 0.8864265921875001 0.49576044531249996 0.8978328171875001 0.49576044531249996 0.89620335625 0.4904132609375 0.8880560546874999 0.4904132609375 0.8880560546874999 0.47819112343750003 0.8570963015625 0.4766633578125 0.8570963015625 0.4904132609375 0.8456900765625001 0.4904132609375
6 0.201238390625 0.192503628125 0.188204334375 0.192503628125 0.188204334375 0.2352757625 0.201238390625 0.2352757625 0.201238390625 0.192503628125
6 0.1996052625 0.281865021875 0.1857507734375 0.281865021875 0.1857507734375 0.3238824390625 0.1996052625 0.3238824390625 0.1996052625 0.281865021875
1 0.1629411765625 0.32999999999999996 0.11080495312500001 0.32999999999999996 0.11080495312500001 0.45145137812499997 0.1629411765625 0.45145137812499997 0.1629411765625 0.32999999999999996
6 0.1637607953125 0.4545107328125 0.1702786375 0.45527461718750006 0.17109336875 0.322358871875 0.1116180546875 0.3215949890625 0.1116180546875 0.3299977078125 0.1653902546875 0.3299977078125 0.1637607953125 0.4545107328125
4 0.6860029328125 0.3827056765625 0.6794850890624999 0.3819417921875 0.6794850890624999 0.4331219921875 0.662375753125 0.4331219921875 0.6607462921875 0.56069055 0.8595404921875 0.5622183171875 0.8562815718750001 0.3269421734375 0.6786703609375 0.3269421734375 0.6778556296875 0.375066840625 0.6868176640625 0.3758307234375 0.6860029328125 0.3827056765625
6 0.65504318125 0.43235810937499997 0.65422845 0.47819112343750003 0.6615610234375 0.4789550078125 0.662375753125 0.43235810937499997 0.6794850890624999 0.43235810937499997 0.6786703609375 0.3811779078125 0.6860029328125 0.3819417921875 0.685188203125 0.3758307234375 0.6786703609375 0.375066840625 0.6786703609375 0.32617829062500003 0.6713377875 0.3269421734375 0.6713377875 0.426247040625 0.6517842593750001 0.426247040625 0.6501547984375 0.433885875 0.65504318125 0.43235810937499997
6 0.9442724453125001 0.5484684140625 0.9312367593750001 0.5484684140625 0.9312367593750001 0.5568711328125 0.95241975 0.5568711328125 0.949160828125 0.3361087765625 0.9287925703125 0.33534489375 0.9271631078125001 0.34374761249999997 0.9418282546875 0.34374761249999997 0.9442724453125001 0.5484684140625
6 0.32996578125 0.682911925 0.33159524218750003 0.6722175546875 0.3234479375 0.6722175546875 0.32426266875 0.6836758078125 0.3079680625 0.682911925 0.3079680625 0.6913146421875 0.3470751171875 0.6920785265625 0.34788984843750004 0.70124513125 0.3552224203125 0.7020090140625 0.3568518828125 0.6592315328125 0.3462603890625 0.65846765 0.3462603890625 0.684439690625 0.32996578125 0.682911925
1 0.42854815 0.6936062953125 0.421215578125 0.694370178125 0.42284503906250004 0.6745092046875001 0.5263157890625 0.6745092046875001 0.5271305203125001 0.5836070578125 0.502688609375 0.5851348265625 0.503503340625 0.5782598734375 0.3568518828125 0.575968221875 0.354407690625 0.7478420296875 0.426918690625 0.7493697953125 0.42854815 0.6936062953125
6 0.4358807234375 0.6928424109375 0.42854815 0.6936062953125 0.42854815 0.7508975625 0.42854815 0.7577725156249999 0.4358807234375 0.7577725156249999 0.4358807234375 0.6928424109375
6 0.37966433125 0.84485524375 0.3780348703125 0.7562447484375 0.3861821734375 0.7562447484375 0.3853674421875 0.7486059125 0.3552224203125 0.7486059125 0.354407690625 0.74020319375 0.3454456578125 0.74020319375 0.3446309265625 0.7562447484375 0.371517028125 0.75700863125 0.3723317578125 0.84485524375 0.37966433125 0.84485524375
1 0.22323610781249997 0.9372851578124999 0.20286785156249998 0.938049040625 0.20286785156249998 0.9556183640624999 0.2240508390625 0.9563822468750001 0.22323610781249997 0.972423803125 0.34137200624999997 0.972423803125 0.3421867375 0.9563822468750001 0.35929607343750003 0.9563822468750001 0.3576666125 0.9433962265625 0.33566889375 0.9441601109375 0.3364836234375 0.872355053125 0.206126771875 0.8708272859375 0.20449731093749998 0.9181880687499999 0.22160664843750003 0.9197158359375001 0.22323610781249997 0.9372851578124999
1 0.37966433125 0.972423803125 0.4831350828125 0.9731876859374999 0.4831350828125 0.9456878765625 0.3649991859375 0.9441601109375 0.36255499375 0.95714613125 0.37966433125 0.95714613125 0.37966433125 0.972423803125
6 0.36256191875 0.9449201734375 0.35929566562500004 0.9449201734375 0.35929566562500004 0.957140784375 0.36256191875 0.957140784375 0.36256191875 0.9449201734375
1 0.5980030953125001 0.327706821875 0.5409752328125 0.327706821875 0.5409752328125 0.3567343984375 0.5980030953125001 0.3567343984375 0.5980030953125001 0.327706821875
6 0.9010990718749999 0.57978955 0.893761609375 0.57978955 0.893761609375 0.602706821875 0.9010990718749999 0.602706821875 0.9010990718749999 0.57978955
6 0.424473684375 0.2154136421875 0.38537151718749996 0.2154136421875 0.38537151718749996 0.22992743125 0.424473684375 0.22992743125 0.424473684375 0.2154136421875
6 0.5051393187500001 0.2161756171875 0.46439628437499997 0.2161756171875 0.46439628437499997 0.2314586359375 0.5051393187500001 0.2314586359375 0.5051393187500001 0.2161756171875
5 0.3584813421875 0.0588190359375 0.11569170625 0.054235734375 0.114062246875 0.17187380624999998 0.3568518828125 0.175693225 0.3584813421875 0.0588190359375
1 0.3568518828125 0.1924986625 0.20286785156249998 0.1924986625 0.1987942 0.32083110625 0.3560371515625 0.323886640625 0.3568518828125 0.1924986625