7 0.9526674640625 0.145078125 0.924461721875 0.145078125 0.924461721875 0.3096875 0.9526674640625 0.3096875 0.9526674640625 0.145078125
7 0.89029904375 0.7380078125 0.7544377984375 0.7380078125 0.7544377984375 0.7882421875000001 0.89029904375 0.7882421875000001 0.89029904375 0.7380078125
1 0.7109808609375 0.7885546875 0.487440190625 0.7885546875 0.487440190625 0.8898828125 0.7109808609375 0.8898828125 0.7109808609375 0.7885546875
7 0.6185885171875001 0.7380078125 0.5297368421875001 0.7380078125 0.5297368421875001 0.7868359375 0.6185885171875001 0.7868359375 0.6185885171875001 0.7380078125
7 0.4468540671875 0.7380078125 0.35372009531250004 0.7380078125 0.35372009531250004 0.7868359375 0.4468540671875 0.7868359375 0.4468540671875 0.7380078125
7 0.2691507171875 0.7351953124999999 0.175155503125 0.7351953124999999 0.175155503125 0.7854296875 0.2691507171875 0.7854296875 0.2691507171875 0.7351953124999999
3 0.924461721875 0 0.924461721875 0.146484375 0.9526674640625 0.146484375 0.9526674640625 0 0.924461721875 0
3 0.75528708125 0.7380078125 0.6655741625 0.7380078125 0.6655741625 0.7882421875000001 0.75528708125 0.7882421875000001 0.75528708125 0.7380078125
3 0.5305980859375 0.7366015625 0.446004784375 0.7366015625 0.446004784375 0.7868359375 0.5305980859375 0.7868359375 0.5305980859375 0.7366015625
3 0.3545813390625 0.7366015625 0.2682894734375 0.7366015625 0.2682894734375 0.7868359375 0.3545813390625 0.7868359375 0.3545813390625 0.7366015625
3 0.062371839062500004 0.7659040187499999 0.0880041 0.7686941953125 0.0880041 0.7979910703125 0.0939849625 0.80078125 0.093130553125 0.7854352687499999 0.176862609375 0.7868303562500001 0.176862609375 0.7366071437499999 0.093130553125 0.7366071437499999 0.086295284375 0.751953125 0.063226246875 0.751953125 0.062371839062500004 0.7659040187499999
3 0.9531997609375 0.31005859375 0.9218002390625 0.311279296875 0.9225478468749999 0.73974609375 0.891148325 0.73974609375 0.8918959328125 0.789794921875 0.9524521531250001 0.78857421875 0.9531997609375 0.31005859375
2 0.639952153125 0.8056640625 0.6474282296875 0.8056640625 0.6466806218750001 0.792236328125 0.6661184203125 0.78857421875 0.6661184203125 0.73486328125 0.6474282296875 0.732421875 0.64518540625 0.706787109375 0.636961721875 0.706787109375 0.6392045453125 0.7373046875 0.616776315625 0.73486328125 0.616776315625 0.787353515625 0.639952153125 0.787353515625 0.639952153125 0.8056640625
4 0.33268540625 0.73486328125 0.4822069375 0.7373046875 0.483702153125 0.41259765625 0.4313696171875 0.411376953125 0.4298744015625 0.48583984375 0.33268540625 0.48583984375 0.33268540625 0.73486328125
2 0.4530502390625 0.43701171875 0.4597787078125 0.438232421875 0.460526315625 0.416259765625 0.483702153125 0.413818359375 0.48295454531250004 0.39794921875 0.4597787078125 0.394287109375 0.46127392343749996 0.3662109375 0.45604067031250006 0.3662109375 0.45454545468749996 0.3955078125 0.43062200937500006 0.3955078125 0.4298744015625 0.41015625 0.453797846875 0.411376953125 0.4530502390625 0.43701171875
4 0.7027631578125 0.25755859375 0.494174640625 0.25755859375 0.494174640625 0.73853515625 0.7027631578125 0.73853515625 0.7027631578125 0.25755859375
1 0.43062200937500006 0.396728515625 0.4822069375 0.3955078125 0.48295454531250004 0.23681640625 0.703498803125 0.23681640625 0.702751196875 0.108642578125 0.31922846875 0.106201171875 0.3184808609375 0.21728515625 0.43062200937500006 0.218505859375 0.43062200937500006 0.396728515625
2 0.5390251203124999 0.291748046875 0.547248803125 0.29052734375 0.5479964109375 0.26123046875 0.5711722484374999 0.2587890625 0.5711722484374999 0.238037109375 0.5457535890625 0.235595703125 0.546501196875 0.20751953125 0.5397727265625 0.20751953125 0.5397727265625 0.23681640625 0.5143540671875 0.235595703125 0.5128588515625 0.257568359375 0.5397727265625 0.25634765625 0.5390251203124999 0.291748046875
2 0.6840610046875 0.15380859375 0.6810705734375 0.166015625 0.702751196875 0.166015625 0.702751196875 0.216064453125 0.716208134375 0.218505859375 0.7169557421875 0.164794921875 0.7326555031249999 0.16357421875 0.7319078953125 0.15380859375 0.716208134375 0.155029296875 0.7177033500000001 0.115966796875 0.70499401875 0.113525390625 0.7042464109375 0.15380859375 0.6840610046875 0.15380859375
5 0.3065071765625 0.10621093749999999 0.141291865625 0.10621093749999999 0.141291865625 0.7373046875 0.3065071765625 0.7373046875 0.3065071765625 0.10621093749999999
2 0.2736244015625 0.135498046875 0.281100478125 0.13427734375 0.281100478125 0.108642578125 0.307266746875 0.106201171875 0.307266746875 0.086669921875 0.281100478125 0.08544921875 0.28259569375 0.05126953125 0.27287679374999996 0.054931640625 0.27287679374999996 0.08544921875 0.24297248749999997 0.084228515625 0.2414772734375 0.106201171875 0.27287679374999996 0.106201171875 0.2736244015625 0.135498046875
2 0.1121411484375 0.155029296875 0.111393540625 0.169677734375 0.12634569375 0.166015625 0.1255980859375 0.218505859375 0.141297846875 0.21728515625 0.14279306249999998 0.164794921875 0.157745215625 0.16357421875 0.1569976078125 0.157470703125 0.141297846875 0.15625 0.14279306249999998 0.10498046875 0.129336125 0.10009765625 0.1270933015625 0.155029296875 0.1121411484375 0.155029296875
2 0.2885765546875 0.15380859375 0.287828946875 0.16845703125 0.3065191390625 0.16845703125 0.304276315625 0.216064453125 0.3169856453125 0.218505859375 0.3199760765625 0.166015625 0.33343301406250003 0.164794921875 0.33343301406250003 0.15380859375 0.3184808609375 0.15625 0.3199760765625 0.10498046875 0.307266746875 0.106201171875 0.3080143546875 0.152587890625 0.2885765546875 0.15380859375
2 0.40520335 0.26611328125 0.40595095625 0.277099609375 0.42165071718749997 0.2783203125 0.4231459328125 0.308837890625 0.4298744015625 0.3125 0.43062200937500006 0.279541015625 0.44931220156249996 0.2783203125 0.450059809375 0.264892578125 0.432117225 0.264892578125 0.433612440625 0.234375 0.42239832499999996 0.235595703125 0.42239832499999996 0.264892578125 0.40520335 0.26611328125
2 0.42239832499999996 0.3662109375 0.42090310937500003 0.400390625 0.4343600484375 0.399169921875 0.433612440625 0.36865234375 0.450059809375 0.367431640625 0.450059809375 0.3515625 0.432117225 0.347900390625 0.432117225 0.31982421875 0.42165071718749997 0.32470703125 0.42239832499999996 0.355224609375 0.4066985640625 0.35400390625 0.4066985640625 0.367431640625 0.42239832499999996 0.3662109375
0 0.42240430625 0.23927734374999998 0.3192224875 0.23927734374999998 0.3192224875 0.30884765625 0.42240430625 0.30884765625 0.42240430625 0.23927734374999998
6 0.4298803828125 0.2209375 0.31624401875 0.2209375 0.31624401875 0.238046875 0.4298803828125 0.238046875 0.4298803828125 0.2209375
6 0.1405502390625 0.21730468749999998 0.1308373203125 0.21730468749999998 0.1308373203125 0.7373046875 0.1405502390625 0.7373046875 0.1405502390625 0.21730468749999998
3 0.130825359375 0.46875 0.1121411484375 0.46875 0.1121411484375 0.738515625 0.130825359375 0.738515625 0.130825359375 0.46875
6 0.31773923437499996 0.21728515625 0.3065191390625 0.21728515625 0.3065191390625 0.73607421875 0.31773923437499996 0.73607421875 0.31773923437499996 0.21728515625
3 0.334174640625 0.46875 0.31549043125 0.46875 0.31549043125 0.738515625 0.334174640625 0.738515625 0.334174640625 0.46875
6 0.24446172187499998 0.08546875000000001 0.108409090625 0.08546875000000001 0.108409090625 0.10500000000000001 0.24446172187499998 0.10500000000000001 0.24446172187499998 0.08546875000000001
0 0.4231459328125 0.32349609375 0.3184808609375 0.32349609375 0.3184808609375 0.46876953125 0.4231459328125 0.46876953125 0.4231459328125 0.32349609375
6 0.43062200937500006 0.308828125 0.3169856453125 0.308828125 0.3169856453125 0.322265625 0.43062200937500006 0.322265625 0.43062200937500006 0.308828125
6 0.7057416265625001 0.1171875 0.71471291875 0.118408203125 0.71471291875 0.10986328125 0.9247906703125001 0.10986328125 0.9247906703125001 0.089111328125 0.3080143546875 0.084228515625 0.307266746875 0.103759765625 0.7042464109375 0.10986328125 0.7057416265625001 0.1171875
6 0.5696770328125 0.23681640625 0.5696770328125 0.2587890625 0.70125598125 0.2587890625 0.702751196875 0.740966796875 0.7154605265625 0.743408203125 0.7154605265625 0.21728515625 0.7042464109375 0.218505859375 0.7042464109375 0.23681640625 0.5696770328125 0.23681640625
6 0.4941686609375 0.25634765625 0.5143540671875 0.257568359375 0.5158492828125001 0.238037109375 0.483702153125 0.2392578125 0.483702153125 0.7421875 0.49491626718750004 0.7421875 0.4941686609375 0.25634765625
6 0.4298744015625 0.484619140625 0.4298744015625 0.39794921875 0.42239832499999996 0.399169921875 0.42239832499999996 0.47119140625 0.33268540625 0.47119140625 0.33268540625 0.484619140625 0.4298744015625 0.484619140625
4 0.9225598093749999 0.10863281250000001 0.71471291875 0.10863281250000001 0.71471291875 0.7397265625 0.9225598093749999 0.7397265625 0.9225598093749999 0.10863281250000001