2 0.3838295390625 0.33787620625 0.3879159375 0.337308346875 0.3863835375 0.3030948328125 0.37397840000000004 0.30167518437499996 0.3743432578125 0.3126064734375 0.3790863984375 0.32226007968750003 0.3758026859375 0.336456559375 0.3838295390625 0.33787620625
1 0.46548718281249996 0.6310980328125 0.47683091875 0.6310980328125 0.47663190625 0.6245160296875001 0.478224009375 0.624128853125 0.4776269703125 0.4495121578125 0.673455659375 0.4495121578125 0.673256646875 0.48048629375 0.760822321875 0.4793247640625 0.761021334375 0.47119405312499996 0.76619566875 0.4708068765625 0.76579764375 0.3887254140625 0.667087246875 0.3898869453125 0.667087246875 0.3674306953125 0.6030050953125 0.3674306953125 0.6030050953125 0.3794331734375 0.599621875 0.3794331734375 0.59922385 0.3682050484375 0.5938505015625 0.3682050484375 0.5940495140625 0.3794331734375 0.5906662953125 0.37982035000000003 0.5906662953125 0.3682050484375 0.5795215734375 0.367817871875 0.5795215734375 0.3906612984375 0.41792310156249995 0.38911259062500003 0.417525075 0.35581539375000004 0.3868770890625 0.3562025703125 0.37632940625 0.3623973984375 0.41513692031250005 0.64503639375 0.46548718281249996 0.6310980328125
1 0.9591741875 0.46717337187499997 0.94435538125 0.46782859375 0.9453657546875001 0.6427729 0.46780951093749995 0.64408334375 0.2004108859375 0.7168129999999999 0.938629934375 0.7168129999999999 0.938629934375 0.6965011140625 0.9507544125 0.6978115578125 0.9591741875 0.46717337187499997
6 0.4804553421875 0.530948325 0.48016345625 0.48608745000000003 0.47753648593750003 0.48608745000000003 0.4772446 0.540034071875 0.48016345625 0.54060193125 0.48016345625 0.5354911984374999 0.5271570343749999 0.5349233390625 0.5271570343749999 0.6405451453125 0.52949211875 0.6399772859375 0.5292002328125001 0.5286768890625 0.5268651484375 0.5281090296875 0.5271570343749999 0.531516184375 0.4804553421875 0.530948325
4 0.5271387921875 0.45371805781249996 0.48014667187500004 0.45371805781249996 0.48014667187500004 0.53094974375 0.5271387921875 0.53094974375 0.5271387921875 0.45371805781249996
2 0.528896671875 0.5068143093749999 0.5249562171875 0.5068143093749999 0.5205779328125 0.5119250421875 0.517513134375 0.5238500859374999 0.51707530625 0.5289608171875 0.5192644484375 0.531516184375 0.529407471875 0.5316581484375 0.528896671875 0.5068143093749999
4 0.5744264453125 0.45371805781249996 0.5297679515625 0.45371805781249996 0.5297679515625 0.6320229984375 0.5744264453125 0.6320229984375 0.5744264453125 0.45371805781249996
2 0.5308669 0.47771152656250004 0.539988325 0.46990346406250005 0.5429071796875 0.451448040625 0.529407471875 0.4486087453125 0.5308669 0.47771152656250004
4 0.6217097203125 0.4548509375 0.57675788125 0.4548509375 0.57675788125 0.63089011875 0.6217097203125 0.63089011875 0.6217097203125 0.4548509375
2 0.6213514296875 0.477001703125 0.620621715625 0.4500283921875 0.6081436078125 0.451448040625 0.6072679515625 0.4548551953125 0.61033275 0.46848381562499997 0.616462346875 0.477001703125 0.6213514296875 0.477001703125
6 0.6214068890625 0.6388415671875001 0.6246176296875 0.6399772859375 0.6240338578125 0.45315161875000004 0.6260770578125 0.453719478125 0.6260770578125 0.4491766046875 0.619071803125 0.4497444640625 0.619071803125 0.45428733593750004 0.6216987734375 0.453719478125 0.6214068890625 0.6388415671875001
4 0.6704575312500001 0.454284496875 0.624630034375 0.454284496875 0.624630034375 0.631456559375 0.6704575312500001 0.631456559375 0.6704575312500001 0.454284496875
2 0.6246351437500001 0.4478989203125 0.6253648562499999 0.47771152656250004 0.632661996875 0.472742759375 0.6357267953125 0.46592845 0.6374051374999999 0.4478989203125 0.6246351437500001 0.4478989203125
3 0.5779652921875 0.27838005312499997 0.5781643046875 0.27063651875 0.5731889828125001 0.271410871875 0.5731889828125001 0.277992875 0.4752746375 0.277992875 0.4748766125 0.28651076249999996 0.47766279218749996 0.2872851171875 0.47686674062499995 0.3898869453125 0.508310778125 0.3898869453125 0.508310778125 0.36975375625 0.5039324953125 0.3689794015625 0.5037334828125 0.3809818796875 0.48184206406249996 0.380594703125 0.48144403750000003 0.33877961874999996 0.5039324953125 0.33877961874999996 0.5041315078124999 0.3461359765625 0.5085097921874999 0.3457488 0.508310778125 0.3232925515625 0.5039324953125 0.3229053734375 0.5037334828125 0.33026173124999997 0.48144403750000003 0.32987455468750004 0.48144403750000003 0.288446646875 0.5039324953125 0.288446646875 0.5039324953125 0.3008363015625 0.5079127531250001 0.3000619484375 0.5079127531250001 0.28767229375 0.5503025 0.28689794062499996 0.5499044734375 0.3232925515625 0.5542827578125 0.3229053734375 0.5540837453125 0.3170977234375 0.574383059375 0.3174849 0.5749800984375 0.3813690578125 0.554879796875 0.3809818796875 0.5546807828125 0.353492334375 0.5503025 0.3531051578125 0.5505015125 0.3898869453125 0.5793583828125 0.3898869453125 0.57896035625 0.3674306953125 0.66652603125 0.3682050484375 0.66652603125 0.35852563125 0.5793583828125 0.35852563125 0.5795573953125001 0.27915440625 0.5779652921875 0.27838005312499997
1 0.5498971109374999 0.2892206140625 0.5085004375 0.2892206140625 0.5085004375 0.3848509375 0.5498971109374999 0.3848509375 0.5498971109374999 0.2892206140625
2 0.5356100406250001 0.36555934218749997 0.5286777578125 0.3754968765625 0.5257589031250001 0.3691084609375 0.5192644484375 0.366269165625 0.5199211906250001 0.3911130046875 0.5392586109375 0.38969335625 0.5392586109375 0.3648495171875 0.5356100406250001 0.36555934218749997
2 0.553855078125 0.32226149843749996 0.5509347640625 0.32226149843749996 0.5509347640625 0.3534965921875 0.553855078125 0.3534965921875 0.553855078125 0.32226149843749996
2 0.508246496875 0.2988373078125 0.5042316109375 0.2988373078125 0.5042316109375 0.322968484375 0.508246496875 0.322968484375 0.508246496875 0.2988373078125
2 0.508246496875 0.3463969328125 0.5045993875 0.3463969328125 0.5045993875 0.369821125 0.508246496875 0.369821125 0.508246496875 0.3463969328125
1 0.41735332812500003 0.28844548593749997 0.3869023640625 0.28844548593749997 0.3869023640625 0.350004259375 0.41735332812500003 0.350004259375 0.41735332812500003 0.28844548593749997
2 0.41155866874999997 0.30153322031249996 0.41112084062500004 0.27853492343749997 0.394045534375 0.27825099375 0.3944833625 0.2972742765625 0.3955049625 0.305934128125 0.40499124374999995 0.2945769453125 0.41155866874999997 0.30153322031249996
2 0.40097781718750003 0.340005678125 0.394410390625 0.3343270875 0.394410390625 0.3570414546875 0.4111938125 0.3570414546875 0.4122883828125 0.33006814375000004 0.40097781718750003 0.340005678125
3 0.3872154109375 0.336161271875 0.382837128125 0.3355934125 0.3825452421875 0.3492220328125 0.29176882656249997 0.39692220312500004 0.29176882656249997 0.3940829078125 0.2850554578125 0.39351504843749996 0.160420315625 0.45825099375 0.16246351406249998 0.47528676875000003 0.16946876875 0.4718796140625 0.168884996875 0.46847245937500004 0.3872154109375 0.35603634375 0.3872154109375 0.336161271875
1 0.3824168125 0.470755253125 0.3894220671875 0.47245883125 0.373368359375 0.36342987031249996 0.2601167546875 0.42191936406249997 0.275878575 0.5417376484374999 0.3824168125 0.486655309375 0.3824168125 0.470755253125
2 0.3732486859375 0.417376490625 0.3772621140625 0.421635434375 0.37361354375 0.42660420156249995 0.37361354375 0.4351220890625 0.37397840000000004 0.44222032968749997 0.3856538234375 0.43441226562499996 0.3812755390625 0.40034071562499995 0.369235259375 0.40601930781249995 0.369235259375 0.410988075 0.3732486859375 0.417376490625
4 0.390262696875 0.48608745000000003 0.316999415625 0.5264054515625001 0.33568009375 0.667234525 0.4127378859375 0.6462237375 0.390262696875 0.48608745000000003
2 0.35646526562499997 0.5188813171875 0.35828954999999996 0.511783078125 0.359384121875 0.5146223734375 0.365586690625 0.51746166875 0.369235259375 0.5167518453125 0.365586690625 0.494037478125 0.3480735546875 0.5046848374999999 0.350627553125 0.52668938125 0.3557355515625 0.5238500859374999 0.35646526562499997 0.5188813171875
1 0.314372446875 0.5264054515625001 0.23585522499999997 0.5684270296875 0.252492703125 0.6899488921875 0.333345009375 0.668938103125 0.314372446875 0.5264054515625001
2 0.31268242812499997 0.56927881875 0.318520140625 0.571408290625 0.3225335671875 0.56998864375 0.3192498546875 0.5479841000000001 0.306115003125 0.5536626921875001 0.309398715625 0.5643100515625 0.31268242812499997 0.56927881875
2 0.293709865625 0.5465644515625 0.296993578125 0.5494037484375001 0.303196146875 0.55224304375 0.3053852890625 0.5494037484375001 0.30210157656250003 0.5281090296875 0.2856830125 0.53520726875 0.288966725 0.5550823406250001 0.29188558124999997 0.5515332203125001 0.293709865625 0.5465644515625
4 0.2568943375 0.4230550828125 0.169912434375 0.46961953437500004 0.1853823703125 0.5883021015625001 0.273531815625 0.5423055078125001 0.2568943375 0.4230550828125
2 0.265615878125 0.513202725 0.262332165625 0.5210107890625 0.2616024515625 0.5316581484375 0.2634267375 0.5359170921875 0.275102159375 0.528818853125 0.2699941625 0.49545712656249996 0.2597781671875 0.4997160703125 0.261967309375 0.507524134375 0.265615878125 0.513202725
7 0.20283712812500002 0.7155025546875 0.46845300625 0.643384440625 0.93432574375 0.643384440625 0.9343549328125 0.6320272578125 0.46764156406249996 0.6314593984375 0.20144191406249998 0.7041453718749999 0.20283712812500002 0.7155025546875
1 0.23354349062500002 0.6331629750000001 0.22507880937500002 0.57240204375 0.21807355468749998 0.5758092 0.22741389375 0.6399772859375 0.194722709375 0.654741625 0.2014360765625 0.7041453718749999 0.21603035625000003 0.7007382171875001 0.21603035625000003 0.6916524703125 0.2239112671875 0.6916524703125 0.2239112671875 0.6973310625 0.25018096875 0.6905167515625 0.2414244015625 0.6320272578125 0.2309165203125 0.6394094265625 0.23004086406250002 0.636002271875 0.23354349062500002 0.6331629750000001
2 0.23533274999999998 0.6558773421875 0.240440746875 0.6601362859375 0.2440893171875 0.6622657578125 0.24846759999999998 0.6587166375 0.2451838875 0.6338728 0.230589609375 0.6416808625 0.23241389375 0.6473594546875 0.23533274999999998 0.6558773421875
6 0.4804838 0.561043440625 0.47756348437499996 0.561043440625 0.47756348437499996 0.6252086875 0.4804838 0.6252086875 0.4804838 0.561043440625
4 0.526849825 0.5366269171875 0.48102232968749997 0.5366269171875 0.48102232968749997 0.6320272578125 0.526849825 0.6320272578125 0.526849825 0.5366269171875
2 0.49036777656249997 0.5366269171875 0.478546409375 0.5366269171875 0.478692353125 0.5650198750000001 0.48671920625 0.56147075625 0.491827203125 0.5486939234375 0.49036777656249997 0.5366269171875
4 0.6742556921875 0.3700548921875 0.670607121875 0.3700548921875 0.670363884375 0.3847245890625 0.705146915625 0.3856710203125 0.7061198671875 0.3307779671875 0.673282740625 0.3307779671875 0.6725530265625 0.35396554999999996 0.6744989296874999 0.35491198281249997 0.6742556921875 0.3700548921875
2 0.699211909375 0.366269165625 0.69395796875 0.37734241874999996 0.693520140625 0.3884156734375 0.704903678125 0.387563884375 0.70534150625 0.3679727421875 0.699211909375 0.366269165625
6 0.7034792765625 0.3850085171875 0.7034792765625 0.389551390625 0.724203153125 0.39011925000000003 0.724203153125 0.3867120953125 0.7224518390625 0.38614423593749997 0.7227437250000001 0.3816013625 0.7201167546875 0.381033503125 0.7201167546875 0.3855763765625 0.7078575593750001 0.3850085171875 0.7078575593750001 0.328790459375 0.705522475 0.328790459375 0.705522475 0.3855763765625 0.7034792765625 0.3850085171875
0 0.720105078125 0.32948466718749997 0.707767075 0.32948466718749997 0.707767075 0.38446763125 0.720105078125 0.38446763125 0.720105078125 0.32948466718749997
2 0.7113251609375 0.373651334375 0.7116170453125 0.382169221875 0.7224168125 0.383304940625 0.7221249265624999 0.36399772812500003 0.7168709859375 0.365133446875 0.7127845890625 0.3679727421875 0.7113251609375 0.373651334375
1 0.73482486875 0.3267759796875 0.722486865625 0.3267759796875 0.722486865625 0.3856260640625 0.73482486875 0.3856260640625 0.73482486875 0.3267759796875
2 0.7297139515625 0.36555934218749997 0.7242410968749999 0.3698182859375 0.7237302984375 0.387563884375 0.732486865625 0.387563884375 0.7340922359375 0.3676888140625 0.7297139515625 0.36555934218749997
6 0.42033911718750006 0.384853646875 0.42033911718750006 0.3395539734375 0.42332431093749995 0.3395539734375 0.4237223375 0.3356822046875 0.42073714375 0.3352950296875 0.42053813125 0.2880594703125 0.41775195 0.2880594703125 0.4181499765625 0.38911259062500003 0.42312529843749996 0.38911259062500003 0.42332431093749995 0.3852408234375 0.42033911718750006 0.384853646875
1 0.44002408125 0.340715503125 0.4205188265625 0.340715503125 0.4205188265625 0.3848551953125 0.44002408125 0.3848551953125 0.44002408125 0.340715503125
2 0.4238178640625 0.366269165625 0.42206655 0.3691084609375 0.42119089374999996 0.3884156734375 0.43257443125000006 0.3867120953125 0.4308231171875 0.37137989843749997 0.4238178640625 0.366269165625
6 0.46153876718750003 0.384853646875 0.44183649062499997 0.3852408234375 0.44203550468749997 0.3809818796875 0.44004537499999996 0.3809818796875 0.4398463625 0.3844664703125 0.432482884375 0.384853646875 0.432283871875 0.38911259062500003 0.47706177343749995 0.3894997671875 0.4766637484375 0.3852408234375 0.463926921875 0.3852408234375 0.463926921875 0.3813690578125 0.46153876718750003 0.38214341093750004 0.46153876718750003 0.384853646875
0 0.47703809062499997 0.34110732499999996 0.46410026249999997 0.34110732499999996 0.46410026249999997 0.3848551953125 0.47703809062499997 0.3848551953125 0.47703809062499997 0.34110732499999996
2 0.46978984218750003 0.3645655875 0.465411559375 0.3628620109375 0.461033275 0.366269165625 0.4608873328125 0.382169221875 0.4724168125 0.3824531515625 0.4724168125 0.3739352640625 0.46978984218750003 0.3645655875
0 0.46211252187499996 0.3414948890625 0.442213221875 0.3414948890625 0.442213221875 0.3860178875 0.46211252187499996 0.3860178875 0.46211252187499996 0.3414948890625
2 0.4413309984375 0.362010221875 0.4404553421875 0.382169221875 0.45227670781249996 0.38415672968750003 0.44862813749999997 0.36570130624999997 0.4413309984375 0.362010221875
0 0.4483822234375 0.28806218125 0.42091725 0.28806218125 0.42091725 0.335685690625 0.4483822234375 0.335685690625 0.4483822234375 0.28806218125
2 0.4217746640625 0.33787620625 0.433887915625 0.337308346875 0.4308231171875 0.320272571875 0.42206655 0.31771720625 0.4217746640625 0.33787620625
6 0.4503940453125 0.3248412578125 0.4501950328125 0.3062567765625 0.448403915625 0.3062567765625 0.448403915625 0.3360693828125 0.432283871875 0.3356822046875 0.432084859375 0.3395539734375 0.44004537499999996 0.3399411484375 0.4398463625 0.362010221875 0.44183649062499997 0.36317175156250003 0.441637478125 0.340715503125 0.46193679374999996 0.3399411484375 0.46173778125 0.36549481250000004 0.463926921875 0.36588198906249997 0.463926921875 0.3403283265625 0.4774598 0.340715503125 0.47726078593750004 0.3263899640625 0.463926921875 0.3263899640625 0.463926921875 0.2880594703125 0.46173778125 0.28767229375 0.46173778125 0.325228434375 0.4503940453125 0.3248412578125
0 0.46171190937500006 0.2876703578125 0.450170753125 0.2876703578125 0.450170753125 0.325617546875 0.46171190937500006 0.325617546875 0.46171190937500006 0.2876703578125
2 0.45884413281249997 0.290459965625 0.44921190937500005 0.2887563890625 0.4489200234375 0.31061896718750004 0.456654990625 0.3023850078125 0.45884413281249997 0.2972742765625 0.45884413281249997 0.290459965625
7 0.20904261562499998 0.05680863125 0.9524401640625 0.0568313453125 0.9530239343750001 0.280567859375 0.9591535312499999 0.280567859375 0.9588849968750001 0.0437478703125 0.20875072968750003 0.0448835890625 0.20904261562499998 0.05680863125
1 0.5458844140625 0.1703577515625 0.5299649734375 0.1703577515625 0.5299649734375 0.2272742765625 0.5458844140625 0.2272742765625 0.5458844140625 0.1703577515625
2 0.5370694687500001 0.20556502031249999 0.5321074140625 0.20386144218750002 0.5323993 0.2294151046875 0.5449503796874999 0.22884724687500002 0.5429071796875 0.2135150484375 0.5370694687500001 0.20556502031249999
4 0.572745184375 0.057691653125 0.52955779375 0.057691653125 0.52955779375 0.165715503125 0.572745184375 0.165715503125 0.572745184375 0.057691653125
2 0.5417396375 0.15048268125 0.536485696875 0.1453719484375 0.5323993 0.1431005109375 0.5323993 0.16922203281249998 0.5449503796874999 0.1697898921875 0.5440747234375001 0.1595684265625 0.5417396375 0.15048268125
4 0.5269702281249999 0.057304089062499994 0.4823905421875 0.057304089062499994 0.4823905421875 0.16416098750000002 0.5269702281249999 0.16416098750000002 0.5269702281249999 0.057304089062499994
2 0.5122591937500001 0.157296990625 0.5116754234374999 0.1697898921875 0.524226503125 0.1697898921875 0.5245183890625 0.1442362296875 0.5192644484375 0.1453719484375 0.5154699359375 0.149914821875 0.5122591937500001 0.157296990625
1 0.526978984375 0.1703577515625 0.510262696875 0.1703577515625 0.510262696875 0.2272742765625 0.526978984375 0.2272742765625 0.526978984375 0.1703577515625
2 0.51430239375 0.21181147031249997 0.511967309375 0.21976149843749998 0.5116754234374999 0.2305508234375 0.5239346171875 0.22998296406250002 0.524226503125 0.2044293015625 0.520431990625 0.2049971609375 0.5160537078125 0.20726859687500002 0.51430239375 0.21181147031249997
6 0.4491681265625 0.1652934796875 0.4489691140625 0.169165246875 0.45076022968749996 0.169165246875 0.45076022968749996 0.1722626609375 0.45255134531249996 0.17264983750000001 0.45275035781249995 0.16955242343750002 0.4794180859375 0.1703267765625 0.4792190734375 0.1943317328125 0.45334739687500003 0.194718909375 0.45314838437500005 0.1908471421875 0.4513572671875 0.1896856125 0.45115825468750004 0.20168809062499998 0.45294937187500006 0.2020752671875 0.45294937187500006 0.1985906765625 0.4794180859375 0.1978163234375 0.4794180859375 0.2179495125 0.4820052546875 0.2175623359375 0.4820052546875 0.1993650296875 0.50847396875 0.1985906765625 0.5088719953124999 0.20168809062499998 0.5102650859375 0.20168809062499998 0.5104640984375 0.1896856125 0.5086729828125 0.1896856125 0.5086729828125 0.1943317328125 0.481607228125 0.194718909375 0.4820052546875 0.16955242343750002 0.50847396875 0.1687780703125 0.5086729828125 0.1711011296875 0.5102650859375 0.171875484375 0.5102650859375 0.1699396 0.5122552140625001 0.16955242343750002 0.5120562015625 0.16568065625 0.4822042671875 0.16490630312500001 0.4822042671875 0.07934025156249999 0.4794180859375 0.0785658984375 0.4788210484375 0.16568065625 0.4491681265625 0.1652934796875
0 0.5082859015625 0.1703577515625 0.48221322187500004 0.1703577515625 0.48221322187500004 0.19475298125 0.5082859015625 0.19475298125 0.5082859015625 0.1703577515625
2 0.51050788125 0.19307211875000002 0.51050788125 0.1709256109375 0.498540571875 0.17149346875 0.49941622968750005 0.181714934375 0.5023350843750001 0.18852924375 0.51050788125 0.19307211875000002
1 0.5729728546875 0.23114565625 0.20678196093749998 0.23114565625 0.20678196093749998 0.2783773421875 0.5729728546875 0.2783773421875 0.5729728546875 0.23114565625
6 0.5120562015625 0.22649837343749998 0.5106631109374999 0.22649837343749998 0.5106631109374999 0.217593309375 0.5086729828125 0.21720613281249998 0.50847396875 0.22688555 0.48439340781249995 0.22688555 0.48439340781249995 0.23114449375 0.5120562015625 0.230370140625 0.5120562015625 0.22649837343749998
0 0.508671190625 0.1993952296875 0.48200306406250004 0.1993952296875 0.48200306406250004 0.2264991484375 0.508671190625 0.2264991484375 0.508671190625 0.1993952296875
2 0.51050788125 0.2191936390625 0.5107997671875 0.2004542875 0.49970811406250004 0.2004542875 0.5011675421875 0.20897217499999998 0.5035026265625 0.21635434375 0.51050788125 0.2191936390625
0 0.47922723281249996 0.1703534921875 0.4533559546875 0.1703534921875 0.4533559546875 0.1939735953125 0.47922723281249996 0.1939735953125 0.47922723281249996 0.1703534921875
2 0.46205487500000003 0.18455423124999998 0.4626386453125 0.17773992031250002 0.46293053124999994 0.1709256109375 0.45067133593750003 0.17149346875 0.45008756562499996 0.1919364 0.45884413281249997 0.1896649640625 0.46205487500000003 0.18455423124999998
6 0.4481730625 0.2257240203125 0.4479740484375 0.2307573171875 0.47683091875 0.2307573171875 0.47683091875 0.22649837343749998 0.45294937187500006 0.227272728125 0.45314838437500005 0.21720613281249998 0.45095924218750005 0.21681895624999997 0.45076022968749996 0.22533684375 0.4481730625 0.2257240203125
0 0.47922723281249996 0.1993994890625 0.45315455312499997 0.1993994890625 0.45315455312499997 0.22688671249999998 0.47922723281249996 0.22688671249999998 0.47922723281249996 0.1993994890625
2 0.45913601875000004 0.21294718906250001 0.46147110312499995 0.208404315625 0.46147110312499995 0.199886428125 0.45096322187500004 0.199886428125 0.45067133593750003 0.21749006249999997 0.4556333921875 0.218057921875 0.45913601875000004 0.21294718906250001
1 0.45071803906249996 0.1713032375 0.43539404531250003 0.1713032375 0.43539404531250003 0.22619250468750002 0.45071803906249996 0.22619250468750002 0.45071803906249996 0.1713032375
2 0.4474605953125 0.2135150484375 0.44395796875000004 0.20726859687500002 0.4375364859375 0.2044293015625 0.4369527140625 0.22884724687500002 0.44921190937500005 0.2305508234375 0.4497956796875 0.2220329359375 0.4474605953125 0.2135150484375
1 0.4315017515625 0.17083475312500002 0.4164229421875 0.17083475312500002 0.4164229421875 0.2257240203125 0.4315017515625 0.2257240203125 0.4315017515625 0.17083475312500002
2 0.418855809375 0.2140829078125 0.41710449531249993 0.22032935937499998 0.416812609375 0.2305508234375 0.4293636890625 0.2294151046875 0.4299474609375 0.2044293015625 0.42673671874999997 0.20556502031249999 0.4223584359375 0.208404315625 0.418855809375 0.2140829078125
4 0.4788112953125 0.05768739375 0.43522548125 0.05768739375 0.43522548125 0.164936115625 0.4788112953125 0.164936115625 0.4788112953125 0.05768739375
2 0.4422066546875 0.1448040890625 0.43666082812499996 0.14196479374999998 0.43782837187499996 0.16922203281249998 0.4497956796875 0.1697898921875 0.4483362515625 0.1521862578125 0.4422066546875 0.1448040890625
4 0.4318432578125 0.057299829687500005 0.3874649734375 0.057299829687500005 0.3874649734375 0.16493185625 0.4318432578125 0.16493185625 0.4318432578125 0.057299829687500005
2 0.41739638125 0.157296990625 0.41710449531249993 0.16922203281249998 0.429071803125 0.1686541734375 0.4293636890625 0.1436683703125 0.42294220625 0.14593980625 0.418855809375 0.15105053906250002 0.41739638125 0.157296990625
6 0.3540399625 0.16490630312500001 0.354238975 0.169165246875 0.356030090625 0.169165246875 0.356030090625 0.1722626609375 0.3582192328125 0.17264983750000001 0.35802022031249997 0.16955242343750002 0.3850859734375 0.16955242343750002 0.3850859734375 0.194718909375 0.3586172578125 0.1951060859375 0.3584182453125 0.19123431875000002 0.356229103125 0.190459965625 0.355831078125 0.2009137375 0.3584182453125 0.2009137375 0.3582192328125 0.1985906765625 0.385484 0.1985906765625 0.3850859734375 0.2175623359375 0.387474128125 0.2179495125 0.38707610312499996 0.1985906765625 0.4133458046875 0.1982035 0.41394284375 0.2009137375 0.41593297187499995 0.2009137375 0.41573395937499996 0.1908471421875 0.41374383124999997 0.190459965625 0.41354481718749997 0.194718909375 0.387275115625 0.1943317328125 0.387275115625 0.16955242343750002 0.4133458046875 0.16955242343750002 0.41374383124999997 0.171875484375 0.41593297187499995 0.171875484375 0.41593297187499995 0.169165246875 0.418321128125 0.16955242343750002 0.418321128125 0.16606783281249998 0.387474128125 0.16568065625 0.387474128125 0.0785658984375 0.38488696093749997 0.0781787203125 0.384488934375 0.1652934796875 0.3540399625 0.16490630312500001
6 0.418321128125 0.227241753125 0.41573395937499996 0.2268545765625 0.41593297187499995 0.2179495125 0.41374383124999997 0.2175623359375 0.41374383124999997 0.227241753125 0.3900612953125 0.2268545765625 0.3900612953125 0.23111352031250001 0.418520140625 0.23111352031250001 0.418321128125 0.227241753125
0 0.4135529765625 0.199007665625 0.3874802984375 0.199007665625 0.3874802984375 0.22688671249999998 0.4135529765625 0.22688671249999998 0.4135529765625 0.199007665625
2 0.40718038593749994 0.2123793296875 0.41039112656250004 0.216922203125 0.41535318125 0.218057921875 0.4162288390625 0.198750709375 0.40455341562499997 0.199886428125 0.40718038593749994 0.2123793296875
0 0.41315455312499993 0.1695826234375 0.38728327500000004 0.1695826234375 0.38728327500000004 0.193977853125 0.41315455312499993 0.193977853125 0.41315455312499993 0.1695826234375
2 0.40718038593749994 0.18852924375 0.41126678281249995 0.19080068125 0.41564506718749994 0.192504259375 0.41535318125 0.17149346875 0.4030939875 0.17149346875 0.40426152968749995 0.17944349843750002 0.40718038593749994 0.18852924375
0 0.384695709375 0.1703534921875 0.35862302968750004 0.1703534921875 0.35862302968750004 0.1939735953125 0.384695709375 0.1939735953125 0.384695709375 0.1703534921875
2 0.3663164046875 0.18228279375 0.36806771718750003 0.17149346875 0.35639229375000003 0.1703577515625 0.3566841796875 0.19080068125 0.36106246406250003 0.19080068125 0.3642732046875 0.1873935265625 0.3663164046875 0.18228279375
1 0.355928196875 0.171358603125 0.3402189140625 0.171358603125 0.3402189140625 0.22647785312500002 0.355928196875 0.22647785312500002 0.355928196875 0.171358603125
2 0.35288966718750003 0.2112436109375 0.3485113828125 0.20726859687500002 0.34296555781250004 0.2044293015625 0.342673671875 0.2305508234375 0.3552247515625 0.2305508234375 0.35434909531250003 0.218057921875 0.35288966718750003 0.2112436109375
6 0.38269781875 0.23111352031250001 0.38249880625 0.22762892968749998 0.3586172578125 0.2268545765625 0.3586172578125 0.2179495125 0.3554330515625 0.21678798281249997 0.355831078125 0.2303391671875 0.38269781875 0.23111352031250001
0 0.3850941328125 0.199011925 0.3586274078125 0.199011925 0.3586274078125 0.22611584375 0.3850941328125 0.22611584375 0.3850941328125 0.199011925
2 0.3651488609375 0.21465076718749998 0.3663164046875 0.208404315625 0.3663164046875 0.199886428125 0.35639229375000003 0.2004542875 0.35610040781249996 0.218057921875 0.359894921875 0.21862578125 0.3651488609375 0.21465076718749998
1 0.33712565625 0.17086456562500002 0.32167469375 0.17086456562500002 0.32167469375 0.22647785312500002 0.33712565625 0.22647785312500002 0.33712565625 0.17086456562500002
2 0.32224168125 0.218057921875 0.3216579109375 0.22998296406250002 0.3347927609375 0.23111868281249998 0.335084646875 0.2044293015625 0.3295388203125 0.2061328796875 0.325452421875 0.2106757515625 0.32224168125 0.218057921875
6 0.2609019265625 0.1699396 0.2611009390625 0.173424190625 0.26368810625 0.173424190625 0.2638871203125 0.169165246875 0.2905548484375 0.16955242343750002 0.290355834375 0.194718909375 0.2638871203125 0.1943317328125 0.26368810625 0.1900727890625 0.261697978125 0.190459965625 0.26129995156249997 0.2013009140625 0.26348909374999996 0.2009137375 0.26368810625 0.1985906765625 0.2905548484375 0.1985906765625 0.290156821875 0.2179495125 0.29214695156250003 0.21833668906249998 0.2923459640625 0.1985906765625 0.31941171874999996 0.1985906765625 0.3192127046875 0.20168809062499998 0.321401846875 0.2009137375 0.32100382031249997 0.190459965625 0.3188146796875 0.1908471421875 0.3188146796875 0.19394455625 0.29214695156250003 0.194718909375 0.2923459640625 0.16955242343750002 0.3188146796875 0.16955242343750002 0.31901369218750003 0.171875484375 0.321202834375 0.1722626609375 0.321401846875 0.16955242343750002 0.32319296249999996 0.169165246875 0.32319296249999996 0.16490630312500001 0.2925449765625 0.1652934796875 0.2925449765625 0.0781787203125 0.290156821875 0.0785658984375 0.290156821875 0.16490630312500001 0.258712784375 0.16568065625 0.258712784375 0.1699396 0.2609019265625 0.1699396
0 0.3192228546875 0.199011925 0.292554728125 0.199011925 0.292554728125 0.22611584375 0.3192228546875 0.22611584375 0.3192228546875 0.199011925
2 0.321366025 0.21976149843749998 0.3210741390625 0.199886428125 0.3105662578125 0.199886428125 0.3114419140625 0.20783645625 0.3134851140625 0.216922203125 0.321366025 0.21976149843749998
4 0.38430604218750003 0.057747018750000004 0.34012478125 0.057747018750000004 0.34012478125 0.164995740625 0.38430604218750003 0.164995740625 0.38430604218750003 0.057747018750000004
2 0.3485113828125 0.146507665625 0.34325744375 0.1431005109375 0.3423817859375 0.1686541734375 0.3552247515625 0.1697898921875 0.3552247515625 0.16354344062499998 0.35288966718750003 0.1527541171875 0.3485113828125 0.146507665625
4 0.33732486875 0.057661840625 0.292745184375 0.057661840625 0.292745184375 0.1660689953125 0.33732486875 0.1660689953125 0.33732486875 0.057661840625
2 0.323701109375 0.1538898359375 0.3225335671875 0.1624077234375 0.3219497953125 0.1709256109375 0.334208990625 0.1697898921875 0.334208990625 0.1436683703125 0.32983070625 0.14593980625 0.326619965625 0.147643384375 0.323701109375 0.1538898359375
0 0.3186230296875 0.1703534921875 0.2927517515625 0.1703534921875 0.2927517515625 0.1939735953125 0.3186230296875 0.1939735953125 0.3186230296875 0.1703534921875
2 0.3164039703125 0.192504259375 0.3216579109375 0.192504259375 0.3210741390625 0.1726291875 0.30881494374999996 0.1709256109375 0.3096906015625 0.1783077796875 0.3117338 0.1868256671875 0.3164039703125 0.192504259375
0 0.6982136609375 0.1993952296875 0.6725394046875001 0.1993952296875 0.6725394046875001 0.226107325 0.6982136609375 0.226107325 0.6982136609375 0.1993952296875
6 0.6982646078125 0.20055753437499999 0.6996576984375 0.20055753437499999 0.6996576984375 0.1901037625 0.6984636203125001 0.1901037625 0.6984636203125001 0.19474988437500002 0.67239293125 0.19397553125 0.67239293125 0.19862165 0.6980655953125 0.198234475 0.6982646078125 0.20055753437499999
0 0.6980144484374999 0.169965928125 0.6727386171874999 0.169965928125 0.6727386171874999 0.19436115781250002 0.6980144484374999 0.19436115781250002 0.6980144484374999 0.169965928125
2 0.6914944546874999 0.1868256671875 0.695580853125 0.1919364 0.6999591359374999 0.1936399765625 0.6999591359374999 0.1703577515625 0.6876999421875001 0.1709256109375 0.6879918265625 0.18001135625 0.6914944546874999 0.1868256671875
4 0.7159238171875 0.057691653125 0.672937828125 0.057691653125 0.672937828125 0.1653236796875 0.7159238171875 0.1653236796875 0.7159238171875 0.057691653125
2 0.70258610625 0.1533219765625 0.701126678125 0.1624077234375 0.7014185640624999 0.1703577515625 0.7139696437499999 0.1697898921875 0.7130939875 0.1436683703125 0.7066725046875 0.147643384375 0.70258610625 0.1533219765625
4 0.7638682140624999 0.057299829687500005 0.7188901046875 0.057299829687500005 0.7188901046875 0.16493185625 0.7638682140624999 0.16493185625 0.7638682140624999 0.057299829687500005
2 0.73119089375 0.15105053906250002 0.7247694109375 0.1448040890625 0.7212667828125 0.1431005109375 0.7218505546875 0.1697898921875 0.7338178640625 0.1697898921875 0.73294220625 0.15786485 0.73119089375 0.15105053906250002
1 0.952857825 0.27954158281249997 0.9524598 0.23191884687500003 0.672854640625 0.22998296406250002 0.672655628125 0.277992875 0.952857825 0.27954158281249997
6 0.7018468390625 0.22649837343749998 0.6994586843749999 0.22649837343749998 0.6998567109375 0.2179804859375 0.6982646078125 0.21720613281249998 0.6980655953125 0.22649837343749998 0.673786021875 0.22649837343749998 0.6735870078125 0.230370140625 0.7018468390625 0.2307573171875 0.7018468390625 0.22649837343749998
2 0.6961646234375001 0.21749006249999997 0.6999591359374999 0.21862578125 0.69966725 0.20102214687500003 0.688867484375 0.2004542875 0.6914944546874999 0.21294718906250001 0.6961646234375001 0.21749006249999997
1 0.7159260062499999 0.1711328796875 0.7002035906249999 0.1711328796875 0.7002035906249999 0.2264991484375 0.7159260062499999 0.2264991484375 0.7159260062499999 0.1711328796875
2 0.7037536484375 0.2112436109375 0.702002334375 0.21862578125 0.7014185640624999 0.2294151046875 0.713385871875 0.22998296406250002 0.7136777578125 0.2044293015625 0.7081319328125 0.20670073906250003 0.7037536484375 0.2112436109375
1 0.7346322234375 0.1703620109375 0.71930823125 0.1703620109375 0.71930823125 0.22611158437499998 0.7346322234375 0.22611158437499998 0.7346322234375 0.1703620109375
2 0.7209748984375 0.2044293015625 0.72155866875 0.22998296406250002 0.7332340921875 0.22884724687500002 0.7335259781250001 0.2226007953125 0.7308990078125001 0.21010789375 0.7241856390625 0.2044293015625 0.7209748984375 0.2044293015625
6 0.7352810062499999 0.169196221875 0.7350819937499999 0.1711321046875 0.7372711359374999 0.17151928125 0.7376691609375 0.169196221875 0.7643368890625 0.1695833984375 0.7643368890625 0.19474988437500002 0.7378681734375 0.19474988437500002 0.7378681734375 0.1908781171875 0.7352810062499999 0.19126529375 0.7352810062499999 0.2013318875 0.7374701484374999 0.2013318875 0.7374701484374999 0.19862165 0.7641378765625 0.19862165 0.7641378765625 0.21720613281249998 0.7661280046875001 0.21720613281249998 0.7657299796875 0.19862165 0.7929947453125 0.19862165 0.7929947453125 0.2009447109375 0.794984875 0.2009447109375 0.7947858625 0.190490940625 0.7923977078125 0.1908781171875 0.7925967203125001 0.19397553125 0.7657299796875 0.19397553125 0.765530965625 0.169196221875 0.7929947453125 0.16880904375 0.793193759375 0.1719064578125 0.794984875 0.1726808125 0.7951838875 0.1695833984375 0.7969750046875 0.1695833984375 0.7971740171875 0.164937278125 0.7663270171875001 0.1645501 0.7661280046875001 0.078596871875 0.7639388640625 0.078596871875 0.76373985 0.1653244546875 0.7326938390625 0.1653244546875 0.7328928515625 0.169196221875 0.7352810062499999 0.169196221875
2 0.7446001171875001 0.1862578078125 0.7463514296875 0.17944349843750002 0.7469352015624999 0.1709256109375 0.7349678921875 0.17149346875 0.7349678921875 0.191368540625 0.7408056046875 0.191368540625 0.7446001171875001 0.1862578078125
6 0.7350819937499999 0.22688555 0.7324948250000001 0.22688555 0.7322958125000001 0.23114449375 0.7611526828125 0.23114449375 0.7611526828125 0.22649837343749998 0.7378681734375 0.22649837343749998 0.7376691609375 0.217593309375 0.7352810062499999 0.217593309375 0.7350819937499999 0.22688555
2 0.7440163453124999 0.21294718906250001 0.7454757734374999 0.2049971609375 0.7463514296875 0.199886428125 0.735259778125 0.19931856875 0.735259778125 0.21749006249999997 0.74051371875 0.21749006249999997 0.7440163453124999 0.21294718906250001
4 0.8112302984375 0.058079215625 0.7668520140624999 0.058079215625 0.7668520140624999 0.164936115625 0.8112302984375 0.164936115625 0.8112302984375 0.058079215625
2 0.7959719796875 0.158432709375 0.7956800937499999 0.1697898921875 0.8085230593749999 0.16922203281249998 0.8082311734375001 0.1442362296875 0.8026853468749999 0.1448040890625 0.7991827203125 0.148779103125 0.7959719796875 0.158432709375
4 0.8583975484374999 0.057299829687500005 0.8140192640624999 0.057299829687500005 0.8140192640624999 0.16493185625 0.8583975484374999 0.16493185625 0.8583975484374999 0.057299829687500005
2 0.8251605375000001 0.149914821875 0.8210741390624999 0.14593980625 0.8164039703125001 0.1436683703125 0.8164039703125001 0.1686541734375 0.82895505 0.1697898921875 0.8277875078125 0.156161271875 0.8251605375000001 0.149914821875
1 0.82954246875 0.16997018749999998 0.8138200531249999 0.16997018749999998 0.8138200531249999 0.2272700171875 0.82954246875 0.2272700171875 0.82954246875 0.16997018749999998
2 0.816112084375 0.2049971609375 0.8175715125 0.2316865421875 0.82895505 0.2305508234375 0.8280793921875 0.2220329359375 0.8263280796875 0.2112436109375 0.821366025 0.2061328796875 0.816112084375 0.2049971609375
6 0.82961311875 0.173857828125 0.8322002875000001 0.1734706515625 0.8322002875000001 0.1699860609375 0.8584699890625 0.1703732390625 0.8586690015625 0.217608796875 0.86125616875 0.217608796875 0.86105715625 0.0782251828125 0.8588680140625 0.078612359375 0.8588680140625 0.16495276406249998 0.827622990625 0.165339940625 0.827622990625 0.1707604140625 0.82981213125 0.1707604140625 0.82961311875 0.173857828125
4 0.858795971875 0.1703534921875 0.8325262703125 0.1703534921875 0.8325262703125 0.22649488906249998 0.858795971875 0.22649488906249998 0.858795971875 0.1703534921875
2 0.8403385875 0.1851220890625 0.8415061296875 0.1783077796875 0.8415061296875 0.17149346875 0.8298307062499999 0.1703577515625 0.8301225921875 0.192504259375 0.8356684187500001 0.1919364 0.8403385875 0.1851220890625
0 0.7929225046874999 0.1703577515625 0.7664557796875 0.1703577515625 0.7664557796875 0.19436115781250002 0.7929225046874999 0.19436115781250002 0.7929225046874999 0.1703577515625
2 0.7854640984375 0.1868256671875 0.78984238125 0.19080068125 0.7945125515625 0.191368540625 0.7948044359375 0.17149346875 0.7825452421875 0.17149346875 0.78225335625 0.17773992031250002 0.7854640984375 0.1868256671875
6 0.7683171468750001 0.230370140625 0.796775990625 0.23114449375 0.796576978125 0.227272728125 0.794984875 0.22688555 0.7951838875 0.21720613281249998 0.7925967203125001 0.21720613281249998 0.7927957328125 0.22611119687499998 0.7685161593750001 0.22649837343749998 0.7683171468750001 0.230370140625
2 0.7918855812500001 0.2191936390625 0.7953882078125 0.21862578125 0.7948044359375 0.199886428125 0.7840046703125 0.19931856875 0.7851722125 0.208404315625 0.7877991828125 0.21521862656250001 0.7918855812500001 0.2191936390625
1 0.7745422703125 0.3271643171875 0.768969909375 0.3275514953125 0.768770896875 0.38407929375 0.7747412828125 0.3852408234375 0.7747412828125 0.3898869453125 0.7683728703125 0.3887254140625 0.7679748453124999 0.4781632328125 0.8125537328125001 0.4793247640625 0.81155866875 0.2880594703125 0.7685718828125 0.28883382343749997 0.7685718828125 0.3213566671875 0.7743432578125 0.32174384375 0.7745422703125 0.3271643171875
2 0.791009925 0.29926178281250004 0.7948044359375 0.2935831921875 0.7985989484375 0.2986939234375 0.8021015765625 0.3003975015625 0.801809690625 0.27938671249999997 0.7854640984375 0.278818853125 0.784588440625 0.3026689375 0.786631640625 0.30380465624999997 0.791009925 0.29926178281250004
3 0.6726277656249999 0.271410871875 0.66725441875 0.2710236953125 0.66725441875 0.355041040625 0.6726277656249999 0.3546538640625 0.6726277656249999 0.32987455468750004 0.7223809906249999 0.3291002015625 0.722779015625 0.2880594703125 0.785667090625 0.2872851171875 0.785468078125 0.27838005312499997 0.7182017187499999 0.2787672296875 0.71800270625 0.320969490625 0.6726277656249999 0.32058231406250004 0.6726277656249999 0.271410871875
0 0.6946322234375 0.28573253906249996 0.67274080625 0.28573253906249996 0.67274080625 0.3198040890625 0.6946322234375 0.3198040890625 0.6946322234375 0.28573253906249996
2 0.690601284375 0.3026689375 0.6938120265625 0.303236796875 0.6938120265625 0.2805224296875 0.6835960296875 0.27938671249999997 0.683887915625 0.2924474734375 0.6856392296875 0.29926178281250004 0.690601284375 0.3026689375
6 0.6970687390625 0.280519590625 0.6941484234375 0.280519590625 0.6941484234375 0.3214054515625 0.6970687390625 0.3214054515625 0.6970687390625 0.280519590625
0 0.7179159375 0.285344975 0.696821365625 0.285344975 0.696821365625 0.32019165312500003 0.7179159375 0.32019165312500003 0.7179159375 0.285344975
2 0.707822534375 0.29131175468750004 0.7086981906250001 0.27938671249999997 0.6976065375 0.2810902890625 0.6981903093749999 0.304372515625 0.7025685937499999 0.3021010796875 0.7060712203125 0.2981260640625 0.707822534375 0.29131175468750004
6 0.7352948046875001 0.38614423593749997 0.7323759484375 0.38614423593749997 0.7320840625 0.389551390625 0.7656509046875 0.389551390625 0.7656509046875 0.4230550828125 0.768277875 0.42191936406249997 0.7679859890625 0.389551390625 0.774407471875 0.389551390625 0.7746993578125 0.3850085171875 0.768277875 0.3855763765625 0.7679859890625 0.36967632031250003 0.761272621875 0.36967632031250003 0.7609807359375 0.36683702500000004 0.7367542328125001 0.3674048828125 0.7367542328125001 0.36342987031249996 0.7347110328124999 0.36342987031249996 0.7352948046875001 0.38614423593749997
0 0.76090590625 0.3554282171875 0.765284190625 0.3554282171875 0.7656822156249999 0.338005265625 0.7521493390625 0.3376180890625 0.7521493390625 0.3271643171875 0.737024359375 0.3271643171875 0.7372233718750001 0.36704351874999996 0.76070689375 0.3682050484375 0.76090590625 0.3554282171875
2 0.7460595453125001 0.3594548546875 0.74430823125 0.3537762625 0.741097490625 0.34866553125 0.73467600625 0.3463940953125 0.7349678921875 0.366269165625 0.7463514296875 0.3674048828125 0.7460595453125001 0.3594548546875
4 0.7635965609375 0.5114604296875 0.9253940453125 0.5102989 0.9253940453125 0.5385628 0.9377328453124999 0.5389499765625 0.9379318578125 0.48551959062499994 0.9347476515625001 0.48513241406249996 0.9345486390625 0.4715812296875 0.9377328453124999 0.47119405312499996 0.9373348187499999 0.3701409328125 0.916836490625 0.36975375625 0.9170355046875001 0.3991791859375 0.9017115109375 0.3987920078125 0.9017115109375 0.36975375625 0.8145438625000001 0.36975375625 0.8145438625000001 0.4847452375 0.7635965609375 0.48435806093749995 0.7635965609375 0.5114604296875
2 0.7755399875 0.44009085781249996 0.7717454765625 0.43611584375 0.7734967890625 0.432140828125 0.776123759375 0.4213515046875 0.7659077640625 0.4213515046875 0.765615878125 0.4548551953125 0.7778750734375001 0.4554230546875 0.77670753125 0.44690516718750006 0.7755399875 0.44009085781249996
2 0.8079392875 0.43554798437500003 0.8038528890625001 0.4417944359375 0.8026853468749999 0.4463373078125 0.8026853468749999 0.4559909140625 0.814068884375 0.4554230546875 0.814068884375 0.4224872234375 0.8035610046875 0.4213515046875 0.8058960890625 0.42986939218750003 0.8079392875 0.43554798437500003
2 0.81844716875 0.328790459375 0.8201984828125 0.3253833046875 0.8231173374999999 0.3197047125 0.8239929953124999 0.30777967031250003 0.8114419140625 0.30777967031250003 0.8117338000000001 0.3424190796875 0.821366025 0.340715503125 0.8210741390624999 0.3344690515625 0.81844716875 0.328790459375
4 0.8980035031250001 0.05768739375 0.8613835375000001 0.05768739375 0.8613835375000001 0.22611158437499998 0.8980035031250001 0.22611158437499998 0.8980035031250001 0.05768739375
2 0.87361354375 0.2106757515625 0.8706946875 0.20726859687500002 0.8631056625 0.2044293015625 0.86398131875 0.2316865421875 0.876824284375 0.23225440156250002 0.875948628125 0.22089721718750002 0.87361354375 0.2106757515625
4 0.9346202828125 0.2179804859375 0.9419837609374999 0.217593309375 0.9421827734375 0.22611119687499998 0.95233243125 0.22611119687499998 0.9527304578125 0.0569149765625 0.9011861171875 0.057302153125 0.900788090625 0.22649837343749998 0.9344212703125001 0.22649837343749998 0.9346202828125 0.2179804859375
2 0.9165207234375 0.21010789375 0.9150612953125 0.21862578125 0.9133099828125 0.2135150484375 0.9106830125 0.20897217499999998 0.9051371859374999 0.20726859687500002 0.9057209578125001 0.22998296406250002 0.9246935203125 0.22998296406250002 0.9246935203125 0.20783645625 0.9206071218749999 0.208404315625 0.9165207234375 0.21010789375
7 0.904838003125 0.297559625 0.8987084062499999 0.297559625 0.8987084062499999 0.3577555359375 0.904838003125 0.3577555359375 0.904838003125 0.297559625
6 0.2047869234375 0.6456445203125 0.1939871578125 0.650755253125 0.19457092812500001 0.6552981265625 0.2047869234375 0.65018739375 0.2047869234375 0.6456445203125
0 0.21603035625000003 0.6382737078125 0.2163222421875 0.6246450875 0.222743725 0.625212946875 0.21953298281250003 0.6036342984374999 0.20756567499999998 0.6093128906249999 0.2072737890625 0.6030664390625 0.21865732656249998 0.5979557062499999 0.21544658437500003 0.5769449171875001 0.18625802656249998 0.593412834375 0.1944308234375 0.65019875 0.21719789843749998 0.6394094265625 0.21603035625000003 0.6382737078125
2 0.2089842375 0.6286201015625 0.20518972500000002 0.627484384375 0.20139521249999998 0.6280522421875 0.2054816109375 0.65019875 0.21569760625 0.6445201593750001 0.212486865625 0.6320272578125 0.2089842375 0.6286201015625
6 0.21633537656250001 0.2271422484375 0.206703153125 0.2271422484375 0.206703153125 0.2311201015625 0.21633537656250001 0.2311201015625 0.21633537656250001 0.2271422484375
3 0.2238682140625 0.218057921875 0.2162806484375 0.218057921875 0.2162806484375 0.2316865421875 0.2238682140625 0.2316865421875 0.2238682140625 0.218057921875
6 0.22830122656250001 0.2260051109375 0.22392294218750003 0.2260051109375 0.22392294218750003 0.23111584375 0.22830122656250001 0.23111584375 0.22830122656250001 0.2260051109375
1 0.24241024531250002 0.170745315625 0.207186953125 0.170745315625 0.207186953125 0.22649488906249998 0.24241024531250002 0.22649488906249998 0.24241024531250002 0.170745315625
2 0.2288324578125 0.215786484375 0.227664915625 0.2305508234375 0.23992410937500003 0.2305508234375 0.23963222343749999 0.20386144218750002 0.23642148281250003 0.20556502031249999 0.23145942812500003 0.20897217499999998 0.2288324578125 0.215786484375
4 0.2423927328125 0.058045145312500004 0.2069680390625 0.058045145312500004 0.2069680390625 0.1652938671875 0.2423927328125 0.1652938671875 0.2423927328125 0.058045145312500004
2 0.23758902499999998 0.1436683703125 0.23145942812500003 0.148779103125 0.228540571875 0.155025553125 0.226789259375 0.1697898921875 0.23992410937500003 0.1686541734375 0.23992410937500003 0.1453719484375 0.23758902499999998 0.1436683703125
4 0.28975919375000003 0.057274276562500004 0.245179509375 0.057274276562500004 0.245179509375 0.16490630312500001 0.28975919375000003 0.16490630312500001 0.28975919375000003 0.057274276562500004
2 0.25568593125 0.147075525 0.251307646875 0.1448040890625 0.2478050203125 0.1431005109375 0.24809690624999997 0.1697898921875 0.2603561 0.1686541734375 0.258896671875 0.1538898359375 0.25568593125 0.147075525
1 0.261313484375 0.1703577515625 0.2453940453125 0.1703577515625 0.2453940453125 0.2272742765625 0.261313484375 0.2272742765625 0.261313484375 0.1703577515625
2 0.2583129015625 0.2140829078125 0.2568534734375 0.208404315625 0.2521833046875 0.2061328796875 0.2478050203125 0.2044293015625 0.2478050203125 0.22884724687500002 0.2603561 0.23111868281249998 0.2603561 0.2226007953125 0.2583129015625 0.2140829078125
0 0.2897723296875 0.17074105625 0.26409807343749997 0.17074105625 0.26409807343749997 0.19358603125 0.2897723296875 0.19358603125 0.2897723296875 0.17074105625
2 0.27057209531250004 0.18852924375 0.272323409375 0.18057921562499998 0.27319906562499996 0.1726291875 0.26210741406250004 0.1709256109375 0.26123175625 0.19307211875000002 0.26502627031250003 0.1919364 0.27057209531250004 0.18852924375
0 0.29016418593750004 0.1993952296875 0.26409150625 0.1993952296875 0.26409150625 0.2264991484375 0.29016418593750004 0.2264991484375 0.29016418593750004 0.1993952296875
2 0.27057209531250004 0.21181147031249997 0.271447753125 0.20670073906250003 0.27203152343750003 0.19931856875 0.261815528125 0.199886428125 0.2615236421875 0.21749006249999997 0.2673613546875 0.216922203125 0.27057209531250004 0.21181147031249997
7 0.29158931718750003 0.2969931859375 0.2854597203125 0.2969931859375 0.2854597203125 0.39409710468750003 0.29158931718750003 0.39409710468750003 0.29158931718750003 0.2969931859375
3 0.22357486875000002 0.0647359453125 0.215987303125 0.0647359453125 0.215987303125 0.07836456562500001 0.22357486875000002 0.07836456562500001 0.22357486875000002 0.0647359453125
3 0.294796409375 0.064165246875 0.28720884375 0.064165246875 0.28720884375 0.0777938671875 0.294796409375 0.0777938671875 0.294796409375 0.064165246875
3 0.38994965000000004 0.064165246875 0.382362084375 0.064165246875 0.382362084375 0.0777938671875 0.38994965000000004 0.0777938671875 0.38994965000000004 0.064165246875
3 0.4842272328125 0.0647359453125 0.47663966718750006 0.0647359453125 0.47663966718750006 0.07836456562500001 0.4842272328125 0.07836456562500001 0.4842272328125 0.0647359453125
3 0.38994965000000004 0.218057921875 0.382362084375 0.218057921875 0.382362084375 0.2316865421875 0.38994965000000004 0.2316865421875 0.38994965000000004 0.218057921875
3 0.294796409375 0.218057921875 0.28720884375 0.218057921875 0.28720884375 0.2316865421875 0.294796409375 0.2316865421875 0.294796409375 0.218057921875
7 0.1630472859375 0.4764224875 0.1729713953125 0.5496763203125 0.1796847640625 0.5462691656249999 0.16946876875 0.47301533281249997 0.1630472859375 0.4764224875
3 0.1806676875 0.47192504218750003 0.173080121875 0.47192504218750003 0.173080121875 0.4855536625 0.1806676875 0.4855536625 0.1806676875 0.47192504218750003
3 0.2241571796875 0.47192504218750003 0.21656961406250003 0.47192504218750003 0.21656961406250003 0.4855536625 0.2241571796875 0.4855536625 0.2241571796875 0.47192504218750003
3 0.2950853765625 0.47192504218750003 0.28749781093750004 0.47192504218750003 0.28749781093750004 0.4855536625 0.2950853765625 0.4855536625 0.2950853765625 0.47192504218750003
6 0.4129013421875 0.6524588312499999 0.4158201984375 0.65018739375 0.38575598437499997 0.43383304999999994 0.383712784375 0.43553662656250003 0.3901342671875 0.4821010796875 0.36561587812499996 0.49459397968749996 0.36590776406250003 0.4997047125 0.3907180390625 0.485508234375 0.4129013421875 0.6524588312499999
3 0.38994965000000004 0.47135434375 0.382362084375 0.47135434375 0.382362084375 0.48498296406249997 0.38994965000000004 0.48498296406249997 0.38994965000000004 0.47135434375
6 0.5312434328125 0.4486087453125 0.477828371875 0.4503123234375 0.477828371875 0.4718909703125 0.4807472265625 0.4713231109375 0.4810391125 0.45428733593750004 0.5271570343749999 0.453719478125 0.5271570343749999 0.5082339578124999 0.52949211875 0.5082339578124999 0.5292002328125001 0.45315161875000004 0.5312434328125 0.453719478125 0.5312434328125 0.4486087453125
3 0.484520578125 0.47135434375 0.4769330125 0.47135434375 0.4769330125 0.48498296406249997 0.484520578125 0.48498296406249997 0.484520578125 0.47135434375
6 0.5767184765625 0.48608603125 0.5743848515625001 0.48608603125 0.5743848515625001 0.6252086875 0.5767184765625 0.6252086875 0.5767184765625 0.48608603125
3 0.5796738171875 0.47192504218750003 0.5720862515625 0.47192504218750003 0.5720862515625 0.4855536625 0.5796738171875 0.4855536625 0.5796738171875 0.47192504218750003
2 0.5677232921875001 0.25501419687500004 0.57122591875 0.25785349218750003 0.5685989484375 0.261260646875 0.5671395218749999 0.264667803125 0.5662638640625001 0.272049971875 0.5776474031250001 0.272049971875 0.5776474031250001 0.2396819984375 0.56363689375 0.23797842187499998 0.565096321875 0.2481998859375 0.5677232921875001 0.25501419687500004
3 0.5779006125 0.23192078437500002 0.5731239046875001 0.23192078437500002 0.5731239046875001 0.23966354375 0.5779006125 0.23966354375 0.5779006125 0.23192078437500002
3 0.5793804734375 0.21809199375000002 0.5717929078124999 0.21809199375000002 0.5717929078124999 0.23172061406250002 0.5793804734375 0.23172061406250002 0.5793804734375 0.21809199375000002
3 0.578121715625 0.0793739359375 0.572946584375 0.0793739359375 0.572946584375 0.217593696875 0.578121715625 0.217593696875 0.578121715625 0.0793739359375
3 0.5796738171875 0.064778534375 0.5720862515625 0.064778534375 0.5720862515625 0.07840715468750001 0.5796738171875 0.07840715468750001 0.5796738171875 0.064778534375
3 0.4842272328125 0.2181005109375 0.47663966718750006 0.2181005109375 0.47663966718750006 0.23172913125 0.4842272328125 0.23172913125 0.4842272328125 0.2181005109375
0 0.477436515625 0.2868952296875 0.464104640625 0.2868952296875 0.464104640625 0.3260008515625 0.477436515625 0.3260008515625 0.477436515625 0.2868952296875
2 0.47258026875 0.3010107890625 0.4769585515625 0.3015786484375 0.4769585515625 0.279432140625 0.468201984375 0.279432140625 0.46674255625 0.28567859218749997 0.4684938703125 0.295332196875 0.47258026875 0.3010107890625
0 0.5729509625 0.198236796875 0.5480735546875 0.198236796875 0.5480735546875 0.2268909703125 0.5729509625 0.2268909703125 0.5729509625 0.198236796875
6 0.54528339375 0.20055753437499999 0.5476715484375 0.20055753437499999 0.5478705625 0.19862165 0.573543225 0.199008828125 0.5731452 0.1951370609375 0.548069575 0.19397553125 0.548069575 0.1897165875 0.5454824078125 0.1897165875 0.54528339375 0.20055753437499999
0 0.57255035 0.1703577515625 0.5482727671875 0.1703577515625 0.5482727671875 0.19475298125 0.57255035 0.19475298125 0.57255035 0.1703577515625
2 0.5551722125 0.1863032375 0.5572154109375 0.17835320937500002 0.5572154109375 0.1715388984375 0.546123759375 0.1709710390625 0.5455399875 0.19141396875 0.5525452421875 0.18914253281249999 0.5551722125 0.1863032375
6 0.5456814203125 0.22688555 0.543492278125 0.22688555 0.543492278125 0.2307573171875 0.5721501359375 0.23114449375 0.5723491484375 0.22688555 0.5482685875 0.22688555 0.5478705625 0.21681895624999997 0.5454824078125 0.21681895624999997 0.5456814203125 0.22688555
2 0.554588440625 0.2129926171875 0.55604786875 0.2067461671875 0.55604786875 0.199363996875 0.5449562171875 0.1987961390625 0.5458318734375001 0.21810334999999997 0.5510858140625 0.21696763125000001 0.554588440625 0.2129926171875
3 0.67240805625 0.078986371875 0.667434325 0.078986371875 0.667434325 0.21837308281249998 0.67240805625 0.21837308281249998 0.67240805625 0.078986371875
3 0.6739514015625 0.064778534375 0.6663638359374999 0.064778534375 0.6663638359374999 0.07840715468750001 0.6739514015625 0.07840715468750001 0.6739514015625 0.064778534375
3 0.6726313484374999 0.23114565625 0.6676576187500001 0.23114565625 0.6676576187500001 0.24004684843750002 0.6726313484374999 0.24004684843750002 0.6726313484374999 0.23114565625
3 0.6742447453125 0.21752981249999997 0.6666571796875 0.21752981249999997 0.6666571796875 0.23115843281249998 0.6742447453125 0.23115843281249998 0.6742447453125 0.21752981249999997
3 0.76910901875 0.2181005109375 0.7615214531250001 0.2181005109375 0.7615214531250001 0.23172913125 0.76910901875 0.23172913125 0.76910901875 0.2181005109375
3 0.768815675 0.0642078359375 0.7612281078125 0.0642078359375 0.7612281078125 0.07783645624999999 0.768815675 0.07783645624999999 0.768815675 0.0642078359375
6 0.7545592531249999 0.32197615 0.7545592531249999 0.305508234375 0.752516053125 0.30494037500000004 0.752516053125 0.321408290625 0.732667834375 0.32197615 0.7329597203125 0.3270868828125 0.7352948046875001 0.3270868828125 0.734419146875 0.34866553125 0.7370461171875 0.348097671875 0.7370461171875 0.3276547421875 0.753099825 0.3259511640625 0.752516053125 0.3361726296875 0.765942790625 0.3361726296875 0.765942790625 0.35547984062500004 0.767694103125 0.3560477 0.7679859890625 0.3270868828125 0.7741155859375 0.3259511640625 0.7741155859375 0.32197615 0.7679859890625 0.32311186875 0.7679859890625 0.29415105 0.765942790625 0.2935831921875 0.7662346765625 0.32197615 0.7545592531249999 0.32197615
0 0.7660770578125 0.2911541734375 0.7543345015625 0.2911541734375 0.7543345015625 0.3217419078125 0.7660770578125 0.3217419078125 0.7660770578125 0.2911541734375
2 0.76242265 0.29645655937500004 0.763006421875 0.28850653125000003 0.7522066546875 0.287938671875 0.7522066546875 0.30554230625 0.7562930531250001 0.3072458828125 0.7606713359375 0.304974446875 0.76242265 0.29645655937500004
3 0.76910901875 0.2794293015625 0.7615214531250001 0.2794293015625 0.7615214531250001 0.293057921875 0.76910901875 0.293057921875 0.76910901875 0.2794293015625
3 0.768815675 0.3560902890625 0.7612281078125 0.3560902890625 0.7612281078125 0.369718909375 0.768815675 0.369718909375 0.768815675 0.3560902890625
3 0.6739514015625 0.278858603125 0.6663638359374999 0.278858603125 0.6663638359374999 0.2924872234375 0.6739514015625 0.2924872234375 0.6739514015625 0.278858603125
6 0.66670169375 0.389551390625 0.6935551656250001 0.38898353281250003 0.6935551656250001 0.3850085171875 0.6696205484375 0.38444065781250003 0.669912434375 0.3702441796875 0.666993578125 0.3702441796875 0.66670169375 0.389551390625
3 0.6739514015625 0.355519590625 0.6663638359374999 0.355519590625 0.6663638359374999 0.3691482109375 0.6739514015625 0.3691482109375 0.6739514015625 0.355519590625
3 0.6739514015625 0.471916525 0.6663638359374999 0.471916525 0.6663638359374999 0.48554514531250004 0.6739514015625 0.48554514531250004 0.6739514015625 0.471916525
6 0.9384530062499999 0.5423055078125001 0.9384530062499999 0.5394662125 0.9253181546875 0.5394662125 0.9253181546875 0.511073253125 0.76361354375 0.511073253125 0.76361354375 0.48551959062499994 0.7615703453125 0.48608745000000003 0.7615703453125 0.5144804093750001 0.9235668421875 0.5167518453125 0.9238587265625 0.5423055078125001 0.9384530062499999 0.5423055078125001
3 0.7685223296875 0.47193356093750005 0.7609347640624999 0.47193356093750005 0.7609347640624999 0.48556218125 0.7685223296875 0.48556218125 0.7685223296875 0.47193356093750005
6 0.7221738171875 0.32879471875 0.720129159375 0.32879471875 0.720129159375 0.3639991484375 0.7221738171875 0.3639991484375 0.7221738171875 0.32879471875
2 0.73292469375 0.3356388421875 0.7335084640625 0.3271209546875 0.7335084640625 0.32257808125 0.7227086984375 0.3231459390625 0.7221249265624999 0.34586030624999997 0.7302977234375 0.34131743281250004 0.73292469375 0.3356388421875
1 0.8110354640624999 0.1695783640625 0.795313046875 0.1695783640625 0.795313046875 0.2272700171875 0.8110354640624999 0.2272700171875 0.8110354640624999 0.1695783640625
2 0.8009340343750001 0.207870528125 0.7968476359375 0.21582055625000002 0.7959719796875 0.22944917656250002 0.8082311734375001 0.2300170359375 0.8079392875 0.2044633734375 0.8009340343750001 0.207870528125
3 0.22357486875000002 0.69111584375 0.215987303125 0.69111584375 0.215987303125 0.7047444640625 0.22357486875000002 0.7047444640625 0.22357486875000002 0.69111584375
6 0.24273204843750001 0.6382623515625 0.24535901875000002 0.6365587734375 0.23543490937499997 0.5672799546875 0.286806771875 0.5405905734374999 0.286223 0.536615559375 0.27571511875 0.5411584328125 0.2742556921875 0.5286655312499999 0.2719206078125 0.52980125 0.2736719203125 0.5434298703125 0.186106246875 0.588858603125 0.1866900171875 0.5928336171875 0.23280793906250002 0.5689835328124999 0.24273204843750001 0.6382623515625
6 0.2176298890625 0.5763657015625 0.215878575 0.5769335609375 0.2190893171875 0.598512209375 0.2071220078125 0.6041908 0.20741389375 0.6087336734375 0.2196730875 0.6019193640625 0.22434325781250003 0.6359909140625 0.2141272625 0.6405337875 0.214419146875 0.6456445203125 0.22697022812499998 0.6388302109375 0.2176298890625 0.5763657015625
3 0.2241571796875 0.6246763203125 0.21656961406250003 0.6246763203125 0.21656961406250003 0.638304940625 0.2241571796875 0.638304940625 0.2241571796875 0.6246763203125
3 0.29450306406250004 0.6246763203125 0.2869154984375 0.6246763203125 0.2869154984375 0.638304940625 0.29450306406250004 0.638304940625 0.29450306406250004 0.6246763203125
3 0.3896563046875 0.62524701875 0.3820687390625 0.62524701875 0.3820687390625 0.6388756390625 0.3896563046875 0.6388756390625 0.3896563046875 0.62524701875
6 0.46935858125 0.6297572406249999 0.4652736421875 0.6297572406249999 0.4652736421875 0.6394080062499999 0.46935858125 0.6394080062499999 0.46935858125 0.6297572406249999
3 0.4842272328125 0.62524701875 0.47663966718750006 0.62524701875 0.47663966718750006 0.6388756390625 0.4842272328125 0.6388756390625 0.4842272328125 0.62524701875
3 0.5793804734375 0.6246763203125 0.5717929078124999 0.6246763203125 0.5717929078124999 0.638304940625 0.5793804734375 0.638304940625 0.5793804734375 0.6246763203125
3 0.6739514015625 0.6246763203125 0.6663638359374999 0.6246763203125 0.6663638359374999 0.638304940625 0.6739514015625 0.638304940625 0.6739514015625 0.6246763203125
3 0.768815675 0.6456899484374999 0.7603524515625 0.6456899484374999 0.7603524515625 0.6610221468749999 0.768815675 0.6610221468749999 0.768815675 0.6456899484374999
3 0.8639689140625 0.649667803125 0.8555056921874999 0.649667803125 0.8555056921874999 0.665 0.8639689140625 0.665 0.8639689140625 0.649667803125
3 0.9427780203125 0.652504259375 0.9343147984375 0.652504259375 0.9343147984375 0.66783645625 0.9427780203125 0.66783645625 0.9427780203125 0.652504259375
3 0.89831635 0.356620721875 0.8981173374999999 0.360879665625 0.8159250124999999 0.3612668421875 0.816124025 0.33958494687499996 0.811546728125 0.3391977703125 0.811546728125 0.37017190625 0.9377209046875 0.3697847296875 0.9381189296875 0.6310980328125 0.9343376859375001 0.6310980328125 0.934138671875 0.6442620406249999 0.94508438125 0.6438748640624999 0.94488536875 0.35584636875000003 0.89831635 0.356620721875
3 0.8633866031249999 0.47136286250000003 0.8557990375 0.47136286250000003 0.8557990375 0.4849914828125 0.8633866031249999 0.4849914828125 0.8633866031249999 0.47136286250000003
3 0.9424890546875 0.47193356093750005 0.9349014890625 0.47193356093750005 0.9349014890625 0.48556218125 0.9424890546875 0.48556218125 0.9424890546875 0.47193356093750005
3 0.81173778125 0.3089670125 0.8157180390625 0.3089670125 0.8157180390625 0.28883382343749997 0.8979103640625 0.2872851171875 0.8981093781249999 0.2981260640625 0.9594053499999999 0.298513240625 0.9594053499999999 0.2803159359375 0.8005930578125 0.27838005312499997 0.8005930578125 0.28689794062499996 0.81173778125 0.28767229375 0.81173778125 0.3089670125
3 0.9424890546875 0.278858603125 0.9349014890625 0.278858603125 0.9349014890625 0.2924872234375 0.9424890546875 0.2924872234375 0.9424890546875 0.278858603125
6 0.934883975 0.2271422484375 0.9237937828125 0.2271422484375 0.9237937828125 0.2311201015625 0.934883975 0.2311201015625 0.934883975 0.2271422484375
3 0.9421957093750001 0.2181005109375 0.93460814375 0.2181005109375 0.93460814375 0.23172913125 0.9421957093750001 0.23172913125 0.9421957093750001 0.2181005109375
3 0.8633866031249999 0.21752981249999997 0.8557990375 0.21752981249999997 0.8557990375 0.23115843281249998 0.8633866031249999 0.23115843281249998 0.8633866031249999 0.21752981249999997
3 0.8633866031249999 0.0642078359375 0.8557990375 0.0642078359375 0.8557990375 0.07783645624999999 0.8633866031249999 0.07783645624999999 0.8633866031249999 0.0642078359375
3 0.9424890546875 0.064778534375 0.9349014890625 0.064778534375 0.9349014890625 0.07840715468750001 0.9424890546875 0.07840715468750001 0.9424890546875 0.064778534375
3 0.1963222421875 0.71833049375 0.202743725 0.7149233390624999 0.18026853437499998 0.5468370250000001 0.1729713953125 0.5502441796875 0.1963222421875 0.71833049375
6 0.2570344421875 0.423611584375 0.2672504375 0.4980011359375 0.26958552187499996 0.49686541718750005 0.2593695265625 0.42077228906249997 0.2570344421875 0.423611584375
6 0.24506713281249998 0.6575695625 0.2500291890625 0.691073253125 0.25265615937499997 0.69050539375 0.247694103125 0.6552981265625 0.24506713281249998 0.6575695625
6 0.31774664375 0.5502441796875 0.319206071875 0.5491084609375 0.316287215625 0.525826234375 0.3498540578125 0.508790459375 0.3492702859375 0.50311186875 0.30140105156249997 0.528097671875 0.30256859375 0.5326405453125 0.3145359015625 0.525258375 0.31774664375 0.5502441796875
6 0.33701109218749997 0.674037478125 0.3221249265625 0.5689835328124999 0.320081728125 0.569551390625 0.3340922359375 0.67346961875 0.33701109218749997 0.674037478125
6 0.24227670781250002 0.6314593984375 0.23322825468750003 0.5684270296875 0.2256392296875 0.572969903125 0.2341039109375 0.633730834375 0.23030939843749998 0.634866553125 0.23118505625000002 0.6382737078125 0.24227670781250002 0.6314593984375
5 0.3825027859375 0.28922100156249997 0.29234994375 0.288446646875 0.2917529046875 0.3964689484375 0.3825027859375 0.3476846828125 0.3825027859375 0.28922100156249997
6 0.3739171046875 0.36399772812500003 0.378879159375 0.40204429375000006 0.38150612968750003 0.40034071562499995 0.375960303125 0.36115843281250004 0.3739171046875 0.36399772812500003
3 0.2921891421875 0.2879046 0.3949328671875 0.2890403171875 0.3949328671875 0.27825099375 0.1993695265625 0.279954571875 0.1996614125 0.2986939234375 0.2921891421875 0.2975582046875 0.2921891421875 0.2879046
7 0.20639229375 0.23111584375 0.19938704062499998 0.23111584375 0.19938704062499998 0.280519590625 0.20639229375 0.280519590625 0.20639229375 0.23111584375
3 0.20638061875 0.0573537765625 0.2090075890625 0.0567859171875 0.20871570312499999 0.043157296875 0.1993753640625 0.04372515625 0.1993753640625 0.2316865421875 0.20667250468749998 0.23111868281249998 0.20638061875 0.0573537765625
6 0.2280100703125 0.16524701875 0.20670096249999997 0.16524701875 0.20670096249999997 0.1703577515625 0.2280100703125 0.1703577515625 0.2280100703125 0.16524701875
6 0.29280866875 0.04883305 0.289888353125 0.04883305 0.289888353125 0.064165246875 0.29280866875 0.064165246875 0.29280866875 0.04883305
6 0.3876685640625 0.0493994890625 0.38445928125 0.0493994890625 0.38445928125 0.0635988078125 0.3876685640625 0.0635988078125 0.3876685640625 0.0493994890625
6 0.4822438703125 0.04883305 0.4793235546875 0.04883305 0.4793235546875 0.064165246875 0.4822438703125 0.064165246875 0.4822438703125 0.04883305
6 0.7668191765625 0.048266609375000005 0.7636098953125 0.048266609375000005 0.7636098953125 0.06416950625 0.7668191765625 0.06416950625 0.7668191765625 0.048266609375000005
6 0.8613901046875 0.0488373078125 0.8584697890624999 0.0488373078125 0.8584697890624999 0.0647402046875 0.8613901046875 0.0647402046875 0.8613901046875 0.0488373078125
6 0.9573620843749999 0.0681388421875 0.9526904546875 0.0681388421875 0.9526904546875 0.07552385 0.9573620843749999 0.07552385 0.9573620843749999 0.0681388421875
6 0.9573620843749999 0.119254684375 0.9524014890625001 0.119254684375 0.9524014890625001 0.125498296875 0.9573620843749999 0.125498296875 0.9573620843749999 0.119254684375
6 0.957946584375 0.170924190625 0.9526926437500001 0.170924190625 0.9526926437500001 0.177167803125 0.957946584375 0.177167803125 0.957946584375 0.170924190625
6 0.95210814375 0.22658006875 0.942182575 0.22658006875 0.942182575 0.2311201015625 0.95210814375 0.2311201015625 0.95210814375 0.22658006875
6 0.9576532406249999 0.222035775 0.9523993000000001 0.222035775 0.9523993000000001 0.232257240625 0.9576532406249999 0.232257240625 0.9576532406249999 0.222035775
6 0.9442272328125 0.29812180625 0.9383909812500001 0.29812180625 0.9383909812500001 0.3566141390625 0.9442272328125 0.3566141390625 0.9442272328125 0.29812180625
6 0.901028896875 0.6303279390625 0.8975262703125001 0.6303279390625 0.8975262703125001 0.6399787046875 0.901028896875 0.6399787046875 0.901028896875 0.6303279390625
6 0.8619154984374999 0.6303236796875 0.8581195265625 0.6303236796875 0.8581195265625 0.6388415671875001 0.8619154984374999 0.6388415671875001 0.8619154984374999 0.6303236796875
6 0.8140433453125 0.62975298125 0.8108340625 0.62975298125 0.8108340625 0.6399744468749999 0.8140433453125 0.6399744468749999 0.8140433453125 0.62975298125
6 0.76675788125 0.6303194203125 0.7635485984375 0.6303194203125 0.7635485984375 0.6394080062499999 0.76675788125 0.6394080062499999 0.76675788125 0.6303194203125
6 0.71947460625 0.63089011875 0.7159719796874999 0.63089011875 0.7159719796874999 0.6399787046875 0.71947460625 0.6399787046875 0.71947460625 0.63089011875
6 0.6733975484375 0.4855153328125 0.670770578125 0.4855153328125 0.670770578125 0.6240758093750001 0.6733975484375 0.6240758093750001 0.6733975484375 0.4855153328125
6 0.7612390546875 0.48040885937500005 0.6736733796875 0.48040885937500005 0.6736733796875 0.48381601406249997 0.7612390546875 0.48381601406249997 0.7612390546875 0.48040885937500005
6 0.24985989531250002 0.6916524703125 0.2516112078125 0.6990346390625 0.2539462921875 0.69619534375 0.252486865625 0.6910846109375 0.24985989531250002 0.6916524703125
6 0.292767075 0.67915956875 0.289556334375 0.679727428125 0.29014010468749996 0.685973878125 0.293350846875 0.685973878125 0.292767075 0.67915956875
6 0.3718680671875 0.6564452015625 0.37274372499999997 0.6649630890625 0.3756625796875 0.6638273703124999 0.3744950375 0.6558773421875 0.3718680671875 0.6564452015625
6 0.574413309375 0.4713231109375 0.57674839375 0.4713231109375 0.5761646234375 0.45428733593750004 0.608855809375 0.453719478125 0.6094395796875001 0.4497444640625 0.5423058968750001 0.4497444640625 0.5423058968750001 0.4548551953125 0.574121425 0.45428733593750004 0.574413309375 0.4713231109375
6 0.6713193234375 0.4713231109375 0.6730706359374999 0.4713231109375 0.673362521875 0.4503123234375 0.637168709375 0.4491766046875 0.636876825 0.45428733593750004 0.6707355515625 0.453719478125 0.6713193234375 0.4713231109375
6 0.7679925562500001 0.45542589375000003 0.7656589312500001 0.45542589375000003 0.7656589312500001 0.47246166875 0.7679925562500001 0.47246166875 0.7679925562500001 0.45542589375000003
6 0.8141112078124999 0.36853918281250003 0.8123598953125001 0.36853918281250003 0.8123598953125001 0.42248296406249997 0.8141112078124999 0.42248296406249997 0.8141112078124999 0.36853918281250003
6 0.814401634375 0.4554230546875 0.8123584359375 0.4548551953125 0.8120665499999999 0.47984099843749994 0.7682837124999999 0.479273140625 0.7682837124999999 0.4843838734375 0.814401634375 0.4843838734375 0.814401634375 0.4554230546875
6 0.9165615875 0.394094265625 0.9034267375 0.39466212343749996 0.9040105078125 0.3719477578125 0.9162697015625 0.3719477578125 0.9165615875 0.36967632031250003 0.9016754234375 0.3691084609375 0.9013835374999999 0.3986371375 0.9168534734374999 0.3986371375 0.9165615875 0.394094265625
6 0.6839360765625 0.28052385 0.673428196875 0.28052385 0.673428196875 0.284501703125 0.6839360765625 0.284501703125 0.6839360765625 0.28052385
6 0.71837565625 0.2799531515625 0.7078677765625 0.2799531515625 0.7078677765625 0.2856345828125 0.71837565625 0.2856345828125 0.71837565625 0.2799531515625
4 0.9380793921875 0.5434412265625 0.9369527140624999 0.552113984375 0.9357586375 0.5586959890625 0.9337685078125 0.563342109375 0.930982328125 0.5664395234375 0.9272010828124999 0.5699241140625 0.922225759375 0.5703112906250001 0.917051425 0.5668267 0.9130711671875 0.5621805796875 0.9096879484375 0.5497909234375 0.9090909093749999 0.536239740625 0.910484 0.5281090296875 0.9130711671875 0.522301378125 0.9160563609375 0.51726808125 0.7614886171874999 0.5156161265625 0.7614886171874999 0.48495173124999996 0.67363105625 0.48495173124999996 0.67363105625 0.6303236796875 0.9380793921875 0.6308915390625 0.9380793921875 0.5434412265625
5 0.9092859421874999 0.536239740625 0.9100819937500001 0.5497909234375 0.9130671875 0.5583088125 0.91664941875 0.56527799375 0.9222217796875001 0.56837540625 0.9285901921875 0.567601053125 0.9315753859375 0.5641164625 0.933963540625 0.56101905 0.93575465625 0.5583088125 0.9365507078125 0.553275515625 0.9375457734375001 0.54824221875 0.9379437984375001 0.5416602140625 0.9234158578124999 0.5432089203125 0.9234158578124999 0.516493728125 0.9170474453124999 0.5168809046875 0.9144602765625001 0.5211398484374999 0.9112760703125 0.5269474984375 0.9092859421874999 0.536239740625
2 0.91624124375 0.3743994890625 0.914450525 0.3743994890625 0.914450525 0.39066013593750004 0.91624124375 0.39066013593750004 0.91624124375 0.3743994890625
6 0.9156414187499999 0.3716865421875 0.9146475484375 0.3716865421875 0.9146475484375 0.374787053125 0.9156414187499999 0.374787053125 0.9156414187499999 0.3716865421875
6 0.91624124375 0.39066013593750004 0.914450525 0.39066013593750004 0.914450525 0.394535775 0.91624124375 0.394535775 0.91624124375 0.39066013593750004
1 0.9379268828124999 0.29812180625 0.905286778125 0.29812180625 0.905286778125 0.35581345781249996 0.9379268828124999 0.35581345781249996 0.9379268828124999 0.29812180625
5 0.8985157625 0.28806218125 0.8161252187500001 0.28806218125 0.8161252187500001 0.3608475296875 0.8985157625 0.3608475296875 0.8985157625 0.28806218125
2 0.6783991406250001 0.26792628125 0.6768070374999999 0.26056992343749996 0.6744188828125 0.2578596875 0.6789961796874999 0.25360074374999997 0.68038926875 0.2493418 0.68058828125 0.24314697187499998 0.68058828125 0.238113675 0.66745343125 0.238888028125 0.66745343125 0.271410871875 0.678797165625 0.272959578125 0.6783991406250001 0.26792628125
6 0.5213835375 0.38524275937499997 0.5074518390625 0.38524275937499997 0.5074518390625 0.3891183984375 0.5213835375 0.3891183984375 0.5213835375 0.38524275937499997
6 0.550437828125 0.38446763125 0.538099825 0.38446763125 0.538099825 0.389501703125 0.550437828125 0.389501703125 0.550437828125 0.38446763125
3 0.6712107953124999 0.0480099109375 0.6694196781249999 0.0480099109375 0.6686236265625001 0.0522688546875 0.66742955 0.054591915625 0.6676285625 0.06388415625 0.672603884375 0.0642713328125 0.6728028968750001 0.0549790921875 0.6718078328125 0.053817562500000006 0.6712107953124999 0.0480099109375
1 0.66790936875 0.05807495781250001 0.5783515765625 0.05807495781250001 0.5783515765625 0.27838160156249997 0.66790936875 0.27838160156249997 0.66790936875 0.05807495781250001
6 0.6246431703125 0.04761925 0.62125875625 0.04761925 0.62125875625 0.05846252187499999 0.6246431703125 0.05846252187499999 0.6246431703125 0.04761925
6 0.7131905749999999 0.1703577515625 0.71637478125 0.16997057499999998 0.7159767546875 0.22688555 0.7131905749999999 0.22649837343749998 0.7129915625 0.2307573171875 0.72234516875 0.231531671875 0.72234516875 0.22804708125 0.7191609609375 0.227272728125 0.7193599749999999 0.16997057499999998 0.72254418125 0.16997057499999998 0.72274319375 0.166485984375 0.7185639234375001 0.1660988078125 0.7189619484375 0.048397089062499996 0.71617576875 0.048397089062499996 0.7159767546875 0.1653244546875 0.7127925484375 0.16571163125 0.7131905749999999 0.1703577515625
6 0.702045853125 0.1660988078125 0.67239293125 0.1653244546875 0.6729899703125 0.1695833984375 0.702443878125 0.16997057499999998 0.702045853125 0.1660988078125
6 0.8115029453125 0.1699860609375 0.8113039328125 0.2265138609375 0.8071246609375 0.22728821406250002 0.8071246609375 0.2307728046875 0.8174733328125001 0.2307728046875 0.8170753062499999 0.2265138609375 0.8136920875 0.2269010375 0.813493075 0.16959888437499998 0.81727431875 0.1699860609375 0.81727431875 0.16495276406249998 0.813493075 0.1645655875 0.8136920875 0.0480253984375 0.8111049187500001 0.0484125765625 0.8113039328125 0.16495276406249998 0.8069256484375 0.165339940625 0.8073236749999999 0.1703732390625 0.8115029453125 0.1699860609375
6 0.8274239765625 0.22573950781250002 0.827622990625 0.230385628125 0.855882821875 0.230385628125 0.8556838078125001 0.2269010375 0.8323993 0.22728821406250002 0.8323993 0.1908936046875 0.8300111453125 0.19011925000000002 0.82961311875 0.2265138609375 0.8274239765625 0.22573950781250002
6 0.9057634140624999 0.230370140625 0.9059624265625 0.22688555 0.9005890781250001 0.22688555 0.900788090625 0.048397089062499996 0.897603884375 0.0480099109375 0.8980019109375 0.22688555 0.8751154265625001 0.22688555 0.8751154265625001 0.2307573171875 0.9057634140624999 0.230370140625
0 0.79272548125 0.1993909703125 0.76625875625 0.1993909703125 0.76625875625 0.22571976093749999 0.79272548125 0.22571976093749999 0.79272548125 0.1993909703125
0 0.764067425 0.1993909703125 0.7377977234374999 0.1993909703125 0.7377977234374999 0.22571976093749999 0.764067425 0.22571976093749999 0.764067425 0.1993909703125
0 0.7640652359375 0.1703577515625 0.7375985109375 0.1703577515625 0.7375985109375 0.19436115781250002 0.7640652359375 0.19436115781250002 0.7640652359375 0.1703577515625
0 0.7521475484375 0.28883305 0.7232902796875 0.28883305 0.7232902796875 0.32135434375 0.7521475484375 0.32135434375 0.7521475484375 0.28883305
6 0.5939185640625 0.367040034375 0.590932575 0.367040034375 0.590932575 0.3794335609375 0.5939185640625 0.3794335609375 0.5939185640625 0.367040034375
6 0.60285901875 0.3674275984375 0.60007443125 0.3674275984375 0.60007443125 0.379045996875 0.60285901875 0.379045996875 0.60285901875 0.3674275984375
3 0.467904990625 0.2776064734375 0.4105888796875 0.2776064734375 0.4105888796875 0.28728279375 0.467904990625 0.28728279375 0.467904990625 0.2776064734375
6 0.39526269687500004 0.3496209546875 0.3873029765625 0.3496209546875 0.3873029765625 0.35581345781249996 0.39526269687500004 0.35581345781249996 0.39526269687500004 0.3496209546875
6 0.41874562187500003 0.3496252125 0.410982925 0.3496252125 0.410982925 0.3550425890625 0.41874562187500003 0.3550425890625 0.41874562187500003 0.3496252125
3 0.3867053421875 0.28844548593749997 0.38272548125 0.28844548593749997 0.38272548125 0.3047061328125 0.3867053421875 0.3047061328125 0.3867053421875 0.28844548593749997
6 0.45039185625 0.2876746171875 0.44839973750000006 0.2876746171875 0.44839973750000006 0.2919335609375 0.45039185625 0.2919335609375 0.45039185625 0.2876746171875
6 0.22189798593750001 0.047593696875 0.21851357343750002 0.047593696875 0.21851357343750002 0.056886712500000006 0.22189798593750001 0.056886712500000006 0.22189798593750001 0.047593696875
6 0.242592740625 0.1703267765625 0.24279175312499998 0.22762892968749998 0.240005571875 0.227241753125 0.240005571875 0.2303391671875 0.24935917812500002 0.2303391671875 0.24935917812500002 0.22608022343749998 0.2455779328125 0.2268545765625 0.24517990781250001 0.169165246875 0.24876213906250003 0.1699396 0.24876213906250003 0.16490630312500001 0.2453789203125 0.16490630312500001 0.2453789203125 0.0479789375 0.242592740625 0.0483661140625 0.24299076562500002 0.16568065625 0.2390105078125 0.16606783281249998 0.23920952031249998 0.1703267765625 0.242592740625 0.1703267765625
6 0.3377209046875 0.1699396 0.3379199171875 0.2268545765625 0.333740646875 0.227241753125 0.333740646875 0.23072634375 0.3442883296875 0.2299519890625 0.3442883296875 0.22569304531249998 0.3395120203125 0.22646739999999999 0.3393130078125 0.16955242343750002 0.3442883296875 0.1699396 0.3444873421875 0.1652934796875 0.3399100453125 0.16490630312500001 0.3399100453125 0.0483661140625 0.3375218921875 0.0483661140625 0.3377209046875 0.16490630312500001 0.33314360781249996 0.1652934796875 0.33314360781249996 0.1699396 0.3377209046875 0.1699396
6 0.432056996875 0.1703267765625 0.43225600937499997 0.22646739999999999 0.42847476562500003 0.22646739999999999 0.42847476562500003 0.23111352031250001 0.43922146093750003 0.23072634375 0.43902244843749993 0.2268545765625 0.43504219062500005 0.22646739999999999 0.43464416562499997 0.1703267765625 0.43882343593749995 0.1707139546875 0.43922146093750003 0.16568065625 0.43464416562499997 0.16568065625 0.43504219062500005 0.0479789375 0.431857984375 0.0479789375 0.432056996875 0.1652934796875 0.4280767390625 0.16606783281249998 0.4282757515625 0.1699396 0.432056996875 0.1703267765625
6 0.5297683484375 0.22688555 0.5295693359375 0.1695833984375 0.53374860625 0.1695833984375 0.53374860625 0.164937278125 0.5291713109375 0.1645501 0.5297683484375 0.048397089062499996 0.5265841421874999 0.048784265625 0.52698216875 0.164937278125 0.5235989484375 0.164937278125 0.523996975 0.1703577515625 0.52718118125 0.16997057499999998 0.52698216875 0.22611119687499998 0.5233999359375 0.22649837343749998 0.5233999359375 0.23114449375 0.53354959375 0.2307573171875 0.53374860625 0.22649837343749998 0.5297683484375 0.22688555
6 0.5458804328125 0.172293634375 0.5474725359375 0.172293634375 0.5482685875 0.169196221875 0.5733442125 0.16997057499999998 0.5731452 0.164937278125 0.543492278125 0.1653244546875 0.543293265625 0.1695833984375 0.5456814203125 0.1703577515625 0.5458804328125 0.172293634375
5 0.66770796875 0.27876490625 0.5797438703125 0.27876490625 0.5797438703125 0.35852640468749997 0.66770796875 0.35852640468749997 0.66770796875 0.27876490625