7 0.1349785953125 0.5224929703125001 0.10224124999999999 0.5146829109375 0.10022664375000001 0.5295220234375 0.0997229921875 0.5373320828125 0.1329639890625 0.5467041546875 0.1349785953125 0.5224929703125001
7 0.1908839078125 0.5381130890625 0.15663560781250002 0.52874101875 0.15512465312499998 0.5506091843750001 0.187862 0.5599812562500001 0.1908839078125 0.5381130890625
7 0.250818434375 0.553733209375 0.2175774359375 0.5443611374999999 0.21505917968750002 0.567010309375 0.2483001765625 0.575601375 0.250818434375 0.553733209375
7 0.30118358125 0.567010309375 0.2845630828125 0.5631052796875 0.2835557796875 0.5849734453125001 0.298161671875 0.588878475 0.30118358125 0.567010309375
1 0.8702018203125 0.2454590078125 0.7483181640625001 0.246686303125 0.7483181640625001 0.1890034359375 0.6798575390625 0.18838978906249998 0.6794618125 0.2037309765625 0.6766917296875 0.2037309765625 0.6770874546875 0.18838978906249998 0.32686980625 0.1875715921875 0.32686980625 0.2162084765625 0.6537396125 0.21477663281249998 0.6537396125 0.3250286359375 0.32672007187499996 0.32390638125 0.32672007187499996 0.3494473859375 0.3590626640625 0.350143959375 0.3595118671875 0.3536268234375 0.3286666171875 0.35339463125 0.3286666171875 0.3919383296875 0.39814329531250003 0.3914739484375 0.3982930296875 0.350143959375 0.6776630578125 0.3502811625 0.6779148828125 0.3065448296875 0.8534374203124999 0.3061543265625 0.8534374203124999 0.43072477343750004 0.750944346875 0.42994376718750005 0.7516998234375001 0.46587004062500004 0.8360614453125 0.46626054375 0.8358096203125 0.7185254609375 0.8521782921875 0.7177444546875 0.85239414375 0.466372115625 0.86980609375 0.4669857640625 0.8702018203125 0.2454590078125
7 0.3606144546875 0.57169634375 0.3681692265625 0.5920024984375 0.38176781718749997 0.580287409375 0.37421304375000003 0.5607622625 0.3606144546875 0.57169634375
7 0.4074540421875 0.5310840359375 0.394359103125 0.520930959375 0.38680433125 0.5412371140625 0.39889196718750003 0.552952203125 0.4074540421875 0.5310840359375
7 0.12440191406250001 0.2319587625 0.1072777640625 0.227272728125 0.10022664375000001 0.29834426718749996 0.116343490625 0.303030303125 0.12440191406250001 0.2319587625
5 0.1428779703125 0.0890757828125 0.1434611453125 0.0913365890625 0.13908733125 0.08998010468749999 0.1323808140625 0.1591607890625 0.135005103125 0.160517271875 0.1338387515625 0.17498643593750002 0.1303397 0.1745342734375 0.125965884375 0.2111593421875 0.13004811249999998 0.2120636640625 0.1285901734375 0.22472418125 0.1245079453125 0.22381985937499999 0.116635078125 0.304304575 0.1991543953125 0.32600832031250004 0.22568887656249997 0.2916440578125 0.2236477625 0.2871224453125 0.266802740625 0.231054440625 0.2682606796875 0.233315246875 0.2918792828125 0.20211611562499998 0.2918792828125 0.0705371671875 0.2084852015625 0.0696328453125 0.2087767890625 0.0777717484375 0.19886280781250001 0.0777717484375 0.19944598281249998 0.07008500625 0.1513340140625 0.0696328453125 0.1510424265625 0.078676071875 0.1481265484375 0.0777717484375 0.1428779703125 0.0890757828125
7 0.131453034375 0.1601062171875 0.13900780625 0.08981568281249999 0.12289095937500001 0.083567634375 0.114328884375 0.154639175 0.131453034375 0.1601062171875
7 0.1969307484375 0.047641753125000005 0.1505927984375 0.047641753125000005 0.1505927984375 0.0695060140625 0.1969307484375 0.0695060140625 0.1969307484375 0.047641753125000005
7 0.291617728125 0.047641753125000005 0.24527977812500001 0.047641753125000005 0.24527977812500001 0.0695060140625 0.291617728125 0.0695060140625 0.291617728125 0.047641753125000005
7 0.3852963984375 0.046859965625 0.3389584484375 0.046859965625 0.3389584484375 0.0687242265625 0.3852963984375 0.0687242265625 0.3852963984375 0.046859965625
6 0.49511590625 0.18629046875 0.47178889062499996 0.18629046875 0.471205715625 0.170464821875 0.4694561890625 0.1700126609375 0.4697477765625 0.184933984375 0.3924770375 0.18629046875 0.39218545 0.068728521875 0.3904359234375 0.07008500625 0.3907275109375 0.1853861453125 0.349322059375 0.1853861453125 0.3490304703125 0.1890034359375 0.49540749375 0.1880991140625 0.49511590625 0.18629046875
4 0.4694561890625 0.0773195875 0.4642076109375 0.0764152640625 0.46479078593749995 0.07008500625 0.41055547499999995 0.071441490625 0.41055547499999995 0.0768674265625 0.40093308125 0.0768674265625 0.40122466875 0.0696328453125 0.3930602125 0.07008500625 0.3924770375 0.1853861453125 0.4700393640625 0.184933984375 0.4694561890625 0.0773195875
7 0.46033795 0.0484235390625 0.414 0.0484235390625 0.414 0.0702878 0.46033795 0.0702878 0.46033795 0.0484235390625
7 0.5278282546875 0.046859965625 0.4814903046875 0.046859965625 0.4814903046875 0.0687242265625 0.5278282546875 0.0687242265625 0.5278282546875 0.046859965625
4 0.5446858140625 0.0705371671875 0.5446858140625 0.0777717484375 0.5359381828124999 0.0768674265625 0.5359381828124999 0.0696328453125 0.53302230625 0.0696328453125 0.53331389375 0.1853861453125 0.6105846328125 0.18629046875 0.6105846328125 0.0764152640625 0.602128590625 0.0768674265625 0.602128590625 0.0696328453125 0.5446858140625 0.0705371671875
7 0.5948144046875 0.047641753125000005 0.5484764546875 0.047641753125000005 0.5484764546875 0.0695060140625 0.5948144046875 0.0695060140625 0.5948144046875 0.047641753125000005
7 0.6628088640625001 0.046859965625 0.6164709140625 0.046859965625 0.6164709140625 0.0687242265625 0.6628088640625001 0.0687242265625 0.6628088640625001 0.046859965625
7 0.7313074796875 0.046859965625 0.6849695296875 0.046859965625 0.6849695296875 0.0687242265625 0.7313074796875 0.0687242265625 0.7313074796875 0.046859965625
6 0.8852602421875 0.188551275 0.8855518296874999 0.184933984375 0.8628079890624999 0.184933984375 0.8625164015625 0.069180684375 0.8604752875000001 0.0696328453125 0.8610584625 0.1514740453125 0.8423968515625001 0.1519262078125 0.8423968515625001 0.154639175 0.8610584625 0.15509133749999998 0.8613500515625001 0.1853861453125 0.8094474421875001 0.1853861453125 0.809739028125 0.15509133749999998 0.83189969375 0.15509133749999998 0.83189969375 0.1519262078125 0.8094474421875001 0.15237836875 0.8094474421875001 0.1496654 0.807406328125 0.1501175625 0.8076979156249999 0.1844818234375 0.6793993296874999 0.1853861453125 0.6793993296874999 0.182673178125 0.677066628125 0.18222101562499998 0.677649803125 0.2034725984375 0.6788161546875 0.2034725984375 0.6793993296874999 0.188551275 0.8076979156249999 0.187646953125 0.808281090625 0.2319587625 0.809739028125 0.2319587625 0.8100306171874999 0.1880991140625 0.8613500515625001 0.1880991140625 0.8607668765625001 0.243262796875 0.837439859375 0.24371495781250002 0.8380230359375 0.24552360312500002 0.86980609375 0.2459757640625 0.86980609375 0.25818412031250004 0.8721387953124999 0.2568276359375 0.8721387953124999 0.242810634375 0.8622248140625001 0.2423584734375 0.8628079890624999 0.1890034359375 0.8852602421875 0.188551275
4 0.8085726781250001 0.0768674265625 0.80449045 0.0768674265625 0.80449045 0.0709893296875 0.7464644984375 0.0709893296875 0.7464644984375 0.0773195875 0.7371336937499999 0.0768674265625 0.7371336937499999 0.0705371671875 0.6796909171875 0.0696328453125 0.6793993296874999 0.184933984375 0.808281090625 0.1844818234375 0.8085726781250001 0.0768674265625
7 0.7982936281249999 0.047641753125000005 0.7519556781250001 0.047641753125000005 0.7519556781250001 0.0695060140625 0.7982936281249999 0.0695060140625 0.7982936281249999 0.047641753125000005
7 0.837578946875 0.047641753125000005 0.81793351875 0.047641753125000005 0.81793351875 0.0695060140625 0.837578946875 0.0695060140625 0.837578946875 0.047641753125000005
7 0.8899612187500001 0.047641753125000005 0.8703157890625001 0.047641753125000005 0.8703157890625001 0.0695060140625 0.8899612187500001 0.0695060140625 0.8899612187500001 0.047641753125000005
7 0.9544182828125001 0.31319158125 0.9393102499999999 0.31319158125 0.9393102499999999 0.3748840203125 0.9544182828125001 0.3748840203125 0.9544182828125001 0.31319158125
7 0.953914128125 0.0804467359375 0.93880609375 0.0804467359375 0.93880609375 0.154639175 0.953914128125 0.154639175 0.953914128125 0.0804467359375
7 0.953914128125 0.40144759375000005 0.93880609375 0.40144759375000005 0.93880609375 0.463140034375 0.953914128125 0.463140034375 0.953914128125 0.40144759375000005
7 0.9544182828125001 0.5123539515625 0.9393102499999999 0.5123539515625 0.9393102499999999 0.5662371140625 0.9544182828125001 0.5662371140625 0.9544182828125001 0.5123539515625
7 0.954421053125 0.19057130625000002 0.9388088640625 0.19057130625000002 0.9388088640625 0.22102663281249998 0.954421053125 0.22102663281249998 0.954421053125 0.19057130625000002
7 0.9544182828125001 0.2522637453125 0.9393102499999999 0.2522637453125 0.9393102499999999 0.28428264531249997 0.9544182828125001 0.28428264531249997 0.9544182828125001 0.2522637453125
7 0.9554265921875 0.5966838484375 0.9383019390625 0.5966838484375 0.9383019390625 0.6685395187500001 0.9554265921875 0.6685395187500001 0.9554265921875 0.5966838484375
7 0.9554265921875 0.7005670109375 0.9383019390625 0.7005670109375 0.9383019390625 0.77475945 0.9554265921875 0.77475945 0.9554265921875 0.7005670109375
7 0.81389750625 0.782568728125 0.7655484765625 0.782568728125 0.7655484765625 0.8067783500000001 0.81389750625 0.8067783500000001 0.81389750625 0.782568728125
7 0.746409971875 0.7427362546875 0.730797784375 0.7427362546875 0.730797784375 0.77319158125 0.746409971875 0.77319158125 0.746409971875 0.7427362546875
7 0.7459058171875 0.699780928125 0.730293628125 0.699780928125 0.730293628125 0.7302362546875 0.7459058171875 0.7302362546875 0.7459058171875 0.699780928125
7 0.746409971875 0.5943427828125001 0.730797784375 0.5943427828125001 0.730797784375 0.6693170109375 0.746409971875 0.6693170109375 0.746409971875 0.5943427828125001
3 0.7493074796875 0.5890249140625 0.7496537390625 0.576138315625 0.74688365625 0.576138315625 0.746537396875 0.5503651203125 0.7337257625 0.5492912375000001 0.7344182828125 0.5943943296875001 0.746537396875 0.5938573890625001 0.746537396875 0.58956185625 0.7493074796875 0.5890249140625
7 0.7464127421875 0.5263960484375 0.7302963984375 0.5263960484375 0.7302963984375 0.5498238828125 0.7464127421875 0.5498238828125 0.7464127421875 0.5263960484375
7 0.7318033234375 0.47484965625 0.684462603125 0.47484965625 0.684462603125 0.49827749218750006 0.7318033234375 0.49827749218750006 0.7318033234375 0.47484965625
7 0.6643185593750001 0.47406786875 0.6174764546875 0.47406786875 0.6174764546875 0.499059278125 0.6643185593750001 0.499059278125 0.6643185593750001 0.47406786875
7 0.597831025 0.47563144375000005 0.54948199375 0.47563144375000005 0.54948199375 0.499059278125 0.597831025 0.499059278125 0.597831025 0.47563144375000005
7 0.528329640625 0.47484965625 0.48148753437499997 0.47484965625 0.48148753437499997 0.49827749218750006 0.528329640625 0.49827749218750006 0.528329640625 0.47484965625
7 0.460844875 0.47563144375000005 0.4140027703125 0.47563144375000005 0.4140027703125 0.499059278125 0.460844875 0.499059278125 0.460844875 0.47563144375000005
4 0.8729505124999999 0.77644655 0.879688553125 0.77691093125 0.8795388187500001 0.7606575640625 0.8997529390624999 0.76088975625 0.8997529390624999 0.780858178125 0.8813356296875 0.7806259875 0.8814853640625 0.7829478953125 0.92430935 0.7827157046875 0.9241596171875001 0.776678740625 0.9320955296875001 0.77644655 0.9326944671874999 0.7829478953125 0.9385341015625001 0.7827157046875 0.9388335703124999 0.692161234375 0.93494048125 0.692161234375 0.9346410125 0.679158540625 0.9383843671875001 0.67939073125 0.9385341015625001 0.67776539375 0.8546829375 0.6782297749999999 0.8546829375 0.7829478953125 0.8732499812500001 0.7829478953125 0.8729505124999999 0.77644655
2 0.8642659281249999 0.7076890031249999 0.8673822718749999 0.6990979375 0.8680747921874999 0.6910438140624999 0.8528393359375 0.6905068734375 0.8528393359375 0.7119845359375 0.85768698125 0.71305841875 0.8642659281249999 0.7076890031249999
1 0.8524293625 0.7224269765625 0.836058171875 0.7224269765625 0.836058171875 0.7817826453125 0.8524293625 0.7817826453125 0.8524293625 0.7224269765625
6 0.835690334375 0.719388678125 0.835398746875 0.7107976125000001 0.8336492203124999 0.7117019359375 0.8336492203124999 0.782239103125 0.835981921875 0.7826912640625 0.835981921875 0.7225538078125 0.8412305 0.7225538078125 0.8409389125000001 0.718936515625 0.835690334375 0.719388678125
2 0.8466066484375 0.737220790625 0.8518005546874999 0.73775773125 0.8521468140625 0.71950171875 0.8403739609375 0.7189647765625 0.84106648125 0.725408075 0.842797784375 0.7334622000000001 0.8466066484375 0.737220790625
4 0.7459758921875 0.77900065 0.753462603125 0.779232840625 0.7531631359375 0.7827157046875 0.8197948640625 0.7827157046875 0.8196451296875 0.776678740625 0.8284794484375 0.77691093125 0.8283297140625001 0.7831800875 0.833720146875 0.7824835140624999 0.833720146875 0.67776539375 0.7491203109375 0.67776539375 0.7492700453125 0.6831057859375 0.7461256265625 0.6833379765625 0.7459758921875 0.77900065
2 0.8258310249999999 0.710910653125 0.83102493125 0.7135953609375 0.8362188359375 0.7119845359375 0.8358725765624999 0.692117696875 0.8199445984375 0.6926546390625 0.8223684203125 0.7044673546875 0.8258310249999999 0.710910653125
4 0.7464644984375 0.5760535359375 0.7490887890625 0.5760535359375 0.7490887890625 0.5891662140625 0.7464644984375 0.5891662140625 0.7464644984375 0.6691987703125 0.7485056140624999 0.6691987703125 0.7490887890625 0.67462470625 0.8342323953124999 0.6741725453125 0.8342323953124999 0.574244890625 0.7467560875 0.5733405671875 0.7464644984375 0.5760535359375
6 0.8342323953124999 0.6750768671875 0.7496719640625 0.67462470625 0.7499635515625 0.6777898343750001 0.8342323953124999 0.677337675 0.8339408078125 0.692711159375 0.835981921875 0.692711159375 0.835690334375 0.6058961843749999 0.8333576328125 0.6081569906250001 0.8342323953124999 0.6750768671875
2 0.8258310249999999 0.6051331609374999 0.8296398890625 0.60781786875 0.835526315625 0.60781786875 0.835526315625 0.5874140890625 0.82063711875 0.58795103125 0.8220221609375 0.5970790375 0.8258310249999999 0.6051331609374999
4 0.8680565671875 0.6687466093750001 0.854351946875 0.668294446875 0.8540603578124999 0.6750768671875 0.9383292031250001 0.6741725453125 0.9383292031250001 0.588714053125 0.93483015 0.588714053125 0.9345385625 0.5751492125000001 0.9383292031250001 0.575601375 0.9383292031250001 0.5737927296875001 0.8549351218749999 0.5737927296875001 0.854643534375 0.633478025 0.8683481562500001 0.6339301859375001 0.8680565671875 0.6687466093750001
6 0.8684584859375001 0.6345778765625 0.85438346875 0.6348100671875 0.854351946875 0.6081569906250001 0.8528940078125 0.6086091515625001 0.8528940078125 0.692711159375 0.85438346875 0.6930899968750001 0.854351946875 0.6777898343750001 0.8720521078125 0.67776539375 0.9383292031250001 0.6777898343750001 0.9386838359375 0.67521129375 0.854351946875 0.67462470625 0.85438346875 0.668245565625 0.8683087515624999 0.668709946875 0.8684584859375001 0.6345778765625
2 0.86565096875 0.6029853953125001 0.8670360109375 0.594931271875 0.86772853125 0.5868771484375 0.8531855953124999 0.5874140890625 0.8528393359375 0.60942869375 0.8614958453125 0.605670103125 0.86565096875 0.6029853953125001
4 0.8339408078125 0.47069994531250003 0.7499635515625 0.470247784375 0.7499635515625 0.472960753125 0.7461729109374999 0.47250859062500006 0.7461729109374999 0.5701754390625 0.8336492203124999 0.5710797609375 0.8339408078125 0.47069994531250003
6 0.7464644984375 0.5706276 0.7464644984375 0.5737927296875001 0.8339408078125 0.5733405671875 0.8336492203124999 0.5878097296875 0.836273509375 0.588714053125 0.835981921875 0.5046120453125 0.8336492203124999 0.5050642078124999 0.8339408078125 0.5706276 0.7464644984375 0.5706276
2 0.8268698062500001 0.5031142609375 0.8320637124999999 0.505262028125 0.8358725765624999 0.50418814375 0.835526315625 0.48378436406249997 0.8195983375000001 0.4832474234375 0.8227146812499999 0.49774484531249996 0.8268698062500001 0.5031142609375
4 0.93483015 0.48336046250000003 0.9345385625 0.47069994531250003 0.8549351218749999 0.4711521078125 0.854643534375 0.5706276 0.938912378125 0.569723278125 0.938620790625 0.4842647859375 0.93483015 0.48336046250000003
6 0.8531855953124999 0.5882618921875 0.854643534375 0.5873575703125 0.854643534375 0.574244890625 0.939495553125 0.5737927296875001 0.938620790625 0.5706276 0.854643534375 0.5710797609375 0.854351946875 0.503707721875 0.8526024203125001 0.504159884375 0.8531855953124999 0.5882618921875
2 0.8659972296875 0.4966709625 0.86772853125 0.48861683906250003 0.86772853125 0.48271048125 0.85353185625 0.48271048125 0.8528393359375 0.50579896875 0.862188365625 0.5031142609375 0.8659972296875 0.4966709625
2 0.8327562328125 0.44136597968749997 0.8344875343749999 0.43170103125 0.834141275 0.4274054984375 0.821329640625 0.42686855625 0.821329640625 0.4483462203125 0.8275623265625001 0.44673539531250006 0.8327562328125 0.44136597968749997
6 0.7726800546875 0.38794029218750004 0.7972645421875 0.38794029218750004 0.7969182828125 0.4266000859375 0.7654085875 0.426331615625 0.7654085875 0.43062714843750005 0.8216759 0.43009020624999994 0.8220221609375 0.4266000859375 0.7984764546875 0.4266000859375 0.798649584375 0.3871348796875 0.8512811640625 0.3863294671875 0.8516274234375001 0.4266000859375 0.83310249375 0.426331615625 0.8329293625 0.4303586765625 0.853358725 0.43009020624999994 0.8531855953124999 0.381228521875 0.8512811640625 0.3809600515625 0.85145429375 0.383644759375 0.8209833796874999 0.3833762890625 0.8209833796874999 0.382033934375 0.8195983375000001 0.3817654640625 0.8194252078125001 0.383644759375 0.7984764546875 0.383644759375 0.7984764546875 0.3659256875 0.8201177281250001 0.3661941578125 0.8201177281250001 0.3637779203125 0.7983033234375 0.3640463921875 0.7984764546875 0.3468642609375 0.8201177281250001 0.3468642609375 0.8202908593749999 0.344179553125 0.7981301937499999 0.3444480234375 0.7983033234375 0.30981529218750004 0.8516274234375001 0.309546821875 0.85145429375 0.3640463921875 0.8531855953124999 0.3645833328125 0.8530124656250001 0.30686211406249997 0.7943213296875 0.3065936421875 0.7941482 0.3726374578125 0.772506925 0.3726374578125 0.7726800546875 0.38794029218750004
0 0.8204639890625 0.383644759375 0.8512811640625 0.382839346875 0.8511080328125 0.3100837625 0.798649584375 0.3100837625 0.798649584375 0.344179553125 0.8204639890625 0.344179553125 0.8204639890625 0.383644759375
2 0.8400277015625001 0.38230240625 0.8542243765625 0.3817654640625 0.85353185625 0.3640463921875 0.8441828250000001 0.365120275 0.8400277015625001 0.3747852234375 0.8400277015625001 0.38230240625
0 0.8194265921874999 0.407268040625 0.7988227140624999 0.407268040625 0.7988227140624999 0.4260652921875 0.8194265921874999 0.4260652921875 0.8194265921874999 0.407268040625
2 0.8105955671875 0.4155927828125 0.808864265625 0.424720790625 0.82063711875 0.42525773125 0.8209833796874999 0.4080756015625 0.8126731296875 0.41076030937499997 0.8105955671875 0.4155927828125
2 0.8092105265624999 0.40431701093749994 0.8209833796874999 0.40485395156250004 0.821329640625 0.3882087625 0.816135734375 0.387671821875 0.8112880890625 0.3914304125 0.8095567859375 0.3978737109375 0.8092105265624999 0.40431701093749994
2 0.811980609375 0.37048969062500003 0.8099030468749999 0.37585910624999996 0.8092105265624999 0.38230240625 0.821329640625 0.3833762890625 0.8209833796874999 0.3661941578125 0.8164819937500001 0.3661941578125 0.811980609375 0.37048969062500003
0 0.8192548468749999 0.3465936421875 0.79865096875 0.3465936421875 0.79865096875 0.364042096875 0.8192548468749999 0.364042096875 0.8192548468749999 0.3465936421875
2 0.8099030468749999 0.35599226875 0.8085180062499999 0.36350945 0.8202908593749999 0.36350945 0.8209833796874999 0.3463273203125 0.816135734375 0.347401203125 0.8123268703125 0.35115979375 0.8099030468749999 0.35599226875
4 0.7969182828125 0.3882087625 0.772506925 0.3882087625 0.772506925 0.372100515625 0.739265928125 0.3726374578125 0.739265928125 0.42686855625 0.796745153125 0.42606314375 0.7969182828125 0.3882087625
2 0.7579639890625 0.405927834375 0.7520775625 0.40646477656249996 0.7524238234375 0.43009020624999994 0.7652354578125 0.4295532640625 0.7652354578125 0.42096220000000006 0.7641966765625 0.4150558421875 0.7610803328125 0.40968642656250004 0.7579639890625 0.405927834375
1 0.7337257625 0.47277706249999996 0.736668975 0.47250859062500006 0.7368421046875 0.46499140937499994 0.7486149578125 0.4652598796875 0.7486149578125 0.4303586765625 0.736668975 0.43062714843750005 0.736668975 0.368073453125 0.757790859375 0.368341925 0.757790859375 0.310352234375 0.7183171749999999 0.31062070468749997 0.71814404375 0.474924828125 0.7333795015625 0.4754617703125 0.7337257625 0.47277706249999996
2 0.743421053125 0.4343857390625 0.7461911359375 0.43975515468750004 0.7396121890625 0.4435137453125 0.7358033234375 0.452641753125 0.7368421046875 0.45962199375 0.7517313015625 0.45962199375 0.7513850421875 0.43331185625 0.7441135734375 0.43223797187499996 0.743421053125 0.4343857390625
3 0.6845567859374999 0.47626718281249997 0.681786703125 0.47626718281249997 0.68144044375 0.3130369421875 0.7150277015625 0.3130369421875 0.7153739609375 0.4435137453125 0.7184903046875 0.4440506875 0.7184903046875 0.30713058437499996 0.6779778390625 0.3065936421875 0.6783241 0.46875 0.67001385 0.4692869421875 0.669667590625 0.473582475 0.664473684375 0.473582475 0.6637811640625 0.492912371875 0.683864265625 0.492912371875 0.6845567859374999 0.47626718281249997
5 0.71503878125 0.312882303125 0.6814376734375001 0.312882303125 0.6814376734375001 0.47472938124999997 0.71503878125 0.47472938124999997 0.71503878125 0.312882303125
2 0.7098337953125 0.4521048109375 0.70602493125 0.45640034375000005 0.7025623265625 0.4644544671875 0.7015235453125 0.47036082500000004 0.71814404375 0.47143470781249996 0.717797784375 0.4440506875 0.709141275 0.444587628125 0.7119113578125 0.4499570453125 0.7098337953125 0.4521048109375
2 0.7271468140625 0.32807130624999997 0.7309556781250001 0.32323883124999997 0.7333795015625 0.31572165 0.735110803125 0.31894329843749997 0.737188365625 0.31786941562500004 0.7375346265625 0.30713058437499996 0.7195290859375 0.30713058437499996 0.7195290859375 0.330219071875 0.7216066484375 0.330219071875 0.7271468140625 0.32807130624999997
4 0.5443660078125 0.475002771875 0.599231525 0.475002771875 0.5994102406249999 0.47389424687500004 0.60226968125 0.47389424687500004 0.60226968125 0.4686287546875 0.6062014109375 0.4686287546875 0.6058439812499999 0.3530650703125 0.5418639984375 0.3527879390625 0.5418639984375 0.46835162343750003 0.5441872937500001 0.4689058859375 0.5443660078125 0.475002771875
4 0.6112054328125 0.474171378125 0.6694665359374999 0.474171378125 0.6692878203125 0.4686287546875 0.6780448578125 0.4691830171875 0.6778661421875001 0.35334220156249996 0.6083459921875 0.35334220156249996 0.6083459921875 0.4689058859375 0.610848003125 0.4691830171875 0.6112054328125 0.474171378125
6 0.6079612187500001 0.3875 0.6059224375000001 0.3875 0.6059224375000001 0.46889175312500003 0.6079612187500001 0.46889175312500003 0.6079612187500001 0.3875
2 0.619459834375 0.381228521875 0.6225761765625 0.372100515625 0.6225761765625 0.3656572171875 0.6059556781250001 0.36780498281249996 0.6059556781250001 0.387671821875 0.6104570640625 0.387671821875 0.61565096875 0.3855240546875 0.619459834375 0.381228521875
2 0.5689058171875 0.3661941578125 0.5720221609375 0.3694158078125 0.5747922437499999 0.3731743984375 0.5806786703125 0.373711340625 0.580332409375 0.35008591093749997 0.5668282546875 0.34954896875 0.56648199375 0.35384450156249997 0.5668282546875 0.361898625 0.5689058171875 0.3661941578125
4 0.4777052984375 0.475002771875 0.535251540625 0.47527990156250005 0.5348941109375 0.4689058859375 0.5393619875 0.4689058859375 0.5390045578125 0.3536193328125 0.47413099843750006 0.3536193328125 0.47377356718749997 0.4686287546875 0.4777052984375 0.4686287546875 0.4777052984375 0.475002771875
6 0.4717664609375 0.469204334375 0.4736842109375 0.46887390937499995 0.4741103765625 0.3535553796875 0.5395269546875 0.3535553796875 0.5395269546875 0.3674332546875 0.541231621875 0.3677636796875 0.5410185390625 0.349920696875 0.46239079531250005 0.3502511234375 0.46217771093750004 0.3538858046875 0.47197954375 0.353224953125 0.4717664609375 0.469204334375
2 0.52977839375 0.38498711406249997 0.5353185593750001 0.387671821875 0.5422437671875 0.3892826453125 0.542590028125 0.367268040625 0.52666205 0.3661941578125 0.5270083109375 0.3769329890625 0.52977839375 0.38498711406249997
6 0.6514069109375 0.2970699953125 0.6143752734375 0.2970699953125 0.6146668609375 0.21477663281249998 0.6012538265625 0.21477663281249998 0.6000874765625 0.2183939234375 0.612334159375 0.2183939234375 0.611750984375 0.243262796875 0.5852165031250001 0.242810634375 0.584924915625 0.216585278125 0.5825922140625 0.216585278125 0.5823006265624999 0.242810634375 0.5671380671875 0.2423584734375 0.5674296546875001 0.21477663281249998 0.5650969531250001 0.21477663281249998 0.5645137765625 0.243262796875 0.5353550078125 0.24371495781250002 0.5356465953125 0.21884608437500003 0.545852165625 0.21975040781250002 0.546435340625 0.21477663281249998 0.53302230625 0.21477663281249998 0.53273071875 0.3246518359375 0.5484764546875 0.3246518359375 0.5484764546875 0.3223910296875 0.5350634203125 0.3223910296875 0.5344802453125 0.2473322484375 0.612334159375 0.24688008749999998 0.612042571875 0.3237475125 0.639743403125 0.3237475125 0.639160228125 0.298878640625 0.6514069109375 0.298426478125 0.6516984984375 0.3210345453125 0.649948971875 0.3210345453125 0.649657384375 0.3237475125 0.65286485 0.324199675 0.6531564359375001 0.21432447031250002 0.62720513125 0.21432447031250002 0.62691354375 0.2174896 0.6514069109375 0.2170374390625 0.6514069109375 0.2970699953125
1 0.6514155125000001 0.299299828125 0.6396204984375 0.299299828125 0.6396204984375 0.32174828125 0.6514155125000001 0.32174828125 0.6514155125000001 0.299299828125
2 0.6478531859375 0.308741409375 0.6443905812499999 0.30605670156250003 0.639889196875 0.30498281718750003 0.6395429359375 0.3237757734375 0.6513157890625 0.3237757734375 0.65062326875 0.316258590625 0.6478531859375 0.308741409375
4 0.6510609421875 0.21754295468749998 0.6144238234375 0.21754295468749998 0.6144238234375 0.29680412343749996 0.6510609421875 0.29680412343749996 0.6510609421875 0.21754295468749998
2 0.625 0.2319587625 0.6267313015625 0.22712628906250001 0.6274238234375 0.2206829890625 0.62811634375 0.21370274843749998 0.6139196671875 0.21477663281249998 0.6135734078125 0.2378651203125 0.6180747921874999 0.23625429531250003 0.625 0.2319587625
4 0.6694853484375 0.0773195875 0.6694853484375 0.071441490625 0.6633620062500001 0.0705371671875 0.613208921875 0.0705371671875 0.612188365625 0.18470790312500002 0.6742382265625 0.1855670109375 0.6775623265624999 0.17783505156249999 0.676775040625 0.0768674265625 0.6694853484375 0.0773195875
2 0.6662049859375 0.1712843640625 0.6617036015625 0.1680627140625 0.65477839375 0.16537800625000001 0.6544321328125 0.18792955312499998 0.6682825484375 0.18846649531249998 0.6693213296875 0.1830970796875 0.6682825484375 0.1761168390625 0.6662049859375 0.1712843640625
2 0.693213296875 0.1798754296875 0.6918282546875 0.1728951890625 0.6897506921875001 0.1675257734375 0.6849030468749999 0.1637671828125 0.6779778390625 0.163230240625 0.67728531875 0.1841709625 0.69355955625 0.1836340203125 0.693213296875 0.1798754296875
2 0.739265928125 0.22283075624999998 0.7472299171875 0.22712628906250001 0.7503462609375 0.22605240625 0.7503462609375 0.205111684375 0.7333795015625 0.2045747421875 0.735110803125 0.21477663281249998 0.739265928125 0.22283075624999998
1 0.8076980609375 0.1894544671875 0.7508393359375 0.1894544671875 0.7508393359375 0.2414561859375 0.8076980609375 0.2414561859375 0.8076980609375 0.1894544671875
2 0.7794321328125 0.22283075624999998 0.7745844875000001 0.2287371140625 0.7714681437500001 0.2367912375 0.772506925 0.24538230312499998 0.7856648203125001 0.24591924375000002 0.7856648203125001 0.2217568734375 0.7794321328125 0.22283075624999998
4 0.860473684375 0.188101375 0.8100304703125 0.188101375 0.8100304703125 0.24280927812500003 0.860473684375 0.24280927812500003 0.860473684375 0.188101375
2 0.830332409375 0.22336769687500002 0.8268698062500001 0.2292740546875 0.8244459828125 0.23840206249999998 0.8251385046875 0.24430841874999998 0.8382963984374999 0.24538230312499998 0.8389889203124999 0.22014604843750002 0.830332409375 0.22336769687500002
6 0.8718472078125 0.2943570265625 0.8858434171875 0.2943570265625 0.8858434171875 0.29119189687499997 0.8718472078125 0.29119189687499997 0.8721387953124999 0.276722734375 0.8700976812500001 0.276722734375 0.8703892703125 0.467986978125 0.8526024203125001 0.46708265625 0.8526024203125001 0.48336046250000003 0.854351946875 0.484716946875 0.854351946875 0.470247784375 0.938620790625 0.470247784375 0.938912378125 0.46663049375 0.8718472078125 0.46708265625 0.8718472078125 0.2943570265625
4 0.938912378125 0.395189003125 0.9339553875 0.395189003125 0.9339553875 0.382076325 0.9383292031250001 0.3816241625 0.9383292031250001 0.303852415625 0.934246975 0.303852415625 0.9345385625 0.2943570265625 0.8724303828125001 0.29526135 0.8721387953124999 0.4661783328125 0.9383292031250001 0.4657261703125 0.938912378125 0.395189003125
2 0.8988919671875 0.30015034375 0.8999307484375001 0.2904853953125 0.88434903125 0.2904853953125 0.884695290625 0.314110825 0.8909279781249999 0.314647765625 0.8947368421874999 0.310889175 0.8988919671875 0.30015034375
4 0.8721387953124999 0.290287575 0.938620790625 0.290287575 0.938620790625 0.242810634375 0.9345385625 0.242810634375 0.9345385625 0.22969795624999997 0.9392039656250001 0.2292457953125 0.938912378125 0.18945559843749998 0.8628079890624999 0.18945559843749998 0.8630995765625 0.2423584734375 0.8721387953124999 0.2423584734375 0.8721387953124999 0.290287575
2 0.88434903125 0.2663230234375 0.879501384375 0.2593427828125 0.8753462609374999 0.256658075 0.870498615625 0.256121134375 0.86980609375 0.2781357390625 0.8850415515625001 0.2797465640625 0.8860803328125 0.27384020625 0.88434903125 0.2663230234375
4 0.9383292031250001 0.172725628125 0.934246975 0.172725628125 0.9345385625 0.1591607890625 0.938620790625 0.1591607890625 0.938037615625 0.07008500625 0.934246975 0.07008500625 0.9345385625 0.0791282328125 0.9252077562500001 0.07958039375 0.9252077562500001 0.07008500625 0.8628079890624999 0.0709893296875 0.8628079890624999 0.184933984375 0.938912378125 0.1844818234375 0.9383292031250001 0.172725628125
2 0.8957756234375 0.1691365984375 0.8905817171875 0.16591494843750001 0.8850415515625001 0.164841065625 0.8850415515625001 0.18739261093749998 0.8995844875 0.18792955312499998 0.8981994453125001 0.1777276625 0.8957756234375 0.1691365984375
0 0.84327146875 0.15644759375 0.8106121890625 0.15644759375 0.8106121890625 0.185837628125 0.84327146875 0.185837628125 0.84327146875 0.15644759375
2 0.833448753125 0.1728951890625 0.84522160625 0.17182130625 0.84522160625 0.1551761171875 0.8358725765624999 0.1573238828125 0.83310249375 0.1637671828125 0.833448753125 0.1728951890625
4 0.8100306171874999 0.1514740453125 0.8601837 0.1514740453125 0.8607668765625001 0.07008500625 0.854643534375 0.0709893296875 0.854643534375 0.0768674265625 0.845895903125 0.0768674265625 0.846187490625 0.07008500625 0.81382125625 0.07008500625 0.81382125625 0.0764152640625 0.8109053796874999 0.0768674265625 0.8100306171874999 0.1514740453125
2 0.8199445984375 0.1363831609375 0.8171745156249999 0.1315506875 0.8085180062499999 0.1294029203125 0.808864265625 0.15088058437500002 0.8230609421875 0.151417525 0.8227146812499999 0.14604810937499998 0.8199445984375 0.1363831609375
2 0.8344875343749999 0.136920103125 0.8317174515625 0.14228951875 0.8306786703125001 0.154639175 0.84314404375 0.154639175 0.843836565625 0.1342353953125 0.8400277015625001 0.1342353953125 0.8344875343749999 0.136920103125
6 0.53302230625 0.1844818234375 0.53302230625 0.17136914375 0.5309811921875001 0.1709169828125 0.5309811921875001 0.1880991140625 0.6557807265625 0.1890034359375 0.6557807265625 0.1867426296875 0.612334159375 0.18629046875 0.612625746875 0.0768674265625 0.6102930453125001 0.0764152640625 0.6102930453125001 0.18583830625 0.53302230625 0.1844818234375
2 0.54397506875 0.15839776562500002 0.540512465625 0.1519544671875 0.5356648203125001 0.1498067015625 0.531163434375 0.15088058437500002 0.5308171749999999 0.17182130625 0.546745153125 0.17343213125 0.546745153125 0.163230240625 0.54397506875 0.15839776562500002
4 0.47178889062499996 0.1853861453125 0.5309811921875001 0.1867426296875 0.5306896046875 0.0705371671875 0.47703746875 0.07008500625 0.47703746875 0.0764152640625 0.472372065625 0.0764152640625 0.47178889062499996 0.1853861453125
2 0.4951523546875 0.1750429546875 0.49342105312499995 0.18846649531249998 0.5079639890625 0.1890034359375 0.5090027703125 0.16645189062500002 0.503462603125 0.16591494843750001 0.4986149578125 0.1691365984375 0.4951523546875 0.1750429546875
6 0.47824144375 0.3217492515625 0.44553659218749997 0.32202638281249996 0.44607273750000004 0.3236891703125 0.5005808234375 0.3236891703125 0.50022339375 0.3214721203125 0.47984987968750004 0.3214721203125 0.47984987968750004 0.28599933437499997 0.5332856765625 0.28599933437499997 0.5332856765625 0.28322802343750003 0.48002859375 0.2835051546875 0.48002859375 0.21727081250000002 0.5209543390625 0.217825075 0.5205969078125 0.21533089374999997 0.459118934375 0.2150537640625 0.45929765 0.21727081250000002 0.47824144375 0.21754794375 0.47824144375 0.3217492515625
4 0.532747921875 0.21782216562499998 0.48038227187500004 0.21782216562499998 0.48038227187500004 0.28295103125 0.532747921875 0.28295103125 0.532747921875 0.21782216562499998
2 0.5238919671875 0.2330326453125 0.533240996875 0.237328178125 0.533240996875 0.21477663281249998 0.5193905812499999 0.214239690625 0.5193905812499999 0.22336769687500002 0.5214681437500001 0.2292740546875 0.5238919671875 0.2330326453125
4 0.5749262796875 0.3006872859375 0.5985166656249999 0.3009644171875 0.5986953796875001 0.3209178578125 0.611741578125 0.3209178578125 0.6124564375 0.2477552375 0.5350728265625 0.2477552375 0.535251540625 0.3214721203125 0.5751049953125 0.32202638281249996 0.5749262796875 0.3006872859375
2 0.5602493078124999 0.30981529218750004 0.5550554015625 0.303908934375 0.5477839328125 0.30176116875000003 0.5470914125 0.32323883124999997 0.561980609375 0.3237757734375 0.5616343484375 0.317332475 0.5602493078124999 0.30981529218750004
4 0.5329252078125 0.2865506875 0.4800277015625 0.2865506875 0.4800277015625 0.32147336718749997 0.5329252078125 0.32147336718749997 0.5329252078125 0.2865506875
2 0.5024238234375 0.30981529218750004 0.5 0.314110825 0.49826869843750005 0.3237757734375 0.5135041546875 0.3243127140625 0.513850415625 0.302298109375 0.5096952906250001 0.302298109375 0.505540165625 0.30498281718750003 0.5024238234375 0.30981529218750004
1 0.61120775625 0.21838058437500002 0.5851135734375 0.21838058437500002 0.5851135734375 0.24359536093749998 0.61120775625 0.24359536093749998 0.61120775625 0.21838058437500002
2 0.5924515234375 0.20833333281250002 0.5848337953125 0.21370274843749998 0.584141275 0.21746134062500003 0.6004155124999999 0.21853522343749998 0.6007617734374999 0.21370274843749998 0.5924515234375 0.20833333281250002
1 0.5642022156250001 0.2189347078125 0.535786703125 0.2189347078125 0.535786703125 0.2430412375 0.5642022156250001 0.2430412375 0.5642022156250001 0.2189347078125
2 0.5554016625 0.20725945 0.54605263125 0.21370274843749998 0.5457063718749999 0.219072165625 0.5647506921875001 0.21853522343749998 0.5650969531250001 0.214239690625 0.5554016625 0.20725945
1 0.582252078125 0.2172723375 0.5675983375 0.2172723375 0.5675983375 0.2422122 0.582252078125 0.2422122 0.582252078125 0.2172723375
2 0.5723684203125 0.20833333281250002 0.5668282546875 0.21370274843749998 0.56648199375 0.21799828125 0.583448753125 0.219072165625 0.5837950140625 0.21531357343750002 0.5747922437499999 0.20779639218749998 0.5723684203125 0.20833333281250002
2 0.457331784375 0.162398846875 0.456371190625 0.17182130625 0.47145027187500005 0.17071278125 0.47162898750000004 0.1518678640625 0.464681440625 0.151417525 0.4598337953125 0.15625 0.457331784375 0.162398846875
2 0.4587950140625 0.22820017187500002 0.46121883593749996 0.21477663281249998 0.44632964062499997 0.21477663281249998 0.44632964062499997 0.237328178125 0.4504847640625 0.23625429531250003 0.45533240937499997 0.23356958749999998 0.4587950140625 0.22820017187500002
6 0.4337414 0.3217492515625 0.3368778484375 0.3217492515625 0.336341703125 0.21643941875 0.41658475624999997 0.21727081250000002 0.416406040625 0.2372242546875 0.4469663125 0.2372242546875 0.44678759687499997 0.21754794375 0.44660888125 0.21477663281249998 0.326691090625 0.21533089374999997 0.326691090625 0.32396630000000004 0.4342775453125 0.3242434328125 0.4337414 0.3217492515625
2 0.433864265625 0.3125 0.43247922499999997 0.322701890625 0.44632964062499997 0.3237757734375 0.44667589999999996 0.30176116875000003 0.44148199374999997 0.3028350515625 0.43663434843750004 0.3065936421875 0.433864265625 0.3125
4 0.41140201875000004 0.47527990156250005 0.46859083281249997 0.47527990156250005 0.46859083281249997 0.4691830171875 0.47145027187500005 0.4689058859375 0.47162898750000004 0.35334220156249996 0.4008578328125 0.3536193328125 0.40050040156250005 0.4677973609375 0.41122330468749996 0.46752022968749996 0.41140201875000004 0.47527990156250005
2 0.456371190625 0.3715635734375 0.46295013906250004 0.37424828125 0.46364265937500004 0.35008591093749997 0.44875346250000003 0.35008591093749997 0.44979224375 0.3586769765625 0.45221606718749996 0.36673110000000003 0.456371190625 0.3715635734375
4 0.3987119109375 0.2167182125 0.336878115625 0.2167182125 0.336878115625 0.3217525765625 0.3987119109375 0.3217525765625 0.3987119109375 0.2167182125
2 0.36530470937500004 0.2346434703125 0.37188365624999997 0.23840206249999998 0.3756925203125 0.237328178125 0.3753462609375 0.21477663281249998 0.3604570640625 0.21477663281249998 0.361149584375 0.2239046390625 0.36530470937500004 0.2346434703125
4 0.3901443359375 0.0696328453125 0.30966613125000003 0.0696328453125 0.31024930781250004 0.0773195875 0.3012100890625 0.0768674265625 0.3009185015625 0.0705371671875 0.295086746875 0.07008500625 0.294503571875 0.1844818234375 0.3901443359375 0.1844818234375 0.3901443359375 0.0696328453125
2 0.335526315625 0.16537800625000001 0.3362188359375 0.18739261093749998 0.3500692515625 0.18846649531249998 0.34972299218749997 0.178801546875 0.3462603875 0.1707474234375 0.34245152343749996 0.16698883125 0.335526315625 0.16537800625000001
1 0.246480315625 0.3305841921875 0.22609250468750003 0.2948453609375 0.211909678125 0.314089346875 0.232075884375 0.35085910625 0.194624359375 0.40103092812499996 0.140109125 0.3862542953125 0.138779484375 0.394158075 0.1376714515625 0.3938144328125 0.13589859843750002 0.4082474234375 0.1376714515625 0.40893470781249996 0.13700663125 0.4109965640625 0.2796998671875 0.44978383749999995 0.3265232078125 0.38853785625000004 0.32670192187499997 0.1881720421875 0.3065071234375 0.1887263046875 0.26930580000000004 0.23608247499999999 0.290136825 0.272852234375 0.246480315625 0.3305841921875
2 0.269044321875 0.20833333281250002 0.2686980609375 0.21638745781250002 0.270083103125 0.224978521875 0.26731301875 0.22444158125000002 0.265927978125 0.22712628906250001 0.271121884375 0.23518041250000002 0.284279778125 0.21853522343749998 0.2745844875 0.19974226875 0.27146814375 0.20135309218750003 0.269044321875 0.20833333281250002
2 0.219182825 0.2926331609375 0.2171052625 0.289948453125 0.21156509687499997 0.2888745703125 0.20533240937500002 0.291559278125 0.20186980625 0.29531786875 0.2122576171875 0.3125 0.2254155125 0.29317010312499997 0.22126038750000002 0.2867268046875 0.22022160624999998 0.2878006875 0.219182825 0.2926331609375
6 0.1187392375 0.3148509328125 0.1175413640625 0.328782390625 0.113648275 0.3278536265625 0.10735943750000002 0.392634903125 0.11110279218750001 0.3944924296875 0.10960545 0.4070307421875 0.1391030921875 0.4153896171875 0.1394025609375 0.4116745609375 0.137456015625 0.41097798750000003 0.13760575 0.40888827031249997 0.13521000156250002 0.40888827031249997 0.1347608 0.410745796875 0.11230066718750001 0.4047088328125 0.1143969453125 0.3847404109375 0.1269746203125 0.388223275 0.1274238234375 0.386365746875 0.11499588281249999 0.3824185015625 0.1175413640625 0.35919940625 0.14045069999999998 0.3652363703125 0.13730628125 0.3940280484375 0.1391030921875 0.3940280484375 0.14000149687500002 0.385901365625 0.14194804218749998 0.38543698437499996 0.14194804218749998 0.3828828828125 0.14015123125 0.38218630937500003 0.14254697968750002 0.3626822703125 0.14000149687500002 0.36221788906249996 0.14000149687500002 0.3596637875 0.1388036234375 0.35943159687500004 0.1382046859375 0.361289125 0.1176910984375 0.3564131140625 0.122931796875 0.3099749234375 0.14359511875 0.315083125 0.14254697968750002 0.32646048125 0.144044321875 0.3273892453125 0.1452421953125 0.3160118890625 0.17384143125 0.32320980781249997 0.1690499359375 0.3691836171875 0.1564722609375 0.36593294374999996 0.1546754515625 0.386830128125 0.153028375 0.38659793750000004 0.1524294375 0.3896164203125 0.1578198703125 0.39124175625 0.1581193375 0.3875267015625 0.156023059375 0.3870623203125 0.158568540625 0.36964799843749996 0.17444036875 0.3738274359375 0.1724938234375 0.390777375 0.167402859375 0.390080803125 0.1669536578125 0.3930992859375 0.1759377109375 0.395189003125 0.17668638125 0.3919383296875 0.17444036875 0.39170613906249996 0.1822265484375 0.3257639078125 0.1998951859375 0.330407728125 0.210526315625 0.3160118890625 0.229392828125 0.350608340625 0.1937560828125 0.3963499578125 0.1879164484375 0.39542119375 0.1874672453125 0.3986718671875 0.1946544875 0.4007615859375 0.23223777812500002 0.3513049125 0.2118739234375 0.31415436093750004 0.2130717984375 0.3120646421875 0.21082578437500002 0.310671496875 0.19944598281249998 0.3257639078125 0.116343490625 0.30417015 0.11529534999999999 0.31392216875 0.1187392375 0.3148509328125
0 0.14329565 0.31531531562500004 0.122931796875 0.3104393046875 0.1176910984375 0.3564131140625 0.1386538890625 0.361521315625 0.14329565 0.31531531562500004
2 0.1277700828125 0.3576030921875 0.1395429359375 0.3608247421875 0.140927978125 0.345790378125 0.13400277031250002 0.34471649531250004 0.13019390625 0.35008591093749997 0.1277700828125 0.3576030921875
2 0.13054016562499998 0.3398840203125 0.141966759375 0.34203178749999996 0.144044321875 0.3253865984375 0.1360803328125 0.32646048125 0.1312326875 0.33290377968749996 0.13054016562499998 0.3398840203125
1 0.1567717296875 0.3668617078125 0.14254697968750002 0.3624500796875 0.14000149687500002 0.3831150734375 0.1542262484375 0.3875267015625 0.1567717296875 0.3668617078125
2 0.1426592796875 0.375322165625 0.140927978125 0.386060996875 0.15443213281249998 0.3882087625 0.1565096953125 0.3661941578125 0.15304709218749998 0.3656572171875 0.1457756234375 0.36780498281249996 0.1426592796875 0.375322165625
1 0.174290634375 0.37405962656249997 0.158568540625 0.369880190625 0.1564722609375 0.3875267015625 0.17264355781250001 0.39054518437499997 0.174290634375 0.37405962656249997
2 0.1641274234375 0.373711340625 0.159279778125 0.372100515625 0.15754847656249998 0.3903565296875 0.16828254843749998 0.3919673546875 0.1672437671875 0.38069158125 0.1641274234375 0.373711340625
4 0.228943625 0.3499117671875 0.210526315625 0.3169406515625 0.1997454515625 0.330872109375 0.1819270796875 0.326228290625 0.1747398359375 0.39170613906249996 0.1939058171875 0.39611776718749997 0.228943625 0.3499117671875
2 0.1855955671875 0.37746993125 0.180747921875 0.3731743984375 0.1769390578125 0.3731743984375 0.17520775625 0.395189003125 0.1894044328125 0.3978737109375 0.1883656515625 0.3855240546875 0.1855955671875 0.37746993125
0 0.11260013437500001 0.4044766421875 0.13506026875 0.410281415625 0.13730628125 0.391009565625 0.1143969453125 0.38520479218750003 0.11260013437500001 0.4044766421875
2 0.12603878125 0.3978737109375 0.12465373906249999 0.405927834375 0.1371191140625 0.4102233671875 0.1381578953125 0.3919673546875 0.129501384375 0.3941151203125 0.12603878125 0.3978737109375
0 0.14000149687500002 0.3654685609375 0.11739162968750001 0.359895978125 0.11529534999999999 0.3831150734375 0.13730628125 0.38938422968749997 0.14000149687500002 0.3654685609375
2 0.1319252078125 0.3747852234375 0.1277700828125 0.3801546390625 0.1256925203125 0.3882087625 0.1371191140625 0.3903565296875 0.1391966765625 0.3726374578125 0.1319252078125 0.3747852234375
4 0.09792618125 0.48411813906249995 0.094931496875 0.5117488625 0.1483866140625 0.5254481281250001 0.1605150859375 0.42235534531249996 0.10616156406249999 0.40726293281250003 0.09942352343750001 0.469954490625 0.10361608124999999 0.47157982656249997 0.1024182078125 0.48504690312500004 0.09792618125 0.48411813906249995
2 0.1454293625 0.4359965640625 0.1499307484375 0.4381443296875 0.15270083125 0.4155927828125 0.1385041546875 0.412908075 0.1405817171875 0.43062714843750005 0.1454293625 0.4359965640625
4 0.21651568437500002 0.436751184375 0.16291083281250002 0.42258753593750004 0.15138129843749998 0.5259125109375 0.20528561875 0.5407727312499999 0.21651568437500002 0.436751184375
2 0.2025623265625 0.45317869375 0.206371190625 0.4542525765625 0.20844875312500002 0.43116408906250003 0.1949445984375 0.4274054984375 0.1945983375 0.43653350468749996 0.1966759 0.44619845312499995 0.2025623265625 0.45317869375
4 0.21921090156249998 0.43744775625 0.207681365625 0.5412371140625 0.265927978125 0.5572582890625 0.278206184375 0.45277235937500004 0.21921090156249998 0.43744775625
2 0.238227146875 0.4542525765625 0.241343490625 0.447809278125 0.24099722968749998 0.44029209687500004 0.22853185625 0.43707044687499996 0.22472299218749997 0.45962199375 0.231994459375 0.460158934375 0.238227146875 0.4542525765625
3 0.125 0.22444158125000002 0.12811634375 0.22551546406249998 0.129501384375 0.2115549828125 0.12603878125 0.21101804062500001 0.13019390625 0.1745060140625 0.133656509375 0.175579896875 0.1350415515625 0.161082475 0.1319252078125 0.161082475 0.1319252078125 0.15893470781250002 0.11807479218750001 0.1557130578125 0.11080332343749999 0.2287371140625 0.12326869843749999 0.2330326453125 0.125 0.22444158125000002
3 0.0955678671875 0.5117053265625 0.0976454296875 0.4832474234375 0.1011080328125 0.484858246875 0.1031855953125 0.4730455328125 0.09937673125 0.470897765625 0.1063019390625 0.40646477656249996 0.11011080312499999 0.40646477656249996 0.11080332343749999 0.3941151203125 0.1073407203125 0.39250429531250003 0.114265928125 0.328608246875 0.11772853125 0.32968213125 0.1191135734375 0.31518470781249996 0.11565096875 0.314110825 0.11668975 0.302298109375 0.1031855953125 0.2996134015625 0.0796398890625 0.526739690625 0.1011080328125 0.531572165625 0.102493075 0.512779209375 0.0955678671875 0.5117053265625
3 0.14300554062499998 0.0885953609375 0.1481994453125 0.0783934703125 0.1513157890625 0.0783934703125 0.15062326875 0.05208333281250001 0.12915512499999998 0.0515463921875 0.125 0.084299828125 0.1426592796875 0.09128006875 0.14300554062499998 0.0885953609375
3 0.19979224375 0.0783934703125 0.20844875312500002 0.0773195875 0.20879501406249998 0.070339346875 0.2451523546875 0.070339346875 0.2451523546875 0.05208333281250001 0.1966759 0.05208333281250001 0.1966759 0.070339346875 0.19944598281249998 0.06980240625 0.19979224375 0.0783934703125
6 0.3364922 0.184933984375 0.294503571875 0.184933984375 0.294503571875 0.07008500625 0.2915876953125 0.07008500625 0.2918792828125 0.2025682765625 0.2828400640625 0.21477663281249998 0.28429800312500003 0.21884608437500003 0.3067502546875 0.1880991140625 0.337075375 0.187646953125 0.3364922 0.184933984375
3 0.3012465375 0.0762457046875 0.30990304687500003 0.0767826453125 0.31024930781250004 0.070339346875 0.338642659375 0.070339346875 0.3389889203125 0.05262027500000001 0.291551246875 0.05208333281250001 0.291551246875 0.070339346875 0.3009002765625 0.070339346875 0.3012465375 0.0762457046875
3 0.4106648203125 0.0762457046875 0.410318559375 0.070339346875 0.41412742343750003 0.070339346875 0.41412742343750003 0.05262027500000001 0.3850415515625 0.052405498437499996 0.3850415515625 0.06980240625 0.40166205 0.06980240625 0.4020083109375 0.0767826453125 0.4106648203125 0.0762457046875
3 0.46364265937500004 0.0773195875 0.4768005546875 0.0767826453125 0.4768005546875 0.070339346875 0.48130193906249996 0.070339346875 0.48130193906249996 0.05262027500000001 0.4601800546875 0.0515463921875 0.4598337953125 0.0708762890625 0.46364265937500004 0.0714132296875 0.46364265937500004 0.0773195875
6 0.5330249312500001 0.070987971875 0.5312742375 0.070987971875 0.5312742375 0.1510223375 0.5330249312500001 0.1510223375 0.5330249312500001 0.070987971875
3 0.5360110796875001 0.0778565296875 0.544667590625 0.0773195875 0.544667590625 0.06980240625 0.5484764546875 0.070339346875 0.549168975 0.05208333281250001 0.5280470921875 0.05208333281250001 0.5280470921875 0.070339346875 0.5356648203125001 0.0708762890625 0.5360110796875001 0.0778565296875
3 0.6018005546875 0.0767826453125 0.612188365625 0.0767826453125 0.6128808859375 0.070339346875 0.61668975 0.070339346875 0.6170360109375 0.05208333281250001 0.594875346875 0.05208333281250001 0.59522160625 0.070339346875 0.6021468140625 0.070339346875 0.6018005546875 0.0767826453125
3 0.66897506875 0.0757087625 0.6790166203125 0.0767826453125 0.6790166203125 0.0692654640625 0.6849030468749999 0.06980240625 0.6849030468749999 0.05208333281250001 0.6627423828125 0.05208333281250001 0.663434903125 0.070339346875 0.6693213296875 0.0708762890625 0.66897506875 0.0757087625
3 0.7368421046875 0.0773195875 0.7454986156250001 0.0767826453125 0.7461911359375 0.070339346875 0.7524238234375 0.070339346875 0.7520775625 0.05208333281250001 0.7302631578125001 0.0515463921875 0.7309556781250001 0.070339346875 0.737188365625 0.0708762890625 0.7368421046875 0.0773195875
3 0.80436288125 0.0767826453125 0.813019390625 0.0767826453125 0.8133656515625001 0.0692654640625 0.818213296875 0.070339346875 0.8189058171875001 0.05208333281250001 0.7984764546875 0.05208333281250001 0.7988227140624999 0.0692654640625 0.8040166203125001 0.0692654640625 0.80436288125 0.0767826453125
3 0.845914128125 0.0773195875 0.8549168968749999 0.0767826453125 0.8549168968749999 0.06980240625 0.8715373968750001 0.070339346875 0.8711911359375 0.0515463921875 0.8369113578125 0.0515463921875 0.8372576171875 0.0708762890625 0.8462603874999999 0.070339346875 0.845914128125 0.0773195875
3 0.9252077562500001 0.0794673546875 0.933864265625 0.0800042953125 0.9342105265624999 0.06980240625 0.9387119109375 0.0708762890625 0.9383656515625001 0.081078178125 0.9504847640625 0.081078178125 0.9508310249999999 0.05315721718750001 0.8905817171875 0.05315721718750001 0.889889196875 0.070339346875 0.9252077562500001 0.070339346875 0.9252077562500001 0.0794673546875
3 0.9345567859375 0.17343213125 0.9383656515625001 0.17343213125 0.9383656515625001 0.1906142609375 0.9515235453124999 0.191151203125 0.9515235453124999 0.15410223437499998 0.9387119109375 0.15356529218749998 0.9387119109375 0.15947165000000002 0.9345567859375 0.15947165000000002 0.9345567859375 0.17343213125
3 0.9345567859375 0.2292740546875 0.9345567859375 0.24269759375 0.9387119109375 0.24323453593750002 0.9387119109375 0.2523625421875 0.9508310249999999 0.252899484375 0.9511772859375001 0.22121993125 0.939058171875 0.22121993125 0.939058171875 0.229810996875 0.9345567859375 0.2292740546875
3 0.9349030468749999 0.291559278125 0.9349030468749999 0.30498281718750003 0.9383656515625001 0.30498281718750003 0.9387119109375 0.314110825 0.9515235453124999 0.3135738828125 0.9515235453124999 0.28404209687500004 0.9394044328125 0.2835051546875 0.939058171875 0.291559278125 0.9349030468749999 0.291559278125
3 0.9342105265624999 0.3817654640625 0.9349030468749999 0.395189003125 0.939058171875 0.3957259453125 0.939058171875 0.401632303125 0.9518698062500001 0.40216924374999996 0.9515235453124999 0.3747852234375 0.9394044328125 0.3747852234375 0.9394044328125 0.38230240625 0.9342105265624999 0.3817654640625
3 0.9342105265624999 0.4698238828125 0.933864265625 0.4832474234375 0.9387119109375 0.48432130625 0.9387119109375 0.5138530921875 0.9515235453124999 0.5138530921875 0.9518698062500001 0.4623067015625 0.9394044328125 0.46284364218749996 0.9383656515625001 0.4692869421875 0.9342105265624999 0.4698238828125
3 0.9342105265624999 0.5745274921875 0.9342105265624999 0.5890249140625 0.9383656515625001 0.58956185625 0.9387119109375 0.5976159796875 0.9518698062500001 0.5976159796875 0.9525623265625001 0.565399484375 0.939058171875 0.565399484375 0.9383656515625001 0.5750644328125001 0.9342105265624999 0.5745274921875
3 0.9349030468749999 0.6792311 0.9345567859375 0.6910438140624999 0.9383656515625001 0.69319158125 0.938019390625 0.7012457046875 0.9522160671875 0.7007087624999999 0.9522160671875 0.6695661515625 0.9394044328125 0.66849226875 0.9387119109375 0.6792311 0.9349030468749999 0.6792311
3 0.9328254843750001 0.782860825 0.9328254843750001 0.776417525 0.9245152359375 0.7758805843750001 0.9245152359375 0.782860825 0.8815789468749999 0.7817869421875 0.8819252078125001 0.7769544671874999 0.8725761765625 0.7758805843750001 0.8729224375 0.782860825 0.8286011078125 0.782860825 0.8286011078125 0.7769544671874999 0.8195983375000001 0.7769544671874999 0.819252078125 0.7823238828125 0.813019390625 0.7823238828125 0.8123268703125 0.800579896875 0.9525623265625001 0.800579896875 0.9518698062500001 0.7737328171875 0.939058171875 0.7748067015625 0.9383656515625001 0.782860825 0.9328254843750001 0.782860825
3 0.745844875 0.772658934375 0.7333795015625 0.7737328171875 0.7337257625 0.8011168390625001 0.765927978125 0.8016537796875 0.7655817171875 0.782860825 0.75311634375 0.782860825 0.753462603125 0.779102234375 0.7461911359375 0.779639175 0.745844875 0.772658934375
3 0.7333795015625 0.475730240625 0.7306094187500001 0.47626718281249997 0.7306094187500001 0.4934493125 0.7347645421875 0.4934493125 0.734072021875 0.528350515625 0.746537396875 0.5278135734375 0.74688365625 0.47250859062500006 0.7496537390625 0.4730455328125 0.74896121875 0.46552835000000004 0.7364958453125 0.46499140937499994 0.7368421046875 0.47197164999999996 0.7333795015625 0.47197164999999996 0.7333795015625 0.475730240625
3 0.7496537390625 0.6840635734375 0.7493074796875 0.6695661515625 0.734072021875 0.66849226875 0.734072021875 0.7001718218749999 0.746537396875 0.7001718218749999 0.7461911359375 0.6835266328125 0.7496537390625 0.6840635734375
3 0.74619390625 0.7297036078125 0.7337285312499999 0.7297036078125 0.7337285312499999 0.7436640890625 0.74619390625 0.7436640890625 0.74619390625 0.7297036078125
3 0.6021468140625 0.4676761171875 0.602493075 0.473582475 0.5966066484375 0.4751932984375 0.5969529078125 0.492912371875 0.6177285312499999 0.4934493125 0.6177285312499999 0.473582475 0.6118421046875 0.4730455328125 0.612188365625 0.46875 0.6021468140625 0.4676761171875
3 0.5356648203125001 0.46875 0.5353185593750001 0.4751932984375 0.5280470921875 0.4751932984375 0.5280470921875 0.492912371875 0.5502077562500001 0.4939862546875 0.5502077562500001 0.47626718281249997 0.544667590625 0.475730240625 0.5443213296875 0.46875 0.5356648203125001 0.46875
3 0.46883656562500003 0.46875 0.4684903046875 0.4751932984375 0.46121883593749996 0.47465635781250004 0.46087257656249997 0.492912371875 0.48199445937499996 0.4934493125 0.48130193906249996 0.47626718281249997 0.47749307500000004 0.473582475 0.47783933593750005 0.46875 0.46883656562500003 0.46875
3 0.3971606640625 0.466602234375 0.3947368421875 0.4853951890625 0.4002770078125 0.48646907187500005 0.3957756234375 0.5154639171875 0.394044321875 0.516000859375 0.394044321875 0.5192225078125 0.4054709140625 0.5278135734375 0.41170360156249997 0.4934493125 0.414473684375 0.4934493125 0.41378116406250004 0.4751932984375 0.41101107968750006 0.475730240625 0.41135734062499996 0.466602234375 0.3971606640625 0.466602234375
4 0.330731134375 0.574299696875 0.3418114671875 0.575601375 0.346680096875 0.5753410390625 0.3463443296875 0.5693533265624999 0.3549064046875 0.567791315625 0.35541005625 0.5735186921875 0.360110803125 0.5719566796875 0.36514731875 0.567010309375 0.3701838328125 0.5631052796875 0.37538823125 0.5597209203125 0.377234953125 0.5547745500000001 0.3745488125 0.5498281781250001 0.3802568625 0.542538790625 0.38327877187500003 0.5448818078125 0.38982624062500004 0.5334270546875 0.3938554515625 0.5235343125 0.3950306390625 0.5162449234375 0.39805254687499997 0.5040091640625 0.3997313859375 0.486046028125 0.39452698750000004 0.48552535625 0.395534290625 0.47953764374999996 0.3968773609375 0.47407060312500005 0.3967094765625 0.46730188437500003 0.39889196718750003 0.46730188437500003 0.3987240828125 0.3954493390625 0.32636615468749997 0.3954493390625 0.3255267359375 0.392325315625 0.280198103125 0.45428511875 0.2684462359375 0.5578985734375 0.330731134375 0.574299696875
3 0.38019390625 0.5423109968750001 0.3746537390625 0.5498281781250001 0.3777700828125 0.55519759375 0.3732686984375 0.5600300687499999 0.37984764531250004 0.575601375 0.3885041546875 0.5659364265625 0.3957756234375 0.5509020625 0.3864265921875 0.540700171875 0.3829639890625 0.5449957046875 0.38019390625 0.5423109968750001
3 0.345914128125 0.5696950171874999 0.34729916875 0.5745274921875 0.3414127421875 0.575601375 0.3351800546875 0.575601375 0.3012465375 0.5659364265625 0.2988227140625 0.5847293812500001 0.330332409375 0.5938573890625001 0.344875346875 0.594931271875 0.3542243765625 0.5927835046875 0.362188365625 0.590098796875 0.36668975000000004 0.58795103125 0.3608033234375 0.572379725 0.354916896875 0.5750644328125001 0.3545706375 0.5675472515625 0.345914128125 0.5696950171874999
3 0.2849722984375 0.5627147765625 0.2506925203125 0.5535867703124999 0.2482686984375 0.5707689 0.28393351875 0.580970790625 0.2849722984375 0.5627147765625
3 0.2174515234375 0.5449957046875 0.191135734375 0.5380154640625 0.1887119109375 0.55519759375 0.2150277015625 0.56164089375 0.2174515234375 0.5449957046875
3 0.1585872578125 0.5288874578125 0.1350415515625 0.5219072171875 0.13331025000000002 0.5412371140625 0.1565096953125 0.5476804125 0.1585872578125 0.5288874578125
3 0.290512465625 0.27222938124999996 0.2666204984375 0.23034793750000002 0.2590027703125 0.2400128859375 0.2631578953125 0.2469931265625 0.2652354578125 0.243771478125 0.2631578953125 0.24054982812499998 0.2655817171875 0.237328178125 0.28566482031249996 0.2733032640625 0.2472299171875 0.3237757734375 0.2278393359375 0.28833762812499997 0.229916896875 0.2856529203125 0.23164820000000003 0.2878006875 0.23337950156249998 0.2835051546875 0.2302631578125 0.277598796875 0.22333794999999998 0.2856529203125 0.24653739687499998 0.3307560140625 0.290512465625 0.27222938124999996
6 0.24769904375000001 0.26272032031250003 0.24644803906249999 0.2652144984375 0.2634259671875 0.29708458125 0.2471628984375 0.318146546875 0.229648825 0.2851679421875 0.22786167499999999 0.28877064531249996 0.2471628984375 0.32396630000000004 0.2852292015625 0.27297417031250004 0.2657492625 0.23833277968750002 0.26378339687499996 0.24054982812499998 0.2655705484375 0.24304400781250002 0.2814761859375 0.272697040625 0.26521311718749996 0.29375900625 0.24769904375000001 0.26272032031250003
2 0.23501968125 0.2857659609375 0.2446420765625 0.274009765625 0.2399766734375 0.264966540625 0.2303542796875 0.2785313796875 0.23501968125 0.2857659609375
3 0.2496537390625 0.263101375 0.2524238234375 0.2588058421875 0.2486149578125 0.2539733671875 0.240304709375 0.2657860828125 0.24356945 0.27153902812499997 0.245498615625 0.268470790625 0.244756628125 0.2657093765625 0.2485160265625 0.2604933734375 0.2496537390625 0.263101375
3 0.7627934093750001 0.322843190625 0.761043884375 0.3223910296875 0.760752296875 0.31199131874999997 0.790494240625 0.3115391578125 0.7910774171875 0.36760716250000003 0.7613354718750001 0.3680593234375 0.760752296875 0.356755290625 0.7630849984375 0.356755290625 0.7630849984375 0.353138 0.7575448312499999 0.3526858390625 0.7581280078125 0.3725809375 0.79399329375 0.372128775 0.7942848812500001 0.30701754375 0.75783641875 0.3065653828125 0.7581280078125 0.3273648046875 0.7630849984375 0.3278169640625 0.7627934093750001 0.322843190625
2 0.76279224375 0.3269115125 0.7581274234375 0.3269115125 0.7581274234375 0.35222938125000003 0.76279224375 0.35222938125000003 0.76279224375 0.3269115125
6 0.85085289375 0.718936515625 0.85085289375 0.7221016453125 0.8528940078125 0.7211973234375 0.8526024203125001 0.7826912640625 0.854351946875 0.783143425 0.854351946875 0.71351058125 0.8520192453125001 0.71351058125 0.8528940078125 0.7184843546875 0.85085289375 0.718936515625
6 0.8336492203124999 0.48516910781249994 0.835981921875 0.48516910781249994 0.835981921875 0.46708265625 0.7514214890625001 0.46663049375 0.7514214890625001 0.4589437515625 0.7487972 0.4589437515625 0.7485056140624999 0.47069994531250003 0.8333576328125 0.4711521078125 0.8336492203124999 0.48516910781249994
6 0.9389113578125 0.18538230312499998 0.897797784375 0.18538230312499998 0.897797784375 0.188999140625 0.9389113578125 0.188999140625 0.9389113578125 0.18538230312499998
6 0.9345373968749999 0.29073883125 0.8986703593750001 0.29073883125 0.8986703593750001 0.29345360781249996 0.9345373968749999 0.29345360781249996 0.9345373968749999 0.29073883125
6 0.6794016625 0.076417525 0.67765096875 0.076417525 0.67765096875 0.1636855671875 0.6794016625 0.1636855671875 0.6794016625 0.076417525
6 0.7505429359375 0.18855240625 0.7485041546875 0.18855240625 0.7485041546875 0.2061898625 0.7505429359375 0.2061898625 0.7505429359375 0.18855240625
6 0.82577839375 0.24280927812500003 0.7852465375000001 0.24280927812500003 0.7852465375000001 0.245970790625 0.82577839375 0.245970790625 0.82577839375 0.24280927812500003
6 0.7729989796875001 0.242810634375 0.7505467265625 0.2423584734375 0.7505467265625 0.2256285046875 0.7485056140624999 0.2251763421875 0.7485056140624999 0.2459757640625 0.7729989796875001 0.2459757640625 0.7729989796875001 0.242810634375
6 0.5411855953125 0.3879553265625 0.5391468140625 0.3879553265625 0.5391468140625 0.4693470796875 0.5411855953125 0.4693470796875 0.5411855953125 0.3879553265625
6 0.6059192312499999 0.3680593234375 0.60766875625 0.36851148437500003 0.6079603437500001 0.353138 0.6782329781249999 0.3535901609375 0.677941390625 0.35042503125 0.57938475 0.3499728703125 0.57938475 0.3526858390625 0.6059192312499999 0.353138 0.6059192312499999 0.3680593234375
6 0.6764847640625 0.186288659375 0.6677368421875001 0.186288659375 0.6677368421875001 0.1890034359375 0.6764847640625 0.1890034359375 0.6764847640625 0.186288659375
2 0.2638868640625 0.2514017 0.2595130484375 0.2410019890625 0.2495990671875 0.2532103453125 0.25484764531250004 0.262705734375 0.2638868640625 0.2514017
6 0.4714958453125 0.0768728515625 0.469745153125 0.0768728515625 0.469745153125 0.150120275 0.4714958453125 0.150120275 0.4714958453125 0.0768728515625
6 0.5315623265625 0.1858333328125 0.50736288125 0.1858333328125 0.50736288125 0.188548109375 0.5315623265625 0.188548109375 0.5315623265625 0.1858333328125
6 0.8100277015625 0.0773238828125 0.8079889203124999 0.0773238828125 0.8079889203124999 0.1284149484375 0.8100277015625 0.1284149484375 0.8100277015625 0.0773238828125
0 0.8607673124999999 0.1550859109375 0.84472853125 0.1550859109375 0.84472853125 0.184931271875 0.8607673124999999 0.184931271875 0.8607673124999999 0.1550859109375
6 0.8447313015625 0.169557559375 0.84385595625 0.169557559375 0.84385595625 0.185837628125 0.8447313015625 0.185837628125 0.8447313015625 0.169557559375
3 0.8221906109375 0.692625615625 0.8238227140625 0.6924398625 0.8256344984374999 0.6912324703125 0.8263831703125 0.6900715140625 0.82698210625 0.687981796875 0.8274313093749999 0.6851955046875 0.82603878125 0.6795532640624999 0.8243767312499999 0.6786941578125 0.8216066484375 0.6786941578125 0.8199445984375 0.6804123718749999 0.818836565625 0.683848796875 0.818836565625 0.6881443296875001 0.8193905812500001 0.6898625421875 0.8221906109375 0.692625615625
3 0.8753462609374999 0.69158075625 0.8775623265625001 0.69158075625 0.87977839375 0.6890034359375 0.87977839375 0.6864261171875 0.880332409375 0.684707903125 0.8792243765625001 0.6804123718749999 0.87811634375 0.6786941578125 0.87479224375 0.6786941578125 0.8736842109375 0.6795532640624999 0.8725761765625 0.6821305843750001 0.8720221609375001 0.6864261171875 0.8725761765625 0.6890034359375 0.8736842109375 0.69072165 0.8753462609374999 0.69158075625
3 0.8759002765625 0.5876288656249999 0.87811634375 0.586769759375 0.87977839375 0.5841924406250001 0.87977839375 0.5773195875 0.8775623265625001 0.57474226875 0.87479224375 0.57474226875 0.8736842109375 0.575601375 0.8725761765625 0.5773195875 0.8725761765625 0.5841924406250001 0.8736842109375 0.585910653125 0.8759002765625 0.5876288656249999
3 0.8221906109375 0.5881396859375 0.8254847640625 0.5874431140625 0.827131840625 0.5841924406250001 0.8266826375 0.5769945203125 0.8230890171875 0.5744404203125 0.8193905812500001 0.5773195875 0.818836565625 0.5790377999999999 0.818836565625 0.5824742265625 0.8199445984375 0.585910653125 0.8221906109375 0.5881396859375
6 0.899603878125 0.760889175 0.8796869812500001 0.760889175 0.8796869812500001 0.7806228515625 0.899603878125 0.7806228515625 0.899603878125 0.760889175
3 0.8127423828125 0.4785223375 0.8128934781250001 0.47407060312500005 0.810526315625 0.471649484375 0.8071014859375 0.4705560765625 0.8049861500000001 0.473367696875 0.8038277515625 0.48031864999999996 0.8078569625 0.4842236796875 0.8116343484374999 0.48266166874999994 0.8127423828125 0.4785223375
3 0.8801309500000001 0.47563261562500003 0.8786703593749999 0.471649484375 0.8753462609374999 0.47172758437500006 0.8720725249999999 0.47563261562500003 0.87313019375 0.48195876249999997 0.8770083109375 0.4836769765625 0.8801309500000001 0.48109965624999995 0.8801309500000001 0.47563261562500003
3 0.8786703593749999 0.3075601375 0.8798791234375001 0.3042018125 0.8811382515625 0.3006872859375 0.880382775 0.29600125 0.8763535640625 0.294829740625 0.8733316546875001 0.296391753125 0.8725761765625 0.2999062796875 0.8723243515625001 0.30537332031250003 0.875094434375 0.3073258359375 0.8786703593749999 0.3075601375
3 0.8786199953124999 0.24367385156250002 0.87977839375 0.239690721875 0.87977839375 0.23539518906249998 0.8770083109375 0.2319587625 0.8759002765625 0.2319587625 0.8725761765625 0.2345360828125 0.8725761765625 0.24054982812499998 0.87479224375 0.2431271484375 0.8786199953124999 0.24367385156250002
3 0.8123898265625 0.3057638234375 0.8116343484374999 0.29810996562500003 0.8099722984375 0.2955326453125 0.8060941828124999 0.2955326453125 0.8040795765625001 0.2987347703125 0.8049861500000001 0.3032646046875 0.8066482 0.305841925 0.8123898265625 0.3057638234375
3 0.8103752203125 0.24328334843750002 0.8116343484374999 0.24054982812499998 0.812138 0.23742580468750002 0.810526315625 0.23281786875 0.8060941828124999 0.23281786875 0.8044321328124999 0.23625429531250003 0.804583228125 0.24094033124999997 0.8066482 0.24398625468750001 0.8103752203125 0.24328334843750002
3 0.7433895749999999 0.2440643546875 0.7456560062500001 0.24094033124999997 0.7454041796875 0.23586379218750003 0.7434903046875 0.23281786875 0.739058171875 0.23281786875 0.73734575625 0.23625429531250003 0.7379501390625001 0.239690721875 0.738101234375 0.242892846875 0.7433895749999999 0.2440643546875
3 0.7438932265625 0.3069353328125 0.7451523546875001 0.304592315625 0.74590783125 0.3006872859375 0.7440443218749999 0.296391753125 0.7412742375 0.2946735390625 0.7401662046874999 0.2946735390625 0.7379501390625001 0.29810996562500003 0.73709393125 0.3026398 0.739058171875 0.30670103125 0.7438932265625 0.3069353328125
3 0.6753966250000001 0.2440643546875 0.67741123125 0.24172133750000002 0.6770083109375 0.23539518906249998 0.6756484515625 0.23273976875 0.6716192390625 0.232349265625 0.66980609375 0.2371134015625 0.669604634375 0.24054982812499998 0.6716192390625 0.2448453609375 0.6753966250000001 0.2440643546875
3 0.6713674140625 0.3061543265625 0.674389321875 0.3065448296875 0.67715940625 0.3061543265625 0.6776630578125 0.3026398 0.6769075796874999 0.29600125 0.674389321875 0.294829740625 0.6711155875 0.29600125 0.669604634375 0.2987347703125 0.6701082859375 0.303030303125 0.6713674140625 0.3061543265625
3 0.60402785 0.24333611875 0.608220409375 0.2440326921875 0.610915625 0.24217516562500002 0.6113648281249999 0.23729915468749999 0.610166953125 0.2324231453125 0.6074717374999999 0.23149438125000002 0.604477053125 0.2324231453125 0.6028299765625 0.2345128640625 0.602231040625 0.2396210640625 0.60402785 0.24333611875
3 0.536497715625 0.24101421093750003 0.537695590625 0.24356831093750003 0.5396421359375 0.24356831093750003 0.5423373515625001 0.24310392812499998 0.543984428125 0.24240735624999998 0.5447330984375001 0.2396210640625 0.5447330984375001 0.2356738171875 0.5429362875 0.2319587625 0.5384442609375 0.23149438125000002 0.53694691875 0.233816290625 0.5358987796875 0.2370669640625 0.536497715625 0.24101421093750003
3 0.5378453249999999 0.3074208234375 0.5418881484375 0.30788520468749997 0.54443363125 0.3055632953125 0.54443363125 0.30231262187499996 0.543984428125 0.2962756578125 0.5415886796875 0.29441812968750003 0.537096653125 0.2948825109375 0.5360485140625 0.298133184375 0.5363479828125 0.30347357656249996 0.5378453249999999 0.3074208234375
6 0.6121134984375 0.3213522796875 0.598487684375 0.32181666249999996 0.598487684375 0.3013838578125 0.5751291453125 0.30115166718749997 0.5751291453125 0.3213522796875 0.5607546609375 0.3211200890625 0.5607546609375 0.324138571875 0.6122632328125001 0.32437076249999997 0.6121134984375 0.3213522796875
3 0.6059743953125001 0.3076530140625 0.610166953125 0.306492059375 0.6110653593750001 0.3016160484375 0.61061615625 0.2962756578125 0.607621471875 0.2946503203125 0.604177584375 0.29581127500000004 0.6026802421874999 0.2999907125 0.6031294453125 0.30463453125 0.6059743953125001 0.3076530140625
3 0.47061465937499997 0.3074208234375 0.47360934375 0.3074208234375 0.4767537625 0.303937959375 0.47660402812499997 0.2999907125 0.47585535625000003 0.29604346718749996 0.472561203125 0.2941859375 0.4695665203125 0.295579084375 0.46836864531250005 0.29952633125 0.4685183796875 0.303937959375 0.47061465937499997 0.3074208234375
6 0.4006786703125 0.215889175 0.398889196875 0.215889175 0.398889196875 0.322581615625 0.4006786703125 0.322581615625 0.4006786703125 0.215889175
3 0.402934790625 0.3062598671875 0.4053305390625 0.3081173953125 0.408774425 0.306956440625 0.4107209703125 0.30417015 0.4104215015625 0.300222903125 0.4102717671875 0.29697222968750003 0.40847495624999997 0.295114703125 0.4041326640625 0.2946503203125 0.4020363859375 0.298133184375 0.4018866515625 0.30231262187499996 0.402934790625 0.3062598671875
6 0.328074190625 0.3529807265625 0.35890641875 0.3529807265625 0.3586655421875 0.3503660546875 0.32686980625 0.351113103125 0.3266289296875 0.394815478125 0.39889196718750003 0.3944419546875 0.3986510890625 0.467279246875 0.4005781046875 0.467652771875 0.4005781046875 0.3529807265625 0.449235215625 0.3529807265625 0.4493927125 0.3505815484375 0.39910505 0.3505815484375 0.39889196718750003 0.391884746875 0.328074190625 0.39220080625 0.328074190625 0.3529807265625
3 0.38826083749999996 0.35827064218750004 0.39305233125 0.3571096875 0.393501534375 0.3524658671875 0.3921539265625 0.34666109375 0.3911057875 0.344339184375 0.3855656203125 0.3450357578125 0.384068278125 0.350143959375 0.38451748124999996 0.3545555875 0.38826083749999996 0.35827064218750004
3 0.3407950890625 0.443484721875 0.3443887109375 0.44603882187500005 0.348132065625 0.445574440625 0.3496294078125 0.44139500312499996 0.3493299390625 0.43651899375000003 0.3476828625 0.43233955625 0.3437897734375 0.43303612812500003 0.34169349375 0.4358224203125 0.3409448234375 0.438840903125 0.3407950890625 0.443484721875
3 0.2764093734375 0.326692671875 0.2789548546875 0.329246771875 0.2829976796875 0.32646048125 0.28374635000000004 0.3229776171875 0.28329714687499996 0.31926256249999996 0.2816500703125 0.3160118890625 0.278505653125 0.31531531562500004 0.2764093734375 0.3174050328125 0.275361234375 0.3208878984375 0.2752115 0.32390638125 0.2764093734375 0.326692671875
3 0.21876169843749999 0.35594873125 0.22295425624999998 0.35548435 0.22490080156249997 0.3524658671875 0.2250505359375 0.348518621875 0.22325372500000001 0.34387480312499996 0.219660103125 0.3431782296875 0.21666541874999998 0.3455001390625 0.21606648125 0.34921519375 0.21726435624999998 0.35339463125 0.21876169843749999 0.35594873125
0 0.17384143125 0.32367419062499997 0.1455416640625 0.31647627031250003 0.1398517625 0.36198569687500004 0.16860073281250001 0.3691836171875 0.17384143125 0.32367419062499997
3 0.16934940468749998 0.3322652546875 0.168001796875 0.3297111546875 0.1650071125 0.3269248640625 0.162311896875 0.3294789640625 0.1611140234375 0.3320330640625 0.1611140234375 0.33621250156250004 0.16246163125 0.339695365625 0.1659055171875 0.3413207015625 0.168301265625 0.340159746875 0.16890020156250002 0.3369090734375 0.16934940468749998 0.3322652546875
3 0.1971999703125 0.2523915671875 0.19929625 0.25332033125 0.20184173125 0.251462803125 0.2036385421875 0.248908703125 0.2037882765625 0.24496145625 0.2024406671875 0.241942975 0.2003443890625 0.2400854453125 0.1976491734375 0.24078201875 0.19555289375 0.24589022031250002 0.195702628125 0.2500696578125 0.1971999703125 0.2523915671875
3 0.2433181109375 0.1899322 0.24691173125 0.189700009375 0.24885827656249998 0.18691371875 0.2494572140625 0.1834308546875 0.2491577453125 0.1801801796875 0.247360934375 0.1778582703125 0.24436624999999998 0.177161696875 0.2415213 0.1794836078125 0.24107209687500003 0.1841274265625 0.241371565625 0.18784248125 0.2433181109375 0.1899322
3 0.3035112671875 0.24287173750000002 0.3065059515625 0.244497075 0.3099498390625 0.24240735624999998 0.31084824375000003 0.2389244921875 0.3103990421875 0.2347450546875 0.307853559375 0.23172657187499998 0.3041102046875 0.2319587625 0.301564721875 0.2349772453125 0.30186419062500003 0.2400854453125 0.3035112671875 0.24287173750000002
3 0.15692146406250002 0.181341134375 0.1597664140625 0.18110894375 0.162311896875 0.17692950624999998 0.16171295937500002 0.1729822609375 0.1605150859375 0.1688028234375 0.1575204015625 0.1683384421875 0.1549749203125 0.170428159375 0.1545257171875 0.174143215625 0.15482518437499998 0.17878703437500001 0.15692146406250002 0.181341134375
6 0.14194736875 0.3415549828125 0.1406011078125 0.3415549828125 0.1406011078125 0.34597079062499997 0.14194736875 0.34597079062499997 0.14194736875 0.3415549828125
6 0.14928501875 0.5259125109375 0.1515310328125 0.527073465625 0.1627610984375 0.422123153125 0.195253425 0.43094641093749997 0.1958523625 0.427463546875 0.15212996875 0.41562180781249997 0.1515310328125 0.41864028906249995 0.1605150859375 0.42096220000000006 0.14928501875 0.5259125109375
6 0.20498615 0.5414693046875 0.207681365625 0.5421658765624999 0.21876169843749999 0.4381443296875 0.2281949546875 0.4402340484375 0.228793890625 0.43628680312499996 0.20798083437499998 0.43071421875000004 0.20753163125000001 0.4339648921875 0.2169648875 0.436751184375 0.20498615 0.5414693046875
6 0.269072396875 0.55841924375 0.280452196875 0.4539333140625 0.31593920781249996 0.4051732140625 0.31474133437499996 0.4030834953125 0.2795537921875 0.450218259375 0.24062289374999998 0.4397696671875 0.24062289374999998 0.4425559578125 0.278206184375 0.45277235937500004 0.266227446875 0.5577226703125 0.269072396875 0.55841924375
3 0.14793741093749999 0.49712083281249997 0.1515310328125 0.49595987656249996 0.1524294375 0.4903872953125 0.151980234375 0.48713662187500006 0.15048289374999999 0.483885946875 0.14703900625 0.4845825203125 0.1449427265625 0.489690721875 0.1450924609375 0.493870159375 0.14793741093749999 0.49712083281249997
3 0.2060342890625 0.509891334375 0.2087295046875 0.5059440890625 0.2085797703125 0.5022290328125 0.2078311 0.49874616875 0.2061840234375 0.49712083281249997 0.2028898703125 0.4982817875 0.20124279375 0.5017646515624999 0.20094332499999998 0.504783134375 0.20154226249999999 0.5087303796875 0.2060342890625 0.509891334375
3 0.2758104359375 0.5003715046874999 0.27880512031250004 0.5006036968750001 0.28209927343749996 0.49944274218749996 0.2828479453125 0.4952633046875 0.28194953906250003 0.489690721875 0.2791045890625 0.48852976718749996 0.2762596390625 0.48922633906249996 0.275061765625 0.4929413953125 0.274762296875 0.49688864062500004 0.2758104359375 0.5003715046874999
2 0.311896384375 0.38148973750000004 0.311297446875 0.38775889218750004 0.31144718125000004 0.3949568125 0.31264505468750003 0.40169035 0.3154900046875 0.4051732140625 0.3252227296875 0.39170613906249996 0.31593920781249996 0.37522058125 0.314142396875 0.377078109375 0.311896384375 0.38148973750000004
6 0.5672437671874999 0.35029209687499996 0.5415096953125 0.35029209687499996 0.5415096953125 0.352508590625 0.5672437671874999 0.352508590625 0.5672437671874999 0.35029209687499996
3 0.4701992671875 0.24387540156249998 0.4732374234375 0.24442966406250002 0.476275578125 0.2427668765625 0.47663300937499997 0.2391641734375 0.4760968640625 0.23417581250000002 0.4728799921875 0.23168163125 0.470020553125 0.23223589375000003 0.4682334015625 0.23639286093749998 0.4689482625 0.240826959375 0.4701992671875 0.24387540156249998
3 0.4046108484375 0.2433211390625 0.407112859375 0.24387540156249998 0.40961486875 0.24054982812499998 0.4099722984375 0.2361157296875 0.40854257968749996 0.23251302499999998 0.40604056875000005 0.23112736875 0.40228755312500003 0.2330672875 0.4021088375 0.2375013859375 0.40228755312500003 0.241658353125 0.4046108484375 0.2433211390625
3 0.40300241249999996 0.1574104859375 0.40604056875000005 0.1590732734375 0.40890000937500004 0.1576876171875 0.4103297296875 0.15491630625 0.4099722984375 0.1488194203125 0.408006434375 0.1463252421875 0.4056831390625 0.1452167171875 0.4026449828125 0.147710896875 0.4017514078125 0.1513136015625 0.401930121875 0.15436204375 0.40300241249999996 0.1574104859375
6 0.532927978125 0.3217525765625 0.512734071875 0.3217525765625 0.512734071875 0.32424398593750003 0.532927978125 0.32424398593750003 0.532927978125 0.3217525765625
4 0.41622732500000004 0.23777851718749998 0.416406040625 0.21727081250000002 0.401036546875 0.21727081250000002 0.401036546875 0.3211949890625 0.47824144375 0.3211949890625 0.47788401406250003 0.217825075 0.4469663125 0.217825075 0.4469663125 0.2372242546875 0.41622732500000004 0.23777851718749998
6 0.22697893125 0.29469957343750003 0.2253000921875 0.2913152140625 0.223957021875 0.293397896875 0.225971628125 0.29600125 0.22697893125 0.29469957343750003
6 0.27096449218749996 0.2348224515625 0.268782003125 0.231698428125 0.26794258437499996 0.23378110937500002 0.269621421875 0.2356034578125 0.27096449218749996 0.2348224515625
6 0.74896121875 0.433848796875 0.7513850421875 0.43358032656249995 0.7512119109375 0.43009020624999994 0.7529432140625001 0.43009020624999994 0.7524238234375 0.42606314375 0.739265928125 0.426331615625 0.7394390578125 0.3723689859375 0.75813711875 0.372100515625 0.7579639890625 0.368878865625 0.7368421046875 0.3686103953125 0.7370152359375 0.4303586765625 0.748441828125 0.43009020624999994 0.74896121875 0.433848796875
0 0.8195983375000001 0.3659235390625 0.798994459375 0.3659235390625 0.798994459375 0.38337199375000003 0.8195983375000001 0.38337199375000003 0.8195983375000001 0.3659235390625
0 0.8192493078125 0.3865936421875 0.7986454296875001 0.3865936421875 0.7986454296875001 0.405382303125 0.8192493078125 0.405382303125 0.8192493078125 0.3865936421875
0 0.8511052625 0.38713058437500003 0.820462603125 0.38713058437500003 0.820462603125 0.42659793749999997 0.8511052625 0.42659793749999997 0.8511052625 0.38713058437500003