7 0.82468911875 0.506245734375 0.7739637312500001 0.506245734375 0.7739637312500001 0.6583959046875 0.82468911875 0.6583959046875 0.82468911875 0.506245734375
7 0.684365284375 0.8006143343750001 0.5775 0.8006143343750001 0.5775 0.8674402734375001 0.684365284375 0.8674402734375001 0.684365284375 0.8006143343750001
7 0.482512953125 0.7992150171875 0.364844559375 0.7992150171875 0.364844559375 0.867474403125 0.482512953125 0.867474403125 0.482512953125 0.7992150171875
7 0.24827720156250002 0.8006143343750001 0.1349352328125 0.8006143343750001 0.1349352328125 0.8674402734375001 0.24827720156250002 0.8674402734375001 0.24827720156250002 0.8006143343750001
3 0.577487046875 0.80204778125 0.48142487031250003 0.80204778125 0.48142487031250003 0.8688737203124999 0.577487046875 0.8688737203124999 0.577487046875 0.80204778125
2 0.7124352328125 0.9124004546875 0.7271157171875 0.9112627984375001 0.7262521578125 0.8703071671875 0.753022453125 0.8703071671875 0.75215889375 0.8031854375 0.727979275 0.7997724671875 0.7271157171875 0.7667804328125001 0.7184801375000001 0.76450511875 0.7176165796875 0.7986348125 0.6908462875 0.7986348125 0.6908462875 0.8691695125000001 0.71416235 0.8691695125000001 0.7124352328125 0.9124004546875
3 0.6919170984375 0.8006143343750001 0.6854404140625 0.8006143343750001 0.6854404140625 0.8688737203124999 0.6919170984375 0.8688737203124999 0.6919170984375 0.8006143343750001
3 0.364844559375 0.797798634375 0.2482642484375 0.797798634375 0.2482642484375 0.8703242328125 0.364844559375 0.8703242328125 0.364844559375 0.797798634375
3 0.30440414531250004 0.1393629109375 0.30548359375 0.052616610937499995 0.2687823828125 0.052616610937499995 0.2709412765625 0.1976678046875 0.7739637312500001 0.1990898734375 0.7739637312500001 0.50767918125 0.8236183078125 0.50767918125 0.8246977531249999 0.1094994296875 0.7728842828125 0.1109215015625 0.7728842828125 0.1436291234375 0.30440414531250004 0.1393629109375
3 0.0550518140625 0.8688850953125 0.1349309140625 0.8688850953125 0.1360103625 0.800625709375 0.12413644374999999 0.7992036421875001 0.12413644374999999 0.3356086453125 0.06368739062499999 0.3356086453125 0.0626079453125 0.7992036421875001 0.051813471874999996 0.800625709375 0.0550518140625 0.8688850953125
1 0.7869041453125 0.8703071671875 0.5310751296875 0.8703071671875 0.5310751296875 0.9641638218749999 0.7869041453125 0.9641638218749999 0.7869041453125 0.8703071671875
3 0.8236183078125 0.8674630265625 0.8236183078125 0.658418659375 0.775043178125 0.658418659375 0.776122625 0.803469853125 0.7523747843749999 0.803469853125 0.75345423125 0.8674630265625 0.8236183078125 0.8674630265625
2 0.229706390625 0.2161547203125 0.2400690859375 0.21729237812500002 0.2392055265625 0.19795221875 0.270293609375 0.19795221875 0.270293609375 0.139931740625 0.2392055265625 0.1376564265625 0.2392055265625 0.12514220781250002 0.229706390625 0.12514220781250002 0.229706390625 0.1376564265625 0.19775474843750002 0.1387940859375 0.19775474843750002 0.1990898734375 0.229706390625 0.1968145625 0.229706390625 0.2161547203125
0 0.24180051875 0.3538054609375 0.12436528437500001 0.3538054609375 0.12436528437500001 0.5597098968750001 0.24180051875 0.5597098968750001 0.24180051875 0.3538054609375
1 0.2582038 0.5540386796875 0.31951640625 0.55631399375 0.3212435234375 0.333333334375 0.514680484375 0.332195675 0.5155440421875 0.2013651875 0.1986183078125 0.19795221875 0.19775474843750002 0.333333334375 0.2582038 0.332195675 0.2582038 0.5540386796875
2 0.21329879062499998 0.3799772453125 0.223661484375 0.3811149046875 0.223661484375 0.3549488046875 0.242659759375 0.3549488046875 0.243523315625 0.333333334375 0.22279792812500002 0.333333334375 0.2219343703125 0.30944255 0.21588946406249998 0.308304890625 0.21329879062499998 0.333333334375 0.195164075 0.332195675 0.1968911921875 0.3549488046875 0.2124352328125 0.3549488046875 0.21329879062499998 0.3799772453125
4 0.514676165625 0.3572184296875 0.33765544062499997 0.3572184296875 0.33765544062499997 0.798617746875 0.514676165625 0.798617746875 0.514676165625 0.3572184296875
2 0.3920552671875 0.39476678125000003 0.3998272875 0.39817975156249996 0.40155440468750003 0.36177474374999996 0.42400690937499996 0.3594994296875 0.42400690937499996 0.3344709890625 0.4032815203125 0.333333334375 0.400690846875 0.30375426562499996 0.3920552671875 0.3014789515625 0.3937823828125 0.333333334375 0.36614853125 0.3310580203125 0.3644214171875 0.35608646093749996 0.3929188265625 0.35608646093749996 0.3920552671875 0.39476678125000003
2 0.4879101890625 0.26052332031250003 0.48704663281249994 0.2741751984375 0.514680484375 0.2741751984375 0.5129533671875001 0.3071672359375 0.5336787562499999 0.308304890625 0.5345423140625 0.27531285625 0.56044905 0.27645051249999997 0.557858375 0.263936290625 0.5328152 0.26052332031250003 0.5328152 0.2320819109375 0.5164075984375 0.2332195671875 0.5172711578125 0.2616609796875 0.4879101890625 0.26052332031250003
2 0.21588946406249998 0.40728099999999995 0.21502590625 0.42548350468749996 0.2392055265625 0.42320819062500004 0.23834196875 0.456200228125 0.26165803125 0.456200228125 0.2607944734375 0.42548350468749996 0.2823834203125 0.4209328765625 0.2823834203125 0.408418659375 0.2582038 0.4050056890625 0.2582038 0.3765642765625 0.2400690859375 0.37542662187500003 0.2409326421875 0.408418659375 0.21588946406249998 0.40728099999999995
4 0.319520725 0.5767747437499999 0.12436528437500001 0.5767747437499999 0.12436528437500001 0.8009044375000001 0.319520725 0.8009044375000001 0.319520725 0.5767747437499999
2 0.28497409375 0.61205915625 0.29533678750000003 0.6109215015625 0.29533678750000003 0.5813424328125001 0.31865285 0.5813424328125001 0.31865285 0.55631399375 0.2962003453125 0.5551763375000001 0.2936096703125 0.5221842999999999 0.28497409375 0.5210466453125 0.28583765 0.5551763375000001 0.2582038 0.5540386796875 0.25647668437500004 0.5779294640625 0.28583765 0.5790671234375 0.28497409375 0.61205915625
6 0.42400690937499996 0.332195675 0.42400690937499996 0.35608646093749996 0.514680484375 0.35608646093749996 0.514680484375 0.8009101265625 0.5302245265625001 0.8009101265625 0.5310880828125 0.3105802046875 0.5164075984375 0.308304890625 0.514680484375 0.332195675 0.42400690937499996 0.332195675
6 0.3169257328125 0.55631399375 0.3160621765625 0.5790671234375 0.3212435234375 0.5813424328125001 0.31951640625 0.8031854375 0.3350604484375 0.8043230953125 0.3367875640625 0.35608646093749996 0.3652849734375 0.35722411875 0.36614853125 0.332195675 0.32210707968749996 0.3344709890625 0.322970640625 0.5574516484375 0.3169257328125 0.55631399375
6 0.1217616578125 0.5597269625 0.1217616578125 0.576791809375 0.2556131265625 0.5790671234375 0.2582038 0.4550625703125 0.24179620000000002 0.456200228125 0.242659759375 0.5608646171875 0.1217616578125 0.5597269625
6 0.12262521562499999 0.3344709890625 0.12262521562499999 0.35381114999999996 0.1968911921875 0.35381114999999996 0.19775474843750002 0.1968145625 0.1830742671875 0.19453924843749998 0.18221070781249998 0.3344709890625 0.12262521562499999 0.3344709890625
6 0.257344559375 0.333344709375 0.24265544062500002 0.333344709375 0.24265544062500002 0.3777133109375 0.257344559375 0.3777133109375 0.257344559375 0.333344709375
0 0.062176165625 0.3572354953125 0.046632125 0.3572354953125 0.046632125 0.5551877140625 0.062176165625 0.5551877140625 0.062176165625 0.3572354953125
6 0.06304404218750001 0.33220136562499997 0.048354921875 0.33220136562499997 0.048354921875 0.3572184296875 0.06304404218750001 0.3572184296875 0.06304404218750001 0.33220136562499997
4 0.061308290625 0.5790614328125 0.0475 0.5790614328125 0.0475 0.79977815625 0.061308290625 0.79977815625 0.061308290625 0.5790614328125
6 0.06304404218750001 0.5551877140625 0.048354921875 0.5551877140625 0.048354921875 0.5790784984374999 0.06304404218750001 0.5790784984374999 0.06304404218750001 0.5551877140625
3 0.19862694375 0.1387883953125 0.1779015546875 0.1387883953125 0.1779015546875 0.1990955625 0.19862694375 0.1990955625 0.19862694375 0.1387883953125
6 0.532823834375 0.093293515625 0.51468911875 0.093293515625 0.51468911875 0.143361775 0.532823834375 0.143361775 0.532823834375 0.093293515625
6 0.5319559578125 0.1990955625 0.5155569953125 0.1990955625 0.5155569953125 0.2355119453125 0.5319559578125 0.2355119453125 0.5319559578125 0.1990955625
4 0.7737564765625 0.1990955625 0.532823834375 0.1990955625 0.532823834375 0.8009044375000001 0.7737564765625 0.8009044375000001 0.7737564765625 0.1990955625
1 0.976670984375 0.1808703078125 0.822966321875 0.1808703078125 0.822966321875 0.3572184296875 0.976670984375 0.3572184296875 0.976670984375 0.1808703078125