7 0.015264496875 0.4078896109375 0.0038199390625000005 0.4078896109375 0.0038199390625000005 0.5215259734375 0.015264496875 0.5215259734375 0.015264496875 0.4078896109375
7 0.016531028125 0.5783279218749999 0.003814853125 0.5783279218749999 0.003814853125 0.6797889609375 0.016531028125 0.6797889609375 0.016531028125 0.5783279218749999
7 0.016531028125 0.7508116890625 0.003814853125 0.7508116890625 0.003814853125 0.8482142859374999 0.016531028125 0.8482142859374999 0.016531028125 0.7508116890625
7 0.11889623593750001 0.8908279218749999 0.08265005156250001 0.8908279218749999 0.08265005156250001 0.9334577921875 0.11889623593750001 0.9334577921875 0.11889623593750001 0.8908279218749999
7 0.1805645984375 0.8948701296875001 0.1443184125 0.8948701296875001 0.1443184125 0.9334415578125 0.1805645984375 0.9334415578125 0.1805645984375 0.8948701296875001
7 0.23651576875 0.8948701296875001 0.20090030468750003 0.8948701296875001 0.20090030468750003 0.9334415578125 0.23651576875 0.9334415578125 0.23651576875 0.8948701296875001
7 0.28992370312500004 0.8948701296875001 0.254308240625 0.8948701296875001 0.254308240625 0.9334415578125 0.28992370312500004 0.9334415578125 0.28992370312500004 0.8948701296875001
7 0.349059003125 0.8928571421875 0.313443540625 0.8928571421875 0.313443540625 0.9314285718749999 0.349059003125 0.9314285718749999 0.349059003125 0.8928571421875
7 0.40692268593750003 0.8948701296875001 0.3713072234375 0.8948701296875001 0.3713072234375 0.9334415578125 0.40692268593750003 0.9334415578125 0.40692268593750003 0.8948701296875001
7 0.46287894218750003 0.8948701296875001 0.4336215671875 0.8948701296875001 0.4336215671875 0.9334415578125 0.46287894218750003 0.9334415578125 0.46287894218750003 0.8948701296875001
7 0.5232756859375 0.8948701296875001 0.4940183109375 0.8948701296875001 0.4940183109375 0.9334415578125 0.5232756859375 0.9334415578125 0.5232756859375 0.8948701296875001
7 0.592578840625 0.8948701296875001 0.5569633781250001 0.8948701296875001 0.5569633781250001 0.9334415578125 0.592578840625 0.9334415578125 0.592578840625 0.8948701296875001
7 0.649801628125 0.8908116890625 0.6141861640624999 0.8908116890625 0.6141861640624999 0.9293831171875 0.649801628125 0.9293831171875 0.649801628125 0.8908116890625
7 0.7089267546875 0.8928571421875 0.6733112921875 0.8928571421875 0.6733112921875 0.9314285718749999 0.7089267546875 0.9314285718749999 0.7089267546875 0.8928571421875
7 0.76169888125 0.8948701296875001 0.7273550359375001 0.8948701296875001 0.7273550359375001 0.9334415578125 0.76169888125 0.9334415578125 0.76169888125 0.8948701296875001
7 0.8182807734375 0.8908116890625 0.7839369281249999 0.8908116890625 0.7839369281249999 0.9293831171875 0.8182807734375 0.9293831171875 0.8182807734375 0.8908116890625
7 0.8799593078125 0.8887987015625001 0.84370295 0.8887987015625001 0.84370295 0.9273701296875 0.8799593078125 0.9273701296875 0.8799593078125 0.8887987015625001
4 0.94663275625 0.053538960937500005 0.8861444562499999 0.053538960937500005 0.8861444562499999 0.183409090625 0.94663275625 0.183409090625 0.94663275625 0.053538960937500005
7 0.9359104781250001 0.0223376625 0.8996541203125 0.0223376625 0.8996541203125 0.0548051953125 0.9359104781250001 0.0548051953125 0.9359104781250001 0.0223376625
4 0.8798219734374999 0.052646103124999996 0.8275839265625 0.052646103124999996 0.8275839265625 0.3764448046875 0.8798219734374999 0.3764448046875 0.8798219734374999 0.052646103124999996
7 0.8799593078125 0.020292207812499997 0.84370295 0.020292207812499997 0.84370295 0.052759740624999996 0.8799593078125 0.052759740624999996 0.8799593078125 0.020292207812499997
7 0.81892166875 0.018246753125 0.7826653109375 0.018246753125 0.7826653109375 0.050714285937500006 0.81892166875 0.050714285937500006 0.81892166875 0.018246753125
4 0.7209040171875001 0.3746928734375 0.765444996875 0.3746928734375 0.7659948859375 0.0526500515625 0.7154051296875 0.0526500515625 0.7151301859375 0.333450334375 0.7209040171875001 0.334327834375 0.7209040171875001 0.3746928734375
7 0.7597914546875 0.020259740625 0.7292624625 0.020259740625 0.7292624625 0.0527272734375 0.7597914546875 0.0527272734375 0.7597914546875 0.020259740625
5 0.7077110890625 0.0535227265625 0.6675686671875 0.0535227265625 0.6675686671875 0.37556818125 0.7077110890625 0.37556818125 0.7077110890625 0.0535227265625
7 0.7031993890625 0.020259740625 0.672670396875 0.020259740625 0.672670396875 0.0527272734375 0.7031993890625 0.0527272734375 0.7031993890625 0.020259740625
4 0.6587639875 0.0535227265625 0.59855035625 0.0535227265625 0.59855035625 0.37556818125 0.6587639875 0.37556818125 0.6587639875 0.0535227265625
7 0.6485198375000001 0.018246753125 0.613535096875 0.018246753125 0.613535096875 0.050714285937500006 0.6485198375000001 0.050714285937500006 0.6485198375000001 0.018246753125
4 0.5938809765624999 0.0517857140625 0.5364140390625 0.0517857140625 0.5364140390625 0.3764610390625 0.5938809765624999 0.3764610390625 0.5938809765624999 0.0517857140625
7 0.5900254328125001 0.018246753125 0.5550406921875 0.018246753125 0.5550406921875 0.050714285937500006 0.5900254328125001 0.050714285937500006 0.5900254328125001 0.018246753125
4 0.5322939984375 0.050892857812500004 0.481154628125 0.050892857812500004 0.481154628125 0.3764448046875 0.5322939984375 0.3764448046875 0.5322939984375 0.050892857812500004
7 0.5270752796875 0.018246753125 0.4920905390625 0.018246753125 0.4920905390625 0.050714285937500006 0.5270752796875 0.050714285937500006 0.5270752796875 0.018246753125
4 0.4729042375 0.34924535 0.4767534578125 0.35012285 0.4767534578125 0.0508950515625 0.423689203125 0.0526500515625 0.42313931406250005 0.37820287656249996 0.47317918125 0.3773253765625 0.4729042375 0.34924535
7 0.46858087499999995 0.018246753125 0.43805188125 0.018246753125 0.43805188125 0.050714285937500006 0.46858087499999995 0.050714285937500006 0.46858087499999995 0.018246753125
4 0.41901831093749997 0.0535227265625 0.367329603125 0.0535227265625 0.367329603125 0.377321428125 0.41901831093749997 0.377321428125 0.41901831093749997 0.0535227265625
7 0.4069074265625 0.020259740625 0.373194303125 0.020259740625 0.373194303125 0.0527272734375 0.4069074265625 0.0527272734375 0.4069074265625 0.020259740625
4 0.3632044765625 0.052646103124999996 0.304364190625 0.052646103124999996 0.304364190625 0.3764448046875 0.3632044765625 0.3764448046875 0.3632044765625 0.052646103124999996
7 0.347141403125 0.018246753125 0.3108850453125 0.018246753125 0.3108850453125 0.050714285937500006 0.347141403125 0.050714285937500006 0.347141403125 0.018246753125
5 0.2961190234375 0.050892857812500004 0.2557019328125 0.050892857812500004 0.2557019328125 0.37819805156249997 0.2961190234375 0.37819805156249997 0.2961190234375 0.050892857812500004
7 0.2911953203125 0.020259740625 0.26129705 0.020259740625 0.26129705 0.0527272734375 0.2911953203125 0.0527272734375 0.2911953203125 0.020259740625
4 0.24525432343750003 0.050016234375 0.19356561562500002 0.050016234375 0.19356561562500002 0.377321428125 0.24525432343750003 0.377321428125 0.24525432343750003 0.050016234375
7 0.235879959375 0.0162012984375 0.2002543234375 0.0162012984375 0.2002543234375 0.04866883125 0.235879959375 0.04866883125 0.235879959375 0.0162012984375
7 0.1799287890625 0.018214285937499998 0.144303153125 0.018214285937499998 0.144303153125 0.050681818749999996 0.1799287890625 0.050681818749999996 0.1799287890625 0.018214285937499998
7 0.11825025468749999 0.018214285937499998 0.08262461875 0.018214285937499998 0.08262461875 0.050681818749999996 0.11825025468749999 0.050681818749999996 0.11825025468749999 0.018214285937499998
4 0.072858596875 0.050876623437500004 0.016765004687499998 0.050876623437500004 0.016765004687499998 0.2009415578125 0.072858596875 0.2009415578125 0.072858596875 0.050876623437500004
7 0.05975585 0.016168831249999998 0.0241302140625 0.016168831249999998 0.0241302140625 0.0486363640625 0.05975585 0.0486363640625 0.05975585 0.016168831249999998
7 0.9556256359375 0.409902596875 0.94608341875 0.409902596875 0.94608341875 0.5235389609375 0.9556256359375 0.5235389609375 0.9556256359375 0.409902596875
7 0.9562563578125 0.598603896875 0.94608341875 0.598603896875 0.94608341875 0.677759740625 0.9562563578125 0.677759740625 0.9562563578125 0.598603896875
7 0.9562563578125 0.7426948046875 0.94608341875 0.7426948046875 0.94608341875 0.8400974031249999 0.9562563578125 0.8400974031249999 0.9562563578125 0.7426948046875
1 0.9458087484375 0.407077921875 0.7235707015624999 0.407077921875 0.7235707015624999 0.5357142859375 0.9458087484375 0.5357142859375 0.9458087484375 0.407077921875
2 0.914390796875 0.353396603125 0.9151733312499999 0.37587412656249997 0.9069567265625 0.37587412656249997 0.9069567265625 0.40584415625 0.914390796875 0.403346653125 0.9147820640625 0.43456543437499995 0.917129665625 0.43331668125 0.9175209328125 0.408341659375 0.9253462718750001 0.40709290625000005 0.9261288046875 0.37837162968750004 0.9186947328124999 0.3733766234375 0.917129665625 0.35214785000000004 0.914390796875 0.353396603125
2 0.8560920265625 0.43206793125000004 0.8588308937500001 0.43331668125 0.8588308937500001 0.40584415625 0.8674387671874999 0.40584415625 0.8666562328125 0.37587412656249997 0.8600046953125 0.37837162968750004 0.8596134281250001 0.34965035 0.8560920265625 0.347152846875 0.85648329375 0.37587412656249997 0.8478754203125 0.3746253734375 0.847484153125 0.40584415625 0.8557007593750001 0.408341659375 0.8560920265625 0.43206793125000004
3 0.8858697859375001 0.10967532499999999 0.88009155625 0.10967532499999999 0.88009155625 0.376428571875 0.8858697859375001 0.376428571875 0.8858697859375001 0.10967532499999999
0 0.94608341875 0.30801948125 0.8861444562499999 0.30801948125 0.8861444562499999 0.3764610390625 0.94608341875 0.3764610390625 0.94608341875 0.30801948125
2 0.9034353234375001 0.3096903078125 0.9030440562500001 0.2947052953125 0.897175053125 0.2934565421875 0.8960012515625 0.27097901874999997 0.8932623828124999 0.27097901874999997 0.8940449171875 0.2947052953125 0.8881433078125 0.2947052953125 0.887784646875 0.3084415578125 0.894436184375 0.3084415578125 0.8940449171875 0.33091908124999997 0.8979575875 0.32717282812500004 0.8967837859375001 0.3084415578125 0.9034353234375001 0.3096903078125
2 0.8752641046875 0.08616383749999999 0.8752641046875 0.096153846875 0.8799593078125 0.097402596875 0.8799593078125 0.10989011093750001 0.8866108468749999 0.1111388609375 0.886219578125 0.097402596875 0.8928711171874999 0.096153846875 0.89247985 0.084915084375 0.8870021124999999 0.083666334375 0.8866108468749999 0.07117882187499999 0.8791767734375 0.07117882187499999 0.8799593078125 0.0874125875 0.8752641046875 0.08616383749999999
6 0.9161144875 0.28957528906249996 0.9128151546875 0.2886977890625 0.9125402109375 0.2948402953125 0.9031921031250001 0.2957177953125 0.9034670484375 0.3062478046875 0.9466333078125 0.3062478046875 0.9466333078125 0.2948402953125 0.9158395421875 0.2965952953125 0.9161144875 0.28957528906249996
2 0.9069567265625 0.267232765625 0.9069567265625 0.27597402656250003 0.9120431968749999 0.2772227765625 0.9124344625 0.29220779218750004 0.9159558640625001 0.2909590421875 0.9159558640625001 0.2797202796875 0.922607403125 0.2797202796875 0.9222161359375001 0.26973026875 0.9155645984375 0.26848151875 0.9159558640625001 0.252247753125 0.9124344625 0.24975025 0.9124344625 0.265984015625 0.9069567265625 0.267232765625
0 0.9458138359375001 0.25360389687499996 0.9166683625 0.25360389687499996 0.9166683625 0.2948376625 0.9458138359375001 0.2948376625 0.9458138359375001 0.25360389687499996
6 0.9130901 0.259740259375 0.9158395421875 0.259740259375 0.9158395421875 0.251842753125 0.9469082515625 0.252720253125 0.9463583625 0.24131274062500002 0.9161144875 0.24043524062500002 0.9161144875 0.234292734375 0.9125402109375 0.2360477375 0.9130901 0.259740259375
2 0.9069567265625 0.2097902109375 0.9069567265625 0.2210289703125 0.9124344625 0.21978022031250002 0.9124344625 0.23476523437500002 0.9155645984375 0.23476523437500002 0.9163471328125 0.21978022031250002 0.9202598015625 0.2185314671875 0.9202598015625 0.2097902109375 0.9155645984375 0.2085414578125 0.9155645984375 0.19730269843749998 0.911651928125 0.1935564453125 0.9128257296875001 0.2110389609375 0.9069567265625 0.2097902109375
2 0.8157915328125 0.29595404531249997 0.8161828 0.3071928078125 0.8232256046875 0.3084415578125 0.8228343375 0.325924075 0.8287033421875 0.325924075 0.828312075 0.3071928078125 0.8345723453125 0.3084415578125 0.8345723453125 0.2934565421875 0.8279208078125 0.2947052953125 0.8275295406250001 0.2772227765625 0.8228343375 0.27597402656250003 0.8232256046875 0.29595404531249997 0.8157915328125 0.29595404531249997
2 0.7598403625000001 0.29720279843749997 0.7598403625000001 0.3084415578125 0.7657093671874999 0.3084415578125 0.7657093671874999 0.32717282812500004 0.7715783703125 0.32717282812500004 0.7707958374999999 0.3096903078125 0.776664840625 0.3084415578125 0.7770561078125 0.2934565421875 0.7707958374999999 0.29595404531249997 0.7707958374999999 0.2772227765625 0.7653181 0.2784715296875 0.7653181 0.29595404531249997 0.7598403625000001 0.29720279843749997
2 0.7970107203125 0.345904096875 0.7970107203125 0.3771228765625 0.7891853828125 0.3746253734375 0.7895766484375 0.40709290625000005 0.7970107203125 0.40959040937499996 0.7970107203125 0.4370629390625 0.799358321875 0.435814184375 0.80014085625 0.40709290625000005 0.8083574625000001 0.40584415625 0.8079661937499999 0.37587412656249997 0.7997495890625 0.37587412656249997 0.7997495890625 0.347152846875 0.7970107203125 0.345904096875
2 0.73988575 0.3508991 0.73988575 0.3746253734375 0.7320604125 0.37587412656249997 0.732451678125 0.40459540625 0.73988575 0.40709290625000005 0.73988575 0.43331668125 0.7422333515624999 0.435814184375 0.7422333515624999 0.40584415625 0.751232490625 0.40709290625000005 0.7508412234375 0.3771228765625 0.7441896859375 0.3733766234375 0.74379841875 0.353396603125 0.73988575 0.3508991
2 0.9089130593749999 0.5057442562500001 0.9081305265624999 0.5319680328125 0.90187025625 0.5344655359375 0.9022615234375 0.564435565625 0.90852179375 0.564435565625 0.907739259375 0.59315684375 0.913216996875 0.59440559375 0.913216996875 0.56943056875 0.919868534375 0.5706793218749999 0.9202598015625 0.5319680328125 0.911651928125 0.5344655359375 0.911651928125 0.504495503125 0.9089130593749999 0.5057442562500001
2 0.8549182249999999 0.504495503125 0.8553094921875 0.5319680328125 0.8478754203125 0.5319680328125 0.847484153125 0.5681818187500001 0.8557007593750001 0.56943056875 0.8553094921875 0.5994006 0.8592221625 0.5956543437499999 0.8603959624999999 0.5706793218749999 0.8670475 0.5706793218749999 0.8662649671875 0.5332167828125 0.858439628125 0.5344655359375 0.8588308937500001 0.504495503125 0.8549182249999999 0.504495503125
2 0.7958369203125 0.5319680328125 0.7891853828125 0.5307192796875 0.7899679171875 0.5681818187500001 0.7962281875 0.565684315625 0.7958369203125 0.5956543437499999 0.7997495890625 0.5956543437499999 0.799358321875 0.56943056875 0.8064011265625 0.5706793218749999 0.8064011265625 0.5357142859375 0.799358321875 0.5344655359375 0.799358321875 0.50699300625 0.7958369203125 0.5057442562500001 0.7958369203125 0.5319680328125
2 0.7394944828125001 0.5332167828125 0.7320604125 0.5319680328125 0.73166914375 0.56943056875 0.7402770171874999 0.56943056875 0.7394944828125001 0.598151846875 0.7426246187500001 0.596903096875 0.7422333515624999 0.5681818187500001 0.7508412234375 0.56943056875 0.7504499578125 0.5344655359375 0.7426246187500001 0.5344655359375 0.743015884375 0.50699300625 0.7394944828125001 0.50699300625 0.7394944828125001 0.5332167828125
2 0.684325846875 0.44080919218750003 0.6874559828125 0.44080919218750003 0.6874559828125 0.40709290625000005 0.69841145625 0.40959040937499996 0.69841145625 0.37587412656249997 0.68784725 0.3771228765625 0.68784725 0.34340659375000004 0.684325846875 0.342157840625 0.684325846875 0.3733766234375 0.6733703734375001 0.3721278734375 0.673761640625 0.40584415625 0.6847171140625 0.40584415625 0.684325846875 0.44080919218750003
2 0.627983409375 0.347152846875 0.6283746781249999 0.3733766234375 0.6209406046875 0.3733766234375 0.6209406046875 0.40584415625 0.6287659437500001 0.40584415625 0.6283746781249999 0.435814184375 0.630722278125 0.4370629390625 0.6315048125 0.40959040937499996 0.638938884375 0.4120879125 0.640112684375 0.3733766234375 0.6315048125 0.3733766234375 0.6318960796875001 0.348401596875 0.627983409375 0.347152846875
2 0.626809609375 0.50699300625 0.6264183421875 0.5344655359375 0.6182017375 0.5319680328125 0.6182017375 0.5669330687499999 0.626809609375 0.5669330687499999 0.6264183421875 0.596903096875 0.629548478125 0.596903096875 0.630722278125 0.5681818187500001 0.6385476171875 0.56943056875 0.638938884375 0.5357142859375 0.630722278125 0.5332167828125 0.6299397453125 0.5057442562500001 0.626809609375 0.50699300625
2 0.684325846875 0.596903096875 0.6874559828125 0.598151846875 0.6886297828125 0.5706793218749999 0.6968463890625001 0.5706793218749999 0.6968463890625001 0.5344655359375 0.6886297828125 0.5332167828125 0.6886297828125 0.509490509375 0.6851083796874999 0.5082417593749999 0.6854996484375 0.5344655359375 0.6772830421875 0.5344655359375 0.6772830421875 0.571928071875 0.6847171140625 0.5681818187500001 0.684325846875 0.596903096875
2 0.7078018625 0.73176823125 0.7078018625 0.7442557437499999 0.7128883328125 0.745504496875 0.7136708671875 0.766733265625 0.7187573375 0.766733265625 0.71836606875 0.7442557437499999 0.7234525390625001 0.7417582406250001 0.7226700046875 0.73051948125 0.7191486031250001 0.72927073125 0.71836606875 0.7092907078125 0.7140621328125001 0.7067932078125 0.7144534 0.73051948125 0.7078018625 0.73176823125
2 0.5669457703125 0.510739259375 0.5673370375 0.5332167828125 0.5595116984375 0.5332167828125 0.5595116984375 0.5706793218749999 0.5677283046875 0.5706793218749999 0.5677283046875 0.598151846875 0.5712497062499999 0.596903096875 0.5708584390625 0.56943056875 0.579857578125 0.56943056875 0.5794663124999999 0.5319680328125 0.5716409734375001 0.5344655359375 0.572032240625 0.5119880125 0.5669457703125 0.510739259375
2 0.50708193125 0.5357142859375 0.5000391265624999 0.5344655359375 0.5000391265624999 0.56943056875 0.507864465625 0.5681818187500001 0.5074731984375 0.6006493500000001 0.5109946 0.5994006 0.5109946 0.5681818187500001 0.518428671875 0.56943056875 0.518428671875 0.5369630359374999 0.510603334375 0.5344655359375 0.510603334375 0.5082417593749999 0.5066906640625 0.510739259375 0.50708193125 0.5357142859375
2 0.5035605296875 0.435814184375 0.507864465625 0.435814184375 0.5082557328124999 0.4108391625 0.5141247359375 0.40959040937499996 0.5152985375 0.3746253734375 0.50708193125 0.3746253734375 0.5074731984375 0.348401596875 0.5043430625 0.347152846875 0.5031692624999999 0.3733766234375 0.49612645781250003 0.37587412656249997 0.4953439234375 0.40584415625 0.5035605296875 0.40584415625 0.5035605296875 0.435814184375
2 0.5689021046875 0.4370629390625 0.5732060406249999 0.435814184375 0.5735973078125001 0.40959040937499996 0.5806401125 0.4108391625 0.5810313796875 0.3771228765625 0.5732060406249999 0.37587412656249997 0.5735973078125001 0.348401596875 0.5704671734375 0.345904096875 0.5704671734375 0.37587412656249997 0.5618593 0.37587412656249997 0.5618593 0.40459540625 0.569293371875 0.40459540625 0.5689021046875 0.4370629390625
2 0.44956569375 0.345904096875 0.44956569375 0.37587412656249997 0.44017528749999996 0.3746253734375 0.44056655468750006 0.40959040937499996 0.448783159375 0.40959040937499996 0.448783159375 0.43331668125 0.4519132953125 0.43331668125 0.45152202812500003 0.40959040937499996 0.46091243437499996 0.408341659375 0.4601299 0.37587412656249997 0.4523045625 0.3746253734375 0.45152202812500003 0.347152846875 0.44956569375 0.345904096875
2 0.39244072343749997 0.3721278734375 0.38422411875 0.3721278734375 0.38422411875 0.408341659375 0.3916581890625 0.40709290625000005 0.39204945625 0.43331668125 0.3943970578125 0.43331668125 0.394788325 0.408341659375 0.403396196875 0.408341659375 0.403396196875 0.37837162968750004 0.394788325 0.3771228765625 0.395570859375 0.34465534375 0.3912669234375 0.34465534375 0.39244072343749997 0.3721278734375
2 0.33062055 0.348401596875 0.33101181562500004 0.3746253734375 0.3235777453125 0.3721278734375 0.323186478125 0.40584415625 0.3302292828125 0.40709290625000005 0.3302292828125 0.435814184375 0.333750684375 0.43456543437499995 0.3349244859375 0.40709290625000005 0.34196729062500003 0.40959040937499996 0.34196729062500003 0.37587412656249997 0.3349244859375 0.3746253734375 0.33335941875 0.348401596875 0.33062055 0.348401596875
2 0.27388684531249996 0.33591408437500003 0.27388684531249996 0.3746253734375 0.260192503125 0.3746253734375 0.2605837703125 0.40584415625 0.27388684531249996 0.40709290625000005 0.27388684531249996 0.4458041953125 0.27545191406249997 0.4483016984375 0.2766257140625 0.40709290625000005 0.28836372187500003 0.40959040937499996 0.2895375234375 0.37587412656249997 0.2777995140625 0.3771228765625 0.2777995140625 0.3384115875 0.27388684531249996 0.33591408437500003
2 0.215979340625 0.345904096875 0.215979340625 0.3733766234375 0.2085452703125 0.3721278734375 0.2089365359375 0.40459540625 0.2163706078125 0.403346653125 0.215979340625 0.43206793125000004 0.2198920109375 0.43456543437499995 0.2198920109375 0.408341659375 0.2284998828125 0.40709290625000005 0.228108615625 0.3771228765625 0.220283278125 0.37837162968750004 0.21950074375 0.348401596875 0.215979340625 0.345904096875
2 0.16120197187500002 0.3746253734375 0.151811565625 0.3746253734375 0.1525941 0.403346653125 0.1600281703125 0.403346653125 0.1596369046875 0.43331668125 0.1635495734375 0.43331668125 0.163940840625 0.40459540625 0.17176617968750002 0.40584415625 0.17176617968750002 0.3746253734375 0.1635495734375 0.3721278734375 0.163940840625 0.34465534375 0.1604194390625 0.347152846875 0.16120197187500002 0.3746253734375
2 0.10016433124999999 0.43331668125 0.10329446718749999 0.435814184375 0.10446826875 0.40709290625000005 0.11072853906249999 0.40459540625 0.1115110734375 0.3721278734375 0.10368573437499999 0.37087912031250003 0.104859534375 0.348401596875 0.10094686562499999 0.345904096875 0.10016433124999999 0.3746253734375 0.09233899375 0.3733766234375 0.0919477265625 0.403346653125 0.10016433124999999 0.40209790312499993 0.10016433124999999 0.43331668125
2 0.0430393609375 0.43331668125 0.046560764062499996 0.429570428125 0.0473432984375 0.40084915 0.0551686359375 0.40459540625 0.055559903125 0.37587412656249997 0.04695203125 0.3746253734375 0.04695203125 0.348401596875 0.0430393609375 0.34965035 0.0430393609375 0.37587412656249997 0.03599655625 0.3733766234375 0.03599655625 0.403346653125 0.0430393609375 0.403346653125 0.0430393609375 0.43331668125
3 0.016409734375000002 0.40209790312499993 0.036755614062500004 0.40084915 0.0363643484375 0.37837162968750004 0.020322403125 0.3771228765625 0.020322403125 0.3633866140625 0.0160184671875 0.3646353640625 0.016409734375000002 0.05244755156250001 0.024235073437499997 0.05119880156249999 0.0246263390625 0.016233765625 0.00388919375 0.017482515625 0.00388919375 0.4108391625 0.016409734375000002 0.4108391625 0.016409734375000002 0.40209790312499993
6 0.031068709374999996 0.2913302921875 0.038217260937500004 0.29220779218750004 0.037667371875 0.2790452796875 0.034093096875 0.2781677796875 0.034917928125 0.21411021406250003 0.0530642546875 0.21323271406250002 0.0527893109375 0.2808002796875 0.0483902015625 0.2808002796875 0.0483902015625 0.2904527890625 0.0593879734375 0.2904527890625 0.0593879734375 0.2816777828125 0.0558136984375 0.2808002796875 0.0560886421875 0.21323271406250002 0.073685078125 0.21411021406250003 0.073685078125 0.20270270156249998 0.016221715625 0.2009477015625 0.016496659375 0.21323271406250002 0.031893540625 0.21411021406250003 0.031068709374999996 0.2913302921875
0 0.016221715625 0.36240786406250003 0.0211707125 0.3632853640625 0.0203458796875 0.3773253765625 0.0684611359375 0.3764478765625 0.0679112484375 0.325552825 0.073135190625 0.32467532499999996 0.073135190625 0.2913302921875 0.0203458796875 0.28957528906249996 0.020620823437499998 0.3062478046875 0.016771603125 0.3044928046875 0.016221715625 0.36240786406250003
0 0.020620823437499998 0.2764127765625 0.031068709374999996 0.2781677796875 0.031893540625 0.21411021406250003 0.016496659375 0.21323271406250002 0.016496659375 0.25886275937500003 0.020620823437499998 0.259740259375 0.020620823437499998 0.2764127765625
3 0.02034079375 0.258003246875 0.016220753125 0.258003246875 0.016220753125 0.3053733765625 0.02034079375 0.3053733765625 0.02034079375 0.258003246875
2 0.024649815624999998 0.3084415578125 0.0277799515625 0.3096903078125 0.0277799515625 0.2909590421875 0.030910085937499998 0.2909590421875 0.030910085937499998 0.2772227765625 0.027388684375 0.2784715296875 0.026997418750000002 0.259740259375 0.02425855 0.258491509375 0.02386728125 0.2784715296875 0.0203458796875 0.2784715296875 0.0199546140625 0.2884615390625 0.024649815624999998 0.2909590421875 0.024649815624999998 0.3084415578125
2 0.041865560937500004 0.3046953046875 0.0446044296875 0.30594405468749997 0.0453869640625 0.2884615390625 0.0485170984375 0.2872127859375 0.048908365625 0.2772227765625 0.0442131625 0.28096903281249996 0.043430628124999995 0.26098900937499997 0.0410830265625 0.26098900937499997 0.04147429375 0.2772227765625 0.037952890625 0.2784715296875 0.037561625 0.28971028906249996 0.041865560937500004 0.28971028906249996 0.041865560937500004 0.3046953046875
2 0.06338524062499999 0.3096903078125 0.06573284375 0.3096903078125 0.06651537656249999 0.28971028906249996 0.07042804531249999 0.2884615390625 0.0696455109375 0.2784715296875 0.06612410937499999 0.27597402656250003 0.06651537656249999 0.26098900937499997 0.06299397500000001 0.26223776249999997 0.063776509375 0.2797202796875 0.059472571875000005 0.2797202796875 0.0586900390625 0.2909590421875 0.06338524062499999 0.2909590421875 0.06338524062499999 0.3096903078125
2 0.050082165624999994 0.596903096875 0.0543861015625 0.5994006 0.0543861015625 0.5681818187500001 0.061428906250000005 0.5669330687499999 0.061428906250000005 0.5332167828125 0.0539948359375 0.5332167828125 0.05360356875 0.5007492499999999 0.051255967187499994 0.4995005 0.0508647 0.5344655359375 0.0430393609375 0.5319680328125 0.0430393609375 0.564435565625 0.051255967187499994 0.565684315625 0.050082165624999994 0.596903096875
2 0.0946865953125 0.5994006 0.097034196875 0.5994006 0.0978167296875 0.5706793218749999 0.10564206875 0.571928071875 0.10564206875 0.5332167828125 0.0978167296875 0.5357142859375 0.0985992640625 0.50699300625 0.0946865953125 0.50699300625 0.0946865953125 0.5357142859375 0.0860787234375 0.5344655359375 0.08686125624999999 0.56943056875 0.0954691296875 0.56943056875 0.0946865953125 0.5994006
2 0.0626027078125 0.671828171875 0.062211440625 0.6830669312500001 0.0684717109375 0.6818181812499999 0.0684717109375 0.7017982015625 0.07355818125 0.7017982015625 0.07355818125 0.6830669312500001 0.08060098593750001 0.68056943125 0.080992253125 0.673076921875 0.07355818125 0.66933066875 0.0739494484375 0.6505994 0.0684717109375 0.6505994 0.068862978125 0.671828171875 0.0626027078125 0.671828171875
2 0.1561155015625 0.596903096875 0.1596369046875 0.596903096875 0.1596369046875 0.5681818187500001 0.16785350937500002 0.5681818187500001 0.16746224375000002 0.5369630359374999 0.16120197187500002 0.5369630359374999 0.1600281703125 0.509490509375 0.1568980359375 0.5082417593749999 0.1568980359375 0.5357142859375 0.1482901640625 0.5319680328125 0.1486814296875 0.5669330687499999 0.15650676875 0.5669330687499999 0.1561155015625 0.596903096875
2 0.214805540625 0.598151846875 0.21950074375 0.6018981 0.21832694375 0.574425575 0.22654354843750002 0.571928071875 0.22615228125 0.5382117890625 0.21950074375 0.5344655359375 0.21832694375 0.510739259375 0.2151968078125 0.509490509375 0.214805540625 0.5357142859375 0.20658893437499998 0.5332167828125 0.20658893437499998 0.5706793218749999 0.21402300625 0.5681818187500001 0.214805540625 0.598151846875
2 0.27153924375 0.6006493500000001 0.2750606453125 0.598151846875 0.2750606453125 0.573176825 0.2832772515625 0.574425575 0.2832772515625 0.5357142859375 0.2750606453125 0.5332167828125 0.2746693796875 0.509490509375 0.27075670937499996 0.510739259375 0.27153924375 0.5369630359374999 0.2637139046875 0.5344655359375 0.2641051734375 0.5681818187500001 0.271147978125 0.5669330687499999 0.27153924375 0.6006493500000001
2 0.3286563890625 0.596903096875 0.332960325 0.6006493500000001 0.332960325 0.571928071875 0.3407856640625 0.56943056875 0.340394396875 0.5357142859375 0.33256905937500003 0.5332167828125 0.333742859375 0.510739259375 0.32943892343750003 0.509490509375 0.32787385625 0.5357142859375 0.3212223171875 0.5344655359375 0.32200485156249997 0.5706793218749999 0.32943892343750003 0.571928071875 0.3286563890625 0.596903096875
2 0.3493935359375 0.589410590625 0.3505673375 0.6031468531249999 0.3548712734375 0.6031468531249999 0.35448000625 0.6281218765625 0.3595664765625 0.6268731265625 0.35917520937499997 0.6068931078124999 0.36387041249999996 0.6056443578125 0.36347914531250003 0.596903096875 0.35995774375 0.5956543437499999 0.3603490109375 0.574425575 0.35526254062499996 0.574425575 0.35448000625 0.590659340625 0.3493935359375 0.589410590625
2 0.3904765640625 0.6006493500000001 0.393997965625 0.5994006 0.39438923125 0.56943056875 0.4014320359375 0.5706793218749999 0.40182330468750005 0.5357142859375 0.393997965625 0.5357142859375 0.393997965625 0.5057442562500001 0.3908678296875 0.504495503125 0.3904765640625 0.5307192796875 0.382651225 0.5344655359375 0.382651225 0.573176825 0.39008529531249997 0.573176825 0.3904765640625 0.6006493500000001
2 0.44760153437500005 0.5994006 0.451514203125 0.5956543437499999 0.4530792703125 0.571928071875 0.459339540625 0.571928071875 0.460122075 0.5357142859375 0.4522967359375 0.5332167828125 0.45268800468750003 0.509490509375 0.44877533437499995 0.509490509375 0.4483840671875 0.5332167828125 0.4401674625 0.5332167828125 0.4413412640625 0.573176825 0.44877533437499995 0.56943056875 0.44760153437500005 0.5994006
3 0.37364699843750004 0.018733765625000003 0.3470447609375 0.018733765625000003 0.3470447609375 0.052435065625 0.37364699843750004 0.052435065625 0.37364699843750004 0.018733765625000003
3 0.4386063078125 0.018733765625000003 0.4065208546875 0.018733765625000003 0.4065208546875 0.052435065625 0.4386063078125 0.052435065625 0.4386063078125 0.018733765625000003
3 0.4925991859375 0.018733765625000003 0.468336725 0.018733765625000003 0.468336725 0.0512012984375 0.4925991859375 0.0512012984375 0.4925991859375 0.018733765625000003
6 0.5360274671874999 0.051185065625000005 0.532110884375 0.051185065625000005 0.532110884375 0.37836038906249997 0.5360274671874999 0.37836038906249997 0.5360274671874999 0.051185065625000005
3 0.5548067140625 0.018733765625000003 0.527024415625 0.018733765625000003 0.527024415625 0.0499675328125 0.5548067140625 0.0499675328125 0.5548067140625 0.018733765625000003
6 0.597451678125 0.0512012984375 0.5947151578125001 0.0512012984375 0.5947151578125001 0.3771103890625 0.597451678125 0.3771103890625 0.597451678125 0.0512012984375
3 0.6138911499999999 0.018733765625000003 0.5896286875000001 0.018733765625000003 0.5896286875000001 0.052435065625 0.6138911499999999 0.052435065625 0.6138911499999999 0.018733765625000003
3 0.3846083421875 0.3758766234375 0.341963378125 0.3758766234375 0.341963378125 0.4071103890625 0.3846083421875 0.4071103890625 0.3846083421875 0.3758766234375
3 0.44095117031250003 0.37712662343750003 0.40299593125 0.37712662343750003 0.40299593125 0.4058603890625 0.44095117031250003 0.4058603890625 0.44095117031250003 0.37712662343750003
3 0.5622431328124999 0.37586038906249997 0.5137283828125 0.37586038906249997 0.5137283828125 0.405827921875 0.5622431328124999 0.405827921875 0.5622431328124999 0.37586038906249997
3 0.6213224828125 0.37712662343750003 0.580630721875 0.37712662343750003 0.580630721875 0.40709415625 0.6213224828125 0.40709415625 0.6213224828125 0.37712662343750003
6 0.7699389625 0.0512012984375 0.766419125 0.0512012984375 0.766419125 0.2784740265625 0.7699389625 0.2784740265625 0.7699389625 0.0512012984375
3 0.7833265515625001 0.018733765625000003 0.75984740625 0.018733765625000003 0.75984740625 0.052435065625 0.7833265515625001 0.052435065625 0.7833265515625001 0.018733765625000003
6 0.8270651062500001 0.0499512984375 0.823148525 0.0499512984375 0.823148525 0.27349025937500004 0.8270651062500001 0.27349025937500004 0.8270651062500001 0.0499512984375
3 0.84475585 0.018733765625000003 0.8185401828125001 0.018733765625000003 0.8185401828125001 0.0512012984375 0.84475585 0.0512012984375 0.84475585 0.018733765625000003
3 0.8861444562499999 0.052646103124999996 0.8798168875 0.052646103124999996 0.8798168875 0.07196428593750001 0.8861444562499999 0.07196428593750001 0.8861444562499999 0.052646103124999996
3 0.90070701875 0.018733765625000003 0.8795778234375 0.018733765625000003 0.8795778234375 0.052435065625 0.90070701875 0.052435065625 0.90070701875 0.018733765625000003
3 0.7891963375 0.37586038906249997 0.7504577828125 0.37586038906249997 0.7504577828125 0.405827921875 0.7891963375 0.405827921875 0.7891963375 0.37586038906249997
3 0.8474923703125 0.3758766234375 0.8075839265625 0.3758766234375 0.8075839265625 0.4071103890625 0.8474923703125 0.4071103890625 0.8474923703125 0.3758766234375
3 0.9073550359375 0.3771103890625 0.866663275 0.3771103890625 0.866663275 0.40457792187499997 0.9073550359375 0.40457792187499997 0.9073550359375 0.3771103890625
3 0.559521871875 0.5369642859375 0.5184435406250001 0.5369642859375 0.5184435406250001 0.56693181875 0.559521871875 0.56693181875 0.559521871875 0.5369642859375
4 0.6562919640625 0.56685065 0.5413682609375 0.56685065 0.5413682609375 0.8897727265625001 0.6562919640625 0.8897727265625001 0.6562919640625 0.56685065
3 0.6189928796874999 0.5357142859375 0.5798677515625 0.5357142859375 0.5798677515625 0.5669480515624999 0.6189928796874999 0.5669480515624999 0.6189928796874999 0.5357142859375
3 0.7324567656250001 0.5369642859375 0.696068159375 0.5369642859375 0.696068159375 0.56693181875 0.7324567656250001 0.56693181875 0.7324567656250001 0.5369642859375
3 0.789582909375 0.5357142859375 0.7504577828125 0.5357142859375 0.7504577828125 0.5681818187500001 0.789582909375 0.5681818187500001 0.789582909375 0.5357142859375
3 0.8478789421874999 0.5357142859375 0.806403865625 0.5357142859375 0.806403865625 0.5669480515624999 0.8478789421874999 0.5669480515624999 0.8478789421874999 0.5357142859375
3 0.90188199375 0.53448051875 0.866663275 0.53448051875 0.866663275 0.5669480515624999 0.90188199375 0.5669480515624999 0.90188199375 0.53448051875
3 0.8443641906250001 0.8916233765625 0.8185452703125 0.8916233765625 0.8185452703125 0.9303246749999999 0.8443641906250001 0.9303246749999999 0.8443641906250001 0.8916233765625
3 0.7845015265625 0.8928571421875 0.761805696875 0.8928571421875 0.761805696875 0.9315584421875001 0.7845015265625 0.9315584421875001 0.7845015265625 0.8928571421875
3 0.7273702953125001 0.8928571421875 0.708194303125 0.8928571421875 0.708194303125 0.9315584421875001 0.7273702953125001 0.9315584421875001 0.7273702953125001 0.8928571421875
3 0.6150813828125 0.8928571421875 0.5923855546875 0.8928571421875 0.5923855546875 0.9303246749999999 0.6150813828125 0.9303246749999999 0.6150813828125 0.8928571421875
3 0.5567802640624999 0.8941071421875 0.5235249234375 0.8941071421875 0.5235249234375 0.9303084421875001 0.5567802640624999 0.9303084421875001 0.5567802640624999 0.8941071421875
3 0.49415055937499996 0.8928571421875 0.4632451671875 0.8928571421875 0.4632451671875 0.9315584421875001 0.49415055937499996 0.9315584421875001 0.49415055937499996 0.8928571421875
3 0.43389623593750004 0.8928571421875 0.40651068125 0.8928571421875 0.40651068125 0.9315584421875001 0.43389623593750004 0.9315584421875001 0.43389623593750004 0.8928571421875
3 0.50003051875 0.5394480515625 0.45972533125000004 0.5394480515625 0.45972533125000004 0.566915584375 0.50003051875 0.566915584375 0.50003051875 0.5394480515625
3 0.4409460828125 0.5369642859375 0.40220752812500005 0.5369642859375 0.40220752812500005 0.56693181875 0.4409460828125 0.56693181875 0.4409460828125 0.5369642859375
3 0.38342828125 0.53448051875 0.340783315625 0.53448051875 0.340783315625 0.5681818187500001 0.38342828125 0.5681818187500001 0.38342828125 0.53448051875
3 0.3716887078125 0.8940909093749999 0.3482095625 0.8940909093749999 0.3482095625 0.9315584421875001 0.3716887078125 0.9315584421875001 0.3716887078125 0.8940909093749999
3 0.2640844359375 0.5369480515625 0.225742625 0.5369480515625 0.225742625 0.5681818187500001 0.2640844359375 0.5681818187500001 0.2640844359375 0.5369480515625
3 0.20853001093749998 0.5357142859375 0.16705493437500002 0.5357142859375 0.16705493437500002 0.5669480515624999 0.20853001093749998 0.5669480515624999 0.20853001093749998 0.5357142859375
3 0.149445575 0.5357142859375 0.10483723281249999 0.5357142859375 0.10483723281249999 0.5681818187500001 0.149445575 0.5681818187500001 0.149445575 0.5357142859375
3 0.0872329609375 0.53698051875 0.0614140390625 0.53698051875 0.0614140390625 0.5644480515625 0.0872329609375 0.5644480515625 0.0872329609375 0.53698051875
3 0.2546998984375 0.8940909093749999 0.2359206515625 0.8940909093749999 0.2359206515625 0.9315584421875001 0.2546998984375 0.9315584421875001 0.2546998984375 0.8940909093749999
3 0.20148525 0.892840909375 0.1795727359375 0.892840909375 0.1795727359375 0.9328084421874999 0.20148525 0.9328084421874999 0.20148525 0.892840909375
3 0.14475585 0.892840909375 0.1185401828125 0.892840909375 0.1185401828125 0.9328084421874999 0.14475585 0.9328084421874999 0.14475585 0.892840909375
3 0.0164140390625 0.675584415625 0.0038911500000000003 0.675584415625 0.0038911500000000003 0.751753246875 0.0164140390625 0.751753246875 0.0164140390625 0.675584415625
3 0.20892166875 0.3746103890625 0.17136317343750002 0.3746103890625 0.17136317343750002 0.40584415625 0.20892166875 0.40584415625 0.20892166875 0.3746103890625
3 0.15336215625 0.37586038906249997 0.111500509375 0.37586038906249997 0.111500509375 0.40459415625000006 0.15336215625 0.40459415625000006 0.15336215625 0.37586038906249997
3 0.20109359062499998 0.014983765625000001 0.1795778234375 0.014983765625000001 0.1795778234375 0.0499512984375 0.20109359062499998 0.0499512984375 0.20109359062499998 0.014983765625000001
3 0.144364190625 0.014983765625000001 0.11854527031249999 0.014983765625000001 0.11854527031249999 0.051185065625000005 0.144364190625 0.051185065625000005 0.144364190625 0.014983765625000001
3 0.08332655156249999 0.016233765625 0.05946083437500001 0.016233765625 0.05946083437500001 0.047467532812500005 0.08332655156249999 0.047467532812500005 0.08332655156249999 0.016233765625
3 0.09270678437499999 0.40209790312499993 0.09270678437499999 0.3746253734375 0.078621175 0.3746253734375 0.0778386421875 0.32467532499999996 0.068448234375 0.325924075 0.068839503125 0.3771228765625 0.055145159374999995 0.37837162968750004 0.055145159374999995 0.40209790312499993 0.09270678437499999 0.40209790312499993
3 0.2609515609375 0.37837162968750004 0.2550825578125 0.3771228765625 0.2550825578125 0.0499500484375 0.2621253625 0.05244755156250001 0.261342828125 0.01873126875 0.23630174531249998 0.017482515625 0.23591047812500002 0.05119880156249999 0.24530088437500003 0.05244755156250001 0.24608341875 0.3771228765625 0.2280851390625 0.37587412656249997 0.22769387343749997 0.40584415625 0.261342828125 0.40709290625000005 0.2609515609375 0.37837162968750004
3 0.29538305 0.3771228765625 0.2887315125 0.37587412656249997 0.2891227796875 0.40459540625 0.3231630015625 0.40459540625 0.32355426875000004 0.37587412656249997 0.3043821890625 0.3771228765625 0.3039909234375 0.05119880156249999 0.31220752812499997 0.0499500484375 0.31181626093750003 0.019980018750000002 0.29147038125 0.019980018750000002 0.2918616484375 0.05119880156249999 0.296165584375 0.05244755156250001 0.29538305 0.3771228765625
3 0.00388919375 0.576923078125 0.0156272 0.578171828125 0.015235934375 0.5631868109375 0.043407153125 0.5631868109375 0.043407153125 0.5344655359375 0.016409734375000002 0.5344655359375 0.016409734375000002 0.5219780234375 0.004280459375 0.5219780234375 0.00388919375 0.576923078125
3 0.0168010015625 0.89275724375 0.0168010015625 0.8465534484375 0.004280459375 0.8465534484375 0.004671728125 0.9327172828125001 0.0829251125 0.9327172828125001 0.0829251125 0.8915084906249999 0.0168010015625 0.89275724375
3 0.2949917828125 0.8915084906249999 0.2899053140625 0.89275724375 0.2902965796875 0.9327172828125001 0.3141638625 0.9327172828125001 0.3141638625 0.8915084906249999 0.3043821890625 0.89275724375 0.3043821890625 0.5668331656250001 0.3219892015625 0.5668331656250001 0.321597934375 0.5356143859375 0.2832537765625 0.5356143859375 0.282862509375 0.56808191875 0.2949917828125 0.5668331656250001 0.2949917828125 0.8915084906249999
3 0.673331246875 0.37577422656250004 0.667853509375 0.37577422656250004 0.667853509375 0.052347653125000004 0.673331246875 0.051098903125 0.6737225140625 0.0198801203125 0.6490726984374999 0.0198801203125 0.64985523125 0.052347653125000004 0.658463103125 0.051098903125 0.6580718359375 0.37577422656250004 0.6400735578125001 0.37577422656250004 0.6396822906249999 0.40574425625000005 0.673331246875 0.40574425625000005 0.673331246875 0.37577422656250004
3 0.65650676875 0.8902597406250001 0.64985523125 0.8902597406250001 0.6494639640625001 0.9327172828125001 0.6741137796875 0.9327172828125001 0.6741137796875 0.8902597406250001 0.665897175 0.8902597406250001 0.6651146406249999 0.56808191875 0.677243915625 0.56808191875 0.6776351828125 0.5356143859375 0.63772595625 0.5356143859375 0.63772595625 0.56808191875 0.65650676875 0.5668331656250001 0.65650676875 0.8902597406250001
3 0.7077627359374999 0.37574925000000003 0.6979810625 0.3745005 0.6979810625 0.40447052968749997 0.732021284375 0.4032217796875 0.732021284375 0.3745005 0.7210658109375 0.3745005 0.7210658109375 0.3332917078125 0.714805540625 0.33204295781250004 0.715588075 0.053571428125 0.729282415625 0.052322678125 0.729673684375 0.0186063921875 0.7034588 0.019855146875 0.7034588 0.052322678125 0.7077627359374999 0.051073925 0.7077627359374999 0.37574925000000003
2 0.7234079343750001 0.4194480515625 0.7198880984375 0.4194480515625 0.7198880984375 0.53185065 0.7234079343750001 0.53185065 0.7234079343750001 0.4194480515625
6 0.723443540625 0.40448051874999996 0.7195269578125 0.40448051874999996 0.7195269578125 0.42194805156250004 0.723443540625 0.42194805156250004 0.723443540625 0.40448051874999996
3 0.9464199078125001 0.376998003125 0.92529149375 0.3745005 0.9249002265625 0.40571927968750005 0.946028640625 0.40571927968750005 0.9456373734374999 0.4144605390625 0.9558103140625 0.4144605390625 0.956984115625 0.0186063921875 0.9358557015625 0.0186063921875 0.9346819 0.053571428125 0.9464199078125001 0.053571428125 0.9464199078125001 0.376998003125
3 0.91981375625 0.5357142859375 0.91981375625 0.5669330687499999 0.9456373734374999 0.565684315625 0.946028640625 0.598151846875 0.956592846875 0.5994006 0.956984115625 0.5244755265625 0.9472024421875 0.5257242765625 0.9464199078125001 0.5369630359374999 0.91981375625 0.5357142859375
3 0.9382033015625 0.6905594421875 0.93742076875 0.7280219765625 0.9456373734374999 0.7255244734375 0.9452461062499999 0.740509490625 0.95620158125 0.7417582406250001 0.956984115625 0.678071928125 0.9456373734374999 0.68056943125 0.946811175 0.6918081921875 0.9382033015625 0.6905594421875
3 0.956592846875 0.840409590625 0.946028640625 0.840409590625 0.946028640625 0.8903596390624999 0.8967290078125 0.8891108890625 0.8963377421875001 0.8703796203125 0.8881211359375 0.8716283703125001 0.8885124031249999 0.8903596390624999 0.87990453125 0.8878621359375 0.8795132640625001 0.93031968125 0.956592846875 0.93156843125 0.956592846875 0.840409590625
4 0.8965934390625 0.8889083890625 0.9463583625 0.8906633890625001 0.94608341875 0.72920323125 0.9375601437500001 0.7283257265625 0.9378350890625 0.6914706921875 0.9463583625 0.6905931921875 0.9458084734375 0.56686556875 0.89219433125 0.565988065625 0.8924692750000001 0.8704808703125 0.8965934390625 0.8704808703125 0.8965934390625 0.8889083890625
6 0.8920193281250001 0.5656980515625001 0.888102746875 0.5656980515625001 0.888102746875 0.8716396109375 0.8920193281250001 0.8716396109375 0.8920193281250001 0.5656980515625001
6 0.8329348937500001 0.5681818187500001 0.8290183109375 0.5681818187500001 0.8290183109375 0.8916233765625 0.8329348937500001 0.8916233765625 0.8329348937500001 0.5681818187500001
6 0.7750305187500001 0.5669480515624999 0.7711139375 0.5669480515624999 0.7711139375 0.8928571421875 0.7750305187500001 0.8928571421875 0.7750305187500001 0.5669480515624999
6 0.7182960328125 0.5669480515624999 0.7139928796875 0.5669480515624999 0.7139928796875 0.7080519484375001 0.7182960328125 0.7080519484375001 0.7182960328125 0.5669480515624999
6 0.7179094609375001 0.7642370125 0.7139928796875 0.7642370125 0.7139928796875 0.8916071421874999 0.7179094609375001 0.8916071421874999 0.7179094609375001 0.7642370125
6 0.7699440484375 0.327175325 0.7660274671875 0.327175325 0.7660274671875 0.3771103890625 0.7699440484375 0.3771103890625 0.7699440484375 0.327175325
6 0.8266734484375 0.3259415578125 0.8231536109375 0.3259415578125 0.8231536109375 0.3758766234375 0.8266734484375 0.3758766234375 0.8266734484375 0.3259415578125
6 0.5415005093749999 0.5669480515624999 0.5371973546875 0.5669480515624999 0.5371973546875 0.8928571421875 0.5415005093749999 0.8928571421875 0.5415005093749999 0.5669480515624999
6 0.47890640937500006 0.56693181875 0.4749898265625 0.56693181875 0.4749898265625 0.8941071421875 0.47890640937500006 0.8941071421875 0.47890640937500006 0.56693181875
6 0.42138860625 0.5681818187500001 0.417085453125 0.5681818187500001 0.417085453125 0.8940909093749999 0.42138860625 0.8940909093749999 0.42138860625 0.5681818187500001
6 0.358784334375 0.6268668828124999 0.3548677515625 0.6268668828124999 0.3548677515625 0.8941071421875 0.358784334375 0.8941071421875 0.358784334375 0.6268668828124999
6 0.3591709046875 0.5644318187499999 0.3548677515625 0.5644318187499999 0.3548677515625 0.573165584375 0.3591709046875 0.573165584375 0.3591709046875 0.5644318187499999
6 0.4808545265625 0.049935065625000004 0.4773346890625 0.049935065625000004 0.4773346890625 0.3521428578125 0.4808545265625 0.3521428578125 0.4808545265625 0.049935065625000004
6 0.4229552390625 0.0487012984375 0.41903865781249994 0.0487012984375 0.41903865781249994 0.3783766234375 0.4229552390625 0.3783766234375 0.4229552390625 0.0487012984375
6 0.3669989828125 0.0512175328125 0.36347914531250003 0.0512175328125 0.36347914531250003 0.3796266234375 0.3669989828125 0.3796266234375 0.3669989828125 0.0512175328125
3 0.49690116562500003 0.3771228765625 0.4820330234375 0.37587412656249997 0.48164175625 0.3508991 0.47264261718749995 0.348401596875 0.47264261718749995 0.3771228765625 0.459339540625 0.37587412656249997 0.458948275 0.40459540625 0.4972924328125 0.40584415625 0.49690116562500003 0.3771228765625
6 0.24533570624999998 0.56693181875 0.241419125 0.56693181875 0.241419125 0.8941071421875 0.24533570624999998 0.8941071421875 0.24533570624999998 0.56693181875
6 0.18781790468749998 0.568165584375 0.183901321875 0.568165584375 0.183901321875 0.895340909375 0.18781790468749998 0.895340909375 0.18781790468749998 0.568165584375
6 0.1303001015625 0.5669480515624999 0.1259969484375 0.5669480515624999 0.1259969484375 0.8928571421875 0.1303001015625 0.8928571421875 0.1303001015625 0.5669480515624999
6 0.07317904374999999 0.5644318187499999 0.068875890625 0.5644318187499999 0.068875890625 0.649334415625 0.07317904374999999 0.649334415625 0.07317904374999999 0.5644318187499999
6 0.0727873859375 0.7005357140624999 0.0692675484375 0.7005357140624999 0.0692675484375 0.892840909375 0.0727873859375 0.892840909375 0.0727873859375 0.7005357140624999
6 0.1365666328125 0.0487175328125 0.1326500515625 0.0487175328125 0.1326500515625 0.37712662343750003 0.1365666328125 0.37712662343750003 0.1365666328125 0.0487175328125
6 0.19329603281250002 0.0512012984375 0.1901627671875 0.0512012984375 0.1901627671875 0.3746428578125 0.19329603281250002 0.3746428578125 0.19329603281250002 0.0512012984375
3 0.07786876875 0.0499675328125 0.073565615625 0.0499675328125 0.073565615625 0.077435065625 0.07786876875 0.077435065625 0.07786876875 0.0499675328125
1 0.71923194375 0.4058603890625 0.0168413015625 0.4058603890625 0.0168413015625 0.5394642859375 0.71923194375 0.5394642859375 0.71923194375 0.4058603890625
6 0.91336504375 0.2009477015625 0.9152896546875 0.2009477015625 0.9155645984375 0.1930501921875 0.9463583625 0.1948051953125 0.9463583625 0.18252018125 0.8855956671874999 0.18164268125 0.8858706109375 0.1956826953125 0.9130901 0.1939276953125 0.91336504375 0.2009477015625
6 0.887792471875 0.2966071421875 0.8850457781250001 0.2966071421875 0.8850457781250001 0.30800324687499997 0.887792471875 0.30800324687499997 0.887792471875 0.2966071421875
0 0.9463631734375 0.1956980515625 0.9166683625 0.1956980515625 0.9166683625 0.2395616890625 0.9463631734375 0.2395616890625 0.9463631734375 0.1956980515625
4 0.822080365625 0.052646103124999996 0.7698423187500001 0.052646103124999996 0.7698423187500001 0.3764448046875 0.822080365625 0.3764448046875 0.822080365625 0.052646103124999996
4 0.888067140625 0.5668668828125 0.8333570703125 0.5668668828125 0.8333570703125 0.890665584375 0.888067140625 0.890665584375 0.888067140625 0.5668668828125
4 0.8286826046875 0.5686201296875 0.7753458796875 0.5686201296875 0.7753458796875 0.89241883125 0.8286826046875 0.89241883125 0.8286826046875 0.5686201296875
4 0.7717650046875 0.56774350625 0.71842828125 0.56774350625 0.71842828125 0.8915422078124999 0.7717650046875 0.8915422078124999 0.7717650046875 0.56774350625
4 0.7140335703125 0.5668668828125 0.6650915562499999 0.5668668828125 0.6650915562499999 0.890665584375 0.7140335703125 0.890665584375 0.7140335703125 0.5668668828125
4 0.537517803125 0.56774350625 0.47922685625000006 0.56774350625 0.47922685625000006 0.8915422078124999 0.537517803125 0.8915422078124999 0.537517803125 0.56774350625
4 0.47538148593749996 0.567759740625 0.42122075312499996 0.567759740625 0.42122075312499996 0.8941883109375001 0.47538148593749996 0.8941883109375001 0.47538148593749996 0.567759740625
4 0.41682095625000004 0.56774350625 0.35935401875 0.56774350625 0.35935401875 0.8915422078124999 0.41682095625000004 0.8915422078124999 0.41682095625000004 0.56774350625
4 0.354399796875 0.5668668828125 0.3043591046875 0.5668668828125 0.3043591046875 0.894172078125 0.354399796875 0.894172078125 0.354399796875 0.5668668828125
4 0.18861139375 0.0491396109375 0.1369226859375 0.0491396109375 0.1369226859375 0.3764448046875 0.18861139375 0.3764448046875 0.18861139375 0.0491396109375
4 0.13197355 0.0491396109375 0.0789114953125 0.0491396109375 0.0789114953125 0.3764448046875 0.13197355 0.3764448046875 0.13197355 0.0491396109375
4 0.2953001015625 0.568603896875 0.2455340796875 0.568603896875 0.2455340796875 0.8915259734375001 0.2953001015625 0.8915259734375001 0.2953001015625 0.568603896875
4 0.24086470000000001 0.5677272734375001 0.188351984375 0.5677272734375001 0.188351984375 0.892402596875 0.24086470000000001 0.892402596875 0.24086470000000001 0.5677272734375001
4 0.18284842343750002 0.5677272734375001 0.13033570625 0.5677272734375001 0.13033570625 0.892402596875 0.18284842343750002 0.892402596875 0.18284842343750002 0.5677272734375001
4 0.1259308234375 0.5677272734375001 0.0734181078125 0.5677272734375001 0.0734181078125 0.892402596875 0.1259308234375 0.892402596875 0.1259308234375 0.5677272734375001
4 0.06929298125 0.5659577921875 0.0165055953125 0.5659577921875 0.0165055953125 0.891509740625 0.06929298125 0.891509740625 0.06929298125 0.5659577921875
3 0.0780841875 0.326430328125 0.0780841875 0.1281151265625 0.073135190625 0.12723762656249998 0.072860246875 0.325552825 0.0780841875 0.326430328125
2 0.0668114703125 0.098280096875 0.0665365265625 0.1061776078125 0.07203541249999999 0.10705510781250001 0.0723103578125 0.1254826265625 0.0786446515625 0.1261238765625 0.0786446515625 0.10614385781249999 0.084957796875 0.10705510781250001 0.084904921875 0.096153846875 0.07918396562499999 0.1000351 0.0786340765625 0.078975078125 0.07277564843749999 0.078671328125 0.07277564843749999 0.096153846875 0.0668114703125 0.098280096875
6 0.0739572734375 0.27993506562500003 0.0695625640625 0.27993506562500003 0.0695625640625 0.2904545453125 0.0739572734375 0.2904545453125 0.0739572734375 0.27993506562500003
0 0.052512715625 0.2141233765625 0.0349135296875 0.2141233765625 0.0349135296875 0.2773051953125 0.052512715625 0.2773051953125 0.052512715625 0.2141233765625
0 0.073407934375 0.2141233765625 0.0558087484375 0.2141233765625 0.0558087484375 0.27905844218750003 0.073407934375 0.27905844218750003 0.073407934375 0.2141233765625
1 0.9121719234375 0.194821428125 0.88589521875 0.194821428125 0.88589521875 0.29491883125 0.9121719234375 0.29491883125 0.9121719234375 0.194821428125