4 0.304447853125 0.1484375 0.0398773 0.1484375 0.0375766875 0.4140625 0.304447853125 0.41183035781250005 0.304447853125 0.1484375
7 0.25577914062499996 0.1043928578125 0.10287116562500001 0.1043928578125 0.10287116562500001 0.1483571421875 0.25577914062499996 0.1483571421875 0.25577914062499996 0.1043928578125
4 0.6625766875 0.155133928125 0.3159509203125 0.147321428125 0.3159509203125 0.6350446421875 0.669478528125 0.6383928578125 0.6625766875 0.155133928125
7 0.565355828125 0.10714285781249999 0.478521471875 0.10714285781249999 0.478521471875 0.15110714218750002 0.565355828125 0.15110714218750002 0.565355828125 0.10714285781249999
4 0.7699386500000001 0.37611607187499996 0.9417177921875 0.3772321421875 0.939417178125 0.15625 0.6763803687500001 0.155133928125 0.6802147234375 0.454241071875 0.7722392640625 0.45647321406249997 0.7699386500000001 0.37611607187499996
7 0.889098159375 0.112625 0.7494049078125 0.112625 0.7494049078125 0.1565892859375 0.889098159375 0.1565892859375 0.889098159375 0.112625
7 0.0047192078125 0.5192307703125 0.0094384140625 0.7637362640625 0.0415290234375 0.7637362640625 0.039641340625 0.5192307703125 0.0047192078125 0.5192307703125
1 0.665644171875 0.110491071875 0.6641104296875 0.0200892859375 0.049846625 0.014508928125 0.0475460125 0.10602678593749999 0.665644171875 0.110491071875
2 0.4371165640625 0.171875 0.443251534375 0.170758928125 0.44248466249999996 0.149553571875 0.48006135 0.1484375 0.48006135 0.108258928125 0.44401840468750003 0.10714285781249999 0.443251534375 0.0837053578125 0.43404907968749995 0.0837053578125 0.435582821875 0.10714285781249999 0.398006134375 0.10714285781249999 0.3972392640625 0.147321428125 0.43634969375 0.147321428125 0.4371165640625 0.171875
2 0.273006134375 0.35044642812500004 0.273006134375 0.36049107187499996 0.3029141109375 0.359375 0.3029141109375 0.40290178593750003 0.31518404843750003 0.40178571406249997 0.31518404843750003 0.359375 0.3473926375 0.36049107187499996 0.3473926375 0.35044642812500004 0.3159509203125 0.35044642812500004 0.3159509203125 0.30803571406249997 0.304447853125 0.30915178593750003 0.304447853125 0.34821428593750003 0.273006134375 0.35044642812500004
1 0.7760736203125 0.6618303578125 0.7722392640625 0.47209821406249997 0.679447853125 0.47098214218749995 0.6840490796875 0.6584821421875 0.41641104218749997 0.6529017859375 0.41717791406250004 0.84375 0.8934049078124999 0.84375 0.88880368125 0.6629464281249999 0.7760736203125 0.6618303578125
2 0.719325153125 0.5089285718750001 0.72622699375 0.5100446421875 0.7254601234375 0.47321428593750003 0.7584355828125 0.47098214218749995 0.7576687109375 0.45647321406249997 0.7246932515625 0.45647321406249997 0.7239263796875 0.41741071406249997 0.7177914109375 0.41741071406249997 0.7185582828125 0.45535714218749995 0.6871165640625 0.454241071875 0.68865030625 0.47098214218749995 0.7185582828125 0.47209821406249997 0.719325153125 0.5089285718750001
2 0.60889570625 0.7053571421875 0.6150306750000001 0.703125 0.6150306750000001 0.6573660718750001 0.6503067484375 0.6573660718750001 0.6495398765625 0.6372767859375 0.614263803125 0.6339285718750001 0.6150306750000001 0.5892857140625 0.6065950921875001 0.5881696421875 0.6065950921875001 0.6339285718750001 0.5697852765625 0.6316964281249999 0.57131901875 0.6529017859375 0.6058282203124999 0.6540178578125 0.60889570625 0.7053571421875
2 0.37883435625 0.7399553578125 0.37883435625 0.7555803578125 0.4033742328125 0.7533482140625 0.404907975 0.8058035718750001 0.4179447859375 0.8046875 0.4179447859375 0.7522321421875 0.45092024531249997 0.75 0.450153375 0.7399553578125 0.4179447859375 0.7399553578125 0.41717791406250004 0.6897321421875 0.4041411046875 0.6897321421875 0.4041411046875 0.7410714281249999 0.37883435625 0.7399553578125
2 0.838190184375 0.9129464281249999 0.8450920249999999 0.9118303578125 0.8427914109374999 0.8783482140625001 0.8872699390625 0.8772321421875 0.8849693249999999 0.8448660718750001 0.8450920249999999 0.8448660718750001 0.842024540625 0.8102678578125 0.8343558281250001 0.8113839281249999 0.8351227 0.8426339281249999 0.7914110421875 0.84375 0.7929447859375001 0.8783482140625001 0.8351227 0.8772321421875 0.838190184375 0.9129464281249999
3 0.945552146875 0.7868303578125 0.9148773 0.7857142859375 0.9156441718749999 0.84375 0.8842024546875 0.84375 0.885736196875 0.8761160718750001 0.94631901875 0.875 0.9478527609375 0.8939732140625001 0.989263803125 0.8928571421875 0.989263803125 0.8571428578125 0.9754601234375 0.8560267859374999 0.9731595093750001 0.7008928578125 0.9884969328125001 0.7020089281249999 0.9854294484375 0.6540178578125 0.9739263796875001 0.6540178578125 0.9677914109374999 0.15959821406250002 0.979294478125 0.1584821421875 0.9785276078124999 0.11160714218750001 0.8865030671874999 0.11272321406250001 0.88880368125 0.15625 0.9386503062499999 0.157366071875 0.945552146875 0.7868303578125
2 0.878067484375 0.7321428578125 0.878067484375 0.7410714281249999 0.8895705515625 0.7399553578125 0.8934049078124999 0.7935267859375 0.905674846875 0.7912946421875 0.905674846875 0.7444196421875 0.9240797546874999 0.7399553578125 0.9240797546874999 0.7332589281249999 0.9064417171875 0.7321428578125 0.9041411046875 0.6808035718750001 0.89110429375 0.6808035718750001 0.891871165625 0.7299107140625 0.878067484375 0.7321428578125
2 0.7515337421875 0.5970982140625 0.749233128125 0.6116071421875 0.7760736203125 0.609375 0.7776073625000001 0.6462053578125 0.7891104296875 0.6439732140625 0.7891104296875 0.6104910718750001 0.8136503062499999 0.609375 0.8151840484375 0.6026785718750001 0.7898773 0.6015625 0.7883435578125 0.5658482140625 0.7760736203125 0.5669642859375 0.7768404906249999 0.5982142859375 0.7515337421875 0.5970982140625
2 0.746932515625 0.5033482140625 0.74616564375 0.515625 0.773006134375 0.5145089281249999 0.773006134375 0.5491071421875 0.7875766875 0.5491071421875 0.7875766875 0.5189732140625 0.814417178125 0.5200892859375 0.8128834359375 0.5055803578125 0.7883435578125 0.5044642859375 0.7868098156250001 0.47433035781250005 0.7745398765625 0.47321428593750003 0.7745398765625 0.5033482140625 0.746932515625 0.5033482140625
3 0.7522944781249999 0.111616071875 0.564417178125 0.111616071875 0.564417178125 0.15402678593750002 0.7522944781249999 0.15402678593750002 0.7522944781249999 0.111616071875
3 0.3995460125 0.10491071406250001 0.25613496874999997 0.10491071406250001 0.25613496874999997 0.148446428125 0.3995460125 0.148446428125 0.3995460125 0.10491071406250001
3 0.0398773 0.1484375 0.10429447812499999 0.1484375 0.1035276078125 0.10491071406250001 0.0053680984375 0.10491071406250001 0.0046012265625 0.5234375 0.0391104296875 0.5212053578125 0.0398773 0.1484375
3 0.7929447859375001 0.8772321421875 0.7921779140625 0.8426339281249999 0.0429447859375 0.8459821421875 0.0429447859375 0.7633928578125 0.0084355828125 0.7645089281249999 0.009969325 0.8950892859374999 0.0429447859375 0.8962053578125 0.0429447859375 0.8794642859374999 0.7929447859375001 0.8772321421875
6 0.31518404843750003 0.147321428125 0.3036871171875 0.147321428125 0.3036871171875 0.30803571406249997 0.31518404843750003 0.30803571406249997 0.31518404843750003 0.147321428125
6 0.41641104218749997 0.8035714281249999 0.40567484687500005 0.8035714281249999 0.40567484687500005 0.84375 0.41641104218749997 0.84375 0.41641104218749997 0.8035714281249999
6 0.41410429375 0.875 0.3995398765625 0.875 0.3995398765625 0.8895 0.41410429375 0.8895 0.41410429375 0.875
6 0.7776073625000001 0.8761160718750001 0.7592024546875 0.8761160718750001 0.7592024546875 0.8962053578125 0.7776073625000001 0.8962053578125 0.7776073625000001 0.8761160718750001
1 0.9854355828125 0.3939821421875 0.9708588953125 0.3939821421875 0.9708588953125 0.47433928593749997 0.9854355828125 0.47433928593749997 0.9854355828125 0.3939821421875
6 0.9823680984375001 0.3805803578125 0.9708588953125 0.3805803578125 0.9708588953125 0.3950982140625 0.9823680984375001 0.3950982140625 0.9823680984375001 0.3805803578125
0 0.9884969328125001 0.493303571875 0.9716257671875 0.493303571875 0.9716257671875 0.655125 0.9884969328125001 0.655125 0.9884969328125001 0.493303571875
6 0.9831227 0.47433035781250005 0.9716257671875 0.47433035781250005 0.9716257671875 0.49106249999999996 0.9831227 0.49106249999999996 0.9831227 0.47433035781250005
0 0.9409509203124999 0.39397321406249997 0.784509203125 0.3928571421875 0.7868098156250001 0.5491071421875 0.9440184046875 0.5513392859375 0.9409509203124999 0.39397321406249997
6 0.7584355828125 0.47321428593750003 0.7852760734374999 0.475446428125 0.784509203125 0.390625 0.943251534375 0.3928571421875 0.9424846625000001 0.3772321421875 0.770705521875 0.3772321421875 0.7714723921875 0.45647321406249997 0.756901840625 0.45535714218749995 0.7584355828125 0.47321428593750003
0 0.9440184046875 0.5691964281249999 0.7883435578125 0.5680803578125 0.7891104296875 0.6428571421875 0.9447852765625001 0.6439732140625 0.9440184046875 0.5691964281249999
6 0.9447852765625001 0.5535714281249999 0.7745398765625 0.5502232140625 0.77377300625 0.5669642859375 0.945552146875 0.5691964281249999 0.9447852765625001 0.5535714281249999
6 0.891871165625 0.6830357140625 0.9033742328125 0.6808035718750001 0.9018404906249999 0.6629464281249999 0.94631901875 0.6618303578125 0.943251534375 0.6450892859375 0.7753067484375 0.6428571421875 0.7745398765625 0.6595982140625 0.8903374234375001 0.6618303578125 0.891871165625 0.6830357140625
6 0.90568098125 0.791303571875 0.8934110421874999 0.791303571875 0.8934110421874999 0.8459821421875 0.90568098125 0.8459821421875 0.90568098125 0.791303571875
6 0.6832822078125 0.65625 0.6802147234375 0.46875 0.6878834359375 0.47098214218749995 0.68865030625 0.453125 0.679447853125 0.453125 0.6756134968749999 0.1540178578125 0.6633435578125 0.15290178593749998 0.669478528125 0.6372767859375 0.64877300625 0.6383928578125 0.64877300625 0.6573660718750001 0.6832822078125 0.65625
6 0.30138036874999996 0.40066964218749995 0.30368098125 0.41071428593750003 0.0383435578125 0.415178571875 0.0375766875 0.4296875 0.3029141109375 0.428571428125 0.304447853125 0.6540178578125 0.404907975 0.6517857140625 0.4033742328125 0.6908482140625 0.415644171875 0.6908482140625 0.4148773 0.6529017859375 0.5720858890625 0.6517857140625 0.5720858890625 0.6361607140625 0.3159509203125 0.6372767859375 0.31518404843750003 0.40178571406249997 0.30138036874999996 0.40066964218749995
1 0.9171779140625 0.7879464281249999 0.9470858890624999 0.7879464281249999 0.9440184046875 0.6640625 0.9041411046875 0.6629464281249999 0.905674846875 0.84375 0.9171779140625 0.8448660718750001 0.9171779140625 0.7879464281249999
4 0.4033742328125 0.6540178578125 0.3029141109375 0.6551339281249999 0.304447853125 0.42745535781250005 0.0391104296875 0.430803571875 0.0429447859375 0.8459821421875 0.40567484687500005 0.8448660718750001 0.4033742328125 0.6540178578125
4 0.983901840625 0.1596071421875 0.969325153125 0.1596071421875 0.969325153125 0.3783571421875 0.983901840625 0.3783571421875 0.983901840625 0.1596071421875
1 0.9923312890625 0.7020178578125 0.9739263796875001 0.7020178578125 0.9739263796875001 0.8582678578125 0.9923312890625 0.8582678578125 0.9923312890625 0.7020178578125