7 0.28595600625 0.6694733140625 0.223350253125 0.6694733140625 0.223350253125 0.6994311796875 0.28595600625 0.6994311796875 0.28595600625 0.6694733140625
7 0.49633671718750005 0.6694733140625 0.43373096406249995 0.6694733140625 0.43373096406249995 0.6985042140625 0.49633671718750005 0.6985042140625 0.49633671718750005 0.6694733140625
7 0.6113959390625 0.6694733140625 0.5487901859375001 0.6694733140625 0.5487901859375001 0.6985042140625 0.6113959390625 0.6985042140625 0.6113959390625 0.6694733140625
7 0.820084603125 0.668532303125 0.75747885 0.668532303125 0.75747885 0.6975632015625 0.820084603125 0.6975632015625 0.820084603125 0.668532303125
7 0.70502115 0.670407303125 0.6604610828124999 0.670407303125 0.6604610828124999 0.698497190625 0.70502115 0.698497190625 0.70502115 0.670407303125
4 0.3054145515625 0.0575842703125 0.2085448390625 0.0575842703125 0.2085448390625 0.17485955 0.3054145515625 0.17485955 0.3054145515625 0.0575842703125
7 0.283701353125 0.0252738765625 0.2391412859375 0.0252738765625 0.2391412859375 0.054304775000000007 0.283701353125 0.054304775000000007 0.283701353125 0.0252738765625
3 0.28408585 0.056179775 0.3063496296875 0.056179775 0.3059043546875 0.3954760484375 0.322824828125 0.39621525625 0.322379553125 0.3755174453125 0.4007480640625 0.3747782375 0.4003027875 0.39695446562500003 0.4167779859375 0.39621525625 0.4167779859375 0.348166765625 0.322379553125 0.3474275578125 0.322379553125 0.0554405671875 0.3468697125 0.056179775 0.3468697125 0.03474275625 0.349541365625 0.03474275625 0.3504319171875 0.023654642187499998 0.2809689203125 0.0214370203125 0.27963309375 0.034003548437499996 0.2831952984375 0.036221171875 0.28408585 0.056179775
4 0.410270728125 0.05609550625 0.3222842640625 0.05609550625 0.3222842640625 0.28362359531250003 0.410270728125 0.28362359531250003 0.410270728125 0.05609550625
7 0.39199238593749997 0.0252738765625 0.34743231875 0.0252738765625 0.34743231875 0.054304775000000007 0.39199238593749997 0.054304775000000007 0.39199238593749997 0.0252738765625
4 0.513959390625 0.055477528124999995 0.4162436546875 0.055477528124999995 0.4162436546875 0.17345505625 0.513959390625 0.17345505625 0.513959390625 0.055477528124999995
7 0.49182318125 0.0252738765625 0.4472631140625 0.0252738765625 0.4472631140625 0.054304775000000007 0.49182318125 0.054304775000000007 0.49182318125 0.0252738765625
4 0.6285955999999999 0.055477528124999995 0.530456853125 0.055477528124999995 0.530456853125 0.17275280937499998 0.6285955999999999 0.17275280937499998 0.6285955999999999 0.055477528124999995
7 0.5972969546875 0.0252738765625 0.5527368859374999 0.0252738765625 0.5527368859374999 0.054304775000000007 0.5972969546875 0.054304775000000007 0.5972969546875 0.0252738765625
3 0.722682340625 0.0554405671875 0.7217917890625001 0.3474275578125 0.6278386312500001 0.3489059734375 0.6282839078125 0.39695446562500003 0.64475910625 0.39621525625 0.64475910625 0.3755174453125 0.722682340625 0.3755174453125 0.722682340625 0.3954760484375 0.7391575390625 0.3947368421875 0.7396028140625 0.054701359375 0.7614213203125 0.054701359375 0.7614213203125 0.031785925 0.7623118718749999 0.023654642187499998 0.6950752515625 0.023654642187499998 0.695965803125 0.034003548437499996 0.6977469046875 0.056179775 0.722682340625 0.0554405671875
4 0.7221446703125001 0.055182584374999996 0.634521996875 0.055182584374999996 0.634521996875 0.282907303125 0.7221446703125001 0.282907303125 0.7221446703125001 0.055182584374999996
7 0.698819796875 0.0252738765625 0.6542597296875 0.0252738765625 0.6542597296875 0.054304775000000007 0.698819796875 0.054304775000000007 0.698819796875 0.0252738765625
4 0.8358714046875001 0.055477528124999995 0.7390016921875 0.055477528124999995 0.7390016921875 0.174157303125 0.8358714046875001 0.174157303125 0.8358714046875001 0.055477528124999995
7 0.80541878125 0.0252738765625 0.7608587140624999 0.0252738765625 0.7608587140624999 0.054304775000000007 0.80541878125 0.054304775000000007 0.80541878125 0.0252738765625
7 0.10998730937500001 0.17228230312499998 0.0925 0.17228230312499998 0.0925 0.2752738765625 0.10998730937500001 0.2752738765625 0.10998730937500001 0.17228230312499998
7 0.10942047343750001 0.4494382015625 0.09306683593750001 0.4494382015625 0.09306683593750001 0.5505617984375 0.10942047343750001 0.5505617984375 0.10942047343750001 0.4494382015625
7 0.9520600671875 0.1713483140625 0.9345727578125 0.1713483140625 0.9345727578125 0.27528089843750003 0.9520600671875 0.27528089843750003 0.9520600671875 0.1713483140625
7 0.95149323125 0.44757022500000004 0.93513959375 0.44757022500000004 0.93513959375 0.551502809375 0.95149323125 0.551502809375 0.95149323125 0.44757022500000004
3 0.9498025953125 0.1816479390625 0.9537507046875 0.17977528125 0.9531866890625 0.023408240625 0.8025944734375001 0.023408240625 0.80203045625 0.033707865625 0.8059785671874999 0.0346441953125 0.8048505359375 0.0543071171875 0.93457416875 0.05524344531249999 0.9334461359375 0.1750936328125 0.948110546875 0.1750936328125 0.9498025953125 0.1816479390625
3 0.8200789625 0.6872659171875 0.8172588828125 0.688202246875 0.8161308515625001 0.7003745328125001 0.9537507046875 0.7003745328125001 0.9531866890625 0.544007490625 0.9475465312500001 0.544007490625 0.946982515625 0.5496254671874999 0.9334461359375 0.5505617984375 0.93457416875 0.6666666671875 0.8195149468749999 0.6685393265624999 0.8200789625 0.6872659171875
3 0.9341882625 0.2735068 0.9341882625 0.4494382015625 0.9466559796875 0.450177409375 0.9479918078124999 0.453134240625 0.953780390625 0.45461265624999997 0.954225665625 0.267593140625 0.9506634609375 0.26389710312500003 0.9453201531250001 0.2742460078125 0.9341882625 0.2735068
3 0.7062071421875 0.688202246875 0.7030902125 0.6874630390625 0.7026449375 0.70002956875 0.7640929734374999 0.6970727375 0.7636476984375 0.6889414546875 0.7596402171875 0.685984625 0.7591949421875 0.6667652281249999 0.7382669875000001 0.6675044359375 0.7391575390625 0.44648137187500003 0.722682340625 0.44648137187500003 0.722682340625 0.6660260203124999 0.7053165906250001 0.6667652281249999 0.7062071421875 0.688202246875
3 0.60958233125 0.688202246875 0.6060201265625 0.6874630390625 0.6055748515625 0.700768775 0.6643512328125001 0.698551153125 0.664796509375 0.6889414546875 0.661234303125 0.685984625 0.6607890281250001 0.6675044359375 0.6443138296875001 0.66824364375 0.6443138296875001 0.44722057968750006 0.6278386312500001 0.44648137187500003 0.6278386312500001 0.6675044359375 0.60958233125 0.6675044359375 0.60958233125 0.688202246875
3 0.5525870515625 0.034003548437499996 0.5543681546875 0.033264340625 0.5552587046874999 0.022176228125 0.4884673609375 0.022915434374999998 0.4884673609375 0.0325251328125 0.491584290625 0.03474275625 0.49113901562500006 0.0554405671875 0.513848071875 0.054701359375 0.5142933484375 0.6667652281249999 0.496037046875 0.6667652281249999 0.49559177187500003 0.6867238312499999 0.49202956562500005 0.6874630390625 0.491584290625 0.70002956875 0.5525870515625 0.6992903609375001 0.553032328125 0.6896806625 0.549470121875 0.6889414546875 0.5490248453125 0.6660260203124999 0.5307685453125 0.6675044359375 0.5307685453125 0.0554405671875 0.5525870515625 0.0554405671875 0.5525870515625 0.034003548437499996
3 0.28586695156249997 0.6852454171875 0.281859471875 0.685984625 0.2814141953125 0.70002956875 0.3441980578125 0.698551153125 0.34330750781249997 0.6867238312499999 0.340635853125 0.685984625 0.3397453015625 0.6660260203124999 0.322379553125 0.6667652281249999 0.322379553125 0.44722057968750006 0.30545907968749997 0.44722057968750006 0.30545907968749997 0.6667652281249999 0.2854216765625 0.6675044359375 0.28586695156249997 0.6852454171875
3 0.3838275890625 0.6867238312499999 0.3793748328125 0.688202246875 0.3793748328125 0.6992903609375001 0.4394870421875 0.6992903609375001 0.4394870421875 0.6889414546875 0.43547956250000003 0.688202246875 0.4350342859375 0.66824364375 0.41633270937500005 0.6675044359375 0.41633270937500005 0.44722057968750006 0.4003027875 0.44648137187500003 0.4007480640625 0.6667652281249999 0.3833823140625 0.6675044359375 0.3838275890625 0.6867238312499999
3 0.0984059125 0.5507096390624999 0.0984059125 0.5447959796874999 0.090836228125 0.5447959796874999 0.091281503125 0.70002956875 0.228871671875 0.70002956875 0.228871671875 0.685984625 0.2257547421875 0.685984625 0.2257547421875 0.6667652281249999 0.10998307968750001 0.6667652281249999 0.11042835468750001 0.54997043125 0.0984059125 0.5507096390624999
3 0.090836228125 0.2668539328125 0.0903909515625 0.45387344843750005 0.0970700859375 0.4553518625 0.09751536250000001 0.44795978593749997 0.11087363125000001 0.44795978593749997 0.11042835468750001 0.27646363125 0.0988511890625 0.2735068 0.0966248109375 0.2668539328125 0.090836228125 0.2668539328125
3 0.24000356250000002 0.036221171875 0.24401104375 0.03474275625 0.2431204921875 0.023654642187499998 0.090836228125 0.023654642187499998 0.090836228125 0.1796274390625 0.0970700859375 0.18036664687499998 0.0979606375 0.172974571875 0.11087363125000001 0.172974571875 0.11131890625 0.056179775 0.2391130109375 0.054701359375 0.24000356250000002 0.036221171875
3 0.3900614484375 0.056179775 0.44839255468749994 0.056179775 0.44794727968750003 0.03474275625 0.45106420937499997 0.03474275625 0.451509484375 0.02439385 0.38783507031250003 0.022915434374999998 0.38783507031250003 0.034003548437499996 0.3909519984375 0.034003548437499996 0.3900614484375 0.056179775
2 0.3396785109375 0.700842696875 0.3540609140625 0.7282303375 0.3684433171875 0.727528090625 0.3819796953125 0.7057584265625 0.38113367187499997 0.700842696875 0.379441625 0.6896067421875001 0.3840947546875 0.688202246875 0.3845177671875 0.6685393265624999 0.3375634515625 0.6664325843750001 0.338409475 0.686797753125 0.3422165828125 0.693820225 0.3396785109375 0.700842696875
1 0.40059221718750004 0.6151685390625 0.322335025 0.6151685390625 0.322335025 0.667837078125 0.40059221718750004 0.667837078125 0.40059221718750004 0.6151685390625
2 0.36886632812500003 0.6439606734375001 0.3857868015625 0.618679775 0.3840947546875 0.6067415734375 0.34052453437499997 0.6074438203125 0.3388324875 0.616573034375 0.35532995 0.644662921875 0.36886632812500003 0.6439606734375001
4 0.3054145515625 0.48595505625 0.2085448390625 0.48595505625 0.2085448390625 0.6671348312500001 0.3054145515625 0.6671348312500001 0.3054145515625 0.48595505625
2 0.2669204734375 0.4887640453125 0.2664974625 0.47612359531250004 0.23773265625 0.47612359531250004 0.23773265625 0.48595505625 0.24576988125 0.52668539375 0.2669204734375 0.4887640453125
4 0.20262267343749998 0.3658707859375 0.110406090625 0.3658707859375 0.110406090625 0.6657303375 0.20262267343749998 0.6657303375 0.20262267343749998 0.3658707859375
2 0.20389170937499998 0.4466292140625 0.208121828125 0.4466292140625 0.207698815625 0.3981741578125 0.2030456859375 0.3995786515625 0.1827411171875 0.43258427031249996 0.20389170937499998 0.4466292140625
2 0.306260575 0.4487359546875 0.3214890015625 0.4487359546875 0.320219965625 0.3932584265625 0.306260575 0.3932584265625 0.28637901875 0.4094101125 0.306260575 0.4487359546875
2 0.41539763125 0.39536516875 0.40186125156249997 0.3932584265625 0.40270727656250005 0.4480337078125 0.4162436546875 0.4480337078125 0.43654822343750005 0.41011235937499996 0.41539763125 0.39536516875
4 0.513959390625 0.48735955000000003 0.4162436546875 0.48735955000000003 0.4162436546875 0.6671348312500001 0.513959390625 0.6671348312500001 0.513959390625 0.48735955000000003
2 0.47842639531250003 0.4880617984375 0.47758037187499996 0.4782303375 0.449238578125 0.4782303375 0.44796954375000003 0.486657303125 0.4564297796875 0.5252808984375 0.47842639531250003 0.4880617984375
4 0.6281725890625001 0.48595505625 0.530456853125 0.48595505625 0.530456853125 0.6685393265624999 0.6281725890625001 0.6685393265624999 0.6281725890625001 0.48595505625
2 0.5968697125 0.48455056250000006 0.5977157359375 0.478932584375 0.5689509312500001 0.477528090625 0.5659898484375 0.48595505625 0.5901015234375 0.5252808984375 0.5968697125 0.48455056250000006
1 0.5757191203125 0.367977528125 0.5613367171875 0.36727528125000003 0.5613367171875 0.47612359531250004 0.627326565625 0.47612359531250004 0.6281725890625001 0.1832865171875 0.5820642984375 0.1839887640625 0.5812182734375 0.3799157296875 0.5761421312499999 0.37851123593749997 0.5757191203125 0.367977528125
2 0.5812182734375 0.43609550625000004 0.5626057531249999 0.4030898875 0.5558375640625 0.40238764062500004 0.5566835875 0.4403089890625 0.5596446703125 0.4403089890625 0.5812182734375 0.43609550625000004
2 0.629441625 0.4494382015625 0.6438240265624999 0.45014044999999997 0.6421319796875 0.394662921875 0.629441625 0.39396067343749996 0.6078680203125 0.41011235937499996 0.629441625 0.4494382015625
6 0.5554145515625 0.40449438125 0.5617597296875 0.40519662968750003 0.56091370625 0.3658707859375 0.57698815625 0.3658707859375 0.5757191203125 0.3792134828125 0.5816412859375 0.3792134828125 0.5820642984375 0.33918539375 0.5774111671875 0.33918539375 0.57656514375 0.3567415734375 0.530456853125 0.35603932656250004 0.5308798640625 0.3658707859375 0.5554145515625 0.366573034375 0.5554145515625 0.40449438125
2 0.5807952625 0.3405898875 0.5807952625 0.30477528125000003 0.5592216578125 0.31109550625 0.5761421312499999 0.341292134375 0.5807952625 0.3405898875
6 0.4627749578125 0.3792134828125 0.4691201359375 0.37851123593749997 0.4691201359375 0.36727528125000003 0.48434856249999997 0.36727528125000003 0.4847715734375 0.4058988765625 0.48900169218749995 0.40519662968750003 0.4885786796875 0.366573034375 0.5152284265625 0.366573034375 0.5148054140625 0.3567415734375 0.4682741109375 0.3567415734375 0.4682741109375 0.339887640625 0.4627749578125 0.341292134375 0.4627749578125 0.3792134828125
0 0.513959390625 0.29353932656250004 0.4691201359375 0.29353932656250004 0.4691201359375 0.35603932656250004 0.513959390625 0.35603932656250004 0.513959390625 0.29353932656250004
1 0.4826565140625 0.36867977500000004 0.4712351953125 0.369382021875 0.469966159375 0.3799157296875 0.46235194531249996 0.3799157296875 0.4627749578125 0.1832865171875 0.417089678125 0.1839887640625 0.417089678125 0.47542134843749995 0.48307952656250003 0.4768258421875 0.4826565140625 0.36867977500000004
2 0.4682741109375 0.305477528125 0.4644670046875 0.306882021875 0.46404399375 0.341292134375 0.469966159375 0.34199438125000003 0.48561759687499995 0.3125 0.4682741109375 0.305477528125
2 0.4665820640625 0.2745786515625 0.4678511 0.23735955 0.46192893437500004 0.23735955 0.44247038906249997 0.2682584265625 0.4665820640625 0.2745786515625
2 0.602368865625 0.2682584265625 0.5837563453125 0.235252809375 0.5774111671875 0.2394662921875 0.57698815625 0.272471909375 0.582910321875 0.2738764046875 0.602368865625 0.2682584265625
2 0.465313028125 0.4346910109375 0.48815566875 0.4396067421875 0.4885786796875 0.40238764062500004 0.48392555000000004 0.40238764062500004 0.46573604062499996 0.4283707859375 0.465313028125 0.4346910109375
1 0.3054145515625 0.36867977500000004 0.26057529687500003 0.367977528125 0.26015228437500004 0.3799157296875 0.2533840953125 0.3792134828125 0.2529610828125 0.1846910109375 0.20896785156250003 0.1832865171875 0.20896785156250003 0.4768258421875 0.304568528125 0.47612359531250004 0.3054145515625 0.36867977500000004
2 0.2533840953125 0.3103932578125 0.25423011875 0.3490168546875 0.26057529687500003 0.3490168546875 0.275803721875 0.3174157296875 0.2533840953125 0.3103932578125
2 0.20389170937499998 0.3103932578125 0.203468696875 0.346207865625 0.22588832499999997 0.33778089843750003 0.2093908625 0.30898876406250003 0.20389170937499998 0.3103932578125
4 0.20262267343749998 0.056179775 0.11082910312500001 0.056179775 0.11082910312500001 0.283707865625 0.20262267343749998 0.283707865625 0.20262267343749998 0.056179775
2 0.2068527921875 0.269662921875 0.2068527921875 0.222612359375 0.18104906875 0.23595505625 0.2021996609375 0.272471909375 0.2068527921875 0.269662921875
2 0.25846023749999997 0.2738764046875 0.25846023749999997 0.23806179843750003 0.2529610828125 0.23735955 0.2347715734375 0.2682584265625 0.25846023749999997 0.2738764046875
2 0.2174280875 0.1706460671875 0.21827411093750002 0.181882021875 0.240270728125 0.1825842703125 0.240270728125 0.17345505625 0.2347715734375 0.14396067343750002 0.2174280875 0.1706460671875
6 0.14847715781249998 0.35603932656250004 0.14932318125 0.2942415734375 0.20262267343749998 0.29353932656250004 0.2021996609375 0.311797753125 0.2085448390625 0.3125 0.2093908625 0.2682584265625 0.203468696875 0.2661516859375 0.2030456859375 0.28581460625 0.13747884999999999 0.2844101125 0.136632825 0.292837078125 0.142978003125 0.29353932656250004 0.142978003125 0.3567415734375 0.110406090625 0.3574438203125 0.110406090625 0.36727528125000003 0.20177665 0.366573034375 0.20262267343749998 0.3988764046875 0.2085448390625 0.3988764046875 0.207698815625 0.3448033703125 0.2030456859375 0.3441011234375 0.203468696875 0.3567415734375 0.14847715781249998 0.35603932656250004
1 0.1421319796875 0.29353932656250004 0.110406090625 0.29353932656250004 0.110406090625 0.355337078125 0.1421319796875 0.355337078125 0.1421319796875 0.29353932656250004
6 0.11717428125 0.283707865625 0.10998307968750001 0.283707865625 0.10998307968750001 0.2942415734375 0.11717428125 0.2942415734375 0.11717428125 0.283707865625
2 0.1163282578125 0.2823033703125 0.11675126875 0.29213483125 0.13747884999999999 0.292837078125 0.1379018609375 0.283707865625 0.1319796953125 0.2549157296875 0.1163282578125 0.2823033703125
2 0.3358714046875 0.27949438125000003 0.336717428125 0.29143258437499997 0.3599830796875 0.29143258437499997 0.3595600671875 0.283707865625 0.352791878125 0.255617978125 0.3358714046875 0.27949438125000003
2 0.3760575296875 0.28300561874999997 0.376903553125 0.292837078125 0.39890016875 0.29143258437499997 0.3980541453125 0.2844101125 0.3921319796875 0.2549157296875 0.3760575296875 0.28300561874999997
2 0.41497461874999997 0.2619382015625 0.41455160781249994 0.214887640625 0.3883248734375 0.22752809062499998 0.4103214890625 0.2661516859375 0.41497461874999997 0.2619382015625
2 0.429357021875 0.1706460671875 0.42978003437499995 0.1825842703125 0.4526226734375 0.181882021875 0.4526226734375 0.174157303125 0.44670050781250004 0.146067415625 0.429357021875 0.1706460671875
2 0.5913705578124999 0.17345505625 0.5913705578124999 0.181882021875 0.613367175 0.181882021875 0.6159052453125 0.17275280937499998 0.598561759375 0.146067415625 0.5913705578124999 0.17345505625
2 0.6340947546875 0.214887640625 0.6290186125 0.21558988750000002 0.6302876484375 0.2612359546875 0.636632825 0.26404494375 0.65693739375 0.228932584375 0.6340947546875 0.214887640625
2 0.646785109375 0.2823033703125 0.646785109375 0.29213483125 0.6692047375 0.29213483125 0.6700507609375 0.283707865625 0.6518612515625 0.255617978125 0.646785109375 0.2823033703125
2 0.6844331640625 0.285112359375 0.6848561765625 0.29143258437499997 0.708121828125 0.29213483125 0.708121828125 0.283707865625 0.693739425 0.25632022499999996 0.6844331640625 0.285112359375
1 0.784263959375 0.36727528125000003 0.739424703125 0.36727528125000003 0.7390016921875 0.477528090625 0.8358714046875001 0.4768258421875 0.8362944156250001 0.1832865171875 0.7910321484375 0.1839887640625 0.7910321484375 0.3799157296875 0.7851099828125 0.3799157296875 0.784263959375 0.36727528125000003
6 0.784686971875 0.3792134828125 0.7910321484375 0.380617978125 0.7910321484375 0.3469101125 0.78595600625 0.346207865625 0.7855329953125 0.3581460671875 0.7385786796875 0.3567415734375 0.7385786796875 0.366573034375 0.7851099828125 0.36727528125000003 0.784686971875 0.3792134828125
0 0.784686971875 0.2956460671875 0.739424703125 0.2956460671875 0.739424703125 0.35603932656250004 0.784686971875 0.35603932656250004 0.784686971875 0.2956460671875
2 0.78595600625 0.34971910156249997 0.7893401015625 0.3490168546875 0.790186125 0.311797753125 0.7711505921875 0.3167134828125 0.7707275796874999 0.3223314609375 0.78595600625 0.34971910156249997
2 0.7381556687499999 0.394662921875 0.723773265625 0.3918539328125 0.724196278125 0.4487359546875 0.7373096453125 0.4494382015625 0.7614213203125 0.40730337031249997 0.7381556687499999 0.394662921875
4 0.8362944156250001 0.48525280937500004 0.7390016921875 0.48525280937500004 0.7390016921875 0.6671348312500001 0.8362944156250001 0.6671348312500001 0.8362944156250001 0.48525280937500004
2 0.8071065984375 0.48595505625 0.808375634375 0.4782303375 0.7796108296875001 0.4782303375 0.7774957703125 0.48595505625 0.7990693734375001 0.52668539375 0.8071065984375 0.48595505625
4 0.9340101515624999 0.366573034375 0.8422165828124999 0.366573034375 0.8422165828124999 0.6671348312500001 0.9340101515624999 0.6671348312500001 0.9340101515624999 0.366573034375
2 0.8413705578125 0.3988764046875 0.837140440625 0.3981741578125 0.8367174281249999 0.44452247187499994 0.8417935703125 0.44452247187499994 0.8629441625000001 0.43117977500000004 0.8413705578125 0.3988764046875
2 0.8358714046875001 0.3469101125 0.840524534375 0.346207865625 0.840947546875 0.31109550625 0.8354483921875 0.3082865171875 0.8185279187500001 0.3384831453125 0.8358714046875001 0.3469101125
4 0.933587140625 0.056179775 0.8422165828124999 0.056179775 0.8422165828124999 0.283707865625 0.933587140625 0.283707865625 0.933587140625 0.056179775
2 0.8413705578125 0.22191011249999998 0.8367174281249999 0.22191011249999998 0.8367174281249999 0.2675561796875 0.84306260625 0.2682584265625 0.8650592218750001 0.23595505625 0.8413705578125 0.22191011249999998
6 0.909052453125 0.2823033703125 0.8417935703125 0.28300561874999997 0.8422165828124999 0.2675561796875 0.8358714046875001 0.26896067343749996 0.8362944156250001 0.3153089890625 0.8422165828124999 0.311797753125 0.8417935703125 0.292837078125 0.8959390859375 0.29213483125 0.8959390859375 0.35603932656250004 0.8413705578125 0.3574438203125 0.840524534375 0.3448033703125 0.8362944156250001 0.3469101125 0.8367174281249999 0.40168539374999995 0.8422165828124999 0.4009831453125 0.8417935703125 0.36727528125000003 0.9352791874999999 0.36727528125000003 0.9340101515624999 0.3567415734375 0.901438240625 0.3567415734375 0.9018612515625 0.29213483125 0.909475465625 0.29213483125 0.909052453125 0.2823033703125
1 0.933164128125 0.29213483125 0.9018612515625 0.29213483125 0.9018612515625 0.3567415734375 0.933164128125 0.3567415734375 0.933164128125 0.29213483125
2 0.9077834171875001 0.2844101125 0.9077834171875001 0.29143258437499997 0.9285109984375 0.2907303375 0.929357021875 0.283707865625 0.9162436546875 0.2591292140625 0.9077834171875001 0.2844101125
2 0.8049915390625 0.17345505625 0.8049915390625 0.1825842703125 0.82698815625 0.181882021875 0.8278341796875001 0.17345505625 0.8117597296874999 0.14396067343750002 0.8049915390625 0.17345505625
2 0.7906091375 0.2345505625 0.7855329953125 0.23665730312500002 0.78595600625 0.2738764046875 0.7914551609375 0.2731741578125 0.8092216578125001 0.2661516859375 0.7906091375 0.2345505625
6 0.780033840625 0.4768258421875 0.7390016921875 0.4768258421875 0.7390016921875 0.48525280937500004 0.780033840625 0.48525280937500004 0.780033840625 0.4768258421875
1 0.72208121875 0.2942415734375 0.6810490687499999 0.2942415734375 0.6810490687499999 0.347612359375 0.72208121875 0.347612359375 0.72208121875 0.2942415734375
6 0.723350253125 0.285112359375 0.7068527921875 0.285112359375 0.7068527921875 0.29353932656250004 0.723350253125 0.29353932656250004 0.723350253125 0.285112359375
6 0.6277495765625 0.4768258421875 0.5956006765625 0.4768258421875 0.5956006765625 0.48595505625 0.6277495765625 0.48595505625 0.6277495765625 0.4768258421875
6 0.8054145515625001 0.4782303375 0.8049915390625 0.48595505625 0.837140440625 0.48735955000000003 0.8367174281249999 0.6671348312500001 0.8422165828124999 0.6664325843750001 0.8417935703125 0.443117978125 0.8362944156250001 0.44522471875 0.8367174281249999 0.4768258421875 0.8054145515625001 0.4782303375
6 0.9348561765625 0.2844101125 0.9268189515625 0.2844101125 0.9268189515625 0.29353932656250004 0.9348561765625 0.29353932656250004 0.9348561765625 0.2844101125
6 0.8261421312499999 0.174157303125 0.8261421312499999 0.1832865171875 0.8362944156250001 0.181882021875 0.8358714046875001 0.2247191015625 0.8413705578125 0.2254213484375 0.8422165828124999 0.056179775 0.8362944156250001 0.055477528124999995 0.8362944156250001 0.17345505625 0.8261421312499999 0.174157303125
6 0.784686971875 0.2394662921875 0.7906091375 0.2394662921875 0.7914551609375 0.1832865171875 0.8058375640625 0.1832865171875 0.8066835875 0.1755617984375 0.7390016921875 0.174157303125 0.7385786796875 0.1832865171875 0.784686971875 0.1839887640625 0.784686971875 0.2394662921875
6 0.784686971875 0.3153089890625 0.791878171875 0.3167134828125 0.7914551609375 0.2717696625 0.784263959375 0.269662921875 0.7851099828125 0.283707865625 0.7390016921875 0.2823033703125 0.739424703125 0.2949438203125 0.784263959375 0.2942415734375 0.784686971875 0.3153089890625
6 0.6738578687500001 0.347612359375 0.6802030453125 0.34831460625 0.6810490687499999 0.2942415734375 0.6861252109375 0.2942415734375 0.6865482234375 0.285112359375 0.667512690625 0.2844101125 0.6666666671875 0.29213483125 0.6742808796875 0.292837078125 0.6738578687500001 0.347612359375
6 0.646785109375 0.292837078125 0.645516075 0.2844101125 0.6336717421875 0.285112359375 0.6332487312499999 0.2591292140625 0.6285955999999999 0.2619382015625 0.6290186125 0.34971910156249997 0.6336717421875 0.34971910156249997 0.6336717421875 0.29213483125 0.646785109375 0.292837078125
6 0.6142131984375 0.17345505625 0.613367175 0.181882021875 0.6281725890625001 0.1825842703125 0.6281725890625001 0.214887640625 0.63282571875 0.21699438125 0.6345177671875 0.054073034374999995 0.629441625 0.054073034374999995 0.6285955999999999 0.17485955 0.6142131984375 0.17345505625
3 0.5964467 0.056179775 0.6535533 0.056179775 0.6531302875 0.0344101125 0.65693739375 0.033707865625 0.65693739375 0.0231741578125 0.5934856171875 0.0231741578125 0.5934856171875 0.030196629687499997 0.5964467 0.0323033703125 0.5964467 0.056179775
6 0.5757191203125 0.2394662921875 0.5816412859375 0.23806179843750003 0.5816412859375 0.1846910109375 0.59306260625 0.1839887640625 0.59306260625 0.174157303125 0.5308798640625 0.17275280937499998 0.530033840625 0.1839887640625 0.5757191203125 0.1839887640625 0.5757191203125 0.2394662921875
6 0.5757191203125 0.30898876406250003 0.5816412859375 0.3103932578125 0.5816412859375 0.2731741578125 0.57698815625 0.272471909375 0.5761421312499999 0.285112359375 0.5317258890625001 0.285112359375 0.5296108296875001 0.2942415734375 0.5757191203125 0.29353932656250004 0.5757191203125 0.30898876406250003
6 0.5697969546875 0.4768258421875 0.5613367171875 0.4768258421875 0.5621827406250001 0.4396067421875 0.5554145515625 0.4375 0.5554145515625 0.47612359531250004 0.5308798640625 0.477528090625 0.5296108296875001 0.48525280937500004 0.5693739421874999 0.48525280937500004 0.5697969546875 0.4768258421875
6 0.48900169218749995 0.4375 0.48392555000000004 0.438202246875 0.48392555000000004 0.47612359531250004 0.4754653125 0.4768258421875 0.4754653125 0.48595505625 0.513959390625 0.48595505625 0.5148054140625 0.4768258421875 0.48815566875 0.478932584375 0.48900169218749995 0.4375
6 0.43147208125000003 0.1832865171875 0.4306260578125 0.17345505625 0.4162436546875 0.17345505625 0.4162436546875 0.056179775 0.4103214890625 0.056882021875 0.411590525 0.2183988765625 0.4166666671875 0.21769662968749998 0.4166666671875 0.1825842703125 0.43147208125000003 0.1832865171875
6 0.46362098124999995 0.238721909375 0.46869712343750003 0.23731741562500003 0.4691201359375 0.1839466296875 0.5148054140625 0.18324438125 0.513959390625 0.173412921875 0.45050761406250006 0.174817415625 0.45177664999999995 0.1846488765625 0.46192893437500004 0.18324438125 0.46362098124999995 0.238721909375
6 0.46319797031250004 0.307542134375 0.46869712343750003 0.306137640625 0.46869712343750003 0.2941994375 0.5148054140625 0.293497190625 0.513959390625 0.2829634828125 0.4682741109375 0.28436797812500003 0.4674280875 0.27102528124999997 0.4627749578125 0.272429775 0.46319797031250004 0.307542134375
6 0.44839255468749994 0.4768258421875 0.4166666671875 0.4768258421875 0.4166666671875 0.486657303125 0.44839255468749994 0.486657303125 0.44839255468749994 0.4768258421875
1 0.3637901859375 0.292837078125 0.322335025 0.292837078125 0.322335025 0.347612359375 0.3637901859375 0.347612359375 0.3637901859375 0.292837078125
6 0.3375634515625 0.283707865625 0.3219120140625 0.283707865625 0.3219120140625 0.29353932656250004 0.3375634515625 0.29353932656250004 0.3375634515625 0.283707865625
6 0.3054145515625 0.4768258421875 0.2652284265625 0.4768258421875 0.2652284265625 0.486657303125 0.3054145515625 0.486657303125 0.3054145515625 0.4768258421875
6 0.39890016875 0.2844101125 0.397631134375 0.29353932656250004 0.40989847656249995 0.29353932656250004 0.4103214890625 0.34971910156249997 0.41582064374999994 0.3504213484375 0.4166666671875 0.26053370781249996 0.411590525 0.26053370781249996 0.41074450156250003 0.2844101125 0.39890016875 0.2844101125
6 0.3637901859375 0.34971910156249997 0.370558375 0.34831460625 0.37140439999999997 0.2942415734375 0.376903553125 0.29353932656250004 0.37774957656249997 0.283707865625 0.3578680203125 0.28300561874999997 0.357021996875 0.2942415734375 0.364636209375 0.2942415734375 0.3637901859375 0.34971910156249997
6 0.25380710624999997 0.2387640453125 0.259729271875 0.23806179843750003 0.259729271875 0.1832865171875 0.306260575 0.1832865171875 0.3058375640625 0.17345505625 0.2390016921875 0.174157303125 0.2390016921875 0.1839887640625 0.2533840953125 0.1832865171875 0.25380710624999997 0.2387640453125
6 0.25380710624999997 0.31390449375 0.2593062609375 0.311797753125 0.2588832484375 0.292837078125 0.306260575 0.292837078125 0.3054145515625 0.285112359375 0.2593062609375 0.283707865625 0.2588832484375 0.2717696625 0.2533840953125 0.2731741578125 0.25380710624999997 0.31390449375
6 0.25380710624999997 0.3792134828125 0.2593062609375 0.3792134828125 0.26015228437500004 0.367977528125 0.306260575 0.36727528125000003 0.306260575 0.35603932656250004 0.2593062609375 0.3567415734375 0.2588832484375 0.3469101125 0.2533840953125 0.347612359375 0.25380710624999997 0.3792134828125
6 0.2390016921875 0.48525280937500004 0.239424703125 0.4768258421875 0.2085448390625 0.477528090625 0.208121828125 0.44241572968750004 0.20262267343749998 0.443117978125 0.20262267343749998 0.6685393265624999 0.208121828125 0.667837078125 0.2085448390625 0.48525280937500004 0.2390016921875 0.48525280937500004
6 0.21827411093750002 0.181882021875 0.2191201359375 0.17485955 0.208121828125 0.174157303125 0.2085448390625 0.056179775 0.2021996609375 0.056882021875 0.203468696875 0.2247191015625 0.208121828125 0.22401685468750002 0.208121828125 0.1825842703125 0.21827411093750002 0.181882021875
0 0.513959390625 0.1832865171875 0.46869712343750003 0.1832865171875 0.46869712343750003 0.28300561874999997 0.513959390625 0.28300561874999997 0.513959390625 0.1832865171875
0 0.5761421312499999 0.1839887640625 0.5308798640625 0.1839887640625 0.5308798640625 0.283707865625 0.5761421312499999 0.283707865625 0.5761421312499999 0.1839887640625
0 0.5757191203125 0.2942415734375 0.5308798640625 0.2942415734375 0.5308798640625 0.3567415734375 0.5757191203125 0.3567415734375 0.5757191203125 0.2942415734375
0 0.3054145515625 0.2942415734375 0.2593062609375 0.2942415734375 0.2593062609375 0.3567415734375 0.3054145515625 0.3567415734375 0.3054145515625 0.2942415734375
0 0.30414551562500003 0.1832865171875 0.26015228437500004 0.1832865171875 0.26015228437500004 0.283707865625 0.30414551562500003 0.283707865625 0.30414551562500003 0.1832865171875
1 0.40989847656249995 0.2942415734375 0.37140439999999997 0.2942415734375 0.37140439999999997 0.34831460625 0.40989847656249995 0.34831460625 0.40989847656249995 0.2942415734375
1 0.20177665 0.2942415734375 0.14932318125 0.2942415734375 0.14932318125 0.355337078125 0.20177665 0.355337078125 0.20177665 0.2942415734375
1 0.40059221718750004 0.375702246875 0.322335025 0.375702246875 0.322335025 0.44452247187499994 0.40059221718750004 0.44452247187499994 0.40059221718750004 0.375702246875
1 0.5135363796875 0.367977528125 0.48942470312499997 0.367977528125 0.48942470312499997 0.47612359531250004 0.5135363796875 0.47612359531250004 0.5135363796875 0.367977528125
1 0.5549915390625 0.367977528125 0.5308798640625 0.367977528125 0.5308798640625 0.47612359531250004 0.5549915390625 0.47612359531250004 0.5549915390625 0.367977528125
6 0.34052453437499997 0.6074438203125 0.322335025 0.6074438203125 0.322335025 0.6151685390625 0.34052453437499997 0.6151685390625 0.34052453437499997 0.6074438203125
6 0.4001692046875 0.6060393265624999 0.3836717421875 0.6060393265624999 0.3836717421875 0.6151685390625 0.4001692046875 0.6151685390625 0.4001692046875 0.6060393265624999
5 0.40059221718750004 0.44452247187499994 0.322335025 0.44452247187499994 0.322335025 0.6060393265624999 0.40059221718750004 0.6060393265624999 0.40059221718750004 0.44452247187499994
5 0.7225042296875 0.44452247187499994 0.6442470390625 0.44452247187499994 0.6442470390625 0.6671348312500001 0.7225042296875 0.6671348312500001 0.7225042296875 0.44452247187499994
1 0.723350253125 0.374297753125 0.6438240265624999 0.374297753125 0.6438240265624999 0.44382022499999996 0.723350253125 0.44382022499999996 0.723350253125 0.374297753125
1 0.67343485625 0.29353932656250004 0.6336717421875 0.29353932656250004 0.6336717421875 0.3469101125 0.67343485625 0.3469101125 0.67343485625 0.29353932656250004
1 0.8950930625 0.29353932656250004 0.8422165828124999 0.29353932656250004 0.8422165828124999 0.35603932656250004 0.8950930625 0.35603932656250004 0.8950930625 0.29353932656250004
0 0.784686971875 0.1825842703125 0.739424703125 0.1825842703125 0.739424703125 0.28300561874999997 0.784686971875 0.28300561874999997 0.784686971875 0.1825842703125