3 0.2711464796875 0.11956208593749999 0.260831121875 0.12100259218750001 0.260831121875 0.1541342546875 0.30209254375 0.15557476406249998 0.30209254375 0.12100259218750001 0.2947244328125 0.11956208593749999 0.2947244328125 0.061941804687500004 0.30209254375 0.061941804687500004 0.3035661640625 0.0403341984375 0.0530503984375 0.0403341984375 0.0486295328125 0.059060790625000005 0.0633657546875 0.0605012953125 0.060418509375 0.1526937484375 0.0987326859375 0.1526937484375 0.095785440625 0.11812158125000001 0.07957559843749999 0.11812158125000001 0.08104921875 0.059060790625000005 0.27262010000000003 0.059060790625000005 0.2711464796875 0.11956208593749999
4 0.2738314171875 0.1542134828125 0.085632184375 0.1542134828125 0.085632184375 0.47365168593750007 0.2738314171875 0.47365168593750007 0.2738314171875 0.1542134828125
7 0.19157088125 0.11810861406249999 0.09724137968749999 0.11810861406249999 0.09724137968749999 0.15267790312500001 0.19157088125 0.15267790312500001 0.19157088125 0.11810861406249999
7 0.2932758625 0.8974157296874999 0.1252682 0.8974157296874999 0.1252682 0.9406367046874999 0.2932758625 0.9406367046874999 0.2932758625 0.8974157296874999
7 0.5481800765625 0.8945505624999999 0.37136015312500004 0.8945505624999999 0.37136015312500004 0.9363108609375 0.5481800765625 0.9363108609375 0.5481800765625 0.8945505624999999
7 0.7942911875 0.8960112359375 0.6587356328125 0.8960112359375 0.6587356328125 0.9363483140625 0.7942911875 0.9363483140625 0.7942911875 0.8960112359375
3 0.128218390625 0.8974157296874999 0.0545402296875 0.8974157296874999 0.0545402296875 0.9406367046874999 0.128218390625 0.9406367046874999 0.128218390625 0.8974157296874999
3 0.36988505781250003 0.898857678125 0.2932567046875 0.898857678125 0.2932567046875 0.93919475625 0.36988505781250003 0.93919475625 0.36988505781250003 0.898857678125
3 0.6601915703125 0.8945692890625001 0.5452490421875 0.8945692890625001 0.5452490421875 0.9377902625000001 0.6601915703125 0.9377902625000001 0.6601915703125 0.8945692890625001
3 0.8723754796875 0.8960112359375 0.7942911875 0.8960112359375 0.7942911875 0.9363483140625 0.8723754796875 0.9363483140625 0.8723754796875 0.8960112359375
3 0.8001724140625001 0.47537453125000007 0.259367815625 0.47537453125000007 0.259367815625 0.502752809375 0.8001724140625001 0.502752809375 0.8001724140625001 0.47537453125000007
4 0.32567049843749996 0.5860321640625 0.447374353125 0.584930603125 0.447374353125 0.50341485 0.089024115625 0.50341485 0.09015100312499999 0.8966732765625001 0.3267973875 0.8977748390625001 0.32567049843749996 0.5860321640625
3 0.0633657546875 0.50129645625 0.064839375 0.900316909375 0.0884173296875 0.900316909375 0.0884173296875 0.499855946875 0.0633657546875 0.50129645625
3 0.198927203125 0.4782584265625 0.05157088125 0.4782584265625 0.05157088125 0.5012921343750001 0.198927203125 0.5012921343750001 0.198927203125 0.4782584265625
6 0.730223121875 0.6818682546875 0.730223121875 0.6752588687500001 0.717827359375 0.674157303125 0.7189542484375 0.6939854609375 0.8451656515625 0.695087021875 0.8440387656249999 0.7347433375 0.7290962375000001 0.7358448984375 0.7290962375000001 0.7281339515624999 0.717827359375 0.7281339515624999 0.717827359375 0.7347433375 0.7088122609374999 0.733641771875 0.707685371875 0.7479621046875 0.842911878125 0.7490636703125 0.842911878125 0.8966732765625001 0.8609420765625 0.8944701453125001 0.8609420765625 0.6025556296875 0.8417849890625 0.6025556296875 0.8451656515625 0.6829698171875 0.730223121875 0.6818682546875
0 0.8440421453125 0.6025468171874999 0.730210728125 0.6025468171874999 0.730210728125 0.681872659375 0.8440421453125 0.681872659375 0.8440421453125 0.6025468171874999
3 0.8590996171875 0.569007490625 0.7589080453125 0.569007490625 0.7589080453125 0.6035767796875 0.8590996171875 0.6035767796875 0.8590996171875 0.569007490625
3 0.0854597703125 0.15413857656250002 0.0618965515625 0.15413857656250002 0.0618965515625 0.47679775312499995 0.0854597703125 0.47679775312499995 0.0854597703125 0.15413857656250002
3 0.300632184375 0.154157303125 0.2711685828125 0.154157303125 0.2711685828125 0.479700375 0.300632184375 0.479700375 0.300632184375 0.154157303125
2 0.730223121875 0.538664903125 0.7279693484374999 0.5540868015625 0.757268425 0.5529852390625 0.757268425 0.5684071390625001 0.7888212765625 0.5684071390625001 0.7876943875 0.5518836734375 0.8215010156250001 0.5518836734375 0.8192472375 0.5430711609375 0.7854406125 0.5419695953125 0.7876943875 0.5210398765625001 0.7606490875 0.5221414421875 0.7595221999999999 0.5408680343750001 0.730223121875 0.538664903125
3 0.7854406125 0.5027340828125 0.7603831421875 0.5027340828125 0.7603831421875 0.5200374531249999 0.7854406125 0.5200374531249999 0.7854406125 0.5027340828125
2 0.22312373124999998 0.18726591718750002 0.23551949374999998 0.185062790625 0.23551949374999998 0.158625246875 0.262564796875 0.158625246875 0.2614379078125 0.12007050156250001 0.23890015781249999 0.11896893593749999 0.23551949374999998 0.09142983125000001 0.2242506203125 0.0892267 0.2242506203125 0.116765809375 0.1926977703125 0.11566424374999999 0.19495154374999998 0.1575236859375 0.22312373124999998 0.158625246875 0.22312373124999998 0.18726591718750002
2 0.2276312828125 0.5353602093750001 0.23890015781249999 0.5342586484375 0.23890015781249999 0.50671954375 0.2614379078125 0.5078211046875001 0.262564796875 0.4758757453125 0.23890015781249999 0.4758757453125 0.237773271875 0.44503194375 0.2276312828125 0.44393038125000006 0.22650439531250002 0.47367261406249994 0.19495154374999998 0.4758757453125 0.19495154374999998 0.50341485 0.22650439531250002 0.502313284375 0.2276312828125 0.5353602093750001
2 0.4214559390625 0.5463758546874999 0.4214559390625 0.5606961874999999 0.44512057812499994 0.559594625 0.447374353125 0.582727471875 0.4676583296875 0.582727471875 0.4687852140625 0.5606961874999999 0.503718728125 0.558493059375 0.5048456171875 0.54857898125 0.469912103125 0.5452742890625 0.4676583296875 0.5199383109375 0.4496281265625 0.5199383109375 0.450755015625 0.54747741875 0.4214559390625 0.5463758546874999
4 0.5938888890625 0.60477528125 0.3459578546875 0.60477528125 0.3459578546875 0.8944756546875 0.5938888890625 0.8944756546875 0.5938888890625 0.60477528125
1 0.7606490875 0.505617978125 0.47103898906249997 0.50341485 0.466531440625 0.582727471875 0.661482984375 0.584930603125 0.663736759375 0.733641771875 0.7121929234375 0.73143864375 0.711066034375 0.5860321640625 0.7583953109375 0.5860321640625 0.7606490875 0.505617978125
2 0.5397791296875 0.6322978609375001 0.54992111875 0.6322978609375001 0.5521748921875 0.6047587562500001 0.5747126437500001 0.6036571953125 0.5735857546875 0.5860321640625 0.547667340625 0.5871337296875 0.5487942296874999 0.5562899328124999 0.5386522406250001 0.5562899328124999 0.53752535625 0.5860321640625 0.5014649546875 0.584930603125 0.4992111796875 0.6025556296875 0.5397791296875 0.6025556296875 0.5397791296875 0.6322978609375001
6 0.663736759375 0.7512667984375 0.6626098703125 0.6796651234375 0.6096461578125 0.6785635625 0.6085192687500001 0.6444150718749999 0.661482984375 0.6455166328125 0.6626098703125 0.6345009921875 0.6085192687500001 0.6356025546875 0.6062654937499999 0.6047587562500001 0.661482984375 0.6036571953125 0.6603560953125001 0.5882352953125001 0.5735857546875 0.5871337296875 0.5735857546875 0.6025556296875 0.59612350625 0.6025556296875 0.59612350625 0.8944701453125001 0.6096461578125 0.8966732765625001 0.6085192687500001 0.7512667984375 0.663736759375 0.7512667984375
1 0.6457088125 0.6444007484375 0.6073946359375 0.6444007484375 0.6073946359375 0.6763483140625 0.6457088125 0.6763483140625 0.6457088125 0.6444007484375
2 0.679513184375 0.66093853125 0.6603560953125001 0.6576338390625 0.6603560953125001 0.6455166328125 0.6445796703125 0.6444150718749999 0.645706559375 0.6576338390625 0.6242956937499999 0.6576338390625 0.626549471875 0.6686494828125 0.6411990078125 0.6675479171875 0.642325896875 0.6785635625 0.661482984375 0.6796651234375 0.661482984375 0.6708526109374999 0.679513184375 0.6719541765625 0.679513184375 0.66093853125
1 0.6457279687499999 0.6058801500000001 0.6085249046875 0.6058801500000001 0.6085249046875 0.635617978125 0.6457279687499999 0.635617978125 0.6457279687499999 0.6058801500000001
2 0.626549471875 0.6212822203125 0.642325896875 0.6223837859375 0.642325896875 0.6333994265625 0.6603560953125001 0.6322978609375001 0.6603560953125001 0.6201806546874999 0.6806400734375 0.6223837859375 0.6806400734375 0.6124697078125 0.6626098703125 0.6135712703125 0.663736759375 0.6047587562500001 0.6434527812499999 0.6047587562500001 0.645706559375 0.6135712703125 0.629930134375 0.6135712703125 0.626549471875 0.6212822203125
4 0.841781609375 0.7512734078125 0.6107854406250001 0.7512734078125 0.6107854406250001 0.89449438125 0.841781609375 0.89449438125 0.841781609375 0.7512734078125
2 0.6851476203125 0.768891828125 0.6964164984375001 0.7699933890625 0.6964164984375001 0.7512667984375 0.7099391500000001 0.7512667984375 0.707685371875 0.733641771875 0.6941627234375 0.733641771875 0.6930358359375 0.720423 0.686274509375 0.7182198734374999 0.6851476203125 0.733641771875 0.664863646875 0.73143864375 0.664863646875 0.7490636703125 0.6840207359375 0.7479621046875 0.6851476203125 0.768891828125
2 0.6783862984375 0.653227584375 0.6806400734375 0.6664463515625 0.716700475 0.6653447906250001 0.7155735859375 0.6730557375 0.7324769 0.674157303125 0.7324769 0.6664463515625 0.7561415359375 0.6664463515625 0.7550146515625 0.6543291453125 0.7324769 0.6554307109375 0.7290962375000001 0.6356025546875 0.7155735859375 0.6345009921875 0.7155735859375 0.6554307109375 0.6783862984375 0.653227584375
2 0.6997971609375 0.709407359375 0.7009240453125 0.7182198734374999 0.711066034375 0.7193214375 0.7121929234375 0.7292355125000001 0.7313500109375 0.730337078125 0.7336037859375 0.7182198734374999 0.7459995484374999 0.7193214375 0.7471264375 0.709407359375 0.7324769 0.7083057937499999 0.7324769 0.695087021875 0.7189542484375 0.6961885875 0.716700475 0.7083057937499999 0.6997971609375 0.709407359375
1 0.2715900390625 0.060580524999999996 0.08113026875 0.060580524999999996 0.08113026875 0.1178464421875 0.2715900390625 0.1178464421875 0.2715900390625 0.060580524999999996
6 0.503718728125 0.6047587562500001 0.503718728125 0.5882352953125001 0.4687852140625 0.5882352953125001 0.469912103125 0.581625909375 0.450755015625 0.5794227796875 0.450755015625 0.5838290374999999 0.327924271875 0.584930603125 0.3267973875 0.8988764046875 0.343700696875 0.8977748390625001 0.34482758593749996 0.605860321875 0.503718728125 0.6047587562500001
6 0.711066034375 0.5882352953125001 0.7133198125 0.6367041203125 0.7313500109375 0.6356025546875 0.7324769 0.605860321875 0.7606490875 0.6036571953125 0.7583953109375 0.5871337296875 0.711066034375 0.5882352953125001
0 0.842911878125 0.6961985015625001 0.732490421875 0.6961985015625001 0.732490421875 0.734737828125 0.842911878125 0.734737828125 0.842911878125 0.6961985015625001