1 0.5593849421875 0.6698312234375 0.8658536578125 0.6708860765625 0.8658536578125 0.6170886078125 0.83775185625 0.6160337546875 0.838282078125 0.47362869218750003 0.7667020156250001 0.47468354375 0.7661717921875 0.0907173 0.7407211031250001 0.0917721515625 0.7407211031250001 0.614978903125 0.5593849421875 0.614978903125 0.5593849421875 0.6698312234375
4 0.734888653125 0.089662446875 0.6648992578125 0.089662446875 0.6648992578125 0.197257384375 0.734888653125 0.197257384375 0.734888653125 0.089662446875
7 0.7246394484375001 0.0604746828125 0.7062619296875 0.0604746828125 0.7062619296875 0.09142405 0.7246394484375001 0.09142405 0.7246394484375001 0.0604746828125
4 0.7359490984375 0.20464135 0.6648992578125 0.20464135 0.6648992578125 0.30379746875 0.7359490984375 0.30379746875 0.7359490984375 0.20464135
6 0.6643690343750001 0.197257384375 0.6638388125 0.20464135 0.7354188765624999 0.20464135 0.7354188765624999 0.24683544375 0.7396606578125 0.245780590625 0.7396606578125 0.1656118140625 0.7359490984375 0.1656118140625 0.7354188765624999 0.197257384375 0.6643690343750001 0.197257384375
2 0.7295864265625001 0.16772151875000002 0.7396606578125 0.1666666671875 0.7396606578125 0.1381856546875 0.73435843125 0.13607595 0.7253446453125 0.1613924046875 0.7295864265625001 0.16772151875000002
6 0.739369034375 0.090242615625 0.7358377515625001 0.090242615625 0.7358377515625001 0.139462025 0.739369034375 0.139462025 0.739369034375 0.090242615625
7 0.7614050906250001 0.059061181250000004 0.743027571875 0.059061181250000004 0.743027571875 0.0900105484375 0.7614050906250001 0.0900105484375 0.7614050906250001 0.059061181250000004
3 0.7676917640625 0.1383028609375 0.7753505359374999 0.13595874218749998 0.7753505359374999 0.0902484765625 0.779474490625 0.0902484765625 0.779474490625 0.060947023437500004 0.7612112640625 0.060947023437500004 0.7612112640625 0.0890764171875 0.7676917640625 0.0890764171875 0.7676917640625 0.1383028609375
4 0.8764581124999999 0.0907173 0.775185578125 0.0907173 0.775185578125 0.197257384375 0.8764581124999999 0.197257384375 0.8764581124999999 0.0907173
7 0.79817073125 0.057647679687499995 0.7797932125 0.057647679687499995 0.7797932125 0.088597046875 0.79817073125 0.088597046875 0.79817073125 0.057647679687499995
3 0.817714740625 0.06093881875 0.7982767765625 0.06093881875 0.7982767765625 0.090242615625 0.817714740625 0.090242615625 0.817714740625 0.06093881875
7 0.8356362671875001 0.059061181250000004 0.8172587484375 0.059061181250000004 0.8172587484375 0.0900105484375 0.8356362671875001 0.0900105484375 0.8356362671875001 0.059061181250000004
1 0.1585365859375 0.6160337546875 0.13202545000000002 0.6160337546875 0.13202545000000002 0.6708860765625 0.437433721875 0.6698312234375 0.4379639453125 0.6160337546875 0.2555673390625 0.614978903125 0.2582184515625 0.0917721515625 0.2301166484375 0.0917721515625 0.2295864265625 0.475738396875 0.1580063625 0.47468354375 0.1585365859375 0.6160337546875
4 0.332449628125 0.20464135 0.2613997875 0.20464135 0.2613997875 0.30379746875 0.332449628125 0.30379746875 0.332449628125 0.20464135
6 0.33191940625 0.20253164531249998 0.332449628125 0.197257384375 0.260869565625 0.197257384375 0.2613997875 0.1666666671875 0.2582184515625 0.1656118140625 0.2576882296875 0.2436708859375 0.2613997875 0.24156118124999998 0.2613997875 0.20358649843749999 0.33191940625 0.20253164531249998
4 0.33191940625 0.0917721515625 0.2619300109375 0.0917721515625 0.2619300109375 0.197257384375 0.33191940625 0.197257384375 0.33191940625 0.0917721515625
2 0.2619300109375 0.1339662453125 0.2576882296875 0.1329113921875 0.2576882296875 0.1666666671875 0.266702015625 0.1666666671875 0.27147401875 0.15822784843749998 0.2619300109375 0.1339662453125
6 0.2609809125 0.090242615625 0.257449628125 0.090242615625 0.257449628125 0.13477848125 0.2609809125 0.13477848125 0.2609809125 0.090242615625
7 0.2905673390625 0.059061181250000004 0.2721898203125 0.059061181250000004 0.2721898203125 0.0900105484375 0.2905673390625 0.0900105484375 0.2905673390625 0.059061181250000004
2 0.2211028625 0.16772151875000002 0.2295864265625 0.16455696250000001 0.229056203125 0.135021096875 0.22163308593750003 0.1329113921875 0.21155885468750002 0.1613924046875 0.2211028625 0.16772151875000002
3 0.22976139999999998 0.090242615625 0.223282078125 0.090242615625 0.223282078125 0.13477848125 0.22976139999999998 0.13477848125 0.22976139999999998 0.090242615625
7 0.253801696875 0.059061181250000004 0.235424178125 0.059061181250000004 0.235424178125 0.0900105484375 0.253801696875 0.0900105484375 0.253801696875 0.059061181250000004
4 0.2221633078125 0.0917721515625 0.12089077343750002 0.0917721515625 0.12089077343750002 0.1993670890625 0.2221633078125 0.1993670890625 0.2221633078125 0.0917721515625
3 0.197953340625 0.06093881875 0.1796924703125 0.06093881875 0.1796924703125 0.090242615625 0.197953340625 0.090242615625 0.197953340625 0.06093881875
7 0.2163361609375 0.059061181250000004 0.19795864218749998 0.059061181250000004 0.19795864218749998 0.0900105484375 0.2163361609375 0.0900105484375 0.2163361609375 0.059061181250000004
7 0.1795705203125 0.059061181250000004 0.1611930015625 0.059061181250000004 0.1611930015625 0.0900105484375 0.1795705203125 0.0900105484375 0.1795705203125 0.059061181250000004
7 0.120185578125 0.10971519062499999 0.10462884374999999 0.10971519062499999 0.10462884374999999 0.1842510546875 0.120185578125 0.1842510546875 0.120185578125 0.10971519062499999
7 0.120185578125 0.21941983125000003 0.10462884374999999 0.21941983125000003 0.10462884374999999 0.293955696875 0.120185578125 0.293955696875 0.120185578125 0.21941983125000003
7 0.120185578125 0.33053797500000004 0.10462884374999999 0.33053797500000004 0.10462884374999999 0.4050738390625 0.120185578125 0.4050738390625 0.120185578125 0.33053797500000004
7 0.3471155890625 0.329124471875 0.332269353125 0.329124471875 0.332269353125 0.4036603375 0.3471155890625 0.4036603375 0.3471155890625 0.329124471875
7 0.3471155890625 0.2208333328125 0.332269353125 0.2208333328125 0.332269353125 0.2953691984375 0.3471155890625 0.2953691984375 0.3471155890625 0.2208333328125
7 0.3471155890625 0.10971519062499999 0.332269353125 0.10971519062499999 0.332269353125 0.1842510546875 0.3471155890625 0.1842510546875 0.3471155890625 0.10971519062499999
7 0.6652492046875 0.1083016875 0.65040296875 0.1083016875 0.65040296875 0.182837553125 0.6652492046875 0.182837553125 0.6652492046875 0.1083016875
7 0.66453870625 0.21941983125000003 0.6496924703125 0.21941983125000003 0.6496924703125 0.293955696875 0.66453870625 0.293955696875 0.66453870625 0.21941983125000003
7 0.66453870625 0.3319303796875 0.6496924703125 0.3319303796875 0.6496924703125 0.4064662453125 0.66453870625 0.4064662453125 0.66453870625 0.3319303796875
7 0.89147401875 0.329124471875 0.876627784375 0.329124471875 0.876627784375 0.4036603375 0.89147401875 0.4036603375 0.89147401875 0.329124471875
7 0.89147401875 0.21941983125000003 0.876627784375 0.21941983125000003 0.876627784375 0.293955696875 0.89147401875 0.293955696875 0.89147401875 0.21941983125000003
7 0.89147401875 0.11112869218750002 0.876627784375 0.11112869218750002 0.876627784375 0.18566455625 0.89147401875 0.18566455625 0.89147401875 0.11112869218750002
6 0.333510075 0.5337552750000001 0.32767762500000003 0.5337552750000001 0.3287380703125 0.541139240625 0.334040296875 0.541139240625 0.333510075 0.606540084375 0.328207846875 0.606540084375 0.3287380703125 0.6139240499999999 0.37115588593750004 0.6160337546875 0.3706256625 0.606540084375 0.3372216328125 0.6075949359374999 0.33775185625000004 0.47362869218750003 0.334040296875 0.47362869218750003 0.333510075 0.5337552750000001
4 0.437433721875 0.475738396875 0.33881230156250003 0.475738396875 0.33881230156250003 0.6054852328125 0.437433721875 0.6054852328125 0.437433721875 0.475738396875
7 0.3817550375 0.44656118125 0.35701484687499996 0.44656118125 0.35701484687499996 0.47352320625 0.3817550375 0.47352320625 0.3817550375 0.44656118125
3 0.395901378125 0.44655063281249996 0.38176564218750003 0.44655063281249996 0.38176564218750003 0.47467299531249996 0.395901378125 0.47467299531249996 0.395901378125 0.44655063281249996
7 0.42064156875 0.44655063281249996 0.395901378125 0.44655063281249996 0.395901378125 0.47467299531249996 0.42064156875 0.47467299531249996 0.42064156875 0.44655063281249996
3 0.4206904671875 0.47468354375 0.4377754203125 0.47468354375 0.4377754203125 0.62587904375 0.44602332968749997 0.62587904375 0.44602332968749997 0.42780121875 0.450147284375 0.425457103125 0.45132555625000004 0.394983590625 0.4307057859375 0.394983590625 0.4307057859375 0.44655415 0.4206904671875 0.44655415 0.4206904671875 0.47468354375
5 0.4937009546875 0.426624471875 0.44538706250000004 0.426624471875 0.44538706250000004 0.670421940625 0.4937009546875 0.670421940625 0.4937009546875 0.426624471875
7 0.4660021203125 0.3961497890625 0.450095440625 0.3961497890625 0.450095440625 0.42545358593750005 0.4660021203125 0.42545358593750005 0.4660021203125 0.3961497890625
3 0.477788971875 0.3961603375 0.4654135734375 0.3961603375 0.4654135734375 0.426624471875 0.477788971875 0.426624471875 0.477788971875 0.3961603375
7 0.4931071046875 0.3961497890625 0.4772004234375 0.3961497890625 0.4772004234375 0.42545358593750005 0.4931071046875 0.42545358593750005 0.4931071046875 0.3961497890625
3 0.55147873125 0.670417253125 0.5025804171875 0.670417253125 0.503169553125 0.39615564999999997 0.49492164531249994 0.39615564999999997 0.49433250937500006 0.6692451937499999 0.490797690625 0.670417253125 0.490797690625 0.6926863562500001 0.5632614593749999 0.6915142999999999 0.56443973125 0.670417253125 0.5591375046875 0.6692451937499999 0.5603157765625 0.6586966703125 0.5508895953125 0.6563525546875 0.55147873125 0.670417253125
5 0.5508377515625 0.42780590781249994 0.503117709375 0.42780590781249994 0.503117709375 0.670421940625 0.5508377515625 0.670421940625 0.5508377515625 0.42780590781249994
7 0.519024390625 0.3973312234375 0.503117709375 0.3973312234375 0.503117709375 0.426635021875 0.519024390625 0.426635021875 0.519024390625 0.3973312234375
3 0.5314050906250001 0.3961603375 0.5190296921875001 0.3961603375 0.5190296921875001 0.426624471875 0.5314050906250001 0.426624471875 0.5314050906250001 0.3961603375
7 0.54730646875 0.3961497890625 0.5313997875 0.3961497890625 0.5313997875 0.42545358593750005 0.54730646875 0.42545358593750005 0.54730646875 0.3961497890625
4 0.6590668078124999 0.475738396875 0.5593849421875 0.475738396875 0.5593849421875 0.6054852328125 0.6590668078124999 0.6054852328125 0.6590668078124999 0.475738396875
7 0.601511134375 0.44656118125 0.5761770937499999 0.44656118125 0.5761770937499999 0.47352320625 0.601511134375 0.47352320625 0.601511134375 0.44656118125
3 0.614464475 0.44772151875 0.6015058328125 0.44772151875 0.6015058328125 0.47468354375 0.614464475 0.47468354375 0.614464475 0.44772151875
7 0.6386214203125 0.44656118125 0.614464475 0.44656118125 0.614464475 0.47352320625 0.6386214203125 0.47352320625 0.6386214203125 0.44656118125
3 0.7458937203125 0.9130332875 0.7476611281250001 0.91420534375 0.7482502656250001 0.96812001875 0.7612112640625 0.9692920765625 0.760622128125 0.9399906250000001 0.7600329921875 0.891936240625 0.7458937203125 0.888420065625 0.7458937203125 0.9130332875
7 0.7800106046875 0.943502109375 0.761749734375 0.943502109375 0.761749734375 0.9692826999999999 0.7800106046875 0.9692826999999999 0.7800106046875 0.943502109375
4 0.78313891875 0.88924050625 0.848356309375 0.8881856546875 0.848356309375 0.941983121875 0.870095440625 0.943037975 0.8695652171875 0.693037975 0.7613997875 0.693037975 0.7598091203124999 0.9409282703124999 0.78313891875 0.941983121875 0.78313891875 0.88924050625
3 0.8319076234375 0.915377403125 0.8348533046875 0.915377403125 0.8342641687500001 0.96812001875 0.8489925765624999 0.970464134375 0.8489925765624999 0.942334740625 0.8484034406250001 0.8895921250000001 0.8324967593749999 0.8872480078124999 0.8319076234375 0.915377403125
7 0.8689766703125 0.9435126578125 0.84953870625 0.9435126578125 0.84953870625 0.9681329109375 0.8689766703125 0.9681329109375 0.8689766703125 0.9435126578125
7 0.0748250265625 0.5532067515625 0.061272534375 0.5532067515625 0.061272534375 0.589535865625 0.0748250265625 0.589535865625 0.0748250265625 0.5532067515625
3 0.12371862812500001 0.6586966703125 0.12254035625 0.6692451937499999 0.07540945 0.670417253125 0.07540945 0.6622128453125 0.06009190625000001 0.6622128453125 0.060681040625 0.69971870625 0.07540945 0.69971870625 0.07540945 0.6926863562500001 0.173795215625 0.6926863562500001 0.173795215625 0.6692451937499999 0.13196653593750002 0.670417253125 0.13196653593750002 0.6598687296875 0.12371862812500001 0.6586966703125
7 0.0742311765625 0.6270464140625001 0.060678684375 0.6270464140625001 0.060678684375 0.663375528125 0.0742311765625 0.663375528125 0.0742311765625 0.6270464140625001
3 0.07540296875 0.7360548515625001 0.0612672328125 0.7360548515625001 0.0612672328125 0.772383965625 0.07540296875 0.772383965625 0.07540296875 0.7360548515625001
7 0.0748250265625 0.699704640625 0.061272534375 0.699704640625 0.061272534375 0.7360337546875 0.0748250265625 0.7360337546875 0.0748250265625 0.699704640625
3 0.1137033109375 0.915377403125 0.114292446875 0.9692920765625 0.12902085624999998 0.9692920765625 0.12902085624999998 0.942334740625 0.126664309375 0.942334740625 0.126664309375 0.89076418125 0.07540945 0.89076418125 0.07540945 0.8122362875 0.0630375859375 0.811064228125 0.0630375859375 0.915377403125 0.1137033109375 0.915377403125
7 0.0748250265625 0.7723734171875 0.061272534375 0.7723734171875 0.061272534375 0.811044303125 0.0748250265625 0.811044303125 0.0748250265625 0.7723734171875
7 0.147285259375 0.943502109375 0.12843054062499998 0.943502109375 0.12843054062499998 0.9692826999999999 0.147285259375 0.9692826999999999 0.147285259375 0.943502109375
4 0.1495228 0.8881856546875 0.214740190625 0.8881856546875 0.21420996875 0.943037975 0.236479321875 0.943037975 0.236479321875 0.6909282703125 0.127253446875 0.691983121875 0.1261930015625 0.943037975 0.1489925765625 0.9440928265625 0.1495228 0.8881856546875
7 0.2003075296875 0.888417721875 0.162598090625 0.888417721875 0.162598090625 0.9141983124999999 0.2003075296875 0.9141983124999999 0.2003075296875 0.888417721875
3 0.20089548750000003 0.970464134375 0.21621303125 0.9692920765625 0.2168021671875 0.9435067968749999 0.214445621875 0.9435067968749999 0.215034759375 0.888420065625 0.1997172140625 0.888420065625 0.199128078125 0.9130332875 0.20089548750000003 0.9130332875 0.20089548750000003 0.970464134375
7 0.2350636265625 0.942341771875 0.2150318140625 0.942341771875 0.2150318140625 0.9681223624999999 0.2350636265625 0.9681223624999999 0.2350636265625 0.942341771875
7 0.28749734843749997 0.8895991562500001 0.2503817609375 0.8895991562500001 0.2503817609375 0.915379746875 0.28749734843749997 0.915379746875 0.28749734843749997 0.8895991562500001
7 0.34522799531250004 0.8907805906249999 0.30811240781250004 0.8907805906249999 0.30811240781250004 0.91656118125 0.34522799531250004 0.91656118125 0.34522799531250004 0.8907805906249999
7 0.40237539843750003 0.8895991562500001 0.365259809375 0.8895991562500001 0.365259809375 0.915379746875 0.40237539843750003 0.915379746875 0.40237539843750003 0.8895991562500001
1 0.5758218453125 0.921940928125 0.575291621875 0.9156118140625 0.5349946984375 0.9145569625000001 0.5344644749999999 0.9240506328125001 0.518027571875 0.9240506328125001 0.518027571875 0.9145569625000001 0.4782608703125 0.9156118140625 0.47879109218749993 0.92299578125 0.4602332984375 0.92299578125 0.4602332984375 0.9145569625000001 0.42099681875000006 0.9166666671874999 0.42046659531249997 0.9240506328125001 0.40668080624999997 0.9240506328125001 0.4061505828125 0.9578059078125 0.591198303125 0.9578059078125 0.5917285265625 0.921940928125 0.5758218453125 0.921940928125
7 0.4601060453125 0.8907805906249999 0.42299045625 0.8907805906249999 0.42299045625 0.91656118125 0.4601060453125 0.91656118125 0.4601060453125 0.8907805906249999
7 0.5160763515625 0.8895991562500001 0.47896076406250004 0.8895991562500001 0.47896076406250004 0.915379746875 0.5160763515625 0.915379746875 0.5160763515625 0.8895991562500001
7 0.5744008484375 0.8907805906249999 0.537285259375 0.8907805906249999 0.537285259375 0.91656118125 0.5744008484375 0.91656118125 0.5744008484375 0.8907805906249999
7 0.6321314953125 0.8895991562500001 0.59501590625 0.8895991562500001 0.59501590625 0.915379746875 0.6321314953125 0.915379746875 0.6321314953125 0.8895991562500001
7 0.6886850484375 0.8907805906249999 0.651569459375 0.8907805906249999 0.651569459375 0.91656118125 0.6886850484375 0.91656118125 0.6886850484375 0.8907805906249999
7 0.74583245 0.8895991562500001 0.7087168609375001 0.8895991562500001 0.7087168609375001 0.915379746875 0.74583245 0.915379746875 0.74583245 0.8895991562500001
7 0.83302226875 0.888417721875 0.79590668125 0.888417721875 0.79590668125 0.9141983124999999 0.83302226875 0.9141983124999999 0.83302226875 0.888417721875
3 0.92199835 0.6915142999999999 0.9214092140625001 0.69971870625 0.93790503125 0.7020628234374999 0.9361376218749999 0.6610407875 0.9214092140625001 0.6598687296875 0.9214092140625001 0.670417253125 0.817132084375 0.670417253125 0.817132084375 0.6915142999999999 0.92199835 0.6915142999999999
7 0.9361346765624999 0.62352320625 0.921405090625 0.62352320625 0.921405090625 0.664535865625 0.9361346765624999 0.664535865625 0.9361346765624999 0.62352320625
3 0.9367232234375 0.587215190625 0.9214103921874999 0.587215190625 0.9214103921874999 0.6282278484375 0.9367232234375 0.6282278484375 0.9367232234375 0.587215190625
7 0.9361346765624999 0.550864978125 0.921405090625 0.550864978125 0.921405090625 0.5918776375 0.9361346765624999 0.5918776375 0.9361346765624999 0.550864978125
7 0.9361346765624999 0.696181434375 0.921405090625 0.696181434375 0.921405090625 0.7371940921875 0.9361346765624999 0.7371940921875 0.9361346765624999 0.696181434375
3 0.8825733484375 0.9692920765625 0.8831624828125 0.915377403125 0.9344173453125 0.915377403125 0.9350064796875 0.8087201125 0.9214563453125001 0.811064228125 0.9214563453125001 0.8895921250000001 0.8707906218750001 0.89076418125 0.8690232124999999 0.96812001875 0.8825733484375 0.9692920765625
7 0.9361346765624999 0.7700210968750001 0.921405090625 0.7700210968750001 0.921405090625 0.8110337546874999 0.9361346765624999 0.8110337546874999 0.9361346765624999 0.7700210968750001
3 0.9361293749999999 0.734883965625 0.9214103921874999 0.734883965625 0.9214103921874999 0.7735548515625 0.9361293749999999 0.7735548515625 0.9361293749999999 0.734883965625
3 0.8772239890625 0.40318799843750003 0.8766348531249999 0.45827472968749994 0.7753034046875 0.4571026734375 0.7753034046875 0.393811534375 0.7664663609375 0.392639475 0.7664663609375 0.47468354375 0.920820078125 0.47468354375 0.9214092140625001 0.55203938125 0.9367267578125 0.5508673234375 0.93495935 0.44655415 0.8919523984375 0.44655415 0.8913632625 0.40318799843750003 0.8772239890625 0.40318799843750003
3 0.8913626718750001 0.29183544375000003 0.8772269359375 0.29183544375000003 0.8772269359375 0.3293459921875 0.8913626718750001 0.3293459921875 0.8913626718750001 0.29183544375000003
3 0.8907688234375 0.1851687765625 0.8766330859375 0.1851687765625 0.8766330859375 0.222679325 0.8907688234375 0.222679325 0.8907688234375 0.1851687765625
3 0.7434835625 0.06093881875 0.7240455984375 0.06093881875 0.7240455984375 0.090242615625 0.7434835625 0.090242615625 0.7434835625 0.06093881875
3 0.6645440078125 0.1840084390625 0.649814421875 0.1840084390625 0.649814421875 0.22151898750000001 0.6645440078125 0.22151898750000001 0.6645440078125 0.1840084390625
3 0.6645493109375 0.293016878125 0.64804878125 0.293016878125 0.64804878125 0.3305274265625 0.6645493109375 0.3305274265625 0.6645493109375 0.293016878125
6 0.7605779421875 0.6915189875000001 0.757046659375 0.6915189875000001 0.757046659375 0.8931223625 0.7605779421875 0.8931223625 0.7605779421875 0.6915189875000001
3 0.8018186640625 0.671582278125 0.752327678125 0.671582278125 0.752327678125 0.6926793250000001 0.8018186640625 0.6926793250000001 0.8018186640625 0.671582278125
3 0.7375980906249999 0.671582278125 0.6615959703125001 0.671582278125 0.6615959703125001 0.6938607593749999 0.7375980906249999 0.6938607593749999 0.7375980906249999 0.671582278125
3 0.64745493125 0.670421940625 0.607985153125 0.670421940625 0.607985153125 0.6927004218749999 0.64745493125 0.6927004218749999 0.64745493125 0.670421940625
6 0.3564262984375 0.6915189875000001 0.3534782609375 0.6915189875000001 0.3534782609375 0.8919409281249999 0.3564262984375 0.8919409281249999 0.3564262984375 0.6915189875000001
3 0.38353128281250004 0.671582278125 0.34705196250000003 0.671582278125 0.34705196250000003 0.6926793250000001 0.38353128281250004 0.6926793250000001 0.38353128281250004 0.671582278125
3 0.332322375 0.66924050625 0.2604453875 0.66924050625 0.2604453875 0.6915189875000001 0.332322375 0.6915189875000001 0.332322375 0.66924050625
3 0.30875927812500004 0.8907594937500001 0.287550371875 0.8907594937500001 0.287550371875 0.9235864984375001 0.30875927812500004 0.9235864984375001 0.30875927812500004 0.8907594937500001
3 0.36531283124999997 0.8907594937500001 0.34410392343749996 0.8907594937500001 0.34410392343749996 0.9235864984375001 0.36531283124999997 0.9235864984375001 0.36531283124999997 0.8907594937500001
3 0.423043478125 0.889578059375 0.40183457031250003 0.889578059375 0.40183457031250003 0.9224050640625 0.423043478125 0.9224050640625 0.423043478125 0.889578059375
3 0.48019087968749996 0.8907594937500001 0.458981971875 0.8907594937500001 0.458981971875 0.9235864984375001 0.48019087968749996 0.9235864984375001 0.48019087968749996 0.8907594937500001
3 0.5373382828125 0.889578059375 0.516129375 0.889578059375 0.516129375 0.9224050640625 0.5373382828125 0.9224050640625 0.5373382828125 0.889578059375
3 0.6516330859374999 0.889578059375 0.630424178125 0.889578059375 0.630424178125 0.9224050640625 0.6516330859374999 0.9224050640625 0.6516330859374999 0.889578059375
3 0.7093637328125 0.8907594937500001 0.688154825 0.8907594937500001 0.688154825 0.9235864984375001 0.7093637328125 0.9235864984375001 0.7093637328125 0.8907594937500001
3 0.7800636265625001 0.9692920765625 0.7959703078125 0.970464134375 0.7953811703125 0.91420534375 0.7977377171875 0.91420534375 0.7977377171875 0.8872480078124999 0.782420171875 0.8872480078124999 0.7830093078125 0.94116268125 0.7800636265625001 0.942334740625 0.7800636265625001 0.9692920765625
3 0.5803464125 0.891936240625 0.5738659125 0.8895921250000001 0.5738659125 0.9224097515624999 0.594485684375 0.9224097515624999 0.5950748203125 0.8895921250000001 0.5880051843749999 0.8895921250000001 0.5885943203124999 0.6926863562500001 0.5933074109375001 0.6926863562500001 0.5933074109375001 0.670417253125 0.578579003125 0.671589309375 0.577989865625 0.6891701828125 0.5803464125 0.6926863562500001 0.5803464125 0.891936240625
3 0.5508895953125 0.62587904375 0.559726640625 0.62587904375 0.5591375046875 0.47468354375 0.57681159375 0.47468354375 0.57740073125 0.445382090625 0.5673854125 0.44655415 0.5667962765625 0.394983590625 0.5467656421875 0.394983590625 0.5467656421875 0.425457103125 0.55147873125 0.425457103125 0.5508895953125 0.62587904375
4 0.4681866390625 0.691983121875 0.35737009531249997 0.691983121875 0.35737009531249997 0.88924050625 0.4681866390625 0.88924050625 0.4681866390625 0.691983121875
3 0.475480146875 0.670417253125 0.44602332968749997 0.670417253125 0.44543419375 0.6586966703125 0.4371862859375 0.6586966703125 0.4371862859375 0.670417253125 0.39771415 0.670417253125 0.397125015625 0.6926863562500001 0.475480146875 0.6926863562500001 0.475480146875 0.670417253125
3 0.35765288125 0.4735114859375 0.35765288125 0.445382090625 0.346459290625 0.44655415 0.34704842812500003 0.402015940625 0.3329091546875 0.4055321140625 0.3329091546875 0.45827472968749994 0.25691056875 0.45827472968749994 0.25632143281249997 0.47468354375 0.35765288125 0.4735114859375
3 0.66518204375 0.0925925921875 0.7064215859375 0.091420534375 0.7064215859375 0.05860290781250001 0.6492753625 0.059774964062500005 0.648097090625 0.1113455234375 0.66518204375 0.11017346406249999 0.66518204375 0.0925925921875
3 0.6392600453124999 0.47468354375 0.741180628125 0.472339428125 0.74059149375 0.4559306140625 0.66459290625 0.4571026734375 0.66459290625 0.40318799843750003 0.6498644984374999 0.40318799843750003 0.6492753625 0.445382090625 0.63984918125 0.444210034375 0.6392600453124999 0.47468354375
3 0.7753552484374999 0.1640928265625 0.767104984375 0.1640928265625 0.767104984375 0.23911392343750001 0.7753552484374999 0.23911392343750001 0.7753552484374999 0.1640928265625
3 0.7747613999999999 0.2672257390625 0.766511134375 0.2672257390625 0.766511134375 0.36450421875 0.7747613999999999 0.36450421875 0.7747613999999999 0.2672257390625
3 0.24507423125 0.670421940625 0.188520678125 0.670421940625 0.188520678125 0.6927004218749999 0.24507423125 0.6927004218749999 0.24507423125 0.670421940625
3 0.119591728125 0.1828481015625 0.10545599218749999 0.1828481015625 0.10545599218749999 0.22035865000000002 0.119591728125 0.22035865000000002 0.119591728125 0.1828481015625
3 0.074225875 0.588375528125 0.060090137499999995 0.588375528125 0.060090137499999995 0.624704640625 0.074225875 0.624704640625 0.074225875 0.588375528125
3 0.1189978796875 0.291856540625 0.10486214218750001 0.291856540625 0.10486214218750001 0.3293670890625 0.1189978796875 0.3293670890625 0.1189978796875 0.291856540625
3 0.3469936375 0.2941983125 0.3328579 0.2941983125 0.3328579 0.33170886093749996 0.3469936375 0.33170886093749996 0.3469936375 0.2941983125
3 0.3469936375 0.1840295359375 0.3328579 0.1840295359375 0.3328579 0.221540084375 0.3469936375 0.221540084375 0.3469936375 0.1840295359375
3 0.2350689296875 0.06093881875 0.216808059375 0.06093881875 0.216808059375 0.090242615625 0.2350689296875 0.090242615625 0.2350689296875 0.06093881875
3 0.27218451718750003 0.062120253125000004 0.2539236484375 0.062120253125000004 0.2539236484375 0.09142405 0.27218451718750003 0.09142405 0.27218451718750003 0.062120253125000004
3 0.22976139999999998 0.1640928265625 0.2226882296875 0.1640928265625 0.2226882296875 0.2379324890625 0.22976139999999998 0.2379324890625 0.22976139999999998 0.1640928265625
3 0.22917815468749997 0.2684071734375 0.2226988328125 0.2684071734375 0.2226988328125 0.3656856546875 0.22917815468749997 0.3656856546875 0.22917815468749997 0.2684071734375
3 0.1307847296875 0.47468354375 0.1231283140625 0.47468354375 0.1231283140625 0.6270464140625001 0.1307847296875 0.6270464140625001 0.1307847296875 0.47468354375
3 0.1478732171875 0.9692920765625 0.161423353125 0.96812001875 0.162012490625 0.9130332875 0.16377989843750002 0.9130332875 0.1631907625 0.8872480078124999 0.149051490625 0.8872480078124999 0.1496406265625 0.942334740625 0.1466949453125 0.942334740625 0.1478732171875 0.9692920765625
3 0.250972075 0.8895921250000001 0.23624366718749998 0.89076418125 0.23624366718749998 0.9435067968749999 0.2344762578125 0.9435067968749999 0.23506539375000002 0.9692920765625 0.249204665625 0.9692920765625 0.24861552968749998 0.915377403125 0.2515612109375 0.915377403125 0.250972075 0.8895921250000001
3 0.0630375859375 0.5121894046875 0.06009190625000001 0.5110173453125 0.06009190625000001 0.55203938125 0.07540945 0.5532114390625 0.0759985859375 0.475855603125 0.2297631671875 0.47468354375 0.23035230312500002 0.392639475 0.22210439375000002 0.392639475 0.22210439375000002 0.4559306140625 0.1201838109375 0.4571026734375 0.1201838109375 0.40318799843750003 0.10486626562500001 0.40318799843750003 0.1042771296875 0.44655415 0.0630375859375 0.44772620625000004 0.0630375859375 0.5121894046875
6 0.22327677656249997 0.1980696203125 0.12018027499999999 0.1980696203125 0.12018027499999999 0.20627637187499998 0.22327677656249997 0.20627637187499998 0.22327677656249997 0.1980696203125
4 0.2221633078125 0.31540084375 0.1203605515625 0.31540084375 0.1203605515625 0.4567510546875 0.2221633078125 0.4567510546875 0.2221633078125 0.31540084375
6 0.22327677656249997 0.30589662500000003 0.12018027499999999 0.30589662500000003 0.12018027499999999 0.314103375 0.22327677656249997 0.314103375 0.22327677656249997 0.30589662500000003
6 0.2609809125 0.394978903125 0.257449628125 0.394978903125 0.257449628125 0.4582700421875 0.2609809125 0.4582700421875 0.2609809125 0.394978903125
6 0.4377253453125 0.607120253125 0.3858801703125 0.607120253125 0.3858801703125 0.6153270046875 0.4377253453125 0.6153270046875 0.4377253453125 0.607120253125
1 0.15376458125 0.5348101265625 0.1309650046875 0.5348101265625 0.1309650046875 0.6054852328125 0.15376458125 0.6054852328125 0.15376458125 0.5348101265625
6 0.131495228125 0.6054852328125 0.131495228125 0.6139240499999999 0.15747614062499998 0.614978903125 0.1585365859375 0.572784809375 0.15376458125 0.5717299578125 0.1532343578125 0.606540084375 0.131495228125 0.6054852328125
2 0.1495228 0.5379746828124999 0.150053021875 0.529535865625 0.135737009375 0.5284810125 0.1346765640625 0.54852320625 0.1383881234375 0.5527426156249999 0.1495228 0.5379746828124999
6 0.13668080625 0.5250843875 0.1307847296875 0.5250843875 0.1307847296875 0.5356329109375 0.13668080625 0.5356329109375 0.13668080625 0.5250843875
4 0.12195121874999999 0.693037975 0.0758218453125 0.693037975 0.0758218453125 0.8881856546875 0.12195121874999999 0.8881856546875 0.12195121874999999 0.693037975
2 0.121420996875 0.7447257390625001 0.1267232234375 0.74683544375 0.127253446875 0.7151898734375 0.117179215625 0.714135021875 0.11293743437499999 0.7183544296875 0.121420996875 0.7447257390625001
6 0.1266649 0.6915189875000001 0.123133615625 0.6915189875000001 0.123133615625 0.717299578125 0.1266649 0.717299578125 0.1266649 0.6915189875000001
6 0.12607105000000002 0.745421940625 0.1225397671875 0.745421940625 0.1225397671875 0.8942827 0.12607105000000002 0.8942827 0.12607105000000002 0.745421940625
2 0.22746553593750002 0.75 0.233297984375 0.754219409375 0.2401908796875 0.75 0.2396606578125 0.7236286921875 0.23488865312499999 0.7225738390625 0.22746553593750002 0.738396625 0.22746553593750002 0.75
6 0.23977730625000002 0.6915189875000001 0.23682926875 0.6915189875000001 0.23682926875 0.72316455625 0.23977730625000002 0.72316455625 0.23977730625000002 0.6915189875000001
6 0.23977200468749998 0.7477742609375 0.236240721875 0.7477742609375 0.236240721875 0.8931118140625 0.23977200468749998 0.8931118140625 0.23977200468749998 0.7477742609375
6 0.2992842 0.690337553125 0.295752915625 0.690337553125 0.295752915625 0.8919409281249999 0.2992842 0.8919409281249999 0.2992842 0.690337553125
6 0.47248674375000005 0.6915084390625 0.4683616125 0.6915084390625 0.4683616125 0.8895886078125 0.47248674375000005 0.8895886078125 0.47248674375000005 0.6915084390625
6 0.529634146875 0.6915189875000001 0.5255090140625 0.6915189875000001 0.5255090140625 0.8919409281249999 0.529634146875 0.8919409281249999 0.529634146875 0.6915189875000001
6 0.64392895 0.6915084390625 0.6403976671875 0.6915084390625 0.6403976671875 0.8895886078125 0.64392895 0.8895886078125 0.64392895 0.6915084390625
6 0.6115217390625001 0.607120253125 0.5602704140625 0.607120253125 0.5602704140625 0.6153270046875 0.6115217390625001 0.6153270046875 0.6115217390625001 0.607120253125
2 0.8685047718750001 0.754219409375 0.8743372218750001 0.7521097046875 0.8738069984375001 0.720464134375 0.8685047718750001 0.7194092828125 0.86055143125 0.75 0.8685047718750001 0.754219409375
6 0.874278896875 0.6915189875000001 0.8701537640625 0.6915189875000001 0.8701537640625 0.7219831218749999 0.874278896875 0.7219831218749999 0.874278896875 0.6915189875000001
6 0.8736850484375 0.7489451484375 0.8695599156249999 0.7489451484375 0.8695599156249999 0.8907594937500001 0.8736850484375 0.8907594937500001 0.8736850484375 0.7489451484375
6 0.702253446875 0.6915189875000001 0.6981283140625 0.6915189875000001 0.6981283140625 0.8907594937500001 0.702253446875 0.8907594937500001 0.702253446875 0.6915189875000001
4 0.7354188765624999 0.31540084375 0.6648992578125 0.31540084375 0.6648992578125 0.4567510546875 0.7354188765624999 0.4567510546875 0.7354188765624999 0.31540084375
6 0.7387804874999999 0.39379746875 0.73583245 0.39379746875 0.73583245 0.4582700421875 0.7387804874999999 0.4582700421875 0.7387804874999999 0.39379746875
4 0.8769883343749999 0.20464135 0.775185578125 0.20464135 0.775185578125 0.3048523203125 0.8769883343749999 0.3048523203125 0.8769883343749999 0.20464135
6 0.8760445390625 0.1969092828125 0.7747083781249999 0.1969092828125 0.7747083781249999 0.20511603437499998 0.8760445390625 0.20511603437499998 0.8760445390625 0.1969092828125
4 0.8769883343749999 0.31645569687499997 0.7757158000000001 0.31645569687499997 0.7757158000000001 0.4567510546875 0.8769883343749999 0.4567510546875 0.8769883343749999 0.31645569687499997
6 0.8766383875000001 0.30590717343749996 0.7753022265625 0.30590717343749996 0.7753022265625 0.3152742609375 0.8766383875000001 0.3152742609375 0.8766383875000001 0.30590717343749996
2 0.8356309656249999 0.5717299578125 0.8414634140624999 0.572784809375 0.8425238593750001 0.544303796875 0.8372216328125001 0.5453586500000001 0.8308589609375 0.569620253125 0.8356309656249999 0.5717299578125
6 0.8430540828125 0.544303796875 0.8425238593750001 0.5348101265625 0.8488865328124999 0.5337552750000001 0.8488865328124999 0.5274261609375 0.8419936375000001 0.5284810125 0.8425238593750001 0.47468354375 0.838282078125 0.47362869218750003 0.8393425234375 0.5432489453125 0.8430540828125 0.544303796875
1 0.86638388125 0.535864978125 0.8425238593750001 0.535864978125 0.8425238593750001 0.6054852328125 0.86638388125 0.6054852328125 0.86638388125 0.535864978125
6 0.838282078125 0.614978903125 0.8669141046875 0.614978903125 0.86638388125 0.606540084375 0.8425238593750001 0.606540084375 0.8425238593750001 0.5685654015625 0.838282078125 0.569620253125 0.838282078125 0.614978903125
2 0.8610816546875 0.5390295359375 0.8632025453125 0.5284810125 0.848356309375 0.5274261609375 0.8472958640625 0.53691983125 0.86055143125 0.5506329109375 0.8610816546875 0.5390295359375
1 0.86638388125 0.47468354375 0.8435843046875 0.47468354375 0.8435843046875 0.5274261609375 0.86638388125 0.5274261609375 0.86638388125 0.47468354375
6 0.8672057265625 0.527436709375 0.8607264046875001 0.527436709375 0.8607264046875001 0.5344620250000001 0.8672057265625 0.5344620250000001 0.8672057265625 0.527436709375
6 0.8731018031250001 0.47468354375 0.86662248125 0.47468354375 0.86662248125 0.6317299578125 0.8731018031250001 0.6317299578125 0.8731018031250001 0.47468354375
6 0.8731018031250001 0.65870253125 0.8660286312500001 0.65870253125 0.8660286312500001 0.6715928265625 0.8731018031250001 0.6715928265625 0.8731018031250001 0.65870253125
5 0.9202279953125 0.47351265781249996 0.8736850484375 0.47351265781249996 0.8736850484375 0.6704113921875 0.9202279953125 0.6704113921875 0.9202279953125 0.47351265781249996
2 0.8731018031250001 0.6317299578125 0.86662248125 0.6317299578125 0.86662248125 0.6586919828125 0.8731018031250001 0.6586919828125 0.8731018031250001 0.6317299578125
2 0.44479851562499995 0.6235337546874999 0.43831919375000006 0.6235337546874999 0.43831919375000006 0.65870253125 0.44479851562499995 0.65870253125 0.44479851562499995 0.6235337546874999
2 0.558504771875 0.623544303125 0.5526086953125 0.623544303125 0.5526086953125 0.6598734171875 0.558504771875 0.6598734171875 0.558504771875 0.623544303125
5 0.1231283140625 0.47468354375 0.075408271875 0.47468354375 0.075408271875 0.670421940625 0.1231283140625 0.670421940625 0.1231283140625 0.47468354375
2 0.1313785796875 0.6246940921874999 0.1237221640625 0.6246940921874999 0.1237221640625 0.65986286875 0.1313785796875 0.65986286875 0.1313785796875 0.6246940921874999
4 0.332449628125 0.31645569687499997 0.2613997875 0.31645569687499997 0.2613997875 0.4567510546875 0.332449628125 0.4567510546875 0.332449628125 0.31645569687499997
6 0.2603393421875 0.3670886078125 0.260869565625 0.3143459921875 0.3329798515625 0.3143459921875 0.3329798515625 0.3048523203125 0.260869565625 0.30696202499999997 0.2613997875 0.27320675156249996 0.2576882296875 0.2721518984375 0.2576882296875 0.3670886078125 0.2603393421875 0.3670886078125
2 0.26299045625 0.2394514765625 0.2582184515625 0.2405063296875 0.2582184515625 0.27320675156249996 0.26564156875 0.27320675156249996 0.27094379687500003 0.2679324890625 0.26299045625 0.2394514765625
2 0.21580063593749998 0.27109704687499997 0.22269353125000002 0.27004219375 0.229056203125 0.2679324890625 0.229056203125 0.23839662499999997 0.22163308593750003 0.23523206718749998 0.21049840937500003 0.265822784375 0.21580063593749998 0.27109704687499997
2 0.2126193 0.3945147671875 0.2211028625 0.396624471875 0.229056203125 0.39767932500000003 0.229056203125 0.36392405 0.2211028625 0.36075949375 0.2131495234375 0.3839662453125 0.2126193 0.3945147671875
2 0.27094379687500003 0.3913502109375 0.2619300109375 0.3628691984375 0.25715800624999996 0.3628691984375 0.2576882296875 0.3987341765625 0.26829268281249996 0.3987341765625 0.27094379687500003 0.3913502109375
2 0.1585365859375 0.5453586500000001 0.154294803125 0.544303796875 0.154294803125 0.5717299578125 0.15959703125 0.572784809375 0.165959703125 0.5685654015625 0.1585365859375 0.5453586500000001
6 0.26511134687500004 0.614978903125 0.26564156875 0.6075949359374999 0.260869565625 0.6075949359374999 0.260869565625 0.541139240625 0.26511134687500004 0.541139240625 0.26511134687500004 0.5316455703125 0.2603393421875 0.5316455703125 0.2613997875 0.47468354375 0.25715800624999996 0.47468354375 0.25609756093749997 0.6128691984375 0.26511134687500004 0.614978903125
1 0.281018028125 0.5390295359375 0.2613997875 0.5390295359375 0.2613997875 0.606540084375 0.281018028125 0.606540084375 0.281018028125 0.5390295359375
2 0.2788971375 0.5432489453125 0.27942735937499996 0.5348101265625 0.263520678125 0.5337552750000001 0.2640509015625 0.5474683546875 0.2661717921875 0.5590717296875 0.2788971375 0.5432489453125
2 0.27836691406249997 0.6160337546875 0.2799575828125 0.606540084375 0.2640509015625 0.606540084375 0.2645811234375 0.623417721875 0.2661717921875 0.6339662453125 0.27836691406249997 0.6160337546875
2 0.303817603125 0.6170886078125 0.30328738125 0.609704640625 0.2900318140625 0.6075949359374999 0.28897136875 0.626582278125 0.29162248125 0.6329113921875 0.303817603125 0.6170886078125
6 0.27836691406249997 0.5305907171875 0.2778366921875 0.5379746828124999 0.28207847343750003 0.5390295359375 0.28207847343750003 0.6054852328125 0.2778366921875 0.6054852328125 0.27730646875 0.6139240499999999 0.291092259375 0.6139240499999999 0.29056203593749996 0.6075949359374999 0.2863202546875 0.606540084375 0.2863202546875 0.541139240625 0.29056203593749996 0.5400843875 0.29056203593749996 0.532700421875 0.2863202546875 0.532700421875 0.2863202546875 0.475738396875 0.2826086953125 0.47362869218750003 0.28207847343750003 0.5305907171875 0.27836691406249997 0.5305907171875
1 0.305408271875 0.541139240625 0.2863202546875 0.541139240625 0.2863202546875 0.6054852328125 0.305408271875 0.6054852328125 0.305408271875 0.541139240625
2 0.30434782656250003 0.544303796875 0.3048780484375 0.5337552750000001 0.29056203593749996 0.532700421875 0.2900318140625 0.54852320625 0.2921527046875 0.5601265828125 0.30434782656250003 0.544303796875
6 0.3027571578125 0.5316455703125 0.3027571578125 0.5400843875 0.30593849375 0.541139240625 0.3064687171875 0.6075949359374999 0.30169671249999996 0.6086497890625 0.301166490625 0.614978903125 0.3165429484375 0.6139240499999999 0.3165429484375 0.606540084375 0.3107104984375 0.6054852328125 0.3107104984375 0.5400843875 0.3170731703125 0.541139240625 0.3165429484375 0.5337552750000001 0.310180275 0.532700421875 0.310180275 0.47362869218750003 0.305408271875 0.47468354375 0.30593849375 0.5316455703125 0.3027571578125 0.5316455703125
1 0.333510075 0.5400843875 0.310180275 0.5400843875 0.310180275 0.6054852328125 0.333510075 0.6054852328125 0.333510075 0.5400843875
2 0.3292682921875 0.5421940921874999 0.3292682921875 0.5337552750000001 0.31548250312500004 0.5337552750000001 0.3144220578125 0.5506329109375 0.3170731703125 0.5601265828125 0.3292682921875 0.5421940921874999
2 0.3186638390625 0.6318565406250001 0.3292682921875 0.6160337546875 0.3287380703125 0.6086497890625 0.31548250312500004 0.606540084375 0.3133616125 0.614978903125 0.316012725 0.626582278125 0.3186638390625 0.6318565406250001
2 0.3881230109375 0.6170886078125 0.3875927890625 0.6075949359374999 0.370095440625 0.6086497890625 0.370095440625 0.6286919828124999 0.37327677656249997 0.635021096875 0.3881230109375 0.6170886078125
2 0.1914103921875 0.705696203125 0.190349946875 0.6898734171875 0.1892895015625 0.6698312234375 0.1728525984375 0.6698312234375 0.1728525984375 0.6951476796875 0.18716861093749998 0.7109704640625 0.1914103921875 0.705696203125
4 0.295334040625 0.693037975 0.2401908796875 0.693037975 0.2401908796875 0.88924050625 0.295334040625 0.88924050625 0.295334040625 0.693037975
2 0.2603393421875 0.7109704640625 0.2613997875 0.693037975 0.260869565625 0.67299578125 0.24496288437499997 0.671940928125 0.2444326609375 0.6951476796875 0.2545068921875 0.7067510546875 0.2603393421875 0.7109704640625
2 0.34623541874999997 0.708860759375 0.3472958640625 0.6972573843750001 0.3478260875 0.671940928125 0.3313891828125 0.6708860765625 0.3313891828125 0.69620253125 0.339872746875 0.7067510546875 0.34623541874999997 0.708860759375
2 0.40031813437499997 0.6972573843750001 0.3997879109375 0.671940928125 0.38229056250000004 0.671940928125 0.3817603390625 0.6951476796875 0.39713679687500003 0.7099156125 0.40031813437499997 0.6972573843750001
2 0.47879109218749993 0.7109704640625 0.49151643749999996 0.6909282703125 0.49151643749999996 0.6708860765625 0.4745493109375 0.6708860765625 0.473488865625 0.688818565625 0.47560975625 0.708860759375 0.47879109218749993 0.7109704640625
2 0.5800636265625 0.693037975 0.5795334046875 0.671940928125 0.562566278125 0.671940928125 0.5620360546875001 0.7035864984375 0.5641569453125 0.71308016875 0.5800636265625 0.693037975
2 0.6102863203125 0.691983121875 0.609225875 0.671940928125 0.5922587484374999 0.6708860765625 0.5917285265625 0.691983121875 0.607104984375 0.7099156125 0.6102863203125 0.691983121875
2 0.6283138921875 0.6170886078125 0.627253446875 0.6075949359374999 0.6108165421875 0.606540084375 0.6102863203125 0.6170886078125 0.62513255625 0.6339662453125 0.6283138921875 0.6170886078125
2 0.6638388125 0.6940928265624999 0.6622481437500001 0.6708860765625 0.6463414640625 0.671940928125 0.645811240625 0.6993670890625 0.6489925765625 0.7099156125 0.6638388125 0.6940928265624999
2 0.78313891875 0.1592827 0.775185578125 0.1329113921875 0.7672322375 0.13607595 0.7672322375 0.16455696250000001 0.7767762453125 0.16772151875000002 0.78313891875 0.16772151875000002 0.78313891875 0.1592827
6 0.6648992578125 0.3048523203125 0.6643690343750001 0.3143459921875 0.736479321875 0.3143459921875 0.7359490984375 0.3670886078125 0.7401908796875001 0.36814345937500004 0.739130434375 0.274261603125 0.7354188765624999 0.27320675156249996 0.7359490984375 0.3048523203125 0.6648992578125 0.3048523203125
2 0.7317073171875 0.274261603125 0.7401908796875001 0.274261603125 0.7396606578125 0.24683544375 0.7354188765624999 0.24156118124999998 0.7253446453125 0.2679324890625 0.7317073171875 0.274261603125
2 0.7815482499999999 0.2689873421875 0.7847295859375001 0.2637130796875 0.7767762453125 0.23628692031249998 0.7667020156250001 0.237341771875 0.7677624609375 0.2679324890625 0.7735949093750001 0.27004219375 0.7815482499999999 0.2689873421875
2 0.7841993640625 0.3881856546875 0.7767762453125 0.36075949375 0.7661717921875 0.3628691984375 0.7672322375 0.3945147671875 0.7815482499999999 0.3945147671875 0.7841993640625 0.3881856546875
2 0.7269353125 0.3945147671875 0.7327677625 0.40084388125 0.739130434375 0.396624471875 0.7396606578125 0.3660337546875 0.734888653125 0.36497890312500003 0.7269353125 0.3871308015625 0.7269353125 0.3945147671875
2 0.6808059390625 0.5601265828125 0.68239660625 0.5506329109375 0.6818663843749999 0.532700421875 0.66808059375 0.532700421875 0.66808059375 0.541139240625 0.6808059390625 0.5601265828125
6 0.6813361609374999 0.532700421875 0.6813361609374999 0.5390295359375 0.686108165625 0.5390295359375 0.6855779421875 0.6054852328125 0.6813361609374999 0.6044303796875 0.6808059390625 0.6139240499999999 0.6951219515625 0.614978903125 0.694591728125 0.6086497890625 0.689819725 0.6086497890625 0.689819725 0.5421940921874999 0.6935312828125 0.541139240625 0.69406150625 0.5348101265625 0.690349946875 0.5348101265625 0.690349946875 0.47468354375 0.686108165625 0.47362869218750003 0.686108165625 0.532700421875 0.6813361609374999 0.532700421875
2 0.7089077406250001 0.5474683546875 0.7089077406250001 0.5348101265625 0.6930010609374999 0.5316455703125 0.6924708374999999 0.5400843875 0.704665959375 0.558016878125 0.7089077406250001 0.5474683546875
6 0.7067868500000001 0.5305907171875 0.7067868500000001 0.5400843875 0.7099681859375 0.5379746828124999 0.710498409375 0.6054852328125 0.7067868500000001 0.6044303796875 0.706256628125 0.6128691984375 0.7195121953125 0.614978903125 0.7195121953125 0.6086497890625 0.7136797453125 0.6075949359374999 0.7136797453125 0.541139240625 0.7200424171875001 0.5421940921874999 0.7195121953125 0.532700421875 0.7131495234375 0.5337552750000001 0.7136797453125 0.47362869218750003 0.7099681859375 0.4715189875 0.7099681859375 0.5305907171875 0.7067868500000001 0.5305907171875
2 0.7322375390625 0.5559071734375001 0.7332979843749999 0.5348101265625 0.7195121953125 0.5337552750000001 0.7179215265625001 0.5421940921874999 0.7301166484375 0.558016878125 0.7322375390625 0.5559071734375001
2 0.6834570515625 0.6213080171875001 0.6834570515625 0.6086497890625 0.667550371875 0.606540084375 0.6670201484375 0.6160337546875 0.67974549375 0.6329113921875 0.6834570515625 0.6213080171875001
2 0.7078472953125 0.6213080171875001 0.70837751875 0.6075949359374999 0.6930010609374999 0.606540084375 0.691940615625 0.6170886078125 0.7041357374999999 0.6318565406250001 0.7078472953125 0.6213080171875001
2 0.7338282078125 0.6213080171875001 0.7332979843749999 0.6086497890625 0.7173913046875 0.6075949359374999 0.7179215265625001 0.6181434593749999 0.7311770937500001 0.6297468359375 0.7338282078125 0.6213080171875001
2 0.805408271875 0.7109704640625 0.818133615625 0.693037975 0.81760339375 0.6708860765625 0.8016967125000001 0.6708860765625 0.8006362671874999 0.6877637125 0.8011664906249999 0.7025316453125 0.805408271875 0.7109704640625
2 0.7523860015625 0.6951476796875 0.7518557796875001 0.6708860765625 0.736479321875 0.6708860765625 0.736479321875 0.70147679375 0.7375397671874999 0.714135021875 0.7523860015625 0.6951476796875
6 0.7317073171875 0.5316455703125 0.7311770937500001 0.5379746828124999 0.7370095437499999 0.5390295359375 0.736479321875 0.6054852328125 0.7311770937500001 0.6075949359374999 0.7311770937500001 0.6139240499999999 0.7401908796875001 0.614978903125 0.7401908796875001 0.47468354375 0.736479321875 0.47468354375 0.736479321875 0.5305907171875 0.7317073171875 0.5316455703125
6 0.6256627781249999 0.606540084375 0.6256627781249999 0.6128691984375 0.66808059375 0.6139240499999999 0.6686108171875 0.6086497890625 0.6638388125 0.6075949359374999 0.6638388125 0.5400843875 0.6691410390625 0.541139240625 0.6686108171875 0.5348101265625 0.6643690343750001 0.5348101265625 0.6633085890625 0.47257383906249995 0.65959703125 0.47046413437499995 0.6590668078124999 0.6075949359374999 0.6256627781249999 0.606540084375
1 0.1532343578125 0.47468354375 0.131495228125 0.47468354375 0.131495228125 0.5274261609375 0.1532343578125 0.5274261609375 0.1532343578125 0.47468354375
6 0.1489925765625 0.52531645625 0.1489925765625 0.5316455703125 0.154294803125 0.5337552750000001 0.1532343578125 0.5453586500000001 0.15747614062499998 0.5453586500000001 0.15747614062499998 0.475738396875 0.15376458125 0.47362869218750003 0.1532343578125 0.52531645625 0.1489925765625 0.52531645625
1 0.281018028125 0.47468354375 0.2613997875 0.47468354375 0.2613997875 0.5305907171875 0.281018028125 0.5305907171875 0.281018028125 0.47468354375
1 0.30593849375 0.47362869218750003 0.2863202546875 0.47362869218750003 0.2863202546875 0.5316455703125 0.30593849375 0.5316455703125 0.30593849375 0.47362869218750003
1 0.3329798515625 0.47257383906249995 0.310180275 0.47257383906249995 0.310180275 0.5337552750000001 0.3329798515625 0.5337552750000001 0.3329798515625 0.47257383906249995
1 0.6855779421875 0.47362869218750003 0.6638388125 0.47362869218750003 0.6638388125 0.5316455703125 0.6855779421875 0.5316455703125 0.6855779421875 0.47362869218750003
1 0.7099681859375 0.47468354375 0.6914103921875 0.47468354375 0.6914103921875 0.532700421875 0.7099681859375 0.532700421875 0.7099681859375 0.47468354375
1 0.7094379640625 0.5421940921874999 0.6908801703125 0.5421940921874999 0.6908801703125 0.6044303796875 0.7094379640625 0.6044303796875 0.7094379640625 0.5421940921874999
1 0.686108165625 0.541139240625 0.6643690343750001 0.541139240625 0.6643690343750001 0.6054852328125 0.686108165625 0.6054852328125 0.686108165625 0.541139240625
1 0.7359490984375 0.541139240625 0.71420996875 0.541139240625 0.71420996875 0.6054852328125 0.7359490984375 0.6054852328125 0.7359490984375 0.541139240625
4 0.3531283140625 0.693037975 0.299575821875 0.693037975 0.299575821875 0.88924050625 0.3531283140625 0.88924050625 0.3531283140625 0.693037975
4 0.5259809125 0.693037975 0.47242842031250004 0.693037975 0.47242842031250004 0.88924050625 0.5259809125 0.88924050625 0.5259809125 0.693037975
4 0.5811240718749999 0.693037975 0.5302226937500001 0.693037975 0.5302226937500001 0.88924050625 0.5811240718749999 0.88924050625 0.5811240718749999 0.693037975
4 0.6399787906250001 0.6940928265624999 0.5890774125 0.6940928265624999 0.5890774125 0.890295359375 0.6399787906250001 0.890295359375 0.6399787906250001 0.6940928265624999
4 0.6977730640625001 0.693037975 0.6447507953125 0.693037975 0.6447507953125 0.88924050625 0.6977730640625001 0.88924050625 0.6977730640625001 0.693037975
4 0.7560975609375 0.6940928265624999 0.7030752921875 0.6940928265624999 0.7030752921875 0.890295359375 0.7560975609375 0.890295359375 0.7560975609375 0.6940928265624999
4 0.9215270406249999 0.693037975 0.8743372218750001 0.693037975 0.8743372218750001 0.890295359375 0.9215270406249999 0.890295359375 0.9215270406249999 0.693037975
1 0.736479321875 0.47468354375 0.71420996875 0.47468354375 0.71420996875 0.5316455703125 0.736479321875 0.5316455703125 0.736479321875 0.47468354375
4 0.2221633078125 0.20464135 0.12089077343750002 0.20464135 0.12089077343750002 0.30379746875 0.2221633078125 0.30379746875 0.2221633078125 0.20464135
3 0.33191940625 0.1086497890625 0.3467656421875 0.109704640625 0.3472958640625 0.0590717296875 0.29162248125 0.060126582812499996 0.291092259375 0.089662446875 0.33191940625 0.089662446875 0.33191940625 0.1086497890625
3 0.1203605515625 0.0917721515625 0.1606574765625 0.089662446875 0.160127253125 0.060126582812499996 0.1044538703125 0.061181434374999996 0.1044538703125 0.109704640625 0.1203605515625 0.11075949375000001 0.1203605515625 0.0917721515625
3 0.8779371546875 0.11103708593749999 0.8930066421875 0.11103708593749999 0.891890384375 0.05884965625000001 0.8360774687499999 0.05884965625000001 0.8360774687499999 0.089940040625 0.8779371546875 0.0910504109375 0.8779371546875 0.11103708593749999