7 0.9479101562500001 0.13697065 0.8958398437499999 0.13697065 0.8958398437499999 0.2935115296875 0.9479101562500001 0.2935115296875 0.9479101562500001 0.13697065
7 0.9505273437499999 0.408102725 0.8984570312500001 0.408102725 0.8984570312500001 0.5199056609375 0.9505273437499999 0.5199056609375 0.9505273437499999 0.408102725
3 0.546875 0.5849056609375001 0.546875 0.5754716984375 0.87890625 0.5744234796875001 0.880859375 0.84486373125 0.853515625 0.84591195 0.853515625 0.8721173999999999 0.90625 0.8721173999999999 0.904296875 0.559748428125 0.548828125 0.5607966453125 0.546875 0.43605869999999997 0.521484375 0.43605869999999997 0.51953125 0.5849056609375001 0.546875 0.5849056609375001
1 0.9049414062500001 0.8726519921874999 0.5973242187500001 0.8726519921874999 0.5973242187500001 0.9425262046875 0.9049414062500001 0.9425262046875 0.9049414062500001 0.8726519921874999
7 0.7525976562500001 0.8469496859375001 0.6224023437499999 0.8469496859375001 0.6224023437499999 0.8735115296875 0.7525976562500001 0.8735115296875 0.7525976562500001 0.8469496859375001
7 0.45052734375 0.9252306078125001 0.24220703124999998 0.9252306078125001 0.24220703124999998 0.9531761 0.45052734375 0.9531761 0.45052734375 0.9252306078125001
3 0.9453125 0.045073375 0.896484375 0.045073375 0.896484375 0.1383647796875 0.9453125 0.1383647796875 0.9453125 0.045073375
3 0.35546875 0.3721174 0.521484375 0.3710691828125 0.521484375 0.3815513625 0.546875 0.38259958125 0.546875 0.36897274687500003 0.8984375 0.36897274687500003 0.8984375 0.40880503125 0.94921875 0.40880503125 0.947265625 0.294549265625 0.8984375 0.294549265625 0.900390625 0.3522012578125 0.357421875 0.35534591249999997 0.35546875 0.3721174
6 0.11393229375 0.4018169125 0.11555989375 0.40880503125 0.1416015625 0.40793151562499996 0.1432291671875 0.928546471875 0.1676432296875 0.928546471875 0.1595052078125 0.40880503125 0.21158854218749998 0.40793151562499996 0.21158854218749998 0.41055206093749996 0.22786458281250002 0.41055206093749996 0.22786458281250002 0.40094339687499997 0.1627604171875 0.40006988125 0.1611328125 0.371243884375 0.1432291671875 0.3703703703125 0.1416015625 0.40094339687499997 0.11393229375 0.4018169125
1 0.13671875 0.4088155140625 0.1171875 0.4088155140625 0.1171875 0.4577253671875 0.13671875 0.4577253671875 0.13671875 0.4088155140625
1 0.138359375 0.3721278828125 0.1171875 0.3721278828125 0.1171875 0.400073375 0.138359375 0.400073375 0.138359375 0.3721278828125
3 0.224609375 0.35534591249999997 0.115234375 0.35534591249999997 0.115234375 0.3710691828125 0.224609375 0.3710691828125 0.224609375 0.35534591249999997
3 0.599609375 0.9528301890625 0.59765625 0.8731656187500001 0.623046875 0.8752620546875001 0.623046875 0.84591195 0.552734375 0.8480083859375 0.548828125 0.6383647796874999 0.525390625 0.6383647796874999 0.525390625 0.9266247375000001 0.44921875 0.9255765203124999 0.451171875 0.9528301890625 0.599609375 0.9528301890625
3 0.955078125 0.518867925 0.904296875 0.518867925 0.904296875 0.950733753125 0.955078125 0.950733753125 0.955078125 0.518867925
3 0.244140625 0.9266247375000001 0.130859375 0.9266247375000001 0.130859375 0.954926625 0.244140625 0.954926625 0.244140625 0.9266247375000001
2 0.7958984375 0.896226415625 0.8089192687500001 0.89797344375 0.8089192687500001 0.8761355703125 0.8544921875 0.8743885390624999 0.8561197937499999 0.8455625437500001 0.8072916687499999 0.8455625437500001 0.8089192687500001 0.8219776375000001 0.7942708328125 0.8219776375000001 0.791015625 0.8446890296875 0.751953125 0.8446890296875 0.7535807296875 0.8752620546875001 0.7942708328125 0.873515025 0.7958984375 0.896226415625
2 0.47526041875 0.6053459125 0.4736328125 0.613207546875 0.5208333328125 0.6149545765625 0.5224609375 0.6394129984375 0.5550130203125 0.6394129984375 0.5533854171875 0.6175751218750001 0.5973307296875 0.6167016078125 0.5973307296875 0.60796645625 0.5533854171875 0.6070929406250001 0.5533854171875 0.5852550671875 0.5208333328125 0.5852550671875 0.5208333328125 0.604472396875 0.47526041875 0.6053459125
1 0.23111979218749998 0.4551013265625 0.40201823125 0.45597484218749995 0.40852864375 0.6394129984375 0.5192057296875 0.6411600265625 0.5192057296875 0.3721174 0.35481770625000003 0.37299091562500003 0.35481770625000003 0.08036338125 0.1611328125 0.08036338125 0.1627604171875 0.3555206140625 0.2294921875 0.3546471 0.23111979218749998 0.4551013265625
6 0.4296875 0.6411600265625 0.4052734375 0.6411600265625 0.4052734375 0.6018518515625 0.38899739375000003 0.600104821875 0.38899739375000003 0.64203354375 0.17578125 0.6429070593749999 0.17578125 0.5293501046875 0.38899739375000003 0.5284765890625 0.38736979374999997 0.5494409499999999 0.40364583125 0.5494409499999999 0.40201823125 0.518867925 0.24251302031250002 0.5214884703125 0.24251302031250002 0.46470999375 0.3857421875 0.4655835078125 0.38736979374999997 0.469951084375 0.40201823125 0.46907756875000006 0.40201823125 0.457721871875 0.2294921875 0.457721871875 0.2294921875 0.45160726875 0.21321614531250002 0.45248078124999996 0.21158854218749998 0.45859538750000006 0.1611328125 0.457721871875 0.1595052078125 0.6516422078125 0.43131510625 0.65076869375 0.4296875 0.6411600265625
2 0.3466796875 0.5712788265625 0.34342448124999997 0.5782669453125 0.38411458125000003 0.57739343125 0.3857421875 0.6009783375 0.40690104375 0.6009783375 0.40364583125 0.5782669453125 0.44270833125 0.5782669453125 0.4443359375 0.569531796875 0.40690104375 0.569531796875 0.40690104375 0.5494409499999999 0.38736979374999997 0.5494409499999999 0.38736979374999997 0.5704053109375 0.3466796875 0.5712788265625
2 0.34830729374999997 0.49004192812499997 0.34830729374999997 0.49790356406249997 0.3857421875 0.4970300484375 0.38411458125000003 0.518867925 0.40364583125 0.517994409375 0.40364583125 0.4970300484375 0.45084635625 0.4987770796875 0.44921875 0.487421384375 0.40364583125 0.48916841250000004 0.40364583125 0.468204053125 0.3857421875 0.46907756875000006 0.3857421875 0.48916841250000004 0.34830729374999997 0.49004192812499997
2 0.46875 0.40356394062499995 0.47037760625 0.41317260625 0.517578125 0.41317260625 0.517578125 0.43326345312500003 0.5501302078125 0.4358839984375 0.546875 0.4122990921875 0.5989583328125 0.41317260625 0.5989583328125 0.40443745625 0.5501302078125 0.4053109703125 0.5517578125 0.38259958125 0.5208333328125 0.3808525515625 0.5208333328125 0.4018169125 0.46875 0.40356394062499995
2 0.09765625 0.129280225 0.09765625 0.13888888906250002 0.13671875 0.1397624046875 0.13671875 0.16771488437499998 0.1611328125 0.16771488437499998 0.1611328125 0.1397624046875 0.1920572921875 0.14063591875 0.1888020828125 0.1327742828125 0.1595052078125 0.1327742828125 0.1627604171875 0.10569531875 0.13671875 0.104821803125 0.13671875 0.129280225 0.09765625 0.129280225
2 0.302734375 0.2131376671875 0.30436198124999997 0.2192522703125 0.35319010624999997 0.2201257859375 0.35319010624999997 0.2437106921875 0.3759765625 0.2437106921875 0.37434895625000003 0.221872815625 0.419921875 0.2201257859375 0.41829426875 0.2140111796875 0.37434895625000003 0.2157582125 0.37434895625000003 0.1886792453125 0.35319010624999997 0.1886792453125 0.35319010624999997 0.21226415156249998 0.302734375 0.2131376671875
1 0.2099609375 0.40880503125 0.1611328125 0.40880503125 0.1611328125 0.45685534531250005 0.2099609375 0.45685534531250005 0.2099609375 0.40880503125
2 0.17578125 0.43064290781250003 0.1774088546875 0.43675751093750004 0.2099609375 0.4358839984375 0.21321614531250002 0.45248078124999996 0.2294921875 0.4542278140625 0.23111979218749998 0.4350104828125 0.26692708125000003 0.43675751093750004 0.26692708125000003 0.43064290781250003 0.2294921875 0.43064290781250003 0.22786458281250002 0.4114255765625 0.20833333281250002 0.41055206093749996 0.2099609375 0.4288958765625 0.17578125 0.43064290781250003
1 0.20833984375 0.3712473796875 0.16439453125 0.3712473796875 0.16439453125 0.399192871875 0.20833984375 0.399192871875 0.20833984375 0.3712473796875
2 0.224609375 0.40094339687499997 0.22623697968749998 0.3895877 0.25716145625000003 0.38871418593749996 0.2587890625 0.384346609375 0.2294921875 0.38347309687500003 0.2294921875 0.3721174 0.20833333281250002 0.371243884375 0.20670572968749998 0.40006988125 0.224609375 0.40094339687499997
4 0.5240820312500001 0.6533962265625 0.16763671875 0.6533962265625 0.16763671875 0.9259329140625001 0.5240820312500001 0.9259329140625001 0.5240820312500001 0.6533962265625
2 0.46549479375 0.67260656875 0.48014323125 0.67260656875 0.478515625 0.65076869375 0.517578125 0.6516422078125 0.5143229171875 0.6411600265625 0.48177083125 0.6402865140625 0.478515625 0.6193221531249999 0.4638671875 0.6175751218750001 0.46549479375 0.6394129984375 0.42643229375 0.6402865140625 0.4248046875 0.6490216625 0.46549479375 0.649895178125 0.46549479375 0.67260656875
6 0.9065820312499999 0.9433962265625 0.5973242187500001 0.9433962265625 0.5973242187500001 0.9529979031250001 0.9065820312499999 0.9529979031250001 0.9065820312499999 0.9433962265625
6 0.5257226562499999 0.641163521875 0.51271484375 0.641163521875 0.51271484375 0.6499056609375 0.5257226562499999 0.6499056609375 0.5257226562499999 0.641163521875
4 0.595703125 0.559049615625 0.9016927062500001 0.559049615625 0.8984375 0.3686233390625 0.5517578125 0.3703703703125 0.5485026046875 0.47169811250000004 0.595703125 0.47169811250000004 0.595703125 0.559049615625
6 0.5940755203125 0.4734451421875 0.5485026046875 0.4734451421875 0.5485026046875 0.5607966453125 0.5940755203125 0.5616701609375 0.5940755203125 0.4734451421875
3 0.8984570312500001 0.06464360625 0.10255859375000001 0.06464360625 0.10255859375000001 0.07774633125 0.8984570312500001 0.07774633125 0.8984570312500001 0.06464360625
6 0.15951171875 0.07861635156249999 0.13509765625 0.07861635156249999 0.13509765625 0.10570230625000002 0.15951171875 0.10570230625000002 0.15951171875 0.07861635156249999
6 0.1611328125 0.04979035625 0.1334765625 0.04979035625 0.1334765625 0.0646331234375 0.1611328125 0.0646331234375 0.1611328125 0.04979035625
6 0.36947265625000003 0.0794968546875 0.35482421875000003 0.0794968546875 0.35482421875000003 0.1886792453125 0.36947265625000003 0.1886792453125 0.36947265625000003 0.0794968546875
6 0.37271484374999997 0.2437211734375 0.35642578125 0.2437211734375 0.35642578125 0.355524109375 0.37271484374999997 0.355524109375 0.37271484374999997 0.2437211734375
4 0.8984375 0.07948637343750001 0.37109375 0.07948637343750001 0.37109375 0.35376310312500003 0.8984375 0.35376310312500003 0.8984375 0.07948637343750001
6 0.39876953125000003 0.0489203359375 0.38248046874999997 0.0489203359375 0.38248046874999997 0.0629035640625 0.39876953125000003 0.0629035640625 0.39876953125000003 0.0489203359375
1 0.4996875 0.0480398328125 0.40203125 0.0480398328125 0.40203125 0.0567819703125 0.4996875 0.0567819703125 0.4996875 0.0480398328125
6 0.5143164062500001 0.04802935 0.49966796875 0.04802935 0.49966796875 0.0646331234375 0.5143164062500001 0.0646331234375 0.5143164062500001 0.04802935
6 0.11393229375 0.19217330625 0.11393229375 0.20527603125 0.1383463546875 0.20527603125 0.13671875 0.3555206140625 0.1611328125 0.3555206140625 0.1611328125 0.1694619140625 0.13671875 0.16771488437499998 0.1334635421875 0.19217330625 0.11393229375 0.19217330625
6 0.1302083328125 0.5206149531250001 0.1220703125 0.5206149531250001 0.1220703125 0.527603075 0.1334635421875 0.5284765890625 0.1334635421875 0.64203354375 0.1220703125 0.6411600265625 0.1220703125 0.6516422078125 0.1432291671875 0.6525157234375001 0.1416015625 0.4612159328125 0.1171875 0.459468903125 0.1123046875 0.4673305390625 0.1302083328125 0.4655835078125 0.1302083328125 0.5206149531250001
6 0.3841015625 0.058511529687499994 0.1611328125 0.058511529687499994 0.1611328125 0.0646331234375 0.3841015625 0.0646331234375 0.3841015625 0.058511529687499994
6 0.5013085937499999 0.0576310265625 0.40041015625 0.0576310265625 0.40041015625 0.0637526203125 0.5013085937499999 0.0637526203125 0.5013085937499999 0.0576310265625
4 0.896796875 0.044549265625 0.5159374999999999 0.044549265625 0.5159374999999999 0.0646331234375 0.896796875 0.0646331234375 0.896796875 0.044549265625
1 0.38412109375000003 0.0480398328125 0.16603515625 0.0480398328125 0.16603515625 0.0567819703125 0.38412109375000003 0.0567819703125 0.38412109375000003 0.0480398328125
0 0.38736328124999997 0.46470649843749995 0.24576171875 0.46470649843749995 0.24576171875 0.5188574421875 0.38736328124999997 0.5188574421875 0.38736328124999997 0.46470649843749995
0 0.38736328124999997 0.5302306078125001 0.17740234375 0.5302306078125001 0.17740234375 0.6402935015625 0.38736328124999997 0.6402935015625 0.38736328124999997 0.5302306078125001
4 0.8821875 0.57740041875 0.5485156250000001 0.57740041875 0.5485156250000001 0.8455765203125001 0.8821875 0.8455765203125001 0.8821875 0.57740041875