7 0.082213740625 0.8595372921875001 0.05284987343749999 0.8595372921875001 0.05284987343749999 0.9370925421875 0.082213740625 0.9370925421875 0.082213740625 0.8595372921875001
7 0.08416030468749999 0.7447928171875 0.05283715 0.7447928171875 0.05283715 0.7957872921875 0.08416030468749999 0.7957872921875 0.08416030468749999 0.7447928171875
3 0.08611959218750001 0.7001726515625 0.054796437499999996 0.7001726515625 0.054796437499999996 0.7447997234375 0.08611959218750001 0.7447997234375 0.08611959218750001 0.7001726515625
3 0.41030534375 0.6284530390625 0.41189567499999996 0.726864640625 0.4341603046875 0.72600138125 0.432569975 0.616367403125 0.08428753125 0.613777625 0.0858778625 0.5939226515625 0.054071246875 0.5939226515625 0.054071246875 0.6491712703125 0.0826972015625 0.6483080109375 0.08428753125 0.62672651875 0.41030534375 0.6284530390625
7 0.08416030468749999 0.6491712703125 0.05283715 0.6491712703125 0.05283715 0.7001657453125001 0.08416030468749999 0.7001657453125001 0.08416030468749999 0.6491712703125
7 0.08611959218750001 0.5429281765625 0.054796437499999996 0.5429281765625 0.054796437499999996 0.5939226515625 0.08611959218750001 0.5939226515625 0.08611959218750001 0.5429281765625
7 0.08611959218750001 0.44093922656249995 0.054796437499999996 0.44093922656249995 0.054796437499999996 0.49936464062499997 0.08611959218750001 0.49936464062499997 0.08611959218750001 0.44093922656249995
7 0.9434223921875 0.8563535906249999 0.9160178109375 0.8563535906249999 0.9160178109375 0.9328453031249999 0.9434223921875 0.9328453031249999 0.9434223921875 0.8563535906249999
7 0.9434223921875 0.6427969609375 0.9160178109375 0.6427969609375 0.9160178109375 0.7012361874999999 0.9434223921875 0.7012361874999999 0.9434223921875 0.6427969609375
7 0.9434351140624999 0.7437361874999999 0.914071246875 0.7437361874999999 0.914071246875 0.8021754140624999 0.9434351140624999 0.8021754140624999 0.9434351140624999 0.7437361874999999
7 0.9434223921875 0.53973756875 0.9199363875 0.53973756875 0.9199363875 0.59924033125 0.9434223921875 0.59924033125 0.9434223921875 0.53973756875
3 0.9453816796875 0.4972306625 0.9179771000000001 0.4972306625 0.9179771000000001 0.5397306625 0.9453816796875 0.5397306625 0.9453816796875 0.4972306625
7 0.9473409671875 0.4462361875 0.9199363875 0.4462361875 0.9199363875 0.49829419843749995 0.9473409671875 0.49829419843749995 0.9473409671875 0.4462361875
7 0.16441475781249998 0.28156077343749997 0.137010178125 0.28156077343749997 0.137010178125 0.3601795578125 0.16441475781249998 0.3601795578125 0.16441475781249998 0.28156077343749997
7 0.1663740453125 0.142368784375 0.138969465625 0.142368784375 0.138969465625 0.2220511046875 0.1663740453125 0.2220511046875 0.1663740453125 0.142368784375
7 0.8690585234375 0.146629834375 0.8396946562500001 0.146629834375 0.8396946562500001 0.22524861875000002 0.8690585234375 0.22524861875000002 0.8690585234375 0.146629834375
7 0.8670992359374999 0.282624309375 0.83773536875 0.282624309375 0.83773536875 0.36124309375 0.8670992359374999 0.36124309375 0.8670992359374999 0.282624309375
3 0.8396946562500001 0.0837361875 0.8365139953125 0.111360496875 0.8699109421875001 0.111360496875 0.8699109421875001 0.100138121875 0.9510178109374999 0.100138121875 0.9494274812500001 0.0595649171875 0.9208015265625 0.0595649171875 0.9208015265625 0.082872928125 0.8396946562500001 0.0837361875
7 0.9473536890625001 0.028687845312499998 0.921908396875 0.028687845312499998 0.921908396875 0.0605662984375 0.9473536890625001 0.0605662984375 0.9473536890625001 0.028687845312499998
3 0.16539440156250002 0.10877071875 0.16698473281249998 0.08200966875 0.08905852343750001 0.08114640937499999 0.0906488546875 0.056111878125 0.0588422390625 0.05524861875 0.0588422390625 0.0975483421875 0.139949109375 0.09841160156249999 0.14153944062499998 0.10877071875 0.16539440156250002 0.10877071875
7 0.0880788796875 0.027624309375 0.0606743 0.027624309375 0.0606743 0.05524861875 0.0880788796875 0.05524861875 0.0880788796875 0.027624309375
3 0.520661578125 0.028687845312499998 0.48737913437499997 0.028687845312499998 0.48737913437499997 0.6226104968749999 0.520661578125 0.6226104968749999 0.520661578125 0.028687845312499998
3 0.16442748125 0.2220511046875 0.13898218906249998 0.2220511046875 0.13898218906249998 0.28049033125 0.16442748125 0.28049033125 0.16442748125 0.2220511046875
3 0.8690585234375 0.22524861875000002 0.8396946562500001 0.22524861875000002 0.8396946562500001 0.28475138125 0.8690585234375 0.28475138125 0.8690585234375 0.22524861875000002
3 0.9453944015625 0.8021685078124999 0.916030534375 0.8021685078124999 0.916030534375 0.8552900546875 0.9453944015625 0.8552900546875 0.9453944015625 0.8021685078124999
3 0.5147837156249999 0.720352209375 0.485419846875 0.720352209375 0.485419846875 0.9519682328125001 0.5147837156249999 0.9519682328125001 0.5147837156249999 0.720352209375
3 0.082213740625 0.7979143640624999 0.05284987343749999 0.7979143640624999 0.05284987343749999 0.8605939218750001 0.082213740625 0.8605939218750001 0.082213740625 0.7979143640624999
3 0.082213740625 0.937099446875 0.05284987343749999 0.937099446875 0.05284987343749999 0.9509116015625001 0.082213740625 0.9509116015625001 0.082213740625 0.937099446875
3 0.086132315625 0.49935773437500003 0.056768448437499994 0.49935773437500003 0.056768448437499994 0.54398480625 0.086132315625 0.54398480625 0.086132315625 0.49935773437500003
3 0.8683333328125 0.1407182328125 0.8397073796875001 0.1407182328125 0.8397073796875001 0.14762430937499998 0.8683333328125 0.14762430937499998 0.8683333328125 0.1407182328125
3 0.16540712500000002 0.13897790000000002 0.138358778125 0.13897790000000002 0.138358778125 0.145027625 0.16540712500000002 0.145027625 0.16540712500000002 0.13897790000000002
2 0.1106870234375 0.3756906078125 0.1106870234375 0.381906078125 0.1335877859375 0.3812154703125 0.1335877859375 0.395027625 0.16793893124999998 0.3957182328125 0.16793893124999998 0.3832872921875 0.195928753125 0.382596684375 0.192111959375 0.3770718234375 0.1666666671875 0.3770718234375 0.1704834609375 0.3667127078125 0.136132315625 0.3653314921875 0.136132315625 0.3756906078125 0.1106870234375 0.3756906078125
3 0.16540712500000002 0.35911602187499997 0.13678117031249998 0.35911602187499997 0.13678117031249998 0.3660221 0.16540712500000002 0.3660221 0.16540712500000002 0.35911602187499997
3 0.916030534375 0.4255870171875 0.9176208656249999 0.44803176718750004 0.9494274812500001 0.44889502812500004 0.94624681875 0.40745856406250003 0.8683206109375 0.40659530312500003 0.8667302796874999 0.397099446875 0.838104325 0.3962361875 0.8396946562500001 0.42472375625 0.916030534375 0.4255870171875
2 0.8206106875 0.37776243125 0.8129771 0.3832872921875 0.8358778625 0.3832872921875 0.8358778625 0.3964088390625 0.8689567437499999 0.3964088390625 0.867684478125 0.3860497234375 0.8944020359374999 0.38535911562499997 0.896946565625 0.3805248625 0.8715012718749999 0.3798342546875 0.8702290078124999 0.368093921875 0.8384223921875 0.367403315625 0.8384223921875 0.3784530390625 0.8206106875 0.37776243125
3 0.8683206109375 0.3616988953125 0.8365139953125 0.3616988953125 0.8365139953125 0.36774861875 0.8683206109375 0.36774861875 0.8683206109375 0.3616988953125
3 0.0572519078125 0.403142265625 0.0572519078125 0.44026243125000003 0.08746819375 0.44026243125000003 0.08746819375 0.41868093906250003 0.16539440156250002 0.41868093906250003 0.16539440156250002 0.39450966875 0.138358778125 0.39450966875 0.1367684484375 0.404005525 0.0572519078125 0.403142265625
4 0.5139949109375 0.9203499078125 0.5555555546875001 0.92127071875 0.5555555546875001 0.95027624375 0.916030534375 0.9507366484374999 0.915182359375 0.8319521171875 0.558100084375 0.8301104968749999 0.558100084375 0.8595764265625 0.5156912640625 0.8595764265625 0.5139949109375 0.9203499078125
6 0.9176335874999999 0.8235428171875 0.6393129765625 0.8235428171875 0.6393129765625 0.8313190609375001 0.9176335874999999 0.8313190609375001 0.9176335874999999 0.8235428171875
1 0.5462213734375 0.8291919890624999 0.5165267171875 0.8291919890624999 0.5165267171875 0.853128453125 0.5462213734375 0.853128453125 0.5462213734375 0.8291919890624999
6 0.5131467359374999 0.8595764265625 0.5572519078125 0.8595764265625 0.5564037328125 0.8296500921875 0.5826972015624999 0.8296500921875 0.5843935546875 0.823664825 0.5487701453125 0.823664825 0.5479219671875 0.85313075625 0.5148430859375 0.85313075625 0.5131467359374999 0.8595764265625
2 0.5267175578125001 0.8411602203124999 0.5356234093750001 0.841850828125 0.5343511453125 0.8301104968749999 0.5458015265625 0.8301104968749999 0.5508905859375 0.8245856359375001 0.536895675 0.823895028125 0.5356234093750001 0.812845303125 0.5267175578125001 0.812845303125 0.5267175578125001 0.8232044203125 0.515267175 0.8232044203125 0.512722646875 0.82872928125 0.5254452921875 0.82872928125 0.5267175578125001 0.8411602203124999
2 0.6055979640625 0.8432320437499999 0.61577608125 0.8432320437499999 0.61577608125 0.8301104968749999 0.639949109375 0.8301104968749999 0.639949109375 0.8232044203125 0.61577608125 0.823895028125 0.6170483453125 0.8093922656249999 0.6055979640625 0.8093922656249999 0.6055979640625 0.8225138125000001 0.5814249359375 0.8225138125000001 0.583969465625 0.82872928125 0.6043257 0.82872928125 0.6055979640625 0.8432320437499999
2 0.6857506359375 0.80524861875 0.6857506359375 0.81077348125 0.71246819375 0.812154696875 0.7137404578125001 0.823895028125 0.7264631046875001 0.8232044203125 0.7251908390625 0.8114640890624999 0.751908396875 0.812154696875 0.7506361328125 0.8059392265625 0.72773536875 0.80524861875 0.7264631046875001 0.792127071875 0.7137404578125001 0.7935082875 0.7137404578125001 0.806629834375 0.6857506359375 0.80524861875
1 0.7116200171875 0.7955801109375 0.6963528421875 0.7941988953125 0.581849025 0.7739410671875 0.581849025 0.7260589328125 0.5148430859375 0.7255985265625 0.5156912640625 0.8227440156249999 0.7116200171875 0.8227440156249999 0.7116200171875 0.7955801109375
2 0.6666666671875 0.7983425421875 0.6743002546875 0.8004143640624999 0.6819338421875 0.7928176796875 0.695928753125 0.7941988953125 0.6984732828125 0.7872928171875 0.6870229 0.78522099375 0.692111959375 0.7748618781250001 0.6844783718749999 0.7734806625 0.6781170484375 0.7817679562500001 0.6653944015625 0.780386740625 0.6615776078125 0.786602209375 0.6730279890624999 0.7886740328124999 0.6666666671875 0.7983425421875
2 0.6246819343750001 0.7624309390625 0.6170483453125 0.7714088390625 0.6017811703125 0.768646409375 0.5966921125 0.7755524859375 0.61577608125 0.779005525 0.6094147578125 0.7886740328124999 0.61577608125 0.7907458562499999 0.62340966875 0.7817679562500001 0.639949109375 0.7838397796875001 0.6463104328125 0.7776243093749999 0.6259541984375 0.7734806625 0.636132315625 0.7645027625 0.6246819343750001 0.7624309390625
2 0.54071246875 0.7403314921875 0.55216285 0.7403314921875 0.5534351140625 0.7265193375 0.576335878125 0.7258287296875 0.576335878125 0.7182320437499999 0.5508905859375 0.7182320437499999 0.5508905859375 0.7051104968749999 0.54071246875 0.7051104968749999 0.54071246875 0.7203038671875001 0.516539440625 0.7189226515625 0.515267175 0.7251381218749999 0.5419847328125 0.7251381218749999 0.54071246875 0.7403314921875
1 0.4834478375 0.7260566296875 0.35283715 0.7260566296875 0.35283715 0.8218162984375 0.4834478375 0.8218162984375 0.4834478375 0.7260566296875
2 0.45165394374999995 0.7203038671875001 0.432569975 0.7189226515625 0.431297709375 0.7272099453124999 0.45038167968750004 0.7272099453124999 0.452926209375 0.7417127078125 0.4618320609375 0.7417127078125 0.4618320609375 0.7251381218749999 0.48600508906249995 0.7265193375 0.48473282500000003 0.719613259375 0.45928753125000005 0.7189226515625 0.460559796875 0.7044198890625 0.452926209375 0.7044198890625 0.45165394374999995 0.7203038671875001
2 0.37659033124999997 0.7044198890625 0.37659033124999997 0.719613259375 0.3498727734375 0.719613259375 0.3498727734375 0.7244475140625 0.3727735375 0.7251381218749999 0.3727735375 0.7389502765625 0.3829516546875 0.7389502765625 0.3829516546875 0.7258287296875 0.4109414765625 0.7265193375 0.4109414765625 0.719613259375 0.38676844843749997 0.7189226515625 0.38422391875 0.7044198890625 0.37659033124999997 0.7044198890625
0 0.7565733671875 0.5570902390625 0.700593721875 0.5575506453125 0.6641221374999999 0.5630755062499999 0.662425784375 0.6201657453125 0.754877015625 0.6201657453125 0.7565733671875 0.5570902390625
1 0.580152671875 0.5667587468749999 0.7039864296875 0.5501841609375 0.7022900765625 0.522099446875 0.5920271421875001 0.5211786375 0.59372349375 0.45718232031249995 0.523324853125 0.45718232031249995 0.5216284984375 0.61325966875 0.5835453765625 0.6151012890625001 0.580152671875 0.5667587468749999
6 0.651399490625 0.619705340625 0.662425784375 0.6201657453125 0.6632739625 0.5649171265625 0.6666666671875 0.5616942921875 0.6598812546875 0.5575506453125 0.643765903125 0.559392265625 0.6463104328125 0.564456721875 0.6530958453125 0.5639963156250001 0.651399490625 0.619705340625
2 0.6679389312499999 0.5455801109375 0.6717557249999999 0.553867403125 0.659033078125 0.556629834375 0.6679389312499999 0.562154696875 0.6793893125 0.5600828734375 0.6857506359375 0.56975138125 0.692111959375 0.5690607734375 0.6870229 0.5600828734375 0.7022900765625 0.55801105 0.6984732828125 0.5504143640625 0.6857506359375 0.5524861875 0.6730279890624999 0.5448895031250001 0.6679389312499999 0.5455801109375
2 0.6781170484375 0.5324585640625 0.6806615781249999 0.5386740328124999 0.7010178109375 0.5386740328124999 0.703562340625 0.5504143640625 0.73536895625 0.5524861875 0.7379134859375001 0.539364640625 0.767175571875 0.5386740328124999 0.76463104375 0.5345303875 0.740458015625 0.5338397796875001 0.740458015625 0.5214088390625 0.70483460625 0.5193370171875 0.7022900765625 0.533149171875 0.6781170484375 0.5324585640625
0 0.6497031375 0.6201657453125 0.651399490625 0.5649171265625 0.5962680234375 0.572283609375 0.5962680234375 0.6201657453125 0.6497031375 0.6201657453125
6 0.5954198468749999 0.572744015625 0.60135708125 0.5718232046875 0.5954198468749999 0.5662983421875001 0.581849025 0.5676795578125 0.5835453765625 0.619244934375 0.5962680234375 0.619244934375 0.5954198468749999 0.572744015625
2 0.6374045796875001 0.5794198890625 0.6297709921875 0.5690607734375 0.647582696875 0.565607734375 0.643765903125 0.5587016578124999 0.6272264625 0.56077348125 0.6132315515625 0.5490331484375 0.6068702296875 0.551104971875 0.61577608125 0.5614640890625 0.5966921125 0.5649171265625 0.6017811703125 0.5725138125 0.619592875 0.56975138125 0.6297709921875 0.5814917125 0.6374045796875001 0.5794198890625
4 0.6039016109374999 0.48250460312500004 0.642917728125 0.482965009375 0.6412213734375001 0.515653775 0.9143341812499999 0.5151933703125 0.915182359375 0.42587476874999997 0.8405428328125 0.42587476874999997 0.8371501265625 0.42173112343749997 0.643765903125 0.42173112343749997 0.643765903125 0.453959484375 0.6047497890625 0.453499078125 0.6039016109374999 0.48250460312500004
6 0.5920271421875001 0.5142725593749999 0.59287531875 0.5211786375 0.915182359375 0.5225598515625001 0.916030534375 0.5151933703125 0.64206955 0.5151933703125 0.6412213734375001 0.482965009375 0.6047497890625 0.482965009375 0.6047497890625 0.48158379375000004 0.594571671875 0.4811233875 0.594571671875 0.48756906093749997 0.6344359625 0.48802946562500005 0.6344359625 0.514732965625 0.5920271421875001 0.5142725593749999
2 0.5699745546874999 0.49861878437499996 0.5712468187499999 0.5034530390625 0.591603053125 0.5027624312500001 0.591603053125 0.5145027625 0.6043257 0.5151933703125 0.6043257 0.5048342546875 0.6246819343750001 0.504143646875 0.62340966875 0.49930939218750003 0.6055979640625 0.49930939218750003 0.6043257 0.48825966875000004 0.5941475828125 0.48756906093749997 0.5941475828125 0.49723756874999997 0.5699745546874999 0.49861878437499996
2 0.5496183203125 0.46901933749999997 0.5623409671874999 0.46970994531250004 0.5610687015625 0.4565883984375 0.5814249359375 0.45727900625 0.5814249359375 0.4489917125 0.5623409671874999 0.4483011046875 0.5610687015625 0.43725138125 0.5508905859375 0.4365607734375 0.5496183203125 0.4495856359375 0.5229007640625001 0.44889502812500004 0.5216284984375 0.4565883984375 0.5496183203125 0.455897790625 0.5496183203125 0.46901933749999997
2 0.572519084375 0.4669475140625 0.572519084375 0.47178176718750003 0.5941475828125 0.4731629828125 0.5903307890625 0.48075966875000004 0.6043257 0.4814502765625 0.6055979640625 0.4731629828125 0.62340966875 0.473853590625 0.6221374046875 0.4683287296875 0.6055979640625 0.46901933749999997 0.6055979640625 0.455897790625 0.5941475828125 0.4565883984375 0.5966921125 0.467638121875 0.572519084375 0.4669475140625
6 0.6335877859375 0.4475138125 0.580152671875 0.44889502812500004 0.581849025 0.45672191562500003 0.602205259375 0.45672191562500003 0.6039016109374999 0.4530386734375 0.642917728125 0.453499078125 0.643765903125 0.42127071875000005 0.8379983031249999 0.42127071875000005 0.8379983031249999 0.41574585624999993 0.5954198468749999 0.414364640625 0.5954198468749999 0.4208103140625 0.6335877859375 0.4208103140625 0.6335877859375 0.4475138125
2 0.5712468187499999 0.43172651875 0.5712468187499999 0.43587016562500003 0.5954198468749999 0.4365607734375 0.59287531875 0.4469198890625 0.603053434375 0.447610496875 0.6043257 0.4379419890625 0.6246819343750001 0.43863259687499995 0.6246819343750001 0.43310773437499994 0.6068702296875 0.4324171265625 0.60814249375 0.421367403125 0.5966921125 0.4199861875 0.5941475828125 0.4310359109375 0.5712468187499999 0.43172651875
4 0.41391009375000004 0.4479742171875 0.4877014421875 0.44843462343749996 0.48854961875 0.2555248625 0.16539440156250002 0.2550644578125 0.1645462265625 0.4120626140625 0.41391009375000004 0.412983425 0.41391009375000004 0.4479742171875
4 0.08651399531250001 0.41896869218750005 0.08566581875 0.51289134375 0.35793045 0.5142725593749999 0.35793045 0.48250460312500004 0.39949109374999997 0.4820441984375 0.39864291875 0.4516574578125 0.35793045 0.4521178625 0.35793045 0.4194290984375 0.08651399531250001 0.41896869218750005
6 0.357082271875 0.4516574578125 0.40118744843750004 0.4516574578125 0.4003392703125 0.45948434687499995 0.4105173875 0.45994475156250003 0.4105173875 0.4553407 0.4232400328125 0.4558011046875 0.4240882109375 0.4479742171875 0.37150127187500004 0.44705340781249997 0.37065309687500003 0.4203499078125 0.413061915625 0.419889503125 0.41391009375000004 0.4139042359375 0.1636980484375 0.4125230203125 0.1645462265625 0.4194290984375 0.35793045 0.419889503125 0.357082271875 0.4516574578125
1 0.40118320625 0.41988259687499996 0.3689440203125 0.41988259687499996 0.3689440203125 0.4470511046875 0.40118320625 0.4470511046875 0.40118320625 0.41988259687499996
2 0.38040712499999996 0.4310359109375 0.3816793890625 0.43517955781250006 0.40076335937499996 0.43587016562500003 0.39949109374999997 0.4469198890625 0.4147582703125 0.447610496875 0.41348600468749996 0.4365607734375 0.432569975 0.4365607734375 0.43638676875 0.4310359109375 0.41603053437500004 0.430345303125 0.41603053437500004 0.4206767953125 0.4020356234375 0.4206767953125 0.4020356234375 0.429654696875 0.38040712499999996 0.4310359109375
1 0.2883799828125 0.5483425421875 0.30958439375 0.548802946875 0.41899915312499997 0.5658379375 0.4156064453125 0.6141804796875 0.48600508906249995 0.614640884375 0.48600508906249995 0.456261509375 0.41221374062500005 0.4558011046875 0.41221374062500005 0.5207182328125 0.2892281609375 0.5207182328125 0.2883799828125 0.5483425421875
1 0.3995038171875 0.48803176718749997 0.3698091609375 0.48803176718749997 0.3698091609375 0.5147306625 0.3995038171875 0.5147306625 0.3995038171875 0.48803176718749997
2 0.38040712499999996 0.49733425468750003 0.3778625953125 0.5021685078125 0.4020356234375 0.502859115625 0.39949109374999997 0.5118370171875 0.41221374062500005 0.5139088390625 0.41348600468749996 0.50424033125 0.4338422390625 0.5049309390625 0.432569975 0.499406078125 0.4147582703125 0.4987154703125 0.41348600468749996 0.4869751375 0.4033078875 0.4869751375 0.40076335937499996 0.4987154703125 0.38040712499999996 0.49733425468750003
2 0.39949109374999997 0.4710911609375 0.40076335937499996 0.48006906093749996 0.41603053437500004 0.48006906093749996 0.41603053437500004 0.47178176718750003 0.431297709375 0.472472375 0.431297709375 0.4669475140625 0.4109414765625 0.4669475140625 0.4109414765625 0.45866022031250003 0.40076335937499996 0.46004143593749997 0.40076335937499996 0.46625690625000005 0.38040712499999996 0.4669475140625 0.38422391875 0.4710911609375 0.39949109374999997 0.4710911609375
2 0.44402035624999997 0.43448895 0.44274809218750005 0.4469198890625 0.423664121875 0.447610496875 0.42111959218750006 0.45520718281250006 0.44274809218750005 0.45520718281250006 0.44402035624999997 0.46970994531250004 0.45165394374999995 0.47178176718750003 0.4541984734375 0.4565883984375 0.4770992359375 0.455897790625 0.47837150156249997 0.447610496875 0.4541984734375 0.447610496875 0.456743003125 0.43517955781250006 0.44402035624999997 0.43448895
2 0.24936386718749998 0.5317679562500001 0.24936386718749998 0.5372928171875 0.276081425 0.537983425 0.27353689531250003 0.5497237562499999 0.288804071875 0.5497237562499999 0.288804071875 0.5372928171875 0.315521628125 0.536602209375 0.3129771 0.5317679562500001 0.288804071875 0.5317679562500001 0.288804071875 0.5207182328125 0.2773536890625 0.518646409375 0.2786259546875 0.5317679562500001 0.24936386718749998 0.5317679562500001
0 0.405428328125 0.572744015625 0.349448684375 0.5649171265625 0.348600509375 0.614640884375 0.40458015312500006 0.6151012890625001 0.405428328125 0.572744015625
6 0.3384223921875 0.6151012890625001 0.3469041546875 0.6151012890625001 0.3477523328125 0.564456721875 0.3536895671875 0.564456721875 0.35793045 0.55801105 0.3452078046875 0.5557090234375 0.3392705671875 0.56077348125 0.342663275 0.5626151015625 0.3384223921875 0.6151012890625001
2 0.3854961828125 0.5476519343749999 0.37659033124999997 0.5600828734375 0.3575063609375 0.5573204421875 0.3536895671875 0.5649171265625 0.3727735375 0.568370165625 0.36513994843750003 0.5766574578125 0.37659033124999997 0.5794198890625 0.3816793890625 0.5704419890625 0.40076335937499996 0.5732044203125 0.4058524171875 0.5635359109375 0.3854961828125 0.562154696875 0.39185750625 0.551104971875 0.3854961828125 0.5476519343749999
0 0.3384223921875 0.5616942921875 0.30619168750000003 0.55524861875 0.244274809375 0.5547882140625 0.2417302796875 0.614640884375 0.337574215625 0.6141804796875 0.3384223921875 0.5616942921875
2 0.319338421875 0.5690607734375 0.32442748125 0.5600828734375 0.3371501265625 0.562154696875 0.344783715625 0.5545580109375 0.3307888046875 0.5524861875 0.33587786249999996 0.5441988953125 0.328244275 0.5428176796875 0.3206106875 0.551104971875 0.311704834375 0.5497237562499999 0.3053435109375 0.5559392265625 0.31679389375 0.55801105 0.3104325703125 0.5676795578125 0.319338421875 0.5690607734375
2 0.3511450375 0.7520718234375 0.3384223921875 0.7520718234375 0.3384223921875 0.783149171875 0.3511450375 0.783149171875 0.3511450375 0.7520718234375
4 0.48260814218750003 0.8278107734375 0.08395674374999999 0.8278107734375 0.08395674374999999 0.9502831484375 0.48260814218750003 0.9502831484375 0.48260814218750003 0.8278107734375
2 0.42111959218750006 0.8218232046875 0.3613231546875 0.8218232046875 0.3613231546875 0.8294198890625 0.42111959218750006 0.8294198890625 0.42111959218750006 0.8218232046875
2 0.1145038171875 0.12154696093749999 0.11195928749999999 0.126381215625 0.136132315625 0.1270718234375 0.1335877859375 0.1388121546875 0.16793893124999998 0.1388121546875 0.1704834609375 0.12776243125 0.1984732828125 0.1270718234375 0.1946564890625 0.12085635312500001 0.1704834609375 0.12154696093749999 0.1692111953125 0.10773480625000001 0.1386768453125 0.10842541406249999 0.1386768453125 0.12154696093749999 0.1145038171875 0.12154696093749999
2 0.8167938937500001 0.125 0.8167938937500001 0.1298342546875 0.8371501265625 0.1305248625 0.8384223921875 0.14226519375 0.8715012718749999 0.1429558015625 0.8740458015625 0.1298342546875 0.8982188296875 0.129143646875 0.896946565625 0.123618784375 0.8715012718749999 0.12430939218749999 0.8727735375 0.111878453125 0.8384223921875 0.1111878453125 0.8384223921875 0.123618784375 0.8167938937500001 0.125
4 0.349448684375 0.051104971875 0.39949109374999997 0.04972375625 0.39949109374999997 0.0299263359375 0.08990669999999999 0.029005524999999997 0.08990669999999999 0.0810313078125 0.348600509375 0.08149171250000001 0.349448684375 0.051104971875
4 0.16539440156250002 0.24861878437499998 0.48939779375 0.24861878437499998 0.48939779375 0.0501841609375 0.41391009375000004 0.04972375625 0.4147582703125 0.0879373859375 0.16709075625 0.087016575 0.16539440156250002 0.24861878437499998
6 0.1641221375 0.08149171250000001 0.16793893124999998 0.08770718281249999 0.41348600468749996 0.08770718281249999 0.41348600468749996 0.0808011046875 0.39949109374999997 0.0808011046875 0.39949109374999997 0.0835635359375 0.360050890625 0.082872928125 0.360050890625 0.0545580109375 0.41348600468749996 0.0559392265625 0.41348600468749996 0.0483425421875 0.4249363875 0.0490331484375 0.423664121875 0.042127071875 0.41221374062500005 0.0414364640625 0.4109414765625 0.029696132812499998 0.40076335937499996 0.030386740625000002 0.4020356234375 0.051104971875 0.3511450375 0.051104971875 0.3511450375 0.0821823203125 0.1641221375 0.08149171250000001
2 0.3778625953125 0.0718232046875 0.39949109374999997 0.071132596875 0.39949109374999997 0.080110496875 0.4147582703125 0.08149171250000001 0.41348600468749996 0.0725138125 0.4338422390625 0.073895028125 0.43638676875 0.0662983421875 0.41348600468749996 0.065607734375 0.4147582703125 0.056629834375 0.3982188296875 0.056629834375 0.40076335937499996 0.06698895 0.38040712499999996 0.065607734375 0.3778625953125 0.0718232046875
2 0.44274809218750005 0.062154696875000005 0.4541984734375 0.062845303125 0.4541984734375 0.04972375625 0.48091603125000004 0.04972375625 0.479643765625 0.042127071875 0.456743003125 0.042127071875 0.452926209375 0.029696132812499998 0.44656488593750004 0.029005524999999997 0.44274809218750005 0.040745856250000004 0.42111959218750006 0.040745856250000004 0.4223918578125 0.0483425421875 0.44402035624999997 0.0490331484375 0.44274809218750005 0.062154696875000005
4 0.8405428328125 0.0902394109375 0.59372349375 0.0911602203125 0.59372349375 0.0534069984375 0.51908396875 0.0534069984375 0.51823579375 0.2490791890625 0.83884648125 0.2490791890625 0.8405428328125 0.0902394109375
2 0.5597964375 0.06491712656250001 0.5572519078125 0.0524861875 0.5826972015624999 0.0524861875 0.5826972015624999 0.044889503125 0.5597964375 0.0455801109375 0.5585241734374999 0.03176795625 0.5458015265625 0.031077348437500003 0.5470737906250001 0.0469613265625 0.5254452921875 0.0455801109375 0.524173028125 0.0524861875 0.5470737906250001 0.053176795312500004 0.5470737906250001 0.065607734375 0.5597964375 0.06491712656250001
4 0.6480067859374999 0.0824125234375 0.9219677687500001 0.082872928125 0.9211195921875 0.030386740625000002 0.6047497890625 0.029465929687499996 0.6055979640625 0.0501841609375 0.6488549625 0.0501841609375 0.6480067859374999 0.0824125234375
6 0.59372349375 0.0520257828125 0.59372349375 0.0575506453125 0.636980490625 0.058011049999999995 0.636132315625 0.08195211718749999 0.59372349375 0.08195211718749999 0.59372349375 0.0902394109375 0.8430873609375 0.0888581953125 0.8439355390625 0.08333333281250001 0.6463104328125 0.082872928125 0.6480067859374999 0.051104971875 0.6039016109374999 0.0506445671875 0.6047497890625 0.0455801109375 0.581849025 0.04511970625 0.581849025 0.0524861875 0.59372349375 0.0520257828125
2 0.5712468187499999 0.068370165625 0.568702290625 0.073895028125 0.5954198468749999 0.0725138125 0.5941475828125 0.0821823203125 0.6055979640625 0.0821823203125 0.6043257 0.0745856359375 0.6284987281250001 0.0745856359375 0.6284987281250001 0.0690607734375 0.6043257 0.068370165625 0.6055979640625 0.0573204421875 0.5966921125 0.0573204421875 0.5966921125 0.06698895 0.5712468187499999 0.068370165625
6 0.5267175578125001 0.0455801109375 0.520356234375 0.0455801109375 0.520356234375 0.053176795312500004 0.5267175578125001 0.053176795312500004 0.5267175578125001 0.0455801109375
2 0.5903307890625 0.036602209375 0.591603053125 0.044889503125 0.603053434375 0.0455801109375 0.603053434375 0.0372928171875 0.6246819343750001 0.0372928171875 0.62340966875 0.029696132812499998 0.6055979640625 0.029696132812499998 0.5737913484375 0.031077348437500003 0.5750636124999999 0.0359116015625 0.5903307890625 0.036602209375
6 0.483460559375 0.8225138125000001 0.42111959218750006 0.8225138125000001 0.42111959218750006 0.8294198890625 0.483460559375 0.8294198890625 0.483460559375 0.8225138125000001
4 0.33756997499999997 0.7251381218749999 0.0848218828125 0.7251381218749999 0.0848218828125 0.8218232046875 0.33756997499999997 0.8218232046875 0.33756997499999997 0.7251381218749999
6 0.1297709921875 0.719613259375 0.0852417296875 0.719613259375 0.0852417296875 0.7258287296875 0.1297709921875 0.7258287296875 0.1297709921875 0.719613259375
2 0.20101781093749999 0.7203038671875001 0.13104325625 0.7203038671875001 0.13104325625 0.7244475140625 0.20101781093749999 0.7244475140625 0.20101781093749999 0.7203038671875001
6 0.48854961875 0.44889502812500004 0.47837150156249997 0.44889502812500004 0.47837150156249997 0.4564917125 0.48854961875 0.4564917125 0.48854961875 0.44889502812500004
1 0.138244275 0.2522997234375 0.059363867187499995 0.2522997234375 0.059363867187499995 0.4046892265625 0.138244275 0.4046892265625 0.138244275 0.2522997234375
6 0.1386768453125 0.24723756875 0.05852417343750001 0.24723756875 0.05852417343750001 0.2534530390625 0.1386768453125 0.2534530390625 0.1386768453125 0.24723756875
6 0.487277353125 0.24792817656250002 0.16539440156250002 0.24792817656250002 0.16539440156250002 0.254143646875 0.487277353125 0.254143646875 0.487277353125 0.24792817656250002
6 0.8396946562500001 0.24930939218749998 0.5216284984375 0.24930939218749998 0.5216284984375 0.2555248625 0.8396946562500001 0.2555248625 0.8396946562500001 0.24930939218749998
6 0.9452926203124999 0.25 0.8702290078124999 0.25 0.8702290078124999 0.2555248625 0.9452926203124999 0.2555248625 0.9452926203124999 0.25
6 0.48982188281249994 0.0414364640625 0.479643765625 0.0414364640625 0.479643765625 0.0490331484375 0.48982188281249994 0.0490331484375 0.48982188281249994 0.0414364640625
6 0.35962680156250004 0.4820441984375 0.35877862656250004 0.51335175 0.08396946562499999 0.51289134375 0.083121290625 0.519797421875 0.4147582703125 0.520257828125 0.41391009375000004 0.5124309390625 0.40118744843750004 0.511970534375 0.4003392703125 0.514732965625 0.3681085671875 0.514732965625 0.3672603890625 0.48710865625000005 0.4096692109375 0.48664825 0.411365565625 0.47928176718750004 0.40118744843750004 0.479742171875 0.40118744843750004 0.48250460312500004 0.35962680156250004 0.4820441984375
3 0.5750636124999999 0.619244934375 0.5742154375 0.630755065625 0.916030534375 0.630755065625 0.915182359375 0.643646409375 0.94486853125 0.6441068140625 0.94402035625 0.5980662984375 0.9185750640625001 0.598526703125 0.9185750640625001 0.6210865562500001 0.5750636124999999 0.619244934375
3 0.5750636124999999 0.7131675875 0.5759117890625001 0.7265193375 0.9168787093749999 0.7269797421875 0.9168787093749999 0.7449355421875 0.94486853125 0.7453959484375 0.94486853125 0.701197053125 0.9168787093749999 0.7016574578125 0.916030534375 0.7131675875 0.5750636124999999 0.7131675875
5 0.9168829515624999 0.6307527625 0.576755725 0.6307527625 0.576755725 0.7131698890625 0.9168829515624999 0.7131698890625 0.9168829515624999 0.6307527625
1 0.5767684484375 0.6229212703125 0.43173027968750005 0.6229212703125 0.43173027968750005 0.719150553125 0.5767684484375 0.719150553125 0.5767684484375 0.6229212703125
2 0.45207803281250003 0.63674033125 0.46140797187500004 0.6372007359375 0.46225615 0.62338858125 0.4868532640625 0.62338858125 0.48854961875 0.6151012890625001 0.4639525015625 0.614640884375 0.46225615 0.601289134375 0.4546225625 0.600368325 0.4546225625 0.614640884375 0.43172179843749997 0.6141804796875 0.43172179843749997 0.62338858125 0.45377438437500006 0.62338858125 0.45207803281250003 0.63674033125
2 0.5419847328125 0.6238489875 0.5428329078125 0.638121546875 0.550466496875 0.638121546875 0.551314675 0.6238489875 0.5750636124999999 0.6243093921875 0.5750636124999999 0.6151012890625001 0.550466496875 0.614640884375 0.551314675 0.600368325 0.5436810859375 0.5999079187499999 0.5419847328125 0.6137200734375 0.5199321453125 0.6137200734375 0.5199321453125 0.62338858125 0.5419847328125 0.6238489875
6 0.7565733671875 0.622007365625 0.7684478375 0.6215469609375 0.7692960125 0.5515653765625 0.699745546875 0.5506445671875 0.7014419000000001 0.5575506453125 0.7565733671875 0.5570902390625 0.7565733671875 0.622007365625
6 0.244274809375 0.55524861875 0.307039865625 0.55524861875 0.30958439375 0.5497237562499999 0.2340966921875 0.5501841609375 0.2332485171875 0.6151012890625001 0.24342663281250002 0.6155616953124999 0.244274809375 0.55524861875
6 0.4037319765625 0.6164825046875 0.4156064453125 0.6164825046875 0.41730279843750007 0.567219153125 0.40627650624999995 0.56537753125 0.39949109374999997 0.572283609375 0.405428328125 0.572283609375 0.4037319765625 0.6164825046875
6 0.3384223921875 0.7255985265625 0.3392705671875 0.7536832421875 0.3519932140625 0.7523020265625 0.3511450375 0.719613259375 0.25784563125000004 0.7200736640625001 0.2561492796875 0.6270718234375 0.24342663281250002 0.627532228125 0.244274809375 0.7191528546875 0.20016963593749998 0.719613259375 0.20101781093749999 0.7251381218749999 0.3384223921875 0.7255985265625
6 0.083121290625 0.8218232046875 0.083121290625 0.8282688765625 0.36217133125 0.8291896859375001 0.3613231546875 0.8222836093750001 0.3519932140625 0.8222836093750001 0.3511450375 0.7836095765625 0.3384223921875 0.7826887671875 0.337574215625 0.8222836093750001 0.083121290625 0.8218232046875
0 0.7565733671875 0.7872928171875 0.7540288375 0.7269797421875 0.6641221374999999 0.7269797421875 0.662425784375 0.7799263359374999 0.700593721875 0.7872928171875 0.7565733671875 0.7872928171875
6 0.6972010171874999 0.7872928171875 0.6955046640625 0.7946593 0.7692960125 0.7946593 0.7692960125 0.7274401484374999 0.7540288375 0.7274401484374999 0.75742154375 0.787753221875 0.6972010171874999 0.7872928171875
0 0.6488549625 0.727900553125 0.5971162015625 0.7274401484374999 0.5962680234375 0.7679558015625 0.6488549625 0.7776243093749999 0.6488549625 0.727900553125
6 0.6446140781249999 0.7785451203125 0.6412213734375001 0.7840699828125001 0.6615776078125 0.7872928171875 0.6666666671875 0.7808471453125 0.6598812546875 0.7799263359374999 0.662425784375 0.7269797421875 0.6488549625 0.7265193375 0.6497031375 0.7785451203125 0.6446140781249999 0.7785451203125
6 0.5962680234375 0.767495396875 0.594571671875 0.7260589328125 0.581849025 0.7265193375 0.581849025 0.7734806625 0.5954198468749999 0.7757826890625 0.60135708125 0.7693370171875 0.5962680234375 0.767495396875
1 0.5470865140625001 0.9268024859375 0.514847328125 0.9268024859375 0.514847328125 0.952120165625 0.5470865140625001 0.952120165625 0.5470865140625001 0.9268024859375
6 0.5470737906250001 0.9516574578125001 0.5555555546875001 0.9516574578125001 0.5564037328125 0.92127071875 0.5148430859375 0.92127071875 0.5139949109375 0.926335175 0.5470737906250001 0.9267955796875 0.5470737906250001 0.9516574578125001
1 0.6327353687499999 0.48848756875 0.603905853125 0.48848756875 0.603905853125 0.5151864640625 0.6327353687499999 0.5151864640625 0.6327353687499999 0.48848756875
1 0.6327353687499999 0.42172651875 0.6055852421875 0.42172651875 0.6055852421875 0.4465883984375 0.6327353687499999 0.4465883984375 0.6327353687499999 0.42172651875
6 0.529274809375 0.44981353593750006 0.522480915625 0.44981353593750006 0.522480915625 0.45579419843749996 0.529274809375 0.45579419843749996 0.529274809375 0.44981353593750006
1 0.39949109374999997 0.05524861875 0.3613231546875 0.05524861875 0.3613231546875 0.082872928125 0.39949109374999997 0.082872928125 0.39949109374999997 0.05524861875
1 0.6361195921875 0.058473756249999995 0.604745546875 0.058473756249999995 0.604745546875 0.082879834375 0.6361195921875 0.082879834375 0.6361195921875 0.058473756249999995
1 0.486844784375 0.0299240328125 0.413053434375 0.0299240328125 0.413053434375 0.041429557812500004 0.486844784375 0.041429557812500004 0.486844784375 0.0299240328125
1 0.59287531875 0.0299240328125 0.5216284984375 0.0299240328125 0.5216284984375 0.0455732046875 0.59287531875 0.0455732046875 0.59287531875 0.0299240328125
4 0.8371501265625 0.4152854515625 0.8379983031249999 0.2555248625 0.522476675 0.256445671875 0.524173028125 0.44889502812500004 0.594571671875 0.44843462343749996 0.594571671875 0.4139042359375 0.8371501265625 0.4152854515625
4 0.273960984375 0.5497237562499999 0.27480916093749996 0.520257828125 0.08651399531250001 0.520257828125 0.083121290625 0.6141804796875 0.2332485171875 0.6141804796875 0.2332485171875 0.5492633515625001 0.273960984375 0.5497237562499999
4 0.7675996609375 0.62062615 0.9168787093749999 0.6201657453125 0.915182359375 0.5225598515625001 0.741306190625 0.5225598515625001 0.7379134859375001 0.5506445671875 0.7692960125 0.551104971875 0.7675996609375 0.62062615
4 0.242582696875 0.6270787296875 0.0839821890625 0.6270787296875 0.0839821890625 0.7186947515625 0.242582696875 0.7186947515625 0.242582696875 0.6270787296875
0 0.409681934375 0.6275345296875 0.25530534375 0.6275345296875 0.25530534375 0.7196201656250001 0.409681934375 0.7196201656250001 0.409681934375 0.6275345296875
4 0.72688719375 0.8232044203125 0.916030534375 0.8232044203125 0.9177268875 0.7274401484374999 0.7701441906250001 0.7269797421875 0.7692960125 0.7941988953125 0.72688719375 0.7946593 0.72688719375 0.8232044203125
3 0.9448727734375 0.9327831484375 0.91604325625 0.9327831484375 0.91604325625 0.9530455796874999 0.9448727734375 0.9530455796874999 0.9448727734375 0.9327831484375
1 0.945725190625 0.0989917125 0.8693893125000001 0.0989917125 0.8693893125000001 0.24954419843750003 0.945725190625 0.24954419843750003 0.945725190625 0.0989917125
1 0.9465648859375 0.25506906093750004 0.8702290078124999 0.25506906093750004 0.8702290078124999 0.4070027625 0.9465648859375 0.4070027625 0.9465648859375 0.25506906093750004
1 0.1390966921875 0.097147790625 0.0610559796875 0.097147790625 0.0610559796875 0.24724447500000002 0.1390966921875 0.24724447500000002 0.1390966921875 0.097147790625
6 0.05852417343750001 0.25598756875 0.048346056250000005 0.25598756875 0.048346056250000005 0.40147099375 0.05852417343750001 0.40147099375 0.05852417343750001 0.25598756875