6 0.8840596187499999 0.424242425 0.88519740625 0.45971914375 0.8317214703125 0.458240946875 0.8317214703125 0.477457503125 0.8465126859375 0.48041389375000004 0.8465126859375 0.507021434375 0.860166115625 0.509977828125 0.860166115625 0.493717665625 0.97166913125 0.493717665625 0.97166913125 0.5055432375 0.987598134375 0.50258684375 0.9841847765624999 0.465631928125 0.9921492781250001 0.465631928125 0.9921492781250001 0.45676275000000005 0.9841847765624999 0.455284553125 0.9819092046875 0.099039171875 0.99442485 0.08425720625000001 0.9921492781250001 0.06651884687500001 0.968255775 0.085735403125 0.9705313453125 0.424242425 0.8840596187499999 0.424242425
4 0.8829218328125 0.422764228125 0.97166913125 0.422764228125 0.9671179890625 0.1773835921875 0.7702810328125 0.1803399859375 0.773694390625 0.45676275000000005 0.8840596187499999 0.4626755359375 0.8829218328125 0.422764228125
7 0.9238861078125 0.14339024375 0.8123842296875001 0.14339024375 0.8123842296875001 0.17739024375 0.9238861078125 0.17739024375 0.9238861078125 0.14339024375
4 0.7554898171875 0.072431634375 0.47104334843749995 0.069475240625 0.47559449374999996 0.45380635625 0.756627603125 0.458240946875 0.7554898171875 0.072431634375
7 0.6883667078125 0.035471545312500005 0.534762203125 0.035471545312500005 0.534762203125 0.07243089375 0.6883667078125 0.07243089375 0.6883667078125 0.035471545312500005
1 0.26965525 0.619364375 0.8487882578124999 0.6134515890625 0.847650471875 0.48041389375000004 0.26624189375 0.458240946875 0.26624189375 0.50258684375 0.2491751046875 0.50258684375 0.24689953281250002 0.35624538125 0.18432131093749998 0.35624538125 0.19114802656250002 0.60014781875 0.26965525 0.60014781875 0.26965525 0.619364375
7 0.420982478125 0.42572357656250004 0.3595431796875 0.42572357656250004 0.3595431796875 0.45824390312499996 0.420982478125 0.45824390312499996 0.420982478125 0.42572357656250004
2 0.8055523953125 0.51293421875 0.812379109375 0.5144124156250001 0.81579246875 0.48041389375000004 0.8328592546875001 0.481892090625 0.8328592546875001 0.458240946875 0.8146546828125001 0.458240946875 0.813516896875 0.42719881718749997 0.8055523953125 0.4301552109375 0.8055523953125 0.458240946875 0.7816588921875 0.45676275000000005 0.7839344625 0.48041389375000004 0.8055523953125 0.4789356984375 0.8055523953125 0.51293421875
2 0.6405734437499999 0.43606799687500003 0.6405734437499999 0.455284553125 0.616679940625 0.455284553125 0.616679940625 0.47450110937499995 0.642849015625 0.47597930625 0.642849015625 0.49815225312500006 0.6519513031249999 0.49963045 0.6508135171875 0.48041389375000004 0.6769825921875 0.48041389375000004 0.67584480625 0.45676275000000005 0.6519513031249999 0.45676275000000005 0.6508135171875 0.43606799687500003 0.6405734437499999 0.43606799687500003
2 0.8283081125 0.5454545453125 0.8283081125 0.5572801187499999 0.8465126859375 0.558758315625 0.8487882578124999 0.5957132296875 0.8624416890625 0.5942350328125 0.8624416890625 0.5572801187499999 0.8817840484374999 0.5572801187499999 0.8817840484374999 0.5469327421875 0.8624416890625 0.5469327421875 0.8624416890625 0.5084996312500001 0.8465126859375 0.5084996312500001 0.8465126859375 0.54397635 0.8283081125 0.5454545453125
4 0.67584480625 0.6356245375 0.4790078515625 0.6311899484375 0.485834565625 0.9992609031249999 0.678120378125 0.9992609031249999 0.67584480625 0.6356245375
2 0.5723062921875 0.65484109375 0.5814085796875 0.656319290625 0.5814085796875 0.637102734375 0.604164296875 0.6356245375 0.604164296875 0.6134515890625 0.58027079375 0.6134515890625 0.5791330078125 0.58980044375 0.568892934375 0.58980044375 0.568892934375 0.6134515890625 0.5461372171875001 0.6119733921875 0.547275003125 0.6326681453125 0.5723062921875 0.6326681453125 0.5723062921875 0.65484109375
4 0.46421663437499994 0.640059128125 0.27079303593750004 0.640059128125 0.27534417968749997 0.99778270625 0.468767778125 0.99778270625 0.46421663437499994 0.640059128125
2 0.3629536921875 0.6607538796875 0.3731937640625 0.6607538796875 0.372055978125 0.641537325 0.3970872671875 0.641537325 0.39594948125 0.620842571875 0.37433155 0.619364375 0.372055978125 0.60014781875 0.359540334375 0.6016260156250001 0.359540334375 0.619364375 0.34019797500000004 0.6164079828125 0.337922403125 0.637102734375 0.3606781203125 0.63858093125 0.3629536921875 0.6607538796875
4 0.2525884625 0.6223207687500001 0.055751507812500004 0.620842571875 0.06371600937500001 0.99778270625 0.2582773921875 0.99778270625 0.2525884625 0.6223207687500001
2 0.21504152968749998 0.576496675 0.211628171875 0.5971914265625 0.1945613828125 0.5957132296875 0.19228581250000001 0.620842571875 0.2184548875 0.619364375 0.21504152968749998 0.6444937171875 0.2275571734375 0.6444937171875 0.2264193875 0.620842571875 0.250312890625 0.620842571875 0.250312890625 0.5986696234375 0.2264193875 0.60014781875 0.2264193875 0.576496675 0.21504152968749998 0.576496675
3 0.0227557171875 0.3207686625 0.02161793125 0.35033259375000003 0.26169074999999997 0.3532889875 0.26169074999999997 0.458240946875 0.3140289 0.45971914375 0.31289111406250003 0.42867701406250003 0.285584253125 0.42572062187500004 0.28330868124999997 0.3207686625 0.0227557171875 0.3207686625
6 0.176356809375 0.520325203125 0.176356809375 0.5321507750000001 0.1865968828125 0.5321507750000001 0.185459096875 0.46711012500000004 0.17408123749999999 0.46711012500000004 0.1752190234375 0.5055432375 0.0614404375 0.5055432375 0.056889292187499996 0.3621581671875 0.17408123749999999 0.3636363640625 0.1729434515625 0.41241685156249996 0.185459096875 0.41537324375000007 0.18318352499999999 0.354767184375 0.02161793125 0.351810790625 0.02161793125 0.3621581671875 0.029582432812499997 0.3606799703125 0.031858003125 0.504065040625 0.026169075000000003 0.5055432375 0.026169075000000003 0.517368809375 0.034133575 0.517368809375 0.034133575 0.5927568375 0.028444646875 0.591278640625 0.028444646875 0.617886178125 0.042098078125 0.617886178125 0.04778700625 0.99778270625 0.0625782234375 1 0.053475935937499997 0.620842571875 0.1945613828125 0.619364375 0.1945613828125 0.6045824093750001 0.1888724546875 0.6031042125 0.1888724546875 0.591278640625 0.08305836718750001 0.5927568375 0.080782796875 0.517368809375 0.176356809375 0.520325203125
2 0.1536010921875 0.43163340625 0.15246330624999999 0.441980784375 0.1729434515625 0.4449371765625 0.1729434515625 0.468588321875 0.185459096875 0.468588321875 0.1865968828125 0.4449371765625 0.20480145625 0.44789356874999997 0.2059392421875 0.43606799687500003 0.1865968828125 0.43163340625 0.18773466875 0.4109386546875 0.176356809375 0.4109386546875 0.1752190234375 0.4301552109375 0.1536010921875 0.43163340625
2 0.1558766640625 0.552845528125 0.15701445 0.5646711015625 0.1752190234375 0.5646711015625 0.176356809375 0.588322246875 0.19114802656250002 0.5868440500000001 0.19228581250000001 0.56762749375 0.21504152968749998 0.566149296875 0.21504152968749998 0.5543237249999999 0.19228581250000001 0.5498891343750001 0.19114802656250002 0.5291943828125001 0.1752190234375 0.530672578125 0.176356809375 0.5484109375 0.1558766640625 0.552845528125
3 0.9238821250000001 0.1478196609375 0.9238821250000001 0.1788617890625 0.968255775 0.1788617890625 0.9705313453125 0.0901699921875 0.9932870640625 0.06651884687500001 0.9921492781250001 0.053215078125 0.98987370625 0.0266075375 0.94550005625 0.0768662234375 0.944362271875 0.14634146406249998 0.9238821250000001 0.1478196609375
6 0.7850722484375 0.477457503125 0.7839344625 0.458240946875 0.7725566046875 0.45971914375 0.7657298906250001 0.07095343750000001 0.75435203125 0.07095343750000001 0.756627603125 0.458240946875 0.67584480625 0.45971914375 0.6769825921875 0.48041389375000004 0.7850722484375 0.477457503125
3 0.6872226640625 0.036954915625 0.6872226640625 0.069475240625 0.7668676765625 0.069475240625 0.7680054625 0.1788617890625 0.81579246875 0.1788617890625 0.8146546828125001 0.1448632671875 0.791898965625 0.1448632671875 0.7907611796875 0.0384331125 0.6872226640625 0.036954915625
3 0.42211855624999994 0.4611973390625 0.46535442031249996 0.45971914375 0.456252134375 0.06651884687500001 0.5347593578125001 0.06799704375 0.5347593578125001 0.035476718750000004 0.43349641562499996 0.035476718750000004 0.4391853453125 0.42719881718749997 0.42211855624999994 0.42719881718749997 0.42211855624999994 0.4611973390625
2 0.3310956890625 0.39763488593749996 0.3322334734375 0.424242425 0.31289111406250003 0.42572062187500004 0.3140289 0.458240946875 0.3322334734375 0.45971914375 0.333371259375 0.489283075 0.34019797500000004 0.48780487812500006 0.3413357609375 0.4611973390625 0.359540334375 0.4611973390625 0.359540334375 0.424242425 0.34019797500000004 0.424242425 0.3390601890625 0.40206947499999995 0.3310956890625 0.39763488593749996
6 0.6178177265625 0.47597930625 0.616679940625 0.455284553125 0.4767322796875 0.455284553125 0.4699055625 0.06651884687500001 0.45738991875 0.06651884687500001 0.46307884843749997 0.489283075 0.4767322796875 0.489283075 0.4767322796875 0.47450110937499995 0.6178177265625 0.47597930625
6 0.6053020828125 0.6119733921875 0.604164296875 0.6341463421875 0.67584480625 0.6341463421875 0.6803959500000001 0.9992609031249999 0.6963249515625 0.99778270625 0.690636021875 0.6326681453125 0.8522016156250001 0.6341463421875 0.8533394015625 0.6622320765625 0.8669928328125 0.6622320765625 0.8635794750000001 0.5942350328125 0.8487882578124999 0.5942350328125 0.8487882578124999 0.6119733921875 0.6053020828125 0.6119733921875
6 0.46649220625 0.6223207687500001 0.3948116953125 0.619364375 0.3970872671875 0.640059128125 0.46421663437499994 0.640059128125 0.4699055625 1 0.4846967796875 0.99778270625 0.4801456375 0.6297117515624999 0.5461372171875001 0.6297117515624999 0.5461372171875001 0.6149297859375 0.477870065625 0.6134515890625 0.4767322796875 0.5868440500000001 0.46421663437499994 0.588322246875 0.46649220625 0.6223207687500001
6 0.24803731875 0.620842571875 0.25372624843749997 0.620842571875 0.259415178125 0.99778270625 0.27420639375 0.9992609031249999 0.26965525 0.640059128125 0.3390601890625 0.63858093125 0.3390601890625 0.619364375 0.268517465625 0.619364375 0.268517465625 0.5986696234375 0.2491751046875 0.5986696234375 0.24803731875 0.620842571875
1 0.43919274062499997 0.3488536578125 0.2855882359375 0.3488536578125 0.2855882359375 0.42571544687499996 0.43919274062499997 0.42571544687499996 0.43919274062499997 0.3488536578125
6 0.4391853453125 0.3325942359375 0.28330868124999997 0.3325942359375 0.2821708953125 0.3444198078125 0.44032313125 0.3458980046875 0.4391853453125 0.3325942359375
6 0.263966321875 0.49963045 0.2605529640625 0.351810790625 0.24689953281250002 0.35033259375000003 0.2491751046875 0.49963045 0.263966321875 0.49963045
0 0.17408123749999999 0.3636363640625 0.058027078125 0.3636363640625 0.0591648640625 0.507021434375 0.1752190234375 0.507021434375 0.17408123749999999 0.3636363640625
0 0.1774945953125 0.5218034 0.08305836718750001 0.5218034 0.08305836718750001 0.58980044375 0.1774945953125 0.591278640625 0.1774945953125 0.5218034