1 0.48184357499999997 0.30357142812500004 0.5237430171875 0.3046875 0.5247406234375 0.371651784375 0.6235035921875001 0.37276785625 0.6254988015625 0.084821428125 0.48882681562499997 0.084821428125 0.48882681562499997 0.14620535625 0.48184357499999997 0.14620535625 0.48184357499999997 0.30357142812500004
3 0.5243715078125 0.30540625 0.46216480468750004 0.30540625 0.46216480468750004 0.37359375 0.5243715078125 0.37359375 0.5243715078125 0.30540625
3 0.8925837984375 0.79971875 0.8100419000000001 0.79971875 0.8100419000000001 0.9304062500000001 0.8925837984375 0.9304062500000001 0.8925837984375 0.79971875
1 0.715283321875 0.3515625 0.715283321875 0.29017857187499996 0.810055865625 0.2890625 0.811053471875 0.168526784375 0.715283321875 0.167410715625 0.715283321875 0.0859375 0.6444533125 0.084821428125 0.6444533125 0.35379464375 0.715283321875 0.3515625
3 0.731326815625 0.052578124999999996 0.6259357546875 0.052578124999999996 0.6259357546875 0.085234375 0.731326815625 0.085234375 0.731326815625 0.052578124999999996
3 0.53708100625 0.053968749999999996 0.46090782187499996 0.053968749999999996 0.46090782187499996 0.08521875 0.53708100625 0.08521875 0.53708100625 0.053968749999999996
1 0.2932960890625 0.370535715625 0.4608938546875 0.37276785625 0.4608938546875 0.147321428125 0.3541500390625 0.147321428125 0.3551476453125 0.100446428125 0.24441340781249998 0.1015625 0.2434158015625 0.196428571875 0.2932960890625 0.1953125 0.2932960890625 0.370535715625
6 0.3571428578125 0.149553571875 0.46189146093750005 0.14620535625 0.4608938546875 0.198660715625 0.48084596875 0.198660715625 0.48084596875 0.147321428125 0.48882681562499997 0.14620535625 0.489824421875 0.0859375 0.4608938546875 0.0859375 0.4608938546875 0.0546875 0.38308060625 0.0546875 0.38308060625 0.100446428125 0.3571428578125 0.1015625 0.3571428578125 0.149553571875
3 0.3847067046875 0.053968749999999996 0.3402653625 0.053968749999999996 0.3402653625 0.10084375000000001 0.3847067046875 0.10084375000000001 0.3847067046875 0.053968749999999996
3 0.7897409859375 0.373579546875 0.8303707453125 0.375 0.8291010671875 0.7997159093749999 0.8722701875000001 0.7997159093749999 0.8722701875000001 0.375 0.9090909078125 0.373579546875 0.9078212296875 0.305397728125 0.8925850703125 0.305397728125 0.8938547484375 0.08380681875 0.9421025890625 0.08380681875 0.9408329109375 0.0511363625 0.810055865625 0.05255681875 0.8087861875 0.3082386375 0.7910106640625 0.30681818125000004 0.7897409859375 0.373579546875
3 0.0914169640625 0.8607954531249999 0.050787201562499995 0.859375 0.049517521875 0.9176136375 0.1422041640625 0.921875 0.144743525 0.8622159093749999 0.134586084375 0.8636363625 0.13585576562499999 0.10227272812499999 0.2488572875 0.10227272812499999 0.25012696874999996 0.05255681875 0.03301168125 0.053977271874999996 0.031742 0.10227272812499999 0.0914169640625 0.10369318125 0.0914169640625 0.8607954531249999
3 0.24123920625 0.86931818125 0.239969528125 0.9289772718749999 0.3313864921875 0.93181818125 0.3326561703125 0.8721590906250001 0.24123920625 0.86931818125
3 0.514220415625 0.7855113625000001 0.4710512953125 0.7855113625000001 0.47359065625 0.8792613625 0.42788217343749996 0.8778409093749999 0.42661249375 0.9375 0.514220415625 0.94318181875 0.514220415625 0.7855113625000001
3 0.61579481875 0.8877840906250001 0.6145251390625 0.94744318125 0.7097511421875 0.9517045468750001 0.7110208234375001 0.8877840906250001 0.61579481875 0.8877840906250001
3 0.8087861875 0.9545454531249999 0.928136109375 0.9616477281250001 0.929405790625 0.90056818125 0.8913153875000001 0.90056818125 0.8925850703125 0.9289772718749999 0.810055865625 0.9289772718749999 0.8087861875 0.9545454531249999
7 0.24123920625 0.9019886375 0.14347384375 0.8977272718749999 0.1422041640625 0.921875 0.24123920625 0.9261363625 0.24123920625 0.9019886375
7 0.42661249375 0.91193181875 0.3313864921875 0.9076704531249999 0.330116809375 0.9303977281250001 0.42788217343749996 0.9332386375 0.42661249375 0.91193181875
7 0.6196038609375 0.921875 0.514220415625 0.9176136375 0.514220415625 0.9417613625 0.6170645 0.9446022718749999 0.6196038609375 0.921875
7 0.8113255453124999 0.93181818125 0.7097511421875 0.9261363625 0.7084814640625 0.9488636375 0.8113255453124999 0.953125 0.8113255453124999 0.93181818125
2 0.2893056671875 0.11160714375 0.2992817234375 0.11272321562500001 0.29828411718750003 0.1015625 0.340183559375 0.102678571875 0.3411811640625 0.051339284375 0.29828411718750003 0.051339284375 0.3012769359375 0.037946428125 0.2932960890625 0.034598215625 0.2913008765625 0.052455356249999995 0.24740622656250003 0.052455356249999995 0.24740622656250003 0.100446428125 0.2893056671875 0.100446428125 0.2893056671875 0.11160714375
2 0.5766161203125 0.109375 0.5845969671875 0.108258928125 0.587589784375 0.0859375 0.6245011984375 0.08370535625 0.6264964078124999 0.051339284375 0.589584996875 0.051339284375 0.5905826000000001 0.03348214375 0.5796089390625 0.03348214375 0.5786113328125 0.051339284375 0.535714284375 0.051339284375 0.536711890625 0.084821428125 0.5776137265625 0.0859375 0.5766161203125 0.109375
2 0.6145251390625 0.21875 0.6145251390625 0.22879464375 0.6235035921875001 0.22879464375 0.6225059859375001 0.27566964375 0.6444533125 0.27566964375 0.6444533125 0.22991071562499998 0.6534317625 0.22991071562499998 0.6534317625 0.21986607187499999 0.64545091875 0.21986607187499999 0.64545091875 0.17745535625 0.6254988015625 0.175223215625 0.6254988015625 0.21875 0.6145251390625 0.21875
2 0.4529130078125 0.23883928437500002 0.4529130078125 0.25223214375 0.4608938546875 0.25223214375 0.4598962484375 0.293526784375 0.4798483625 0.29464285625 0.48284118125 0.25223214375 0.489824421875 0.253348215625 0.48882681562499997 0.23995535625 0.48084596875 0.23995535625 0.48184357499999997 0.19754464375 0.46189146093750005 0.19754464375 0.4608938546875 0.23995535625 0.4529130078125 0.23883928437500002
2 0.267358340625 0.26785714375 0.267358340625 0.277901784375 0.278332003125 0.276785715625 0.278332003125 0.31919642812500004 0.2932960890625 0.32142857187499996 0.2932960890625 0.276785715625 0.3022745421875 0.277901784375 0.3012769359375 0.265625 0.2942936953125 0.26674107187499996 0.2962889078125 0.22321428437500002 0.28032721562499996 0.22321428437500002 0.28032721562499996 0.26785714375 0.267358340625 0.26785714375
4 0.1426576234375 0.89620535625 0.2384277734375 0.90066964375 0.23942537968750002 0.8683035718750001 0.3322027125 0.8716517843749999 0.3322027125 0.9051339281249999 0.425977653125 0.9095982156250001 0.427972865625 0.8783482156250001 0.4628890671875 0.8794642843749999 0.46189146093750005 0.375 0.1346767765625 0.37276785625 0.1346767765625 0.86495535625 0.14365522656250002 0.8660714281249999 0.1426576234375 0.89620535625
4 0.5137669578125 0.91629464375 0.6155227453125 0.91964285625 0.6145251390625 0.8872767843749999 0.709297684375 0.8872767843749999 0.710295290625 0.9252232156250001 0.810055865625 0.9296875 0.809058259375 0.8002232156250001 0.8280127687500001 0.7979910718750001 0.8280127687500001 0.375 0.48483639375000004 0.37388392812500004 0.48084596875 0.7834821437499999 0.5147645640625 0.784598215625 0.5137669578125 0.91629464375
6 0.48084596875 0.7868303562500001 0.48084596875 0.37276785625 0.4628890671875 0.37388392812500004 0.4638866734375 0.8828125 0.47386272968750004 0.8828125 0.4728651234375 0.785714284375 0.48084596875 0.7868303562500001
6 0.7172785312500001 0.16629464375 0.810055865625 0.16629464375 0.810055865625 0.052455356249999995 0.7292498015625 0.052455356249999995 0.7302474046875 0.08370535625 0.716280925 0.08370535625 0.7172785312500001 0.16629464375
1 0.279329609375 0.21651785625 0.22446129374999998 0.21763392812500001 0.22545890000000002 0.102678571875 0.1336791703125 0.1015625 0.1336791703125 0.33035714375 0.278332003125 0.32924107187499996 0.279329609375 0.21651785625
6 0.2932960890625 0.2265625 0.29229848281250004 0.196428571875 0.2414205890625 0.196428571875 0.2434158015625 0.1015625 0.22645650625 0.1015625 0.22545890000000002 0.21651785625 0.277334396875 0.21540178437500002 0.279329609375 0.22544642812500001 0.2932960890625 0.2265625
6 0.1346767765625 0.33035714375 0.1336791703125 0.371651784375 0.2913008765625 0.37388392812500004 0.2932960890625 0.32142857187499996 0.281324821875 0.31919642812500004 0.28032721562499996 0.331473215625 0.1346767765625 0.33035714375
6 0.808060653125 0.30580357187499996 0.809058259375 0.29129464375 0.7172785312500001 0.29017857187499996 0.7172785312500001 0.35267857187499996 0.6444533125 0.35379464375 0.6444533125 0.2734375 0.6245011984375 0.27455357187499996 0.6254988015625 0.37388392812500004 0.7911013578125 0.375 0.7911013578125 0.30580357187499996 0.808060653125 0.30580357187499996
6 0.6434497203125 0.083703125 0.6254888265625 0.083703125 0.6254888265625 0.175234375 0.6434497203125 0.175234375 0.6434497203125 0.083703125
6 0.48085195468749997 0.293515625 0.461885475 0.293515625 0.461885475 0.306921875 0.48085195468749997 0.306921875 0.48085195468749997 0.293515625