7 0.2556983234375 0.8508888890625 0.21273742968749998 0.8508888890625 0.21273742968749998 0.879382715625 0.2556983234375 0.879382715625 0.2556983234375 0.8508888890625
3 0.27072625625 0.850901234375 0.2567597765625 0.850901234375 0.2567597765625 0.8784320984375 0.27072625625 0.8784320984375 0.27072625625 0.850901234375
7 0.421131284375 0.8499506171875 0.38138268124999997 0.8499506171875 0.38138268124999997 0.87844444375 0.421131284375 0.87844444375 0.421131284375 0.8499506171875
3 0.4340502796875 0.849 0.4211452515625 0.849 0.4211452515625 0.8793950625000001 0.4340502796875 0.8793950625000001 0.4340502796875 0.849
7 0.4748603359375 0.8499506171875 0.43402234687499996 0.8499506171875 0.43402234687499996 0.87844444375 0.4748603359375 0.87844444375 0.4748603359375 0.8499506171875
3 0.5060055859375 0.8499506171875 0.47377095 0.8499506171875 0.47377095 0.87844444375 0.5060055859375 0.87844444375 0.5060055859375 0.8499506171875
3 0.6048603359375 0.848061728125 0.5726256984375 0.848061728125 0.5726256984375 0.878456790625 0.6048603359375 0.878456790625 0.6048603359375 0.848061728125
7 0.6467597765625 0.849 0.6048603359375 0.849 0.6048603359375 0.8765308640624999 0.6467597765625 0.8765308640624999 0.6467597765625 0.849
3 0.66072625625 0.8471111109375 0.6467597765625 0.8471111109375 0.6467597765625 0.8756049375 0.66072625625 0.8756049375 0.66072625625 0.8471111109375
7 0.8100698328125 0.8461481484375 0.766019553125 0.8461481484375 0.766019553125 0.875580246875 0.8100698328125 0.875580246875 0.8100698328125 0.8461481484375
3 0.82831005625 0.8480493828125001 0.8111312843749999 0.8480493828125001 0.8111312843749999 0.8765432093750001 0.82831005625 0.8765432093750001 0.82831005625 0.8480493828125001
7 0.1946089390625 0.536617284375 0.1610893859375 0.536617284375 0.1610893859375 0.5835308640625 0.1946089390625 0.5835308640625 0.1946089390625 0.536617284375
3 0.19336592187499999 0.516617284375 0.1622206703125 0.516617284375 0.1622206703125 0.5365679015625 0.19336592187499999 0.5365679015625 0.19336592187499999 0.516617284375
3 0.919636871875 0.6856543203125 0.8874022343749999 0.6856543203125 0.8874022343749999 0.7549876546875 0.919636871875 0.7549876546875 0.919636871875 0.6856543203125
3 0.9174720671875001 0.305777778125 0.8863268156249999 0.305777778125 0.8863268156249999 0.36656790156249996 0.9174720671875001 0.36656790156249996 0.9174720671875001 0.305777778125
3 0.9174860328125 0.1737901234375 0.885251396875 0.1737901234375 0.885251396875 0.2459629625 0.9174860328125 0.2459629625 0.9174860328125 0.1737901234375
4 0.712290503125 0.3267489703125 0.8845437625000001 0.3226337453125 0.8836126625 0.08230452656250001 0.7644320312499999 0.08148148125 0.7644320312499999 0.10864197499999999 0.7113594046875 0.10864197499999999 0.712290503125 0.3267489703125
3 0.8218715078125 0.0531728390625 0.806843575 0.0531728390625 0.806843575 0.07976543281250001 0.8218715078125 0.07976543281250001 0.8218715078125 0.0531728390625
6 0.5391061453125 0.269135803125 0.538175046875 0.2790123453125 0.6005586593750001 0.2781893015625 0.6005586593750001 0.33909465 0.5623836125 0.33909465 0.5633147125 0.3497942390625 0.574487896875 0.3497942390625 0.5735567953125 0.3596707828125 0.586592178125 0.3604938265625 0.5847299796875001 0.350617284375 0.6163873375 0.3497942390625 0.6163873375 0.33909465 0.6089385468749999 0.33909465 0.6089385468749999 0.08395061718749999 0.5977653625 0.08230452656250001 0.5977653625 0.269135803125 0.5391061453125 0.269135803125
4 0.5968296093750001 0.08477777812500001 0.472053071875 0.08477777812500001 0.472053071875 0.2691481484375 0.5968296093750001 0.2691481484375 0.5968296093750001 0.08477777812500001
3 0.6070111734375 0.0550740734375 0.5801396640625 0.0550740734375 0.5801396640625 0.0826049375 0.6070111734375 0.0826049375 0.6070111734375 0.0550740734375
4 0.70019553125 0.0847654328125 0.61081005625 0.0847654328125 0.61081005625 0.3390864203125 0.70019553125 0.3390864203125 0.70019553125 0.0847654328125
3 0.6553351953125001 0.056024690625 0.6499720671875 0.056024690625 0.6499720671875 0.08071605 0.6553351953125001 0.08071605 0.6553351953125001 0.056024690625
6 0.4385474859375 0.269135803125 0.43947858437500004 0.279835390625 0.4571694609375 0.279835390625 0.45810055937499994 0.351440328125 0.5139664796875001 0.351440328125 0.514897578125 0.3415637859375 0.47113594062499997 0.340740740625 0.46927374374999997 0.2823045265625 0.49534450625000004 0.28148148125 0.49534450625000004 0.2716049375 0.46834264531249997 0.2716049375 0.470204840625 0.08395061718749999 0.4571694609375 0.08395061718749999 0.4571694609375 0.2683127578125 0.4385474859375 0.269135803125
3 0.5124720671875 0.05412345625 0.49099162031250004 0.05412345625 0.49099162031250004 0.08355555625 0.5124720671875 0.08355555625 0.5124720671875 0.05412345625
4 0.265363128125 0.2683127578125 0.45437616406250003 0.2683127578125 0.45530726250000003 0.085596709375 0.27467411406250003 0.086419753125 0.2737430171875 0.1325102890625 0.26443203125000003 0.13333333281249998 0.265363128125 0.2683127578125
3 0.4297346375 0.055086420312499995 0.41791899375 0.055086420312499995 0.41791899375 0.083580246875 0.4297346375 0.083580246875 0.4297346375 0.055086420312499995
5 0.3594040984375 0.2781893015625 0.2523277453125 0.2781893015625 0.2513966484375 0.12098765468749999 0.25791433750000003 0.1218106984375 0.2551210421875 0.086419753125 0.193668528125 0.086419753125 0.193668528125 0.3275720171875 0.3594040984375 0.3283950625 0.3594040984375 0.2781893015625
7 0.2535474859375 0.056024690625 0.2105865921875 0.056024690625 0.2105865921875 0.08451851875000001 0.2535474859375 0.08451851875000001 0.2535474859375 0.056024690625
6 0.39199255 0.2683127578125 0.2635009296875 0.269958846875 0.2625698328125 0.1325102890625 0.27281191875 0.1325102890625 0.27281191875 0.1218106984375 0.25046555000000004 0.1218106984375 0.253258846875 0.2781893015625 0.3929236515625 0.279835390625 0.39199255 0.2683127578125
2 0.24301675937499997 0.10370370312499999 0.24301675937499997 0.112757203125 0.2551210421875 0.112757203125 0.25791433750000003 0.12345679062499999 0.27188081875000003 0.12510288125 0.27281191875 0.11440329062500001 0.2886405953125 0.11358024687499998 0.2886405953125 0.10123456718749999 0.27281191875 0.1020576125 0.27281191875 0.085596709375 0.256983240625 0.085596709375 0.2560521421875 0.1053497953125 0.24301675937499997 0.10370370312499999
3 0.27287709531250004 0.056024690625 0.2535474859375 0.056024690625 0.2535474859375 0.08451851875000001 0.27287709531250004 0.08451851875000001 0.27287709531250004 0.056024690625
7 0.19553072656249998 0.47324691406249997 0.1620111734375 0.47324691406249997 0.1620111734375 0.51687654375 0.19553072656249998 0.51687654375 0.19553072656249998 0.47324691406249997
3 0.1933938546875 0.4491851859375 0.16331005625 0.4491851859375 0.16331005625 0.47387654375 0.1933938546875 0.47387654375 0.1933938546875 0.4491851859375
7 0.31801675937499996 0.056024690625 0.275055865625 0.056024690625 0.275055865625 0.08451851875000001 0.31801675937499996 0.08451851875000001 0.31801675937499996 0.056024690625
7 0.41793296093750004 0.055086420312499995 0.3749720671875 0.055086420312499995 0.3749720671875 0.083580246875 0.41793296093750004 0.083580246875 0.41793296093750004 0.055086420312499995
7 0.49099162031250004 0.0541481484375 0.4319134078125 0.0541481484375 0.4319134078125 0.082641975 0.49099162031250004 0.082641975 0.49099162031250004 0.0541481484375
7 0.579092178125 0.0541481484375 0.5146508375 0.0541481484375 0.5146508375 0.082641975 0.579092178125 0.082641975 0.579092178125 0.0541481484375
7 0.6478491625 0.0541481484375 0.6081284921875 0.0541481484375 0.6081284921875 0.082641975 0.6478491625 0.082641975 0.6478491625 0.0541481484375
7 0.6983519546875 0.0541481484375 0.658631284375 0.0541481484375 0.658631284375 0.082641975 0.6983519546875 0.082641975 0.6983519546875 0.0541481484375
7 0.807946928125 0.052246914062500004 0.7660754187500001 0.052246914062500004 0.7660754187500001 0.080740740625 0.807946928125 0.080740740625 0.807946928125 0.052246914062500004
7 0.8659636875000001 0.05319753125 0.824092178125 0.05319753125 0.824092178125 0.0797901234375 0.8659636875000001 0.0797901234375 0.8659636875000001 0.05319753125
7 0.9164106140625 0.11299999999999999 0.8852653625 0.11299999999999999 0.8852653625 0.1728271609375 0.9164106140625 0.1728271609375 0.9164106140625 0.11299999999999999
7 0.9185614531249999 0.2459629625 0.8874162015625 0.2459629625 0.8874162015625 0.3057901234375 0.9185614531249999 0.3057901234375 0.9185614531249999 0.2459629625
7 0.9175000000000001 0.36750617343749997 0.8863547484375 0.36750617343749997 0.8863547484375 0.40834567968749996 0.9175000000000001 0.40834567968749996 0.9175000000000001 0.36750617343749997
6 0.702048415625 0.5218106984374999 0.702048415625 0.5275720171875 0.7225325890625001 0.5267489703125 0.7234636875 0.5218106984374999 0.8845437625000001 0.5218106984374999 0.8854748609374999 0.52510288125 0.9199255109375001 0.5242798343749999 0.9189944140625 0.5111111109375 0.5856610812499999 0.5111111109375 0.5856610812499999 0.4732510296875 0.574487896875 0.4716049375 0.574487896875 0.5226337453125 0.702048415625 0.5218106984374999
6 0.9171368718749999 0.4592469140625 0.8854888265625 0.4592469140625 0.8854888265625 0.470777778125 0.9171368718749999 0.470777778125 0.9171368718749999 0.4592469140625
7 0.9185614531249999 0.4197283953125 0.8874162015625 0.4197283953125 0.8874162015625 0.46056790156250005 0.9185614531249999 0.46056790156250005 0.9185614531249999 0.4197283953125
7 0.9185614531249999 0.4700493828125 0.8874162015625 0.4700493828125 0.8874162015625 0.5108888890625 0.9185614531249999 0.5108888890625 0.9185614531249999 0.4700493828125
7 0.9185614531249999 0.5241728390625 0.8874162015625 0.5241728390625 0.8874162015625 0.5650123453125 0.9185614531249999 0.5650123453125 0.9185614531249999 0.5241728390625
7 0.9196229046875001 0.6248518515625 0.888477653125 0.6248518515625 0.888477653125 0.6846790125 0.9196229046875001 0.6846790125 0.9196229046875001 0.6248518515625
7 0.9185614531249999 0.7549506171875 0.8874162015625 0.7549506171875 0.8874162015625 0.814777778125 0.9185614531249999 0.814777778125 0.9185614531249999 0.7549506171875
7 0.314790503125 0.8499506171875 0.2707402234375 0.8499506171875 0.2707402234375 0.879382715625 0.314790503125 0.879382715625 0.314790503125 0.8499506171875
7 0.5726256984375 0.8499629625 0.507094971875 0.8499629625 0.507094971875 0.8774938265625 0.5726256984375 0.8774938265625 0.5726256984375 0.8499629625
7 0.7037011171875001 0.848061728125 0.6596508375 0.848061728125 0.6596508375 0.8755925921875001 0.7037011171875001 0.8755925921875001 0.7037011171875001 0.848061728125
3 0.8691448218750001 0.846153846875 0.8702191671874999 0.8765432093750001 0.9207133656250001 0.87559354375 0.921787709375 0.8138651484375 0.88955736875 0.8157644812499999 0.88955736875 0.846153846875 0.8691448218750001 0.846153846875
7 0.8702234640625001 0.8471111109375 0.8283240218750001 0.8471111109375 0.8283240218750001 0.8765432093750001 0.8702234640625001 0.8765432093750001 0.8702234640625001 0.8471111109375
3 0.766007734375 0.8480531796875 0.7294800171875 0.8480531796875 0.7294800171875 0.8404558390625001 0.7036957453125 0.8404558390625001 0.7047700890625 0.87559354375 0.76708208125 0.87559354375 0.766007734375 0.8480531796875
3 0.3156424578125 0.8485596718749999 0.31471136093749996 0.879835390625 0.3817504671875 0.879835390625 0.3826815640625 0.8395061734375 0.35381750625 0.838683128125 0.35381750625 0.8485596718749999 0.3156424578125 0.8485596718749999
3 0.2141527015625 0.88148148125 0.2141527015625 0.8502057609375001 0.198324021875 0.8502057609375001 0.19646182343750002 0.5818930046874999 0.161080075 0.5810699578125 0.1629422703125 0.88148148125 0.2141527015625 0.88148148125
1 0.7029795171875 0.52510288125 0.5726256984375 0.523456790625 0.574487896875 0.350617284375 0.4571694609375 0.351440328125 0.4562383609375 0.28065843749999997 0.36033519531249997 0.28065843749999997 0.36033519531249997 0.32592592656249997 0.3780260703125 0.3275720171875 0.3789571703125 0.351440328125 0.3519553078125 0.350617284375 0.3519553078125 0.33909465 0.26722532656250003 0.33909465 0.26722532656250003 0.4065843625 0.194599628125 0.40576131562500006 0.19553072656249998 0.459259259375 0.4916201125 0.4584362140625 0.492551209375 0.8485596718749999 0.574487896875 0.8469135796874999 0.5726256984375 0.58353909375 0.7029795171875 0.5818930046874999 0.7029795171875 0.52510288125
4 0.4785893859375 0.6082345671875 0.19554469218749998 0.6082345671875 0.19554469218749998 0.84855555625 0.4785893859375 0.84855555625 0.4785893859375 0.6082345671875
3 0.380824021875 0.5827160499999999 0.3538128484375 0.5827160499999999 0.3538128484375 0.604938271875 0.380824021875 0.604938271875 0.380824021875 0.5827160499999999
3 0.37895251406249997 0.3283950625 0.351941340625 0.3283950625 0.351941340625 0.350617284375 0.37895251406249997 0.350617284375 0.37895251406249997 0.3283950625
3 0.7290363125 0.5827160499999999 0.7020251390625 0.5827160499999999 0.7020251390625 0.604938271875 0.7290363125 0.604938271875 0.7290363125 0.5827160499999999
4 0.5884543765625 0.3497942390625 0.5884543765625 0.40576131562500006 0.8845437625000001 0.4041152265625 0.8836126625 0.33662551406249996 0.7281191812500001 0.33662551406249996 0.7290502796875 0.3497942390625 0.5884543765625 0.3497942390625
6 0.70203910625 0.339098765625 0.6908659218750001 0.339098765625 0.6908659218750001 0.34816049375 0.70203910625 0.34816049375 0.70203910625 0.339098765625
3 0.728114525 0.32674074062499997 0.7011033515625 0.32674074062499997 0.7011033515625 0.34896296250000003 0.728114525 0.34896296250000003 0.728114525 0.32674074062499997
3 0.8752327734375 0.5786008218750001 0.8761638749999999 0.6032921796874999 0.8864059578125 0.6024691359375 0.8854748609374999 0.6238683140625 0.9208566125000001 0.6246913578125 0.9199255109375001 0.5654320984375001 0.8864059578125 0.5662551437500001 0.8854748609374999 0.5786008218750001 0.8752327734375 0.5786008218750001
2 0.160148975 0.43539094531250006 0.161080075 0.448559671875 0.19646182343750002 0.449382715625 0.198324021875 0.4362139921875 0.2104283046875 0.43456790156249997 0.2104283046875 0.42633745 0.19553072656249998 0.42551440312500005 0.193668528125 0.411522634375 0.1592178765625 0.40987654375 0.160148975 0.42716049375000004 0.14711359531249998 0.42716049375000004 0.14618249375 0.4370370375 0.160148975 0.43539094531250006
3 0.1936592171875 0.3901111109375 0.1629329609375 0.3901111109375 0.1629329609375 0.41151851875 0.1936592171875 0.41151851875 0.1936592171875 0.3901111109375
7 0.193673184375 0.3456790125 0.163868715625 0.3456790125 0.163868715625 0.39012345625 0.193673184375 0.39012345625 0.193673184375 0.3456790125
3 0.19273742968750002 0.0847736625 0.21229050312500003 0.086419753125 0.2104283046875 0.0551440328125 0.157355678125 0.0559670796875 0.163873371875 0.3456790125 0.193668528125 0.34650205624999997 0.19273742968750002 0.0847736625
3 0.351024209375 0.0938271609375 0.376163875 0.0938271609375 0.3743016765625 0.0551440328125 0.31750465625 0.0551440328125 0.31657355625 0.085596709375 0.351024209375 0.0847736625 0.351024209375 0.0938271609375
6 0.7011173187499999 0.09053497968749999 0.6992551203125 0.32592592656249997 0.7113594046875 0.3283950625 0.7104283046875 0.10864197499999999 0.7644320312499999 0.10781893125 0.7644320312499999 0.08395061718749999 0.7262569828125 0.08230452656250001 0.724394784375 0.091358025 0.7011173187499999 0.09053497968749999
3 0.724394784375 0.08230452656250001 0.765363128125 0.08148148125 0.7662942265625 0.052674896875 0.698324021875 0.051851851562499995 0.6992551203125 0.09053497968749999 0.7253258859375 0.091358025 0.724394784375 0.08230452656250001
3 0.8826815640625 0.11440329062500001 0.9189944140625 0.11358024687499998 0.9171322156249999 0.050205760937499996 0.8659217874999999 0.050205760937499996 0.8668528859375 0.08230452656250001 0.8826815640625 0.08230452656250001 0.8826815640625 0.11440329062500001
2 0.410614525 0.2954732515625 0.4227188078125 0.29465020468750003 0.42178770937500004 0.279835390625 0.4385474859375 0.28065843749999997 0.4385474859375 0.269135803125 0.4208566125 0.2666666671875 0.42178770937500004 0.25679012343749996 0.4115456234375 0.2551440328125 0.410614525 0.26748971093749996 0.39199255 0.2683127578125 0.3938547484375 0.28065843749999997 0.41247672343749997 0.28148148125 0.410614525 0.2954732515625
1 0.5996229046875 0.2814938265625 0.4692597765625 0.2814938265625 0.4692597765625 0.339098765625 0.5996229046875 0.339098765625 0.5996229046875 0.2814938265625
2 0.511173184375 0.296296296875 0.5186219750000001 0.296296296875 0.5204841703125 0.279835390625 0.537243946875 0.28148148125 0.538175046875 0.27078189375 0.5214152703125 0.269958846875 0.5214152703125 0.25679012343749996 0.511173184375 0.25679012343749996 0.5121042828125 0.269135803125 0.4944134078125 0.2683127578125 0.49534450625000004 0.279835390625 0.5102420859375 0.28148148125 0.511173184375 0.296296296875
2 0.5316573546875001 0.36378600781250003 0.54003724375 0.3646090546875 0.54003724375 0.3497942390625 0.5633147125 0.350617284375 0.5633147125 0.339917696875 0.5428305390625 0.339917696875 0.5428305390625 0.3267489703125 0.533519553125 0.32592592656249997 0.5344506515624999 0.33909465 0.515828678125 0.339917696875 0.514897578125 0.3489711921875 0.53072625625 0.3497942390625 0.5316573546875001 0.36378600781250003
2 0.5586592171875 0.37283950625 0.5595903156250001 0.3802469140625 0.5735567953125 0.38106995781249997 0.574487896875 0.39670782031249996 0.5884543765625 0.39835390937500004 0.5875232765625 0.37942386875 0.605214153125 0.37942386875 0.6070763484375 0.3720164625 0.5912476734375 0.37283950625 0.589385475 0.3596707828125 0.5716946 0.3588477359375 0.5735567953125 0.37366255000000004 0.5586592171875 0.37283950625
2 0.6536312843750001 0.3094650203125 0.6527001875 0.33744856093750003 0.6135940421875 0.33744856093750003 0.6145251390625 0.3489711921875 0.6527001875 0.347325103125 0.6517690859374999 0.378600821875 0.6620111734374999 0.3802469140625 0.661080075 0.3497942390625 0.6918063328125 0.3489711921875 0.6908752312499999 0.33909465 0.661080075 0.33662551406249996 0.661080075 0.3102880671875 0.6536312843750001 0.3094650203125
2 0.75046555 0.3497942390625 0.760707634375 0.350617284375 0.7597765359374999 0.334156378125 0.7774674109374999 0.33580246874999997 0.7774674109374999 0.324279834375 0.7597765359374999 0.32510288125 0.761638734375 0.3094650203125 0.75046555 0.30781893125000004 0.7513966484375 0.32510288125 0.72718808125 0.324279834375 0.7281191812500001 0.33744856093750003 0.7523277453125 0.33744856093750003 0.75046555 0.3497942390625
4 0.8845391062499999 0.418938271875 0.5893715078125 0.418938271875 0.5893715078125 0.510296296875 0.8845391062499999 0.510296296875 0.8845391062499999 0.418938271875
2 0.6806331484375 0.43292180937499997 0.689944134375 0.43292180937499997 0.689944134375 0.4197530859375 0.70949720625 0.42057613125 0.7067039109375 0.40576131562500006 0.6918063328125 0.40493827187500003 0.6918063328125 0.3917695484375 0.6806331484375 0.3917695484375 0.6806331484375 0.4041152265625 0.661080075 0.4041152265625 0.661080075 0.4197530859375 0.68249534375 0.4197530859375 0.6806331484375 0.43292180937499997
2 0.5595903156250001 0.447736625 0.5567970203125 0.459259259375 0.5726256984375 0.459259259375 0.5735567953125 0.4716049375 0.589385475 0.4724279828125 0.5884543765625 0.45596707968750005 0.6033519546874999 0.45596707968750005 0.6024208578125 0.447736625 0.5884543765625 0.447736625 0.5884543765625 0.43456790156249997 0.574487896875 0.43374485625 0.574487896875 0.447736625 0.5595903156250001 0.447736625
2 0.6769087515625001 0.54650205625 0.6778398515624999 0.5572016468750001 0.7001862203125 0.5555555562500001 0.7029795171875 0.5753086421875 0.7234636875 0.5761316859375001 0.7253258859375 0.5588477359375 0.7486033515625 0.5555555562500001 0.7486033515625 0.5481481484375 0.7253258859375 0.5456790125000001 0.7262569828125 0.5267489703125 0.7029795171875 0.52510288125 0.7011173187499999 0.54650205625 0.6769087515625001 0.54650205625
2 0.5586592171875 0.6246913578125 0.5595903156250001 0.6370370375000001 0.5735567953125 0.6370370375000001 0.574487896875 0.6477366250000001 0.5903165718750001 0.6469135796875001 0.5921787703125 0.6353909453125001 0.604283053125 0.6353909453125001 0.6024208578125 0.6288065859375 0.5903165718750001 0.62716049375 0.5903165718750001 0.61728395 0.5772811921875001 0.61728395 0.5763500921875 0.6255144031250001 0.5586592171875 0.6246913578125
2 0.4608938546875 0.6296296296875 0.4608938546875 0.6403292171875 0.4785847296875 0.6403292171875 0.4785847296875 0.6518518515625 0.4944134078125 0.652674896875 0.49348230937500004 0.6370370375000001 0.5093109859375 0.638683128125 0.5083798875000001 0.6288065859375 0.49348230937500004 0.6288065859375 0.492551209375 0.6148148140624999 0.480446928125 0.61728395 0.4795158296875 0.6296296296875 0.4608938546875 0.6296296296875
2 0.4608938546875 0.5259259265625 0.461824953125 0.5366255140625 0.4785847296875 0.5349794250000001 0.47765363125000004 0.550617284375 0.492551209375 0.550617284375 0.492551209375 0.53580246875 0.507448790625 0.5366255140625 0.506517690625 0.5267489703125 0.4944134078125 0.5267489703125 0.4944134078125 0.5135802468749999 0.480446928125 0.5135802468749999 0.480446928125 0.5259259265625 0.4608938546875 0.5259259265625
0 0.25417597812500003 0.3407283953125 0.194594971875 0.3407283953125 0.194594971875 0.396703703125 0.25417597812500003 0.396703703125 0.25417597812500003 0.3407283953125
6 0.26722532656250003 0.40576131562500006 0.2662942265625 0.3753086421875 0.2560521421875 0.3753086421875 0.2560521421875 0.395061728125 0.19180633281249998 0.39670782031249996 0.19180633281249998 0.40576131562500006 0.26722532656250003 0.40576131562500006
2 0.2420856625 0.35555555625 0.2402234640625 0.3654320984375 0.2523277453125 0.3654320984375 0.253258846875 0.3761316859375 0.27094972031250003 0.37695473281249997 0.26815642500000003 0.36378600781250003 0.2811918078125 0.36378600781250003 0.2811918078125 0.35555555625 0.26722532656250003 0.35555555625 0.265363128125 0.3456790125 0.2551210421875 0.3448559671875 0.25418994375000004 0.3563786 0.2420856625 0.35555555625
6 0.2551210421875 0.3456790125 0.265363128125 0.3456790125 0.265363128125 0.3382716046875 0.3528864046875 0.3382716046875 0.3519553078125 0.3283950625 0.19180633281249998 0.3283950625 0.19273742968750002 0.33909465 0.2551210421875 0.33909465 0.2551210421875 0.3456790125
4 0.4785893859375 0.4699629625 0.194594971875 0.4699629625 0.194594971875 0.5942345671875 0.4785893859375 0.5942345671875 0.4785893859375 0.4699629625
6 0.4785847296875 0.512757203125 0.4916201125 0.512757203125 0.4916201125 0.459259259375 0.194599628125 0.460082303125 0.194599628125 0.46913580312500003 0.4795158296875 0.46913580312500003 0.4785847296875 0.512757203125
6 0.3538128484375 0.59671605 0.1964664796875 0.59671605 0.1964664796875 0.6065925921875001 0.3538128484375 0.6065925921875001 0.3538128484375 0.59671605
6 0.38081936562499996 0.5950617281249999 0.38081936562499996 0.6074074078125 0.4795158296875 0.6074074078125 0.4785847296875 0.61728395 0.492551209375 0.6181069953125 0.492551209375 0.551440328125 0.4795158296875 0.5497942390625 0.4795158296875 0.5942386843749999 0.38081936562499996 0.5950617281249999
6 0.49160614531249996 0.6518518515625 0.47951117343750005 0.6518518515625 0.47951117343750005 0.8493827156249999 0.49160614531249996 0.8493827156249999 0.49160614531249996 0.6518518515625
6 0.589385475 0.647740740625 0.5754189937499999 0.647740740625 0.5754189937499999 0.84855555625 0.589385475 0.84855555625 0.589385475 0.647740740625
5 0.7299813765625001 0.8469135796874999 0.887337059375 0.8444444437499999 0.8845437625000001 0.605761315625 0.8752327734375 0.604938271875 0.8743016765625 0.5786008218750001 0.8854748609374999 0.5786008218750001 0.8845437625000001 0.5218106984374999 0.7253258859375 0.523456790625 0.7234636875 0.5802469140625 0.7299813765625001 0.5802469140625 0.7299813765625001 0.8469135796874999
6 0.7290502796875 0.60412345625 0.7178770953125 0.60412345625 0.7178770953125 0.84116049375 0.7290502796875 0.84116049375 0.7290502796875 0.60412345625
4 0.7160055859375001 0.5917654328124999 0.5903072625 0.5917654328124999 0.5903072625 0.846901234375 0.7160055859375001 0.846901234375 0.7160055859375001 0.5917654328124999
6 0.5884543765625 0.5909465015625 0.7048417125 0.59012345625 0.7039106140625 0.5827160499999999 0.574487896875 0.58353909375 0.574487896875 0.61728395 0.5875232765625 0.61646090625 0.5884543765625 0.5909465015625
6 0.7225279328124999 0.5753086421875 0.7038966484375 0.5753086421875 0.7038966484375 0.5827160499999999 0.7225279328124999 0.5827160499999999 0.7225279328124999 0.5753086421875
6 0.8864106140624999 0.4049506171875 0.7067178765625 0.4049506171875 0.7067178765625 0.41564197500000005 0.8864106140624999 0.41564197500000005 0.8864106140624999 0.4049506171875
6 0.9189804468749999 0.4082345671875 0.8845391062499999 0.4082345671875 0.8845391062499999 0.4189259265625 0.9189804468749999 0.4189259265625 0.9189804468749999 0.4082345671875
6 0.8845391062499999 0.32346913593750004 0.7774720671875001 0.32346913593750004 0.7774720671875001 0.33416049375 0.8845391062499999 0.33416049375 0.8845391062499999 0.32346913593750004
6 0.574487896875 0.39670782031249996 0.574487896875 0.43374485625 0.5875232765625 0.43374485625 0.5875232765625 0.4181069953125 0.6629422703125 0.4181069953125 0.6629422703125 0.4074074078125 0.5875232765625 0.4074074078125 0.5884543765625 0.39670782031249996 0.574487896875 0.39670782031249996
5 0.1620111734375 0.249382715625 0.0586592171875 0.249382715625 0.0586592171875 0.48148148125 0.1620111734375 0.48148148125 0.1620111734375 0.249382715625