7 0.1034482765625 0.100545171875 0.0642758625 0.100545171875 0.0642758625 0.2549065421875 0.1034482765625 0.2549065421875 0.1034482765625 0.100545171875
7 0.1034482765625 0.37666666718749997 0.0642758625 0.37666666718749997 0.0642758625 0.528193146875 0.1034482765625 0.528193146875 0.1034482765625 0.37666666718749997
7 0.27744827656250004 0.7405763234375 0.2366896546875 0.7405763234375 0.2366896546875 0.8935046734375 0.27744827656250004 0.8935046734375 0.27744827656250004 0.7405763234375
6 0.4910820453125 0.234181975 0.5029726515624999 0.234181975 0.5029726515624999 0.225588140625 0.5112960765625 0.2266623703125 0.5124851375 0.215920078125 0.5017835890625 0.215920078125 0.5029726515624999 0.05156300312499999 0.5826397140624999 0.052637234374999994 0.5826397140624999 0.2266623703125 0.630202140625 0.2266623703125 0.6290130796875 0.215920078125 0.5957193828125 0.215920078125 0.5957193828125 0.052637234374999994 0.7479191453125 0.050488775 0.7479191453125 0.214845846875 0.697978596875 0.214845846875 0.6967895375000001 0.2266623703125 0.7586206890625 0.2266623703125 0.7586206890625 0.308303790625 0.7134363859375 0.31045225 0.7122473234375 0.3158233953125 0.7562425687500001 0.3158233953125 0.7586206890625 0.45332473906250004 0.777645659375 0.45332473906250004 0.7764566 0.02363304375 0.7859690828125 0.019336128124999998 0.7859690828125 0.010742292187499999 0.7586206890625 0.009668062500000001 0.7493158171875 0.011373190625 0.748221128125 0.0197794578125 0.7598097515625 0.019336128124999998 0.7621878718749999 0.042969168749999995 0.4898929859375 0.042969168749999995 0.4910820453125 0.234181975
1 0.605231865625 0.5779353296874999 0.7598097515625 0.5779353296874999 0.7598097515625 0.3126007109375 0.711058265625 0.3136749375 0.7122473234375 0.22988505625000002 0.5041617140625 0.2277365984375 0.505350771875 0.30293264531249997 0.605231865625 0.304006875 0.605231865625 0.5779353296874999
2 0.5436781625 0.24610591875 0.5517241375 0.24610591875 0.5540229890624999 0.22845274999999998 0.5827586203124999 0.22845274999999998 0.5827586203124999 0.21391485000000002 0.5551724140625 0.21391485000000002 0.5551724140625 0.1983385265625 0.5436781625 0.1983385265625 0.5436781625 0.21391485000000002 0.509195403125 0.21391485000000002 0.5114942515625 0.22845274999999998 0.5436781625 0.22845274999999998 0.5436781625 0.24610591875
4 0.4910820453125 0.0440433984375 0.3840665859375 0.0440433984375 0.3840665859375 0.0730475890625 0.1046373375 0.0730475890625 0.1034482765625 0.30293264531249997 0.49227110625000003 0.30293264531249997 0.4910820453125 0.0440433984375
2 0.470114940625 0.2596053984375 0.47126436875 0.26895119375 0.48735632031250004 0.2699896171875 0.48965517187499996 0.2969885765625 0.5045976999999999 0.2969885765625 0.5034482765625 0.26895119375 0.5195402312499999 0.26895119375 0.518390803125 0.2596053984375 0.5045976999999999 0.258566978125 0.5034482765625 0.233644859375 0.48965517187499996 0.233644859375 0.48850574843750005 0.258566978125 0.470114940625 0.2596053984375
2 0.6586206890625 0.251298028125 0.666666665625 0.249221184375 0.6678160937500001 0.229491175 0.7 0.22741432968750003 0.7011494234375 0.21495327031250003 0.666666665625 0.21183800625 0.666666665625 0.1983385265625 0.657471265625 0.1983385265625 0.6597701140625001 0.21495327031250003 0.6298850593750001 0.21391485000000002 0.62758620625 0.22741432968750003 0.6597701140625001 0.22741432968750003 0.6586206890625 0.251298028125
2 0.5528735625000001 0.367601246875 0.5517241375 0.379023884375 0.585057471875 0.3779854609375 0.585057471875 0.4195223265625 0.6068965515625 0.4205607484375 0.6080459765625 0.3831775703125 0.637931034375 0.3811007265625 0.637931034375 0.37175493125000003 0.6068965515625 0.3707165109375 0.605747128125 0.3322949125 0.585057471875 0.3322949125 0.5839080453125 0.36863966718749996 0.5528735625000001 0.367601246875
2 0.7379310343750001 0.4870197296875 0.7356321828125 0.5005192125 0.7586206890625 0.4994807875 0.7586206890625 0.542056075 0.7793103453125 0.5410176546875001 0.7793103453125 0.5005192125 0.7977011484375 0.5005192125 0.7988505765625 0.49117341718749996 0.7793103453125 0.4922118375 0.7781609203125 0.4517133953125 0.757471265625 0.452751815625 0.757471265625 0.488058153125 0.7379310343750001 0.4870197296875
6 0.9203329374999999 0.596197228125 0.9203329374999999 0.913094853125 0.2734839484375 0.913094853125 0.27467300625 0.9302825234375 0.9203329374999999 0.93135675 0.9203329374999999 0.9388763546875 0.9096313890625 0.947470190625 0.9167657546875001 0.9517671062499999 0.9250891796875 0.9453217328125 0.9322235453125 0.9560640250000001 0.94887039375 0.947470190625 0.94887039375 0.9399505859374999 0.9381688484374999 0.9399505859374999 0.9381688484374999 0.5747126453125 0.946492271875 0.566118809375 0.9381688484374999 0.5607476640625 0.91557669375 0.5596734328124999 0.9143876343749999 0.572564184375 0.921521996875 0.57148995625 0.921521996875 0.580083790625 0.7740784796875 0.58115801875 0.7764566 0.5403373078125 0.7598097515625 0.5403373078125 0.7586206890625 0.580083790625 0.71581450625 0.5790095609375 0.7146254453124999 0.595123 0.9203329374999999 0.596197228125
4 0.9191379312500001 0.5951401875 0.27941379375 0.5951401875 0.27941379375 0.9120249218750001 0.9191379312500001 0.9120249218750001 0.9191379312500001 0.5951401875
2 0.6643678171875 0.626168225 0.6735632171875 0.6272066453125 0.6735632171875 0.598130840625 0.714942528125 0.5991692609375 0.7172413796875 0.57840083125 0.6747126453125001 0.5794392515625 0.6747126453125001 0.549325025 0.6655172406250001 0.5482866046875 0.6643678171875 0.57840083125 0.6218390796875 0.57840083125 0.6218390796875 0.598130840625 0.6643678171875 0.5991692609375 0.6643678171875 0.626168225
2 0.21609195468750003 0.6998961593749999 0.21724137968749999 0.709241953125 0.2367816109375 0.7102803734375 0.234482759375 0.743509865625 0.28160919687499997 0.743509865625 0.28160919687499997 0.7113187937500001 0.30229885156249997 0.71235721875 0.30229885156249997 0.7009345796875001 0.28045976875 0.7009345796875001 0.28160919687499997 0.6687435109375001 0.2367816109375 0.6666666671875 0.2367816109375 0.6998961593749999 0.21609195468750003 0.6998961593749999
2 0.7034482765625001 0.2377985453125 0.704433496875 0.24667810937499998 0.7135819859375 0.24604234218749998 0.7128782546875 0.26893000312500004 0.6826178765625001 0.26893000312500004 0.6812104140625 0.27783075625000003 0.7121745234375 0.2759234546875 0.7121745234375 0.296268040625 0.7037297687499999 0.29944688125 0.7030260375 0.304533028125 0.7135819859375 0.304533028125 0.7128782546875 0.313433784375 0.7206192828125 0.31216225 0.7183908031249999 0.2450674984375 0.72758620625 0.24610591875 0.72758620625 0.2377985453125 0.7218390796875 0.236760125 0.7218390796875 0.22741432968750003 0.7114942515625 0.22637590937500002 0.7126436796875 0.236760125 0.7034482765625001 0.2377985453125
3 0.06064209375 0 0.053507728125 0.0118165203125 0.065398334375 0.01396498125 0.065398334375 0.10312600624999999 0.1034482765625 0.10312600624999999 0.1034482765625 0.0719733578125 0.382877528125 0.0730475890625 0.3840665859375 0.042969168749999995 0.7609988109375 0.041894940625 0.7609988109375 0.026855732812499998 0.1034482765625 0.026855732812499998 0.1046373375 0.012890750000000001 0.1153388828125 0.00107423125 0.1046373375 0 0.09155766875 0.005371146875 0.08561236562499999 0 0.06064209375 0
3 0.1034655171875 0.251355140625 0.0666034484375 0.251355140625 0.0666034484375 0.37811526406249996 0.1034655171875 0.37811526406249996 0.1034655171875 0.251355140625
3 0.27705113125 0.669244815625 0.27705113125 0.5929745421875 0.1034482765625 0.5919003109375 0.1034482765625 0.529595015625 0.065398334375 0.528520784375 0.065398334375 0.6294983359375 0.23662306875 0.62842410625 0.23662306875 0.669244815625 0.27705113125 0.669244815625
3 0.24019024843749998 0.9582124828125 0.250891796875 0.9539155671874999 0.2639714625 0.9689547749999999 0.27586206875 0.9657320875 0.291319859375 0.946395959375 0.27824018906250003 0.9410248156250001 0.27467300625 0.9485444203125001 0.27467300625 0.8937587296875 0.23662306875 0.8926844984375 0.23662306875 0.946395959375 0.2235434 0.9539155671874999 0.2247324625 0.96465785625 0.24019024843749998 0.9582124828125
4 0.586206896875 0.3222585671875 0.1034482765625 0.3222585671875 0.1034482765625 0.5779283484375 0.586206896875 0.5779283484375 0.586206896875 0.3222585671875
6 0.585017834375 0.3340852921875 0.6040428062500001 0.3340852921875 0.6040428062500001 0.3061553328125 0.505350771875 0.305081103125 0.5041617140625 0.295413040625 0.49227110625000003 0.2964872703125 0.4910820453125 0.305081103125 0.1034482765625 0.30293264531249997 0.1022592140625 0.3211945421875 0.586206896875 0.3201203140625 0.585017834375 0.3340852921875
6 0.1022592140625 0.5779353296874999 0.1022592140625 0.5929745421875 0.6206896546875 0.596197228125 0.6218787171875 0.5790095609375 0.6040428062500001 0.5790095609375 0.605231865625 0.42109786250000003 0.587395959375 0.42002363281250005 0.587395959375 0.5790095609375 0.1022592140625 0.5779353296874999
6 0.23900000000000002 0.9130841125 0.06658620625 0.9130841125 0.06658620625 0.9270404984375 0.23900000000000002 0.9270404984375 0.23900000000000002 0.9130841125
1 0.23900000000000002 0.6284267906250001 0.06658620625 0.6284267906250001 0.06658620625 0.9120093453125 0.23900000000000002 0.9120093453125 0.23900000000000002 0.6284267906250001
0 0.5814655171875 0.053707165625 0.50536206875 0.053707165625 0.50536206875 0.2148286609375 0.5814655171875 0.2148286609375 0.5814655171875 0.053707165625
0 0.74791379375 0.053707165625 0.59691379375 0.053707165625 0.59691379375 0.2148286609375 0.74791379375 0.2148286609375 0.74791379375 0.053707165625
1 0.7574482765624999 0.22880062343750002 0.7182068968750001 0.22880062343750002 0.7182068968750001 0.3104517140625 0.7574482765624999 0.3104517140625 0.7574482765624999 0.22880062343750002