7 0.912344290625 0.783369803125 0.816617646875 0.783369803125 0.816617646875 0.805251640625 0.912344290625 0.805251640625 0.912344290625 0.783369803125
7 0.6493685124999999 0.7804595187500001 0.54094290625 0.7804595187500001 0.54094290625 0.837352296875 0.6493685124999999 0.837352296875 0.6493685124999999 0.7804595187500001
7 0.2514359859375 0.78338074375 0.17531141875 0.78338074375 0.17531141875 0.834431071875 0.2514359859375 0.834431071875 0.2514359859375 0.78338074375
7 0.0657525953125 0.5937308531250001 0.023070934374999998 0.5937308531250001 0.023070934374999998 0.6885448578125 0.0657525953125 0.6885448578125 0.0657525953125 0.5937308531250001
7 0.012687426562500001 0.2115244359375 0.016147634375 0.31363967812500004 0.0576701265625 0.31363967812500004 0.054209918749999995 0.2115244359375 0.012687426562500001 0.2115244359375
4 0.3696958671875 0.09443740625 0.20943361875000002 0.1024991359375 0.2167182671875 0.3835080046875 0.3751593515625 0.3789013015625 0.3696958671875 0.09443740625
7 0.3056516734375 0.0408460984375 0.2260668984375 0.0437636765625 0.22722030000000001 0.099197665625 0.306805075 0.0962800875 0.3056516734375 0.0408460984375
4 0.731196503125 0.079465621875 0.390639228125 0.09328573125 0.3942815515625 0.3213175171875 0.733017665625 0.3132557875 0.731196503125 0.079465621875
7 0.5271049609375 0.029175782812500002 0.4498269890625 0.0335521515625 0.4509803921875 0.0919037203125 0.5259515578125 0.0875273515625 0.5271049609375 0.029175782812500002
3 0.22722030000000001 0.045222465625 0.00807381875 0.0525164109375 0.012687426562500001 0.2100656453125 0.054209918749999995 0.2100656453125 0.049596309374999994 0.10649161250000001 0.228373703125 0.1006564546875 0.22722030000000001 0.045222465625
3 0.374855825 0.376367615625 0.3690888109375 0.3778264046875 0.3690888109375 0.40846097812500004 0.39561707031250004 0.4070021875 0.38985005781250004 0.093362509375 0.4509803921875 0.0904449296875 0.4509803921875 0.035010940625 0.3044982703125 0.0408460984375 0.3056516734375 0.094821296875 0.3690888109375 0.093362509375 0.374855825 0.376367615625
3 0.7335640140625 0.41283734531249994 0.7773933093750001 0.41283734531249994 0.7762399078125 0.15463165625 0.8200692046875 0.15463165625 0.8189158015625001 0.131291028125 0.7762399078125 0.13420860625 0.7750865046875 0.018964260937499998 0.5259515578125 0.0277169953125 0.5259515578125 0.0875273515625 0.7324106109375 0.07877461718749999 0.7335640140625 0.41283734531249994
3 0.9377162625000001 0.78482859375 0.91234140625 0.783369803125 0.91234140625 0.805251640625 0.9561707046875 0.80671043125 0.9492502890625 0.12399708281249999 0.88927335625 0.1254558703125 0.88927335625 0.1487964984375 0.9307958484375 0.1487964984375 0.9377162625000001 0.78482859375
3 0.649365628125 0.780452225 0.649365628125 0.8373450046875 0.7808535171875 0.8373450046875 0.7808535171875 0.80671043125 0.8177624 0.80671043125 0.8177624 0.783369803125 0.7797001156250001 0.7819110125 0.7773933093750001 0.49015317343750003 0.7347174171875 0.4886943828125 0.73587081875 0.7819110125 0.649365628125 0.780452225
3 0.063437140625 0.5922684171875 0.056516725000000004 0.31363967812500004 0.016147634375 0.312180890625 0.020761245312500003 0.5951859953125 0.063437140625 0.5922684171875
3 0.0657439453125 0.78482859375 0.0657439453125 0.68854850625 0.024221453125 0.68854850625 0.02537485625 0.8373450046875 0.1764705875 0.8358862140625 0.177623990625 0.783369803125 0.0657439453125 0.78482859375
3 0.399077278125 0.780452225 0.39561707031250004 0.5003646984375 0.374855825 0.5003646984375 0.3760092265625 0.780452225 0.251441753125 0.783369803125 0.2491349484375 0.8358862140625 0.418685121875 0.8358862140625 0.4152249140625 0.7819110125 0.399077278125 0.780452225
3 0.5421020765625 0.7819146609375001 0.47865917031249994 0.7819146609375001 0.47865917031249994 0.8358971546875 0.5421020765625 0.8358971546875 0.5421020765625 0.7819146609375001
2 0.446184665625 0.8579983875 0.45255873125 0.861453415625 0.45255873125 0.8372682250000001 0.4798761609375 0.8372682250000001 0.47896557968750003 0.780836115625 0.45346931250000005 0.7819877921875 0.45346931250000005 0.767016009375 0.4480058265625 0.7658643328125 0.446184665625 0.778532765625 0.41613549531249994 0.778532765625 0.41795665625 0.8361165500000001 0.446184665625 0.8361165500000001 0.446184665625 0.8579983875
1 0.49535467187500004 0.712888403125 0.3988321796875 0.712888403125 0.3988321796875 0.781991246875 0.49535467187500004 0.781991246875 0.49535467187500004 0.712888403125
2 0.45802221875000004 0.727859034375 0.45802221875000004 0.7128872515625 0.4780549984375 0.7105838999999999 0.47532325625 0.6933087640625 0.45802221875000004 0.6921570874999999 0.4571116359375 0.6679719000000001 0.45073757031249995 0.67027525 0.45255873125 0.6910054140625 0.42797304687500004 0.6933087640625 0.42797304687500004 0.711735575 0.45164815156250004 0.711735575 0.45164815156250004 0.727859034375 0.45802221875000004 0.727859034375
2 0.4798761609375 0.6483934109375 0.48078674218749995 0.6576068187499999 0.49535603593750005 0.65991016875 0.4962666171875 0.684095359375 0.5090147515625 0.684095359375 0.5090147515625 0.6622135203124999 0.5272263703125 0.65991016875 0.5263157890625 0.6506967640625 0.5099253328125 0.6518484390625 0.5099253328125 0.6242082234375 0.49535603593750005 0.6242082234375 0.49535603593750005 0.6495450875000001 0.4798761609375 0.6483934109375
4 0.37424877031250003 0.518254059375 0.064651246875 0.5228607609375 0.064651246875 0.78429114375 0.3769805140625 0.7819877921875 0.37424877031250003 0.518254059375
1 0.371517028125 0.3950247609375 0.21762884843750002 0.3996314640625 0.21945000937499998 0.49982724999999995 0.3961027125 0.5009789234375 0.397923875 0.695612115625 0.49535603593750005 0.6944604390625 0.4962666171875 0.5412875734375 0.4571116359375 0.4721870328125 0.45802221875000004 0.3408960046875 0.3961027125 0.3408960046875 0.3951921328125 0.412299896875 0.371517028125 0.40999654531249996 0.371517028125 0.3950247609375
2 0.3214350765625 0.548197628125 0.3268985609375 0.550500978125 0.3268985609375 0.5171023828125 0.352394828125 0.518254059375 0.352394828125 0.5009789234375 0.32598798125 0.5009789234375 0.3278091421875 0.48140043749999994 0.3214350765625 0.4802487609375 0.3196139140625 0.4986755734375 0.2977599703125 0.49982724999999995 0.2986705515625 0.518254059375 0.3205244953125 0.5171023828125 0.3214350765625 0.548197628125
2 0.1866690953125 0.4480018421875 0.1866690953125 0.457215246875 0.20488071406250002 0.45836692343749996 0.20488071406250002 0.4825521140625 0.21945000937499998 0.483703790625 0.220360590625 0.457215246875 0.2413039515625 0.457215246875 0.23948279062500002 0.446850165625 0.21945000937499998 0.446850165625 0.21853942656249997 0.41920995000000005 0.20579129375 0.4203616265625 0.20488071406250002 0.446850165625 0.1866690953125 0.4480018421875
2 0.28501183750000003 0.4238166546875 0.293207065625 0.424968328125 0.292296484375 0.3984797875 0.31323984843749997 0.3973281109375 0.31415042656250003 0.3789013015625 0.292296484375 0.3812046515625 0.294117646875 0.3570194640625 0.28592241875 0.3570194640625 0.286833 0.382356328125 0.2622473125 0.382356328125 0.26133673281249997 0.3973281109375 0.28592241875 0.3961764375 0.28501183750000003 0.4238166546875
2 0.4343471140625 0.3639295171875 0.43981059843750003 0.3650811921875 0.44163176093749995 0.3385926515625 0.45893280000000003 0.3385926515625 0.45984338124999996 0.3213175171875 0.4407211796875 0.3213175171875 0.43890001874999995 0.28561557187500003 0.4334365328125 0.2844638953125 0.43252595156250007 0.31901416562499996 0.410672009375 0.320165840625 0.412493171875 0.339744328125 0.4334365328125 0.3385926515625 0.4343471140625 0.3639295171875
2 0.447095246875 0.38811470625 0.446184665625 0.3961764375 0.45620105781250003 0.3973281109375 0.45620105781250003 0.41805827500000003 0.4735020953125 0.41805827500000003 0.47441267500000006 0.3984797875 0.49262429374999994 0.3961764375 0.49262429374999994 0.38811470625 0.47441267500000006 0.38811470625 0.47532325625 0.361626165625 0.45802221875000004 0.361626165625 0.45893280000000003 0.38811470625 0.447095246875 0.38811470625
0 0.5936987796875 0.465276978125 0.47441267500000006 0.465276978125 0.5099253328125 0.5355291953125 0.5927881984375001 0.5332258453125001 0.5936987796875 0.465276978125
2 0.46166454218749997 0.5171023828125 0.46985977031250004 0.526315790625 0.48169732343750005 0.5147990328125001 0.49535603593750005 0.5355291953125 0.507193590625 0.5240124374999999 0.49535603593750005 0.5021306 0.5053724265625 0.49406887031249996 0.502640684375 0.4883104921875 0.4898925515625 0.4952205453125 0.47896557968750003 0.47679373593749996 0.467128028125 0.4883104921875 0.4762338375 0.507888978125 0.46166454218749997 0.5171023828125
4 0.7339282453125 0.550500978125 0.5099253328125 0.55395600625 0.5108359140625 0.7819877921875 0.7348388265625 0.7819877921875 0.7339282453125 0.550500978125
2 0.693862684375 0.5769895203125001 0.6993261703125 0.5792928703125 0.6993261703125 0.550500978125 0.72209069375 0.5516526546875 0.7211801125 0.529770815625 0.7011473328125 0.5309224921875 0.7002367515625 0.4986755734375 0.692952103125 0.49752389687500004 0.692952103125 0.5309224921875 0.6692769984375 0.5309224921875 0.6701875796875 0.548197628125 0.692041521875 0.5493493046875 0.693862684375 0.5769895203125001
1 0.93061373125 0.1485661640625 0.77672555 0.15547621875 0.77763613125 0.3973281109375 0.9315243125 0.39387308593750003 0.93061373125 0.1485661640625
2 0.847750865625 0.1957848671875 0.8550355125 0.194633190625 0.8550355125 0.1543245421875 0.8896375875 0.1531728671875 0.888727009375 0.12553265 0.8568566750000001 0.12553265 0.8550355125 0.085224 0.847750865625 0.085224 0.847750865625 0.12553265 0.8167911125 0.12898767656250001 0.8167911125 0.1543245421875 0.846840284375 0.1531728671875 0.847750865625 0.1957848671875
1 0.9315243125 0.40654151875 0.7785467125000001 0.40884486875 0.780367875 0.78313946875 0.9351666359375 0.78429114375 0.9315243125 0.40654151875
2 0.8523037703125 0.4238166546875 0.8595884171874999 0.4238166546875 0.85776725625 0.4053898421875 0.881442359375 0.4053898421875 0.880531778125 0.3961764375 0.8595884171874999 0.39387308593750003 0.85776725625 0.3731429234375 0.8513931890625 0.3731429234375 0.8504826078125 0.39156973281249996 0.8240757593750001 0.39156973281249996 0.8231651796874999 0.40769319218750005 0.8504826078125 0.40654151875 0.8523037703125 0.4238166546875
2 0.7348388265625 0.4595186 0.7339282453125 0.49061384218750004 0.77945729375 0.48946216875 0.77945729375 0.45606357343750004 0.8058641421875 0.457215246875 0.8040429796874999 0.444546815625 0.77672555 0.444546815625 0.7758149703125 0.412299896875 0.731196503125 0.412299896875 0.733017665625 0.4480018421875 0.7166272078125 0.446850165625 0.7184483703125 0.457215246875 0.7348388265625 0.4595186
6 0.4133996546875 0.323632384375 0.39428200625 0.323632384375 0.39428200625 0.3385995625 0.4133996546875 0.3385995625 0.4133996546875 0.323632384375
6 0.375164359375 0.4998358859375 0.35057958437500003 0.4998358859375 0.35057958437500003 0.5159628015625 0.375164359375 0.5159628015625 0.375164359375 0.4998358859375
6 0.427967128125 0.6956236328125 0.3970155703125 0.6956236328125 0.3970155703125 0.710590809375 0.427967128125 0.710590809375 0.427967128125 0.6956236328125
6 0.7366609000000001 0.5309190375 0.7193598609375 0.5309190375 0.7193598609375 0.5493435453125 0.7366609000000001 0.5493435453125 0.7366609000000001 0.5309190375
6 0.8240830453125 0.39849015312499997 0.7785467125000001 0.39849015312499997 0.7785467125000001 0.4065426703125 0.8240830453125 0.4065426703125 0.8240830453125 0.39849015312499997
6 0.931513840625 0.39502188125000004 0.88052768125 0.39502188125000004 0.88052768125 0.4042341359375 0.931513840625 0.4042341359375 0.931513840625 0.39502188125000004
6 0.3724221453125 0.3800656453125 0.3123183390625 0.3800656453125 0.3123183390625 0.3950328234375 0.3724221453125 0.3950328234375 0.3724221453125 0.3800656453125
6 0.49717719843749997 0.780836115625 0.5108359140625 0.78429114375 0.5099253328125 0.6829436828125 0.49535603593750005 0.684095359375 0.49717719843749997 0.695612115625 0.47441267500000006 0.695612115625 0.4762338375 0.7128872515625 0.49717719843749997 0.7105838999999999 0.49717719843749997 0.780836115625
6 0.49444545624999997 0.5355291953125 0.4962666171875 0.5412875734375 0.4962666171875 0.623056546875 0.5099253328125 0.6265115734375 0.5099253328125 0.5528043296875 0.6701875796875 0.5493493046875 0.6701875796875 0.5332258453125001 0.508104171875 0.5355291953125 0.5053724265625 0.527467465625 0.49444545624999997 0.5355291953125
3 0.61282006875 0.33398249375 0.5927854671875 0.33398249375 0.5927854671875 0.5343763671875 0.61282006875 0.5343763671875 0.61282006875 0.33398249375
6 0.4735020953125 0.3385926515625 0.7348388265625 0.3305309234375 0.7348388265625 0.31555913750000003 0.45802221875000004 0.3224691921875 0.45893280000000003 0.3639295171875 0.4725915140625 0.3639295171875 0.4735020953125 0.3385926515625
6 0.45893280000000003 0.47103535625 0.468038609375 0.48715881562499996 0.48078674218749995 0.47679373593749996 0.4725915140625 0.4641253015625 0.5936987796875 0.4641253015625 0.5918776171875 0.44915351875000004 0.4735020953125 0.4503051953125 0.47168093281249995 0.4169066 0.45893280000000003 0.41805827500000003 0.45893280000000003 0.47103535625
6 0.26315789375 0.3984797875 0.26315789375 0.382356328125 0.21762884843750002 0.3835080046875 0.20670187499999998 0.0967407578125 0.1957749046875 0.099044109375 0.20488071406250002 0.4215133015625 0.215807684375 0.41805827500000003 0.2167182671875 0.3984797875 0.26315789375 0.3984797875
6 0.21945000937499998 0.4825521140625 0.20488071406250002 0.4825521140625 0.20488071406250002 0.5021306 0.0619195046875 0.505585628125 0.063740665625 0.5217090875 0.2986705515625 0.5194057359375 0.2968493890625 0.5021306 0.21853942656249997 0.5021306 0.21945000937499998 0.4825521140625
1 0.7321107265625 0.33514223125 0.613737025 0.33514223125 0.613737025 0.532078775 0.7321107265625 0.532078775 0.7321107265625 0.33514223125
4 0.1957749046875 0.1001957859375 0.050081951562500004 0.1059541640625 0.062830084375 0.5044339515625 0.20579129375 0.503282275 0.1957749046875 0.1001957859375
0 0.5918776171875 0.3374409765625 0.47532325625 0.339744328125 0.4735020953125 0.44915351875000004 0.5927881984375001 0.4480018421875 0.5918776171875 0.3374409765625
5 0.5290484421875 0.960492340625 0.3105017296875 0.960492340625 0.3105017296875 0.9996389499999999 0.5290484421875 0.9996389499999999 0.5290484421875 0.960492340625
1 0.5281401390625 0.8361050328124999 0.3077768171875 0.8361050328124999 0.3077768171875 0.9593435453125 0.5281401390625 0.9593435453125 0.5281401390625 0.8361050328124999