1 0.72372004375 0.2608840140625 0.66040305 0.2600531734375 0.659722221875 0.403788634375 0.9150326796874999 0.405450315625 0.9150326796874999 0.33150548281250003 0.87690631875 0.3298438015625 0.876225490625 0.36556995625 0.724400871875 0.364739115625 0.72372004375 0.2608840140625
6 0.7965686265625 0.364739115625 0.7958878 0.3572615484375 0.7822712421875 0.3572615484375 0.7815904140625001 0.2600531734375 0.7754629625 0.2583914921875 0.7754629625 0.3572615484375 0.761165578125 0.3572615484375 0.7618464046875 0.36556995625 0.7965686265625 0.364739115625
4 0.814953703125 0.260049434375 0.7836342593750001 0.260049434375 0.7836342593750001 0.35808615781249997 0.814953703125 0.35808615781249997 0.814953703125 0.260049434375
7 0.8135879625 0.2492514125 0.78226851875 0.2492514125 0.78226851875 0.2592231640625 0.8135879625 0.2592231640625 0.8135879625 0.2492514125
1 0.37445533750000004 0.3281821203125 0.37785947656249996 0.3281821203125 0.37785947656249996 0.2608840140625 0.34722222187499996 0.26171485625 0.345860565625 0.403788634375 0.37513616562499996 0.40461947499999995 0.37445533750000004 0.3281821203125
3 0.3465335640625 0.260049434375 0.3404108796875 0.260049434375 0.3404108796875 0.365572034375 0.3465335640625 0.365572034375 0.3465335640625 0.260049434375
7 0.3764988421875 0.24841807968750002 0.3506307875 0.24841807968750002 0.3506307875 0.26087570625 0.3764988421875 0.26087570625 0.3764988421875 0.24841807968750002
7 0.22535300937499997 0.58075565 0.21649884218749998 0.58075565 0.21649884218749998 0.626447740625 0.22535300937499997 0.626447740625 0.22535300937499997 0.58075565
7 0.225358796875 0.6397457625 0.21582175937499998 0.6397457625 0.21582175937499998 0.6837853109375 0.225358796875 0.6837853109375 0.225358796875 0.6397457625
7 0.33701388906249996 0.697076271875 0.2988888890625 0.697076271875 0.2988888890625 0.7087146890625 0.33701388906249996 0.7087146890625 0.33701388906249996 0.697076271875
3 0.3526736109375 0.697076271875 0.33633101875000004 0.697076271875 0.33633101875000004 0.7087146890625 0.3526736109375 0.7087146890625 0.3526736109375 0.697076271875
7 0.38467013906249997 0.6979096046875 0.35266782343749997 0.6979096046875 0.35266782343749997 0.709548021875 0.38467013906249997 0.709548021875 0.38467013906249997 0.6979096046875
7 0.5242361109375 0.6979025421875 0.4942824078125 0.6979025421875 0.4942824078125 0.7087076265625 0.5242361109375 0.7087076265625 0.5242361109375 0.6979025421875
7 0.5623668984375 0.6979025421875 0.5303645828125 0.6979025421875 0.5303645828125 0.7087076265625 0.5623668984375 0.7087076265625 0.5623668984375 0.6979025421875
7 0.6270486109375 0.6979025421875 0.5909606484375 0.6979025421875 0.5909606484375 0.7087076265625 0.6270486109375 0.7087076265625 0.6270486109375 0.6979025421875
3 0.6406539359375001 0.697076271875 0.6263599531249999 0.697076271875 0.6263599531249999 0.7087146890625 0.6406539359375001 0.7087146890625 0.6406539359375001 0.697076271875
7 0.676059028125 0.6979096046875 0.6406539359375001 0.6979096046875 0.6406539359375001 0.709548021875 0.676059028125 0.709548021875 0.676059028125 0.6979096046875
7 0.7346122687500001 0.697076271875 0.6971701390625 0.697076271875 0.6971701390625 0.7087146890625 0.7346122687500001 0.7087146890625 0.7346122687500001 0.697076271875
3 0.7461863421875 0.697076271875 0.7339293984374999 0.697076271875 0.7339293984374999 0.7087146890625 0.7461863421875 0.7087146890625 0.7461863421875 0.697076271875
7 0.7836342593750001 0.6979025421875 0.745509259375 0.6979025421875 0.745509259375 0.7087076265625 0.7836342593750001 0.7087076265625 0.7836342593750001 0.6979025421875
7 0.924565971875 0.3439689265625 0.91571180625 0.3439689265625 0.91571180625 0.388008475 0.924565971875 0.388008475 0.924565971875 0.3439689265625
7 0.924565971875 0.42040254218750006 0.91571180625 0.42040254218750006 0.91571180625 0.4660946328125 0.924565971875 0.4660946328125 0.924565971875 0.42040254218750006
3 0.9245642703125 0.5367231640625 0.9150326796874999 0.5358923234375 0.9143518515625001 0.5433698890625 0.829248365625 0.5433698890625 0.829248365625 0.5525091390625 0.9143518515625001 0.5525091390625 0.9157135078125 0.697075440625 0.87418300625 0.69790628125 0.87282135 0.7095380515625 0.926606753125 0.7087072125 0.9245642703125 0.5367231640625
7 0.9238831015625 0.5051483046875 0.9150289359375 0.5051483046875 0.9150289359375 0.5367161015625 0.9238831015625 0.5367161015625 0.9238831015625 0.5051483046875
3 0.924565971875 0.4661016953125 0.91571180625 0.4661016953125 0.91571180625 0.5059887 0.924565971875 0.5059887 0.924565971875 0.4661016953125
3 0.78226851875 0.24924434999999998 0.699884259375 0.24924434999999998 0.699884259375 0.260049434375 0.78226851875 0.260049434375 0.78226851875 0.24924434999999998
6 0.5929976859375 0.260049434375 0.5861921296875 0.260049434375 0.5861921296875 0.3805155375 0.5929976859375 0.3805155375 0.5929976859375 0.260049434375
5 0.6522337968749999 0.260056496875 0.5943634265625 0.260056496875 0.5943634265625 0.4037853109375 0.6522337968749999 0.4037853109375 0.6522337968749999 0.260056496875
2 0.6147875828125 0.24759056250000003 0.6161492375 0.2600531734375 0.6372549015625 0.26171485625 0.634531590625 0.23595879062499997 0.6243191718750001 0.237620471875 0.6147875828125 0.24759056250000003
3 0.6713020828125 0.24842514062499998 0.6358969906249999 0.24842514062499998 0.6358969906249999 0.2592302265625 0.6713020828125 0.2592302265625 0.6713020828125 0.24842514062499998
3 0.6161516203125 0.24841807968750002 0.5637326390624999 0.24841807968750002 0.5637326390624999 0.260056496875 0.6161516203125 0.260056496875 0.6161516203125 0.24841807968750002
4 0.5065335640625 0.29578389843749997 0.43096643593749995 0.29578389843749997 0.43096643593749995 0.35311440625 0.5065335640625 0.35311440625 0.5065335640625 0.29578389843749997
6 0.42551742968750006 0.2883017609375 0.42551742968750006 0.3290129609375 0.43232570781249996 0.3298438015625 0.43096405156250006 0.2957793296875 0.5065359484374999 0.2957793296875 0.5065359484374999 0.3356596875 0.51130174375 0.334828846875 0.5126633984375 0.2608840140625 0.507897603125 0.2575606515625 0.5072167750000001 0.2883017609375 0.42551742968750006 0.2883017609375
3 0.5351331015625 0.24842514062499998 0.425515046875 0.24842514062499998 0.425515046875 0.2592302265625 0.5351331015625 0.2592302265625 0.5351331015625 0.24842514062499998
6 0.3833101859375 0.260056496875 0.37854166718750004 0.260056496875 0.37854166718750004 0.288305084375 0.3833101859375 0.288305084375 0.3833101859375 0.260056496875
1 0.39964699062500003 0.2592231640625 0.38398726875 0.2592231640625 0.38398726875 0.328177965625 0.39964699062500003 0.328177965625 0.39964699062500003 0.2592231640625
3 0.40578125 0.24841807968750002 0.3771817125 0.24841807968750002 0.3771817125 0.25838983125000003 0.40578125 0.25838983125000003 0.40578125 0.24841807968750002
3 0.22535300937499997 0.6264618640624999 0.21649884218749998 0.6264618640624999 0.21649884218749998 0.639752825 0.22535300937499997 0.639752825 0.22535300937499997 0.6264618640624999
3 0.494965278125 0.6979025421875 0.38399305625 0.6979025421875 0.38399305625 0.7087076265625 0.494965278125 0.7087076265625 0.494965278125 0.6979025421875
3 0.5909664359375 0.6979096046875 0.5623668984375 0.6979096046875 0.5623668984375 0.709548021875 0.5909664359375 0.709548021875 0.5909664359375 0.6979096046875
3 0.697847221875 0.6979096046875 0.6760648140625001 0.6979096046875 0.6760648140625001 0.709548021875 0.697847221875 0.709548021875 0.697847221875 0.6979096046875
3 0.8442245375 0.697076271875 0.7829513890625 0.697076271875 0.7829513890625 0.7087146890625 0.8442245375 0.7087146890625 0.8442245375 0.697076271875
3 0.2158224390625 0.7095380515625 0.2995642703125 0.7095380515625 0.2988834421875 0.697075440625 0.22603485937499998 0.6962445984375 0.2267156859375 0.6837819875 0.2158224390625 0.68544366875 0.2158224390625 0.7095380515625
3 0.3519880171875 0.24759056250000003 0.2171840953125 0.248421403125 0.2151416125 0.580757728125 0.2267156859375 0.5815885671875 0.22603485937499998 0.2600531734375 0.3519880171875 0.2600531734375 0.3519880171875 0.24759056250000003
3 0.51470588125 0.09222333125 0.48679193906249996 0.0913924890625 0.4861111109375 0.248421403125 0.49700435781249996 0.248421403125 0.49700435781249996 0.1038551015625 0.5153867109375 0.10219341875000001 0.51470588125 0.09222333125
3 0.7366557734375 0.24759056250000003 0.7455065359375 0.2492522421875 0.7461873640625 0.09222333125 0.7284858390625 0.0913924890625 0.7278050109375 0.103024259375 0.7366557734375 0.103024259375 0.7366557734375 0.24759056250000003
3 0.609340278125 0.0913983046875 0.57258101875 0.0913983046875 0.57258101875 0.10385593281250001 0.609340278125 0.10385593281250001 0.609340278125 0.0913983046875
3 0.6685706015624999 0.09222457656250001 0.637934028125 0.09222457656250001 0.637934028125 0.10302966093749999 0.6685706015624999 0.10302966093749999 0.6685706015624999 0.09222457656250001
3 0.3533449078125 0.405451978125 0.2818634265625 0.405451978125 0.2818634265625 0.41375706250000005 0.3533449078125 0.41375706250000005 0.3533449078125 0.405451978125
6 0.8006535953125 0.54420073125 0.8013344218749999 0.4395147890625 0.7693355109375 0.4395147890625 0.770016340625 0.41375872343750003 0.7638888890625 0.41375872343750003 0.7638888890625 0.445330675 0.7958878 0.445330675 0.7958878 0.4644400125 0.711465140625 0.46360917187500006 0.7121459703124999 0.4120970421875 0.7066993453125 0.4104353609375 0.707380175 0.4652708546875 0.6563180828124999 0.4644400125 0.658360565625 0.4278830171875 0.6869553374999999 0.42954469843750004 0.6869553374999999 0.40461947499999995 0.6828703703125 0.403788634375 0.6821895421875 0.4237288140625 0.6569989109375001 0.4237288140625 0.6569989109375001 0.4129278828125 0.650871459375 0.41375872343750003 0.6515522875 0.46360917187500006 0.5780228765625 0.46277833125 0.5766612203125 0.44699235625 0.5705337687500001 0.44616151562499995 0.571895425 0.549185775 0.5780228765625 0.549185775 0.5780228765625 0.4702558984375 0.795206971875 0.4702558984375 0.7972494546875 0.6314390171875 0.8040577343749999 0.6322698578125 0.8026960781250001 0.5533399796875 0.8108660125 0.5516782984375 0.8115468421875001 0.5433698890625 0.8006535953125 0.54420073125
3 0.6638078703125 0.40544491562499996 0.5582754624999999 0.40544491562499996 0.5582754624999999 0.4145833328125 0.6638078703125 0.4145833328125 0.6638078703125 0.40544491562499996
1 0.6842361109375 0.4287076265625 0.6576851859375 0.4287076265625 0.6576851859375 0.4636087578125 0.6842361109375 0.4636087578125 0.6842361109375 0.4287076265625
1 0.70601273125 0.41293079062500004 0.688315971875 0.41293079062500004 0.688315971875 0.46444209062499997 0.70601273125 0.46444209062499997 0.70601273125 0.41293079062500004
6 0.68695023125 0.427048021875 0.6842303234375 0.427048021875 0.6842303234375 0.4652683609375 0.68695023125 0.4652683609375 0.68695023125 0.427048021875
2 0.6869553374999999 0.40295779375 0.6869553374999999 0.41126620156250004 0.70601851875 0.41126620156250004 0.707380175 0.40461947499999995 0.7046568625 0.391326021875 0.6869553374999999 0.40295779375
1 0.7638888890625 0.4478231984375 0.7632080609375 0.41458956562499993 0.7128267968750001 0.41375872343750003 0.7128267968750001 0.4644400125 0.77682461875 0.4661016953125 0.776143790625 0.44699235625 0.7638888890625 0.4478231984375
3 0.738015046875 0.40462570624999994 0.70601273125 0.40462570624999994 0.70601273125 0.413764125 0.738015046875 0.413764125 0.738015046875 0.40462570624999994
3 0.8067766203125 0.40461864375 0.7563946765625 0.40461864375 0.7563946765625 0.41459039531249997 0.8067766203125 0.41459039531249997 0.8067766203125 0.40461864375
6 0.829248365625 0.502658690625 0.8346949890625 0.5043203734375 0.8360566453124999 0.49684280468750003 0.9150326796874999 0.49767364531249997 0.9150326796874999 0.49185775937500004 0.8340141609374999 0.4926886 0.8340141609374999 0.442838153125 0.829248365625 0.4436689921875 0.829248365625 0.502658690625
4 0.91571180625 0.41375 0.8353761578125001 0.41375 0.8353761578125001 0.4910240109375 0.91571180625 0.4910240109375 0.91571180625 0.41375
3 0.9157060187500001 0.40461864375 0.8244791671874999 0.40461864375 0.8244791671874999 0.41459039531249997 0.9157060187500001 0.41459039531249997 0.9157060187500001 0.40461864375
4 0.344496528125 0.48438559375 0.2260358796875 0.48438559375 0.2260358796875 0.6970833328125 0.344496528125 0.6970833328125 0.344496528125 0.48438559375
2 0.330201525 0.5865736125 0.34245642656249997 0.5915586562499999 0.34994553281249996 0.5898969765625 0.34926470625 0.5682951140625 0.3254357296875 0.5649717515625 0.3267973859375 0.5749418421875 0.330201525 0.5865736125
6 0.3513078703125 0.5566596046875001 0.3445023140625 0.5566596046875001 0.3445023140625 0.5674646890624999 0.3513078703125 0.5674646890624999 0.3513078703125 0.5566596046875001
3 0.35402777812499997 0.54836158125 0.3410879625 0.54836158125 0.3410879625 0.5566666671875 0.35402777812499997 0.5566666671875 0.35402777812499997 0.54836158125
1 0.575983796875 0.5566596046875001 0.3513078703125 0.5566596046875001 0.3513078703125 0.59986581875 0.575983796875 0.59986581875 0.575983796875 0.5566596046875001
2 0.37241285468749996 0.55666334375 0.37241285468749996 0.548354934375 0.3533496734375 0.548354934375 0.3526688453125 0.557494184375 0.3696895421875 0.5691259546875 0.37241285468749996 0.55666334375
3 0.3894270828125 0.5475211859375 0.3717303234375 0.5475211859375 0.3717303234375 0.5566596046875001 0.3894270828125 0.5566596046875001 0.3894270828125 0.5475211859375
2 0.4057734203125 0.557494184375 0.4071350765625 0.5500166171875 0.3907952078125 0.548354934375 0.3880718953125 0.558325025 0.4037309359375 0.569956796875 0.4057734203125 0.557494184375
3 0.41870949062499996 0.54836158125 0.40645254687500004 0.54836158125 0.40645254687500004 0.5566666671875 0.41870949062499996 0.5566666671875 0.41870949062499996 0.54836158125
3 0.5324074078125001 0.5483545203125 0.43641203749999996 0.5483545203125 0.43641203749999996 0.555826271875 0.5324074078125001 0.555826271875 0.5324074078125001 0.5483545203125
6 0.5072167750000001 0.5084745765625 0.50857843125 0.51595214375 0.5126633984375 0.51595214375 0.5119825703124999 0.48770355624999995 0.5065359484374999 0.48770355624999995 0.5065359484374999 0.5001661687500001 0.445942265625 0.5009970078125 0.44662309375 0.45945496874999997 0.507897603125 0.45945496874999997 0.5072167750000001 0.46693253593749995 0.5119825703124999 0.4677633765625 0.51130174375 0.449484878125 0.5072167750000001 0.449484878125 0.5072167750000001 0.4536390828125 0.447303921875 0.45280824218750004 0.447303921875 0.41375872343750003 0.44185729843750005 0.41458956562499993 0.44117647031249996 0.548354934375 0.447303921875 0.5500166171875 0.447303921875 0.5076437359375 0.5072167750000001 0.5084745765625
6 0.5119791671875 0.5358968921875 0.5072106484375001 0.5358968921875 0.5072106484375001 0.5491878531250001 0.5119791671875 0.5491878531250001 0.5119791671875 0.5358968921875
1 0.5718981484375 0.413764125 0.5126620375 0.413764125 0.5126620375 0.5483545203125 0.5718981484375 0.5483545203125 0.5718981484375 0.413764125
2 0.5310457515625 0.5250913921875 0.5317265796874999 0.555832503125 0.5521514171875 0.55666334375 0.5514705875 0.5392156859375 0.544662309375 0.52841475625 0.5310457515625 0.5250913921875
6 0.5589641203125 0.546694915625 0.550109953125 0.546694915625 0.550109953125 0.552514125 0.5589641203125 0.552514125 0.5589641203125 0.546694915625
3 0.5793865734375 0.546687853125 0.5582754624999999 0.546687853125 0.5582754624999999 0.555826271875 0.5793865734375 0.555826271875 0.5793865734375 0.546687853125
3 0.37173202656250004 0.40461947499999995 0.3710511984375 0.41375872343750003 0.37513616562499996 0.41375872343750003 0.37513616562499996 0.421236290625 0.3833061 0.42206713125000006 0.3833061 0.41375872343750003 0.40236928125000004 0.41458956562499993 0.40305010937499997 0.4478231984375 0.3833061 0.4486540375 0.3833061 0.445330675 0.37445533750000004 0.4444998328125 0.37445533750000004 0.45779328750000003 0.411900871875 0.45779328750000003 0.41122004375000004 0.41458956562499993 0.533088234375 0.41458956562499993 0.533088234375 0.40628115625000005 0.430283225 0.40461947499999995 0.43096405156250006 0.3298438015625 0.37309368125 0.3281821203125 0.37513616562499996 0.40461947499999995 0.37173202656250004 0.40461947499999995
2 0.55895969375 0.05982053750000001 0.5507897609375 0.0648055828125 0.544662309375 0.0797607171875 0.5405773421875 0.071452309375 0.536492375 0.0639747421875 0.5228758171875 0.05732801562499999 0.5126633984375 0.056497175 0.5133442265625 0.1013625796875 0.57325708125 0.10219341875000001 0.5746187359375 0.052342971875 0.5678104578125 0.054004653125 0.55895969375 0.05982053750000001
2 0.7080610015625 0.06314390156250001 0.7012527234375 0.07394483125 0.6998910671874999 0.080591559375 0.6944444437499999 0.06646726562500001 0.6842320265625 0.0581588578125 0.6678921578125 0.056497175 0.6692538124999999 0.1013625796875 0.7291666671875 0.10219341875000001 0.7291666671875 0.054004653125 0.7189542484375 0.055666334375 0.7080610015625 0.06314390156250001
1 0.6508738421875 0.1395833328125 0.5936863421874999 0.1395833328125 0.5936863421874999 0.24759180781249998 0.6508738421875 0.24759180781249998 0.6508738421875 0.1395833328125
6 0.6113834421875 0.13958125625 0.6093409578125 0.13127284687500002 0.5936819171875001 0.13044200781249998 0.5943627453125 0.10219341875000001 0.5861928109375001 0.103024259375 0.5868736390625 0.248421403125 0.5943627453125 0.24759056250000003 0.5936819171875001 0.13958125625 0.6113834421875 0.13958125625
1 0.6508796296875 0.10386299375000001 0.595046296875 0.10386299375000001 0.595046296875 0.1312782484375 0.6508796296875 0.1312782484375 0.6508796296875 0.10386299375000001
2 0.6236383437499999 0.08308408125 0.61751089375 0.07394483125 0.607298475 0.07228315156250001 0.60866013125 0.10053173906249999 0.6392973859375 0.10053173906249999 0.6379357296875 0.07228315156250001 0.6290849671875 0.0731139921875 0.6236383437499999 0.08308408125
2 0.6256808281249999 0.11714855312500001 0.625 0.12379528125000001 0.6202342046875 0.1146560328125 0.6127450984375 0.1146560328125 0.607979303125 0.1154868734375 0.60866013125 0.13958125625 0.6392973859375 0.13958125625 0.6399782125 0.11299435 0.6331699359375 0.112163509375 0.6256808281249999 0.11714855312500001
1 0.5861921296875 0.260056496875 0.5133449078125001 0.260056496875 0.5133449078125001 0.405451978125 0.5861921296875 0.405451978125 0.5861921296875 0.260056496875
2 0.5487472765625 0.2417746765625 0.5433006546875 0.22931206406250002 0.5324074078125001 0.22931206406250002 0.5337690640625 0.2600531734375 0.5644063187499999 0.2608840140625 0.5644063187499999 0.22931206406250002 0.5569172124999999 0.23180458593750003 0.5487472765625 0.2417746765625
6 0.6604050921875 0.2592302265625 0.6522337968749999 0.2592302265625 0.6522337968749999 0.379696328125 0.6604050921875 0.379696328125 0.6604050921875 0.2592302265625
2 0.6855936812500001 0.24260551718749998 0.6801470593750001 0.23180458593750003 0.67061546875 0.2301429046875 0.669934640625 0.25922233281249996 0.6998910671874999 0.2600531734375 0.7012527234375 0.2284812234375 0.69104030625 0.2301429046875 0.6855936812500001 0.24260551718749998
6 0.404415509375 0.2592302265625 0.4003298609375 0.2592302265625 0.4003298609375 0.2866454796875 0.404415509375 0.2866454796875 0.404415509375 0.2592302265625
1 0.42552083281249997 0.260056496875 0.4057754625 0.260056496875 0.4057754625 0.328192090625 0.42552083281249997 0.328192090625 0.42552083281249997 0.260056496875
2 0.4057734203125 0.2492522421875 0.4064542484375 0.2608840140625 0.42551742968750006 0.26171485625 0.42483660156249997 0.24592887968750002 0.4071350765625 0.23346626874999998 0.4057734203125 0.2492522421875
2 0.37854030625 0.30907278125 0.382625271875 0.308241940625 0.382625271875 0.2866400796875 0.37717865 0.2866400796875 0.3690087140625 0.304918578125 0.37854030625 0.30907278125
6 0.3833043984375 0.3074081921875 0.377853009375 0.3074081921875 0.377853009375 0.3290042375 0.3833043984375 0.3290042375 0.3833043984375 0.3074081921875
6 0.40578125 0.308241525 0.4003298609375 0.308241525 0.4003298609375 0.32901836093750003 0.40578125 0.32901836093750003 0.40578125 0.308241525
2 0.4064542484375 0.2858092390625 0.40032679687500006 0.2858092390625 0.401007625 0.3099036234375 0.4057734203125 0.31073446250000003 0.4166666671875 0.306580259375 0.4064542484375 0.2858092390625
1 0.5065335640625 0.260049434375 0.43300347187500005 0.260049434375 0.43300347187500005 0.28913135625 0.5065335640625 0.28913135625 0.5065335640625 0.260049434375
2 0.43300653593750005 0.265869059375 0.426879084375 0.2666999 0.426879084375 0.2891326015625 0.43096405156250006 0.2883017609375 0.44185729843750005 0.2841475578125 0.43300653593750005 0.265869059375
2 0.5126633984375 0.33316716562500004 0.507897603125 0.334828846875 0.507897603125 0.3572615484375 0.5133442265625 0.3572615484375 0.5228758171875 0.353938184375 0.5126633984375 0.33316716562500004
6 0.5119791671875 0.3954731640625 0.5072106484375001 0.3954731640625 0.5072106484375001 0.4062782484375 0.5119791671875 0.4062782484375 0.5119791671875 0.3954731640625
2 0.5126633984375 0.37470920625000004 0.507897603125 0.3763708875 0.50857843125 0.39963442968749996 0.5133442265625 0.3971419078125 0.5235566453125 0.39548022656250004 0.5126633984375 0.37470920625000004
2 0.354711328125 0.3855101359375 0.3519880171875 0.3846792953125 0.3567538125 0.38052509218749997 0.3615196078125 0.37304752343750003 0.360157953125 0.364739115625 0.34041394375 0.36556995625 0.3410947703125 0.403788634375 0.3615196078125 0.40461947499999995 0.360157953125 0.39381854375 0.354711328125 0.3855101359375
6 0.3506263609375 0.48521103437499996 0.37581699375 0.48438019218750006 0.37445533750000004 0.548354934375 0.38058278749999996 0.548354934375 0.3812636171875 0.48521103437499996 0.4057734203125 0.48438019218750006 0.40441176562500003 0.5500166171875 0.41122004375000004 0.549185775 0.41122004375000004 0.4760717859375 0.382625271875 0.47690262499999997 0.3833061 0.456962446875 0.37717865 0.456962446875 0.37785947656249996 0.47856430625 0.310457515625 0.47690262499999997 0.310457515625 0.449484878125 0.3036492375 0.4478231984375 0.3036492375 0.47690262499999997 0.224673203125 0.47690262499999997 0.22535402968749998 0.4835493515625 0.34449891093749996 0.48438019218750006 0.3451797390625 0.5466932546875001 0.3513071890625 0.5475240953125 0.3506263609375 0.48521103437499996
2 0.37513616562499996 0.44616151562499995 0.382625271875 0.4444998328125 0.38194444375000003 0.42040544999999996 0.373774509375 0.41874376875 0.3649237484375 0.44117647031249996 0.37513616562499996 0.44616151562499995
1 0.3751331015625 0.41459039531249997 0.31114004687499996 0.41459039531249997 0.31114004687499996 0.47690677968750006 0.3751331015625 0.47690677968750006 0.3751331015625 0.41459039531249997
2 0.37309368125 0.41375872343750003 0.37173202656250004 0.405450315625 0.3540305015625 0.405450315625 0.3533496734375 0.4162512453125 0.3696895421875 0.42705217656250005 0.37309368125 0.41375872343750003
2 0.310457515625 0.4278830171875 0.3043300640625 0.42705217656250005 0.30501089375 0.4486540375 0.31181917187499997 0.4486540375 0.32203159062500003 0.43120638125 0.310457515625 0.4278830171875
6 0.5119791671875 0.41459039531249997 0.5072106484375001 0.41459039531249997 0.5072106484375001 0.42871468906250004 0.5119791671875 0.42871468906250004 0.5119791671875 0.41459039531249997
2 0.5467047921875 0.386340978125 0.538534859375 0.382186771875 0.5317265796874999 0.38052509218749997 0.5317265796874999 0.4104353609375 0.5521514171875 0.4120970421875 0.5514705875 0.39381854375 0.5467047921875 0.386340978125
6 0.57734375 0.41459039531249997 0.5718923609375001 0.41459039531249997 0.5718923609375001 0.4262288140625 0.57734375 0.4262288140625 0.57734375 0.41459039531249997
4 0.6508738421875 0.41707627187499996 0.57734375 0.41707627187499996 0.57734375 0.4652683609375 0.6508738421875 0.4652683609375 0.6508738421875 0.41707627187499996
2 0.5868736390625 0.40461947499999995 0.5936819171875001 0.40461947499999995 0.5930010890624999 0.37969425 0.5861928109375001 0.37969425 0.5752995640624999 0.3988035890625 0.5868736390625 0.40461947499999995
2 0.652233115625 0.403788634375 0.658360565625 0.403788634375 0.658360565625 0.37969425 0.6515522875 0.375540046875 0.642020696875 0.3971419078125 0.652233115625 0.403788634375
2 0.6638071890624999 0.40628115625000005 0.6644880171875001 0.4129278828125 0.6849128546875 0.4120970421875 0.6842320265625 0.40295779375 0.6658496734375 0.3888335 0.6638071890624999 0.40628115625000005
2 0.7557189531249999 0.41375872343750003 0.757080609375 0.405450315625 0.7380174296875001 0.405450315625 0.7366557734375 0.41542040468749997 0.7550381265625 0.428713859375 0.7557189531249999 0.41375872343750003
1 0.829253471875 0.41459039531249997 0.8006539359374999 0.41459039531249997 0.8006539359374999 0.54337570625 0.829253471875 0.54337570625 0.829253471875 0.41459039531249997
1 0.7958854171875 0.41459039531249997 0.7720543984375 0.41459039531249997 0.7720543984375 0.438686440625 0.7958854171875 0.438686440625 0.7958854171875 0.41459039531249997
2 0.8061002171875 0.4120970421875 0.7965686265625 0.4129278828125 0.7979302828125 0.4403456296875 0.8040577343749999 0.4403456296875 0.814270153125 0.41957461093750004 0.8061002171875 0.4120970421875
2 0.836737471875 0.421236290625 0.830610021875 0.42206713125000006 0.830610021875 0.4436689921875 0.8360566453124999 0.4436689921875 0.845588234375 0.44117647031249996 0.836737471875 0.421236290625
3 0.9157135078125 0.3447989359375 0.9252450984375 0.3439680953125 0.9252450984375 0.2492522421875 0.8135893234375 0.248421403125 0.8135893234375 0.25922233281249996 0.9150326796874999 0.2600531734375 0.9157135078125 0.3447989359375
6 0.8755446625 0.36556995625 0.8755446625 0.3298438015625 0.8857570812500001 0.3298438015625 0.8857570812500001 0.322366234375 0.8755446625 0.322366234375 0.874863834375 0.2600531734375 0.8694172124999999 0.2600531734375 0.8700980390625 0.3564307078125 0.85648148125 0.3572615484375 0.858523965625 0.36556995625 0.8755446625 0.36556995625
2 0.9068627453125 0.33150548281250003 0.9068627453125 0.323197075 0.8843954249999999 0.3240279171875 0.8830337687500001 0.332336325 0.9034586046875 0.34646061875 0.9068627453125 0.33150548281250003
2 0.858523965625 0.363908275 0.85648148125 0.3572615484375 0.83877995625 0.3555998671875 0.83877995625 0.3664007984375 0.8558006546874999 0.37969425 0.858523965625 0.363908275
2 0.814270153125 0.363077434375 0.81222766875 0.3564307078125 0.7958878 0.35809238906249996 0.79452614375 0.36556995625 0.8108660125 0.37803256875 0.814270153125 0.363077434375
2 0.7475490203125 0.377201728125 0.7632080609375 0.363908275 0.7618464046875 0.35809238906249996 0.7441448796875 0.35809238906249996 0.742102396875 0.363908275 0.7475490203125 0.377201728125
2 0.8033769062499999 0.4021269515625 0.8054193906249999 0.4104353609375 0.8244825703125 0.41126620156250004 0.8258442265625 0.403788634375 0.82380174375 0.3921568625 0.8033769062499999 0.4021269515625
2 0.8278867109375 0.52841475625 0.8346949890625 0.52841475625 0.8340141609374999 0.49933532812500003 0.829248365625 0.49933532812500003 0.8183551203125001 0.50681289375 0.8278867109375 0.52841475625
1 0.878952546875 0.5525070624999999 0.8040567125000001 0.5525070624999999 0.8040567125000001 0.697069209375 0.878952546875 0.697069209375 0.878952546875 0.5525070624999999
2 0.82992919375 0.5525091390625 0.82992919375 0.545031571875 0.8115468421875001 0.54420073125 0.8115468421875001 0.5541708203125 0.8278867109375 0.5658025921875 0.82992919375 0.5525091390625
6 0.8033796296875 0.668820621875 0.7965740734375 0.668820621875 0.7965740734375 0.6979025421875 0.8033796296875 0.6979025421875 0.8033796296875 0.668820621875
2 0.8108660125 0.651379196875 0.8176742921875 0.64473246875 0.8203976031250001 0.6322698578125 0.795206971875 0.630608175 0.7958878 0.668826853125 0.8203976031250001 0.670488534375 0.8183551203125001 0.6630109671875 0.8108660125 0.651379196875
6 0.8421840953125 0.8217015625 0.8401416125000001 0.8150548359374999 0.82992919375 0.8150548359374999 0.82992919375 0.75108009375 0.8462690640625 0.75108009375 0.8462690640625 0.742771684375 0.82992919375 0.7419408453125 0.830610021875 0.7095380515625 0.8231209156249999 0.7095380515625 0.8231209156249999 0.8349950156249999 0.830610021875 0.8341641734374999 0.8319716765624999 0.8225324031250001 0.8421840953125 0.8217015625
1 0.8843923609375001 0.7087076265625 0.8306076390625 0.7087076265625 0.8306076390625 0.7436087578125 0.8843923609375001 0.7436087578125 0.8843923609375001 0.7087076265625
2 0.8551198250000001 0.7236623453125001 0.8592047921875 0.7186773015625 0.8687363828124999 0.7303090734375 0.8755446625 0.7278165515625 0.874863834375 0.697075440625 0.8442265796875 0.6962445984375 0.8435457515625 0.7286473906250001 0.8496732031249999 0.7286473906250001 0.8551198250000001 0.7236623453125001
5 0.883709490625 0.7527401125 0.831290509375 0.7527401125 0.831290509375 0.815056496875 0.883709490625 0.815056496875 0.883709490625 0.7527401125
2 0.8619281046875 0.7602193421875 0.8687363828124999 0.76852775 0.876225490625 0.7718511125 0.876225490625 0.742771684375 0.845588234375 0.7444333671875001 0.845588234375 0.7726819546875 0.857162309375 0.764373546875 0.8619281046875 0.7602193421875
5 0.8857523140625 0.82336864375 0.8278819437499999 0.82336864375 0.8278819437499999 0.86075565 0.8857523140625 0.86075565 0.8857523140625 0.82336864375
2 0.8544389984375 0.810069790625 0.8503540296875001 0.8034230640625 0.8435457515625 0.8000997 0.8380991281249999 0.8009305421875 0.8401416125000001 0.824194084375 0.8700980390625 0.8233632421875001 0.8707788671875001 0.8000997 0.8619281046875 0.8025922234375 0.8544389984375 0.810069790625
2 0.5725762515625 0.44699235625 0.5780228765625 0.4478231984375 0.577342046875 0.42539049531249995 0.571214596875 0.42289797343749996 0.5603213499999999 0.44616151562499995 0.5725762515625 0.44699235625
2 0.5133442265625 0.4619474921875 0.5072167750000001 0.46360917187500006 0.5072167750000001 0.48687271406250004 0.5235566453125 0.486041875 0.5133442265625 0.4619474921875
2 0.5140250546875 0.4262213359375 0.507897603125 0.4262213359375 0.507897603125 0.449484878125 0.5126633984375 0.45114656093749994 0.5235566453125 0.44699235625 0.5140250546875 0.4262213359375
2 0.5140250546875 0.5134596218749999 0.507897603125 0.5142904625 0.507897603125 0.5367231640625 0.51470588125 0.53506148125 0.5249183015625001 0.516782984375 0.5140250546875 0.5134596218749999
4 0.5698495375 0.605677965625 0.485428240625 0.605677965625 0.485428240625 0.6987288140625 0.5698495375 0.6987288140625 0.5698495375 0.605677965625
2 0.5467047921875 0.6073446328125 0.5467047921875 0.599867065625 0.52900326875 0.599867065625 0.526960784375 0.6073446328125 0.5433006546875 0.6206380859375 0.5467047921875 0.6073446328125
6 0.428240740625 0.69790628125 0.43368736406249997 0.698737121875 0.43300653593750005 0.6065137921875 0.4500272328125 0.6073446328125 0.4513888890625 0.599867065625 0.42483660156249997 0.599867065625 0.42347494531249996 0.60568295 0.428240740625 0.60568295 0.428240740625 0.69790628125
4 0.47930555625000004 0.605685028125 0.433009259375 0.605685028125 0.433009259375 0.6970833328125 0.47930555625000004 0.6970833328125 0.47930555625000004 0.605685028125
2 0.4677287578125 0.6065137921875 0.4677287578125 0.601528746875 0.4500272328125 0.599867065625 0.44798475 0.6073446328125 0.46500544687499995 0.6173147234374999 0.4677287578125 0.6065137921875
6 0.3873910671875 0.69790628125 0.39351851875 0.698737121875 0.392837690625 0.60568295 0.40849673124999997 0.6065137921875 0.4091775609375 0.60069790625 0.38058278749999996 0.60069790625 0.38058278749999996 0.6073446328125 0.3873910671875 0.6065137921875 0.3873910671875 0.69790628125
4 0.42755787031250003 0.6065042375 0.3928356484375 0.6065042375 0.3928356484375 0.6979025421875 0.42755787031250003 0.6979025421875 0.42755787031250003 0.6065042375
2 0.42619825625 0.6065137921875 0.42483660156249997 0.6023595875 0.4071350765625 0.599867065625 0.4064542484375 0.6081754734375 0.42279411875 0.61980724375 0.42619825625 0.6065137921875
4 0.3867129625 0.6073375703125 0.350625 0.6073375703125 0.350625 0.697069209375 0.3867129625 0.697069209375 0.3867129625 0.6073375703125
6 0.36424291875 0.6065137921875 0.3635620921875 0.5990362250000001 0.34449891093749996 0.5973745421875 0.34381808281250004 0.6962445984375 0.3506263609375 0.698737121875 0.34994553281249996 0.6065137921875 0.36424291875 0.6065137921875
2 0.38194444375000003 0.6065137921875 0.38194444375000003 0.601528746875 0.3628812640625 0.599867065625 0.3622004359375 0.6073446328125 0.37717865 0.6206380859375 0.38194444375000003 0.6065137921875
2 0.437091503125 0.557494184375 0.43845315781250005 0.548354934375 0.419389978125 0.5475240953125 0.41734749375 0.558325025 0.43300653593750005 0.5691259546875 0.437091503125 0.557494184375
1 0.4418518515625 0.4145833328125 0.41189814843750006 0.4145833328125 0.41189814843750006 0.5483545203125 0.4418518515625 0.5483545203125 0.4418518515625 0.4145833328125
1 0.4050925921875 0.45862994375 0.39555555625 0.45862994375 0.39555555625 0.47690677968750006 0.4050925921875 0.47690677968750006 0.4050925921875 0.45862994375
2 0.4125816984375 0.456962446875 0.4057734203125 0.45862412656249996 0.4057734203125 0.47856430625 0.4166666671875 0.47939514843750003 0.4221132890625 0.45862412656249996 0.4125816984375 0.456962446875
4 0.30296840937499997 0.41542040468749997 0.2784586046875 0.41458956562499993 0.2784586046875 0.2600531734375 0.22603485937499998 0.2600531734375 0.22603485937499998 0.47690262499999997 0.3043300640625 0.47773346562499996 0.30296840937499997 0.41542040468749997
6 0.2852604171875 0.2592302265625 0.27913773124999997 0.2592302265625 0.27913773124999997 0.4037923734375 0.2852604171875 0.4037923734375 0.2852604171875 0.2592302265625
6 0.9177604171875 0.32319915312499997 0.9055034718750001 0.32319915312499997 0.9055034718750001 0.3306709046875 0.9177604171875 0.3306709046875 0.9177604171875 0.32319915312499997
6 0.30977430625 0.41293079062500004 0.30432291718750004 0.41293079062500004 0.30432291718750004 0.42788841875 0.30977430625 0.42788841875 0.30977430625 0.41293079062500004
6 0.3479050921875 0.5874011296874999 0.3445023140625 0.5874011296874999 0.3445023140625 0.5990395484375 0.3479050921875 0.5990395484375 0.3479050921875 0.5874011296874999
6 0.47930283281249997 0.697075440625 0.48474945468749997 0.69790628125 0.48474945468749997 0.6065137921875 0.5296840953124999 0.6065137921875 0.5296840953124999 0.599867065625 0.4677287578125 0.599867065625 0.46568627500000004 0.6065137921875 0.4806644890625 0.60568295 0.47930283281249997 0.697075440625
6 0.5698529406249999 0.697075440625 0.5766612203125 0.69790628125 0.5766612203125 0.5990362250000001 0.5453431375 0.60069790625 0.5453431375 0.6065137921875 0.571214596875 0.6065137921875 0.5698529406249999 0.697075440625
6 0.433009259375 0.2583968921875 0.426203703125 0.2583968921875 0.426203703125 0.2675353109375 0.433009259375 0.2675353109375 0.433009259375 0.2583968921875
4 0.5065393515625 0.3630790953125 0.4302893515625 0.3630790953125 0.4302893515625 0.4037853109375 0.5065393515625 0.4037853109375 0.5065393515625 0.3630790953125
6 0.5065359484374999 0.37803256875 0.5119825703124999 0.37803256875 0.5126633984375 0.3555998671875 0.430283225 0.3555998671875 0.429602396875 0.36224659375 0.507897603125 0.361415753125 0.5065359484374999 0.37803256875
3 0.659722221875 0.248421403125 0.659722221875 0.103024259375 0.652233115625 0.10219341875000001 0.6515522875 0.24759056250000003 0.659722221875 0.248421403125
6 0.6522337968749999 0.1312711859375 0.6386226859375 0.1312711859375 0.6386226859375 0.139576271875 0.6522337968749999 0.139576271875 0.6522337968749999 0.1312711859375
4 0.7747800921875 0.260056496875 0.7305208328125 0.260056496875 0.7305208328125 0.356440678125 0.7747800921875 0.356440678125 0.7747800921875 0.260056496875
6 0.72984749375 0.3572615484375 0.72984749375 0.2600531734375 0.724400871875 0.2608840140625 0.724400871875 0.364739115625 0.7448257078125 0.363908275 0.7441448796875 0.3564307078125 0.72984749375 0.3572615484375
6 0.8408224390625 0.363908275 0.8401416125000001 0.3564307078125 0.8210784312499999 0.3572615484375 0.8210784312499999 0.2608840140625 0.8163126359374999 0.25922233281249996 0.8169934640625 0.3572615484375 0.81222766875 0.35809238906249996 0.812908496875 0.36556995625 0.8408224390625 0.363908275
6 0.874863834375 0.742771684375 0.8755446625 0.751910934375 0.8843954249999999 0.7527417734374999 0.8850762515625 0.81422399375 0.8707788671875001 0.81422399375 0.8687363828124999 0.8233632421875001 0.8843954249999999 0.8225324031250001 0.8843954249999999 0.8349950156249999 0.891203703125 0.836656696875 0.891203703125 0.7095380515625 0.8843954249999999 0.7078763718750001 0.8843954249999999 0.742771684375 0.874863834375 0.742771684375
5 0.9150347218749999 0.551673728125 0.878946759375 0.551673728125 0.878946759375 0.699569209375 0.9150347218749999 0.699569209375 0.9150347218749999 0.551673728125
5 0.33972800937500003 0.260049434375 0.2859432875 0.260049434375 0.2859432875 0.40461158125 0.33972800937500003 0.40461158125 0.33972800937500003 0.260049434375
5 0.43641203749999996 0.217683615625 0.351990740625 0.217683615625 0.351990740625 0.24841807968750002 0.43641203749999996 0.24841807968750002 0.43641203749999996 0.217683615625
1 0.5861979171875 0.10219632812499999 0.49632523125 0.10219632812499999 0.49632523125 0.24842514062499998 0.5861979171875 0.24842514062499998 0.5861979171875 0.10219632812499999
1 0.7352951390625 0.102189265625 0.659728009375 0.102189265625 0.659728009375 0.24758474531250002 0.7352951390625 0.24758474531250002 0.7352951390625 0.102189265625
4 0.7965682875 0.47026130000000005 0.57734375 0.47026130000000005 0.57734375 0.6970833328125 0.7965682875 0.6970833328125 0.7965682875 0.47026130000000005
4 0.9143518515625001 0.497676553125 0.8346990734374999 0.497676553125 0.8346990734374999 0.5433686437499999 0.9143518515625001 0.5433686437499999 0.9143518515625001 0.497676553125
6 0.8346990734374999 0.5267584750000001 0.8299305562500001 0.5267584750000001 0.8299305562500001 0.544201978125 0.8346990734374999 0.544201978125 0.8346990734374999 0.5267584750000001
4 0.8694212968749999 0.2592231640625 0.821759259375 0.2592231640625 0.821759259375 0.356426553125 0.8694212968749999 0.356426553125 0.8694212968749999 0.2592231640625
1 0.5065335640625 0.41541666718750003 0.4479803234375 0.41541666718750003 0.4479803234375 0.45280367187500004 0.5065335640625 0.45280367187500004 0.5065335640625 0.41541666718750003
1 0.5065335640625 0.46027542343750005 0.4479803234375 0.46027542343750005 0.4479803234375 0.4993290953125 0.5065335640625 0.4993290953125 0.5065335640625 0.46027542343750005
1 0.5051736109375 0.5076412421875001 0.447303240625 0.5076412421875001 0.447303240625 0.5475282484374999 0.5051736109375 0.5475282484374999 0.5051736109375 0.5076412421875001
4 0.9150289359375 0.260056496875 0.8762210640625 0.260056496875 0.8762210640625 0.32237288125 0.9150289359375 0.32237288125 0.9150289359375 0.260056496875
1 0.37446180625 0.4852118640625 0.3506307875 0.4852118640625 0.3506307875 0.5475282484374999 0.37446180625 0.5475282484374999 0.37446180625 0.4852118640625
1 0.4050983796875 0.4852118640625 0.3812673609375 0.4852118640625 0.3812673609375 0.5475282484374999 0.4050983796875 0.5475282484374999 0.4050983796875 0.4852118640625