4 0.0279835375 0.36805555624999997 0.0559670796875 0.36666666718749996 0.059259259375 0.4861111109375 0.6074074078125 0.4875 0.605761315625 0.0513888890625 0.0576131671875 0.0513888890625 0.0576131671875 0.2541666671875 0.026337450000000002 0.25555555625 0.0279835375 0.36805555624999997
7 0.5596790125 0.0013854171875 0.43128394999999997 0.0013854171875 0.43128394999999997 0.0499895828125 0.5596790125 0.0499895828125 0.5596790125 0.0013854171875
7 0.0246790125 0.2555520828125 0.001641975 0.2555520828125 0.001641975 0.3694479171875 0.0246790125 0.3694479171875 0.0246790125 0.2555520828125
3 0.9349794250000001 0.9458333328125 0.9333333328125001 0.6277777765625 0.8888888890625 0.6291666671875 0.887242796875 0.9458333328125 0.6502057609375 0.9458333328125 0.6518518515625 0.6277777765625 0.605761315625 0.6291666671875 0.6074074078125 0.9472222234375 0.0576131671875 0.9472222234375 0.0559670796875 0.7527777765625 0 0.75 0.0016460906250000001 0.9972222234375 0.98271605 0.9972222234375 0.98271605 0.9458333328125 0.9349794250000001 0.9458333328125
7 0 0.75278125 0.055962962500000005 0.75278125 0.055962962500000005 0.63471875 0 0.63471875 0 0.75278125
2 0.9333333328125001 0.5472187500000001 0.8888888890625 0.5472187500000001 0.8888888890625 0.6291562500000001 0.9333333328125001 0.6291562500000001 0.9333333328125001 0.5472187500000001
1 0.46255143906249996 0.625 0.6518518515625 0.625 0.6518518515625 0.6472222234375 0.8905349796875001 0.6472222234375 0.8855967093749999 0.5361111109375 0.3917695484375 0.5375 0.3934156375 0.8083333328125001 0.46584362187500006 0.80694444375 0.46255143906249996 0.625
2 0.5382716046875 0.5513888890625 0.5596707828125 0.5375 0.5596707828125 0.4888888890625 0.47901234531250003 0.4875 0.475720165625 0.5722222234375 0.5152263375 0.5638888890625 0.5382716046875 0.5513888890625
3 0.059259259375 0.5375 0.47901234531250003 0.5375 0.47901234531250003 0.4888888890625 0.0576131671875 0.4875 0.0559670796875 0.36944444375 0.0016460906250000001 0.36805555624999997 0 0.6361111109375 0.059259259375 0.6347222234375 0.059259259375 0.5375
2 0.45267489687499995 0.6027777765625 0.46584362187500006 0.5875 0.47407407343749997 0.5708333328124999 0.475720165625 0.5472222234374999 0.3802469140625 0.5458333328125 0.3802469140625 0.6208333328125 0.4197530859375 0.6180555562500001 0.45267489687499995 0.6027777765625
0 0.6057530859375 0.6402812499999999 0.477358025 0.6402812499999999 0.477358025 0.7180520828125 0.6057530859375 0.7180520828125 0.6057530859375 0.6402812499999999
6 0.47736625468750005 0.7291666671875 0.605761315625 0.73055555625 0.605761315625 0.7166666671875 0.47901234531250003 0.7194444437499999 0.47736625468750005 0.6402777765625001 0.4905349796875 0.6416666671875 0.48724279687500005 0.6277777765625 0.46419753124999996 0.6277777765625 0.46584362187500006 0.7347222234374999 0.47901234531250003 0.7347222234374999 0.47736625468750005 0.7291666671875
2 0.5102880671875 0.575 0.49547325156250005 0.5888888890625 0.4806584375 0.6083333328125 0.4839506171875 0.6416666671875 0.5563786000000001 0.6416666671875 0.5596707828125 0.5666666671875 0.5366255140625 0.5666666671875 0.5102880671875 0.575
2 0.77366255 0.5930555562500001 0.7374485609375 0.5875 0.73909465 0.6611111109375 0.8181069953125 0.6611111109375 0.81646090625 0.6347222234375 0.8 0.60694444375 0.77366255 0.5930555562500001
1 0.8905432093750001 0.6597291671875001 0.6535061734375 0.6597291671875001 0.6535061734375 0.7388958328124999 0.8905432093750001 0.7388958328124999 0.8905432093750001 0.6597291671875001
2 0.778600821875 0.6805555562500001 0.7423868328125 0.675 0.7423868328125 0.75 0.8197530859375 0.7513888890625 0.821399178125 0.725 0.8032921796875 0.6958333328124999 0.778600821875 0.6805555562500001
2 0.395061728125 0.7791666671875 0.395061728125 0.7958333328125 0.4806584375 0.79305555625 0.4806584375 0.73194444375 0.44115226406249997 0.73194444375 0.411522634375 0.7458333328125 0.395061728125 0.7791666671875
4 0.6074074078125 0.8208229171875001 0.395061728125 0.8208229171875001 0.395061728125 0.94721875 0.6074074078125 0.94721875 0.6074074078125 0.8208229171875001
2 0.43786008125000003 0.8722222234375 0.4576131671875 0.8597222234374999 0.4674897109375 0.8277777765625001 0.46913580312500003 0.8097222234375 0.395061728125 0.8083333328125001 0.3934156375 0.8819444437499999 0.4148148140625 0.8819444437499999 0.43786008125000003 0.8722222234375
3 0.8888888890625 0.4888888890625 0.5596707828125 0.4888888890625 0.5563786000000001 0.5375 0.8855967093749999 0.5361111109375 0.8855967093749999 0.5458333328125 0.9349794250000001 0.5472222234374999 0.9349794250000001 0.5375 0.9810699578125 0.5347222234375 0.9810699578125 0.4888888890625 0.9333333328125001 0.4875 0.9349794250000001 0.0527777765625 0.9810699578125 0.05 0.9810699578125 0.0013888890625 0.5596707828125 0.0013888890625 0.561316871875 0.0513888890625 0.8905349796875001 0.05 0.8888888890625 0.4888888890625
3 0.651864196875 0.0513958328125 0.6057654328125001 0.0513958328125 0.6057654328125001 0.4888958328125 0.651864196875 0.4888958328125 0.651864196875 0.0513958328125
1 0.8855925921875001 0.0486145828125 0.65183950625 0.0486145828125 0.65183950625 0.4888854171875 0.8855925921875001 0.4888854171875 0.8855925921875001 0.0486145828125
4 0.9876419750000001 0.05 0.934975309375 0.05 0.934975309375 0.4875 0.9876419750000001 0.4875 0.9876419750000001 0.05
3 0.0559670796875 0.0513888890625 0.4312757203125 0.0486111109375 0.4279835375 0.0013888890625 0 0.0027777765624999997 0.0016460906250000001 0.2527777765625 0.0559670796875 0.25555555625 0.0559670796875 0.0513888890625
1 0.9843703703125 0.6930625 0.9349876546875 0.6930625 0.9349876546875 0.9472291671875 0.9843703703125 0.9472291671875 0.9843703703125 0.6930625
6 0.98271605 0.6361145828125 0.9333333328125001 0.6361145828125 0.9333333328125001 0.65834375 0.98271605 0.65834375 0.98271605 0.6361145828125
6 0.888901234375 0.6486041671875 0.8131728390624999 0.6486041671875 0.8131728390624999 0.6611041671875 0.888901234375 0.6611041671875 0.888901234375 0.6486041671875
4 0.8905308640625 0.7499895828125 0.6502098765625 0.7499895828125 0.6502098765625 0.94721875 0.8905308640625 0.94721875 0.8905308640625 0.7499895828125
6 0.8905308640625 0.7361145828125 0.81480246875 0.7361145828125 0.81480246875 0.7500104171875 0.8905308640625 0.7500104171875 0.8905308640625 0.7361145828125
6 0.7423950625 0.7388958328124999 0.6535061734375 0.7388958328124999 0.6535061734375 0.7513958328125 0.7423950625 0.7513958328125 0.7423950625 0.7388958328124999
6 0.7423950625 0.6486145828125001 0.6535061734375 0.6486145828125001 0.6535061734375 0.65971875 0.7423950625 0.65971875 0.7423950625 0.6486145828125001
6 0.6057530859375 0.6277708328125 0.5563703703125 0.6277708328125 0.5563703703125 0.6402708328125 0.6057530859375 0.6402708328125 0.6057530859375 0.6277708328125
0 0.6073950625 0.7319479171875 0.4806543203125 0.7319479171875 0.4806543203125 0.80834375 0.6073950625 0.80834375 0.6073950625 0.7319479171875
6 0.46419753124999996 0.8194444437499999 0.605761315625 0.8194444437499999 0.6041152265624999 0.80694444375 0.47901234531250003 0.8083333328125001 0.4806584375 0.7888888890625 0.46255143906249996 0.7916666671875 0.46419753124999996 0.8194444437499999
4 0.3786049375 0.5361041671875 0.0592716046875 0.5361041671875 0.0592716046875 0.9486041671875001 0.3786049375 0.9486041671875001 0.3786049375 0.5361041671875
1 0.989296296875 0.5402812499999999 0.9366296296875 0.5402812499999999 0.9366296296875 0.63471875 0.989296296875 0.63471875 0.989296296875 0.5402812499999999