4 0.5240409484375 0.055825146874999995 0.1054849140625 0.055825146874999995 0.1054849140625 0.29572691562500003 0.5240409484375 0.29572691562500003 0.5240409484375 0.055825146874999995
6 0.0794010890625 0.2977975390625 0.0794010890625 0.30917175 0.25975499062499996 0.3112397890625 0.25975499062499996 0.2988315578125 0.10322141562500001 0.2977975390625 0.1043557171875 0.053769 0.091878403125 0.0517009609375 0.091878403125 0.2988315578125 0.0794010890625 0.2977975390625
7 0.25554956875 0.039292731250000004 0.138545259375 0.039292731250000004 0.138545259375 0.054734773437499995 0.25554956875 0.054734773437499995 0.25554956875 0.039292731250000004
6 0.3232758625 0.2977975390625 0.3221415609375 0.31020577031249996 0.58076225 0.30917175 0.583030853125 0.2977975390625 0.5376588015625 0.2977975390625 0.538793103125 0.0527349796875 0.5229128859375 0.0517009609375 0.5229128859375 0.2967635203125 0.3232758625 0.2977975390625
7 0.49260775937499995 0.0378781921875 0.36946120625 0.0378781921875 0.36946120625 0.0533202359375 0.49260775937499995 0.0533202359375 0.49260775937499995 0.0378781921875
4 0.66923775 0.3660428078125 0.8382486374999999 0.3660428078125 0.8382486374999999 0.053769 0.5376588015625 0.053769 0.5399274046875 0.2967635203125 0.6681034484375 0.2977975390625 0.66923775 0.3660428078125
7 0.75429956875 0.037888015625 0.6342349140625 0.037888015625 0.6342349140625 0.0547249515625 0.75429956875 0.0547249515625 0.75429956875 0.037888015625
6 0.6454174218750001 0.31020577031249996 0.654491834375 0.31020577031249996 0.654491834375 0.4404921921875 0.47640653437499997 0.43945817500000006 0.47754083437499995 0.452900425 0.654491834375 0.452900425 0.654491834375 0.7238134640625 0.6681034484375 0.72484748125 0.6681034484375 0.3753489828125 0.8359800359375 0.3774170203125 0.8348457343750001 0.3639747703125 0.6681034484375 0.3660428078125 0.6681034484375 0.2988315578125 0.6465517234375 0.29986557812500003 0.6454174218750001 0.31020577031249996
7 0.8035668109375 0.7241060906250001 0.7035021546875 0.7241060906250001 0.7035021546875 0.7381335953125 0.8035668109375 0.7381335953125 0.8035668109375 0.7241060906250001
5 0.4990925578125 0.931651328125 0.571687840625 0.8148071546875 0.45712341093750003 0.8117050984375 0.415154265625 0.8727122312500001 0.220054446875 0.874780271875 0.1678765890625 0.8127391171875 0.055580762500000006 0.8148071546875 0.1259074421875 0.9306173109375001 0.2121143390625 0.977148175 0.41742286875 0.9750801359375 0.4990925578125 0.931651328125
7 0.580355603125 0.7984872296875001 0.4756788796875 0.7984872296875001 0.4756788796875 0.8125147343749999 0.580355603125 0.8125147343749999 0.580355603125 0.7984872296875001
7 0.1508728453125 0.799882121875 0.044644396875 0.799882121875 0.044644396875 0.8139096265625 0.1508728453125 0.8139096265625 0.1508728453125 0.799882121875
3 0.37253232812500003 0.040697445312500004 0.257079740625 0.040697445312500004 0.257079740625 0.053330059375 0.37253232812500003 0.053330059375 0.37253232812500003 0.040697445312500004
4 0.156533575 0.799296865625 0.20303992656249997 0.7238134640625 0.2211887484375 0.721745425 0.2211887484375 0.4518664046875 0 0.452900425 0.0011343015625 0.7413917890625 0.0374319421875 0.799296865625 0.156533575 0.799296865625
7 0 0.7693103078125 0.0215517234375 0.8003308859375 0.0340290390625 0.7941267703125 0 0.7403577703125 0 0.7693103078125
1 0.4162885671875 0.8737462515625 0.45825771406250004 0.8096370593750001 0.4117513625 0.73622169375 0.2132486375 0.7372557125 0.1667422859375 0.8117050984375 0.2143829390625 0.8737462515625 0.4162885671875 0.8737462515625
7 0.1610707796875 0.7951607890625 0.174682396875 0.799296865625 0.2121143390625 0.742425809375 0.198502721875 0.73622169375 0.1610707796875 0.7951607890625
4 0.4230943734375 0.7238134640625 0.470735028125 0.7972288296875 0.5909709609375 0.7982628468749999 0.6386116140625 0.7238134640625 0.65222323125 0.721745425 0.65222323125 0.45393444374999997 0.40607985625 0.45083238437500006 0.4072141546875 0.721745425 0.4230943734375 0.7238134640625
7 0.41742286875 0.742425809375 0.45258620625 0.7982628468749999 0.46733212343749997 0.7920587328125 0.4287658796875 0.73415365625 0.41742286875 0.742425809375
7 0.64201451875 0.7403577703125 0.6295372046875001 0.7331196359375001 0.5932395640625 0.7910247125 0.6057168796875 0.799296865625 0.64201451875 0.7403577703125
3 0.043103448437500004 0.8137731359375 0.0453720515625 0.8003308859375 0.03856624375 0.8003308859375 0.0328947375 0.7951607890625 0.020417421875 0.8003308859375 0.029491834374999998 0.8117050984375 0.043103448437500004 0.8137731359375
3 0.156533575 0.7982628468749999 0.15086206875 0.8003308859375 0.1519963703125 0.8127391171875 0.1667422859375 0.8117050984375 0.17581669687499998 0.8003308859375 0.163339384375 0.793092753125 0.156533575 0.7982628468749999
3 0.25181488124999996 0.7372557125 0.254083484375 0.7238134640625 0.23593466406250002 0.72277944375 0.23593466406250002 0.595595078125 0.264292196875 0.5945610593749999 0.2654264984375 0.5800847890624999 0.2348003625 0.5821528265625 0.23593466406250002 0.4404921921875 0.2143829390625 0.43842415468749996 0.2143829390625 0.45083238437500006 0.22345735156250002 0.45083238437500006 0.22232305000000002 0.7238134640625 0.204174228125 0.72277944375 0.1996370234375 0.7351876734375 0.20871143281250001 0.7413917890625 0.21551724062500002 0.7351876734375 0.25181488124999996 0.7372557125
3 0.36184210625 0.5966290984375 0.3901996375 0.5966290984375 0.3901996375 0.72277944375 0.370916515625 0.72277944375 0.370916515625 0.7382897328125 0.4117513625 0.73622169375 0.41742286875 0.742425809375 0.4310344828125 0.7351876734375 0.420825771875 0.721745425 0.40607985625 0.72277944375 0.40607985625 0.45083238437500006 0.4128856609375 0.449798365625 0.4128856609375 0.43945817500000006 0.3913339375 0.43945817500000006 0.3890653359375 0.581118809375 0.36184210625 0.5800847890624999 0.36184210625 0.5966290984375
3 0.4696007265625 0.799296865625 0.465063521875 0.7920587328125 0.45258620625 0.799296865625 0.45939201562500004 0.8127391171875 0.47527223281250003 0.8137731359375 0.47640653437499997 0.7972288296875 0.4696007265625 0.799296865625
3 0.6057168796875 0.8013649062500001 0.5921052625 0.793092753125 0.588702359375 0.799296865625 0.5784936484375 0.799296865625 0.5818965515625 0.8127391171875 0.6000453734375 0.8127391171875 0.6057168796875 0.8013649062500001
3 0.7021324875 0.7372557125 0.7032667859374999 0.72277944375 0.6363430125 0.721745425 0.6318058078125001 0.7320856171875 0.643148821875 0.7403577703125 0.6476860265625 0.73622169375 0.7021324875 0.7372557125
5 0.8393750000000001 0.37638506875 0.6703663796875 0.37638506875 0.6703663796875 0.722789784375 0.8393750000000001 0.722789784375 0.8393750000000001 0.37638506875
3 0.85299455625 0.45393444374999997 0.8371143390625001 0.452900425 0.8371143390625001 0.72277944375 0.8030853 0.72277944375 0.8030853 0.73622169375 0.85299455625 0.73622169375 0.85299455625 0.45393444374999997
3 0.1383836203125 0.0403339875 0.001142240625 0.0403339875 0.001142240625 0.053772101562499994 0.1383836203125 0.053772101562499994 0.1383836203125 0.0403339875
3 0.6340840515624999 0.038261296875 0.4888900859375 0.038261296875 0.4888900859375 0.05274066875 0.6340840515624999 0.05274066875 0.6340840515624999 0.038261296875
3 0.8371143390625001 0.3856891734375 0.85299455625 0.3846551546875 0.85412885625 0.0382587109375 0.7543103453125 0.039292731250000004 0.755444646875 0.053769 0.8371143390625001 0.0527349796875 0.8371143390625001 0.3856891734375
1 0.2348003625 0.581118809375 0.3913339375 0.581118809375 0.3913339375 0.43842415468749996 0.654491834375 0.43945817500000006 0.6533575328125 0.31020577031249996 0.0011343015625 0.31227380781249997 0 0.43945817500000006 0.23593466406250002 0.43842415468749996 0.2348003625 0.581118809375
6 0 0.4518664046875 0.15086206875 0.4518664046875 0.15086206875 0.43944990156249997 0 0.43944990156249997 0 0.4518664046875
6 0 0.31124754375 0.0181465515625 0.31124754375 0.0181465515625 0.2967681734375 0 0.2967681734375 0 0.31124754375
5 0.9414762937500001 0.372249509375 0.8507219828125001 0.372249509375 0.8507219828125001 0.57077603125 0.9414762937500001 0.57077603125 0.9414762937500001 0.372249509375
6 0.941470053125 0.37328094375 0.9403357515625 0.569744596875 0.9471415609375 0.5707786171875 0.9482758625000001 0.3639747703125 0.85299455625 0.3639747703125 0.8552631578125001 0.371212903125 0.9369328484375 0.371212903125 0.941470053125 0.37328094375
6 0.2869719828125 0.7269155203125 0.2529418109375 0.7269155203125 0.2529418109375 0.737249509375 0.2869719828125 0.737249509375 0.2869719828125 0.7269155203125
1 0.390204740625 0.59455795625 0.23707974062499998 0.59455795625 0.23707974062499998 0.7248526515625 0.390204740625 0.7248526515625 0.390204740625 0.59455795625
6 0.2926400859375 0.58422396875 0.2620150859375 0.58422396875 0.2620150859375 0.59455795625 0.2926400859375 0.59455795625 0.2926400859375 0.58422396875
4 0 0.29675835 0.090743534375 0.29675835 0.090743534375 0.053772101562499994 0 0.053772101562499994 0 0.29675835
2 0.0340290390625 0.25126667343750003 0.020417421875 0.271947059375 0.01701451875 0.3112397890625 0.0873411984375 0.31020577031249996 0.08620689687500001 0.2336883453125 0.061252268750000005 0.2367904046875 0.0340290390625 0.25126667343750003
2 0.3221415609375 0.2698790203125 0.29378402812500004 0.2429945203125 0.25635208593750003 0.235756384375 0.2586206890625 0.3112397890625 0.32894736875 0.3112397890625 0.32894736875 0.2977975390625 0.3221415609375 0.2698790203125
2 0.598911071875 0.35466859687499996 0.61932849375 0.3670768265625 0.651088928125 0.37017888593750004 0.648820328125 0.2967635203125 0.577359346875 0.2967635203125 0.5784936484375 0.30917175 0.58643375625 0.33812428906249997 0.598911071875 0.35466859687499996
2 0.47413793125000003 0.4828869828125 0.4809437390625 0.4518664046875 0.483212340625 0.4415262125 0.409482759375 0.43945817500000006 0.409482759375 0.514941578125 0.44804900156249994 0.5056354046875 0.47413793125000003 0.4828869828125
2 0.1792196015625 0.5056354046875 0.2143829390625 0.5159755968749999 0.21665154375 0.43945817500000006 0.1451905625 0.43945817500000006 0.1463248640625 0.452900425 0.153130671875 0.4818529625 0.1792196015625 0.5056354046875
2 0.3595735015625 0.6617723078125 0.3629764078125 0.581118809375 0.28924682343749997 0.5842208656250001 0.2881125234375 0.5966290984375 0.29718693281249997 0.6276496734375 0.321007259375 0.648330059375 0.3595735015625 0.6617723078125
2 0.3414246828125 0.8127391171875 0.37318511875000004 0.8158411750000001 0.3720508171875 0.72277944375 0.2835753171875 0.7258815015625 0.2824410171875 0.7372557125 0.286978221875 0.7662082515625 0.3062613421875 0.7920587328125 0.3414246828125 0.8127391171875
2 0.915381125 0.421879846875 0.9278584390625 0.381553096875 0.8393829390624999 0.382587115625 0.8393829390624999 0.45393444374999997 0.856397459375 0.452900425 0.889292196875 0.4456622890625 0.915381125 0.421879846875
2 0.023820328125 0.41464171250000004 0.0192831203125 0.399131425 0.002268603125 0.3867231921875 0 0.434288078125 0.0328947375 0.43532209687499995 0.023820328125 0.41464171250000004