4 0.4043908046875 0.042262396875000004 0.0825517234375 0.042262396875000004 0.0825517234375 0.3014566109375 0.4043908046875 0.3014566109375 0.4043908046875 0.042262396875000004
7 0.298850575 0.027541321875000004 0.1701149421875 0.027541321875000004 0.1701149421875 0.0440702484375 0.298850575 0.0440702484375 0.298850575 0.027541321875000004
4 0.872505746875 0.041311982812499995 0.4211034484375 0.041311982812499995 0.4211034484375 0.3014566109375 0.872505746875 0.3014566109375 0.872505746875 0.041311982812499995
6 0.590386625 0.316491359375 0.590386625 0.30240420625 0.421107628125 0.3014650640625 0.420062696875 0.04226145625 0.4064785796875 0.0413223140625 0.4064785796875 0.30334335156250003 0.3960292578125 0.30428249375 0.3960292578125 0.3155522171875 0.590386625 0.316491359375
7 0.5869655171875 0.026167354687499998 0.458229884375 0.026167354687499998 0.458229884375 0.041311982812499995 0.5869655171875 0.041311982812499995 0.5869655171875 0.026167354687499998
6 0.939393940625 0.30334335156250003 0.8881922671875 0.30240420625 0.89028213125 0.0432006015625 0.87356321875 0.0413223140625 0.8725182874999999 0.3014650640625 0.6614420062499999 0.3014650640625 0.6603970734375 0.316491359375 0.939393940625 0.3155522171875 0.939393940625 0.30334335156250003
7 0.836770115625 0.024783057812500002 0.7095747125 0.024783057812500002 0.7095747125 0.04269628125 0.836770115625 0.04269628125 0.836770115625 0.024783057812500002
4 0.2967607109375 0.7560105187499999 0.3500522453125 0.8377160015625 0.479623825 0.836776859375 0.5287356328125 0.7560105187499999 0.76384535 0.7560105187499999 0.8160919546875001 0.8377160015625 0.9477533953125 0.836776859375 0.99895506875 0.7569496609375 0.99895506875 0.4686326078125 0.0804597703125 0.46675432031249997 0.0804597703125 0.7560105187499999 0.2967607109375 0.7560105187499999
7 0.22529885 0.75481405 0.11801149375 0.75481405 0.11801149375 0.771342975 0.22529885 0.771342975 0.22529885 0.75481405
7 0.47203448281249993 0.8374690078125001 0.35555172343749997 0.8374690078125001 0.35555172343749997 0.85125 0.47203448281249993 0.85125 0.47203448281249993 0.8374690078125001
1 0.75548589375 0.7710368140625 0.5381400203125 0.771975959375 0.48693834999999996 0.8499248671874999 0.48693834999999996 0.931630353125 0.8087774296875001 0.930691209375 0.807732496875 0.8499248671874999 0.75548589375 0.7710368140625
7 0.701919540625 0.75481405 0.5931149421875 0.75481405 0.5931149421875 0.771342975 0.701919540625 0.771342975 0.701919540625 0.75481405
7 0.9394597703124999 0.8374690078125001 0.8229770109375 0.8374690078125001 0.8229770109375 0.85125 0.9394597703124999 0.85125 0.9394597703124999 0.8374690078125001
3 0.081226053125 0.7548209359375 0.07969348750000001 0.387052340625 0.0628352484375 0.38567493124999996 0.064367815625 0.7699724531250001 0.11800766250000001 0.7713498609375 0.11800766250000001 0.7548209359375 0.081226053125 0.7548209359375
7 0.0796896546875 0.336095040625 0.0628390796875 0.336095040625 0.0628390796875 0.38568181875 0.0796896546875 0.38568181875 0.0796896546875 0.336095040625
3 0.7095747125 0.027541321875000004 0.5869770109375 0.027541321875000004 0.5869770109375 0.0399380171875 0.7095747125 0.0399380171875 0.7095747125 0.027541321875000004
3 0.9992337171875001 0.0261708 0.8383141765625 0.024793389062499997 0.8383141765625 0.0413223140625 0.9977011499999999 0.039944903125 0.9992337171875001 0.0261708
3 0.45670498125 0.0261708 0.29731800625 0.027548209375 0.298850575 0.042699725 0.45670498125 0.0413223140625 0.45670498125 0.0261708
3 0.081226053125 0.0413223140625 0.1701149421875 0.0413223140625 0.168582375 0.0261708 0.064367815625 0.027548209375 0.064367815625 0.3374655640625 0.07969348750000001 0.3374655640625 0.081226053125 0.0413223140625
3 0.340229884375 0.8512396687500001 0.35555555625 0.8512396687500001 0.357088121875 0.8374655640625001 0.3494252875 0.8374655640625001 0.298850575 0.756198346875 0.2283524890625 0.756198346875 0.22528735625000001 0.7713498609375 0.28659003906249997 0.7713498609375 0.340229884375 0.8512396687500001
3 0.5931034484375 0.7534435265625 0.5302682 0.7548209359375 0.47969348749999996 0.8333333328125001 0.46896551718749996 0.8333333328125001 0.47356321875 0.8498622578124999 0.4888888890625 0.8498622578124999 0.5409961671875 0.7727272734375 0.594636015625 0.7699724531250001 0.5931034484375 0.7534435265625
3 0.8056426328124999 0.8508640125 0.823406478125 0.8518031546874999 0.822361546875 0.8377160015625 0.8171368843750001 0.838655146875 0.76384535 0.7541322312500001 0.7042842203124999 0.7541322312500001 0.7042842203124999 0.771975959375 0.75548589375 0.7710368140625 0.8056426328124999 0.8508640125
3 1 0.7813673921875 0.9979101359375001 0.7550713734375 0.9467084640625 0.8358377171875 0.93834900625 0.8377160015625 0.939393940625 0.8518031546874999 0.956112853125 0.8527423000000001 1 0.7813673921875
6 0.263322884375 0.389744553125 0.2789968640625 0.390683696875 0.2779519328125 0.316491359375 0.327063740625 0.3155522171875 0.3281086734375 0.30240420625 0.07941483906249999 0.3014650640625 0.07836990625 0.314613071875 0.264367815625 0.316491359375 0.263322884375 0.389744553125
6 1 0.45359504062499995 0.682344828125 0.45359504062499995 0.682344828125 0.46768595 1 0.46768595 1 0.45359504062499995
6 0.5830721015625 0.4536063125 0.2779519328125 0.4536063125 0.2779519328125 0.44515401875 0.264367815625 0.4442148765625 0.264367815625 0.4536063125 0.1494252875 0.4536063125 0.15047021875 0.465815175 0.5841170328125 0.46769346250000005 0.5830721015625 0.4536063125
2 0.1233019859375 0.5146506390625001 0.1462904921875 0.49492862656250003 0.153605015625 0.47238918124999996 0.153605015625 0.4536063125 0.08881922812500001 0.45266716718750005 0.08359456562499999 0.5231029296874999 0.09822361562500001 0.524042075 0.1233019859375 0.5146506390625001
6 0.0888160921875 0.453615703125 0.07941379374999999 0.453615703125 0.07941379374999999 0.46675619843750005 0.0888160921875 0.46675619843750005 0.0888160921875 0.453615703125
2 0.374085684375 0.2413598796875 0.354231975 0.247933884375 0.3354231984375 0.2667167546875 0.33124346875 0.27798647656250003 0.3249738765625 0.3155522171875 0.40125392031249996 0.314613071875 0.40125392031249996 0.23760330624999998 0.3897596671875 0.23666416250000002 0.374085684375 0.2413598796875
2 0.6436781609375 0.2582644625 0.63009404375 0.2469947421875 0.6091954015625001 0.2404207359375 0.586206896875 0.23760330624999998 0.5882967609375 0.314613071875 0.663531871875 0.316491359375 0.6593521421874999 0.2770473328125 0.6436781609375 0.2582644625
1 1 0.316487603125 0.27898850625 0.316487603125 0.27898850625 0.45359504062499995 1 0.45359504062499995 1 0.316487603125
2 1 0.3014650640625 0.9362591421875001 0.30052591875 0.934169278125 0.319308790625 0.9425287359375 0.34278737812500004 0.95088819375 0.3540570984375 0.9613375124999999 0.365326821875 0.9811912234375001 0.37471825625 1 0.3775356875 1 0.3014650640625
2 0.6656217359375 0.4075882796875 0.6541274828125 0.4122839984375 0.6447230921875 0.41979714531249995 0.6374085671875 0.42731029375 0.6321839078125 0.4432757328125 0.6280041796875 0.42918858125000003 0.617554859375 0.41979714531249995 0.6071055375000001 0.4122839984375 0.579937303125 0.4075882796875 0.579937303125 0.465815175 0.6854754437499999 0.4686326078125 0.6865203765625 0.40570999218750003 0.6760710546875 0.4066491359375 0.6656217359375 0.4075882796875
0 0.264367815625 0.31649793437499996 0.0804597703125 0.31649793437499996 0.0804597703125 0.45172520625 0.264367815625 0.45172520625 0.264367815625 0.31649793437499996
2 0.2121212109375 0.4104057109375 0.2027168234375 0.43388429687499996 0.19749216249999998 0.44891059375 0.2779519328125 0.44891059375 0.2800417984375 0.391622840625 0.2601880875 0.386927121875 0.22988505781250002 0.3963185578125 0.2121212109375 0.4104057109375
4 1 0.0413326453125 0.8881839078124999 0.0413326453125 0.8881839078124999 0.300526859375 1 0.300526859375 1 0.0413326453125