7 0.95557823125 0.268264840625 0.91517006875 0.268264840625 0.91517006875 0.43520547968749995 0.95557823125 0.43520547968749995 0.95557823125 0.268264840625
7 0.954506803125 0.59931506875 0.9162414968749999 0.59931506875 0.9162414968749999 0.7662557078125001 0.954506803125 0.7662557078125001 0.954506803125 0.59931506875
7 0.639897959375 0.887557078125 0.5144557828125 0.887557078125 0.5144557828125 0.946050228125 0.639897959375 0.946050228125 0.639897959375 0.887557078125
7 0.425187075 0.884726028125 0.3018877546875 0.884726028125 0.3018877546875 0.9432191781249999 0.425187075 0.9432191781249999 0.425187075 0.884726028125
7 0.069115646875 0.4337899546875 0.0287074828125 0.4337899546875 0.0287074828125 0.60073059375 0.069115646875 0.60073059375 0.069115646875 0.4337899546875
6 0.6962159859375 0.8889840187500001 0.7142857140625 0.8889840187500001 0.7142857140625 0.634988584375 0.681335034375 0.636415525 0.679209184375 0.48515981718749995 0.6643282312500001 0.4837328765625 0.6643282312500001 0.5236872140625 0.2636054421875 0.5236872140625 0.1636904765625 0.30393835625 0.1626275515625 0.1940639265625 0.1700680265625 0.1940639265625 0.16900510156249998 0.2069063921875 0.176445578125 0.20547945156249997 0.177508503125 0.19691780781249998 0.2008928578125 0.1954908671875 0.2040816328125 0.1683789953125 0.1658163265625 0.16552511406249998 0.1658163265625 0.0913242015625 0.1466836734375 0.0913242015625 0.1477465984375 0.3125 0.19876700625 0.42094748906249996 0.19132653125000001 0.4223744296875 0.19132653125000001 0.44235159843750005 0.20514455781250002 0.4409246578125 0.251913265625 0.54794520625 0.66645408125 0.54794520625 0.66539115625 0.637842465625 0.6133078234375 0.636415525 0.6133078234375 0.660673515625 0.6951530609375001 0.660673515625 0.6962159859375 0.8889840187500001
1 0.1647534015625 0.302511415625 0.2646683671875 0.5236872140625 0.66539115625 0.5236872140625 0.66539115625 0.33390410937500004 0.5559098640625 0.33533105 0.47193877500000003 0.1826484015625 0.47193877500000003 0.0970319640625 0.3050595234375 0.0941780828125 0.3018707484375 0.19691780781249998 0.1636904765625 0.1940639265625 0.1647534015625 0.302511415625
0 0.66326530625 0.311073059375 0.6643282312500001 0.2226027390625 0.6951530609375001 0.22117579843750002 0.6940901359375 0.0941780828125 0.491071428125 0.0956050234375 0.492134353125 0.16552511406249998 0.567602040625 0.311073059375 0.66326530625 0.311073059375
7 0.7015306125 0.038538812500000005 0.5771768703125 0.038538812500000005 0.5771768703125 0.09278538750000001 0.7015306125 0.09278538750000001 0.7015306125 0.038538812500000005
3 0.5761224484375 0.038538812500000005 0.2412925171875 0.038538812500000005 0.2412925171875 0.09278538750000001 0.5761224484375 0.09278538750000001 0.5761224484375 0.038538812500000005
3 0.5144557828125 0.884680365625 0.424115646875 0.884680365625 0.424115646875 0.944634703125 0.5144557828125 0.944634703125 0.5144557828125 0.884680365625
3 0.956632653125 0.4323515984375 0.9141156468749999 0.4323515984375 0.9141156468749999 0.5978767125 0.956632653125 0.5978767125 0.956632653125 0.4323515984375
3 0.9151785718750001 0.268264840625 0.956632653125 0.26969178125000004 0.9598214281249999 0.037100456250000004 0.6994047625 0.035673515625 0.6994047625 0.0941780828125 0.9162414968749999 0.0941780828125 0.9151785718750001 0.268264840625
2 0.757865646875 0.1541095890625 0.780187075 0.1541095890625 0.780187075 0.1812214609375 0.7982568031249999 0.1840753421875 0.800382653125 0.1541095890625 0.8280187078125 0.1555365296875 0.8290816328125 0.1341324203125 0.800382653125 0.1312785390625 0.800382653125 0.1013127859375 0.77912415 0.1041666671875 0.780187075 0.1355593609375 0.7568027203125001 0.1384132421875 0.757865646875 0.1541095890625
4 0.7142857140625 0.8861301375 0.917304421875 0.8889840187500001 0.9151785718750001 0.25114155312499997 0.6802721093749999 0.248287671875 0.6802721093749999 0.634988584375 0.7153486390625 0.634988584375 0.7142857140625 0.8861301375
6 0.782312925 0.2254566203125 0.7089710890625 0.2240296796875 0.7100340140625 0.19691780781249998 0.6940901359375 0.1997716890625 0.6951530609375001 0.2226027390625 0.6643282312500001 0.2226027390625 0.66326530625 0.3067922375 0.6473214281249999 0.30964611875000003 0.646258503125 0.33247716875 0.6643282312500001 0.33533105 0.6643282312500001 0.3952625578125 0.679209184375 0.3981164390625 0.679209184375 0.24686073125000002 0.9162414968749999 0.248287671875 0.917304421875 0.2240296796875 0.799319728125 0.2226027390625 0.7982568031249999 0.1812214609375 0.78125 0.1840753421875 0.782312925 0.2254566203125
2 0.66645408125 0.14697488593750002 0.66539115625 0.16695205468750002 0.6930272109375 0.16552511406249998 0.6930272109375 0.2011986296875 0.7068452375 0.1997716890625 0.7089710890625 0.16552511406249998 0.7355442171875 0.1626712328125 0.7334183671875001 0.1498287671875 0.7110969390624999 0.14554794531249998 0.7110969390624999 0.11558219218750002 0.6930272109375 0.11558219218750002 0.6909013609375 0.14554794531249998 0.66645408125 0.14697488593750002
2 0.605867346875 0.282534246875 0.605867346875 0.3067922375 0.5771683671875001 0.30964611875000003 0.5782312921874999 0.33105022812499996 0.604804421875 0.33390410937500004 0.604804421875 0.36101598125 0.6154336734375 0.365296803125 0.6186224484375 0.33533105 0.645195578125 0.336757990625 0.6473214281249999 0.3067922375 0.6175595234375 0.3067922375 0.6175595234375 0.2839611875 0.605867346875 0.282534246875
2 0.646258503125 0.43093607343749996 0.645195578125 0.4509132421875 0.66113945625 0.4480593609375 0.66113945625 0.4837328765625 0.682397959375 0.48515981718749995 0.681335034375 0.4509132421875 0.7025935375000001 0.4509132421875 0.7036564624999999 0.43093607343749996 0.682397959375 0.4295091328125 0.682397959375 0.39383561718750004 0.66326530625 0.39383561718750004 0.6643282312500001 0.4323630140625 0.646258503125 0.43093607343749996
2 0.2200255109375 0.21404109531249998 0.2349064625 0.21689497656249998 0.2370323125 0.1954908671875 0.25935374218749996 0.19691780781249998 0.258290815625 0.1712328765625 0.23278061249999998 0.1726598171875 0.23278061249999998 0.1512557078125 0.2200255109375 0.1498287671875 0.2210884359375 0.1712328765625 0.2040816328125 0.1726598171875 0.19876700625 0.1926369859375 0.2200255109375 0.1926369859375 0.2200255109375 0.21404109531249998
2 0.2062074828125 0.1298515984375 0.215773809375 0.1312785390625 0.216836734375 0.0970319640625 0.24234693906250002 0.0956050234375 0.24128401406250002 0.0399543375 0.2200255109375 0.035673515625 0.217899659375 0.00285388125 0.20833333281250002 0.001426940625 0.2072704078125 0.034246575 0.1806972796875 0.034246575 0.1806972796875 0.0956050234375 0.2072704078125 0.0941780828125 0.2062074828125 0.1298515984375
1 0.66645408125 0.552226028125 0.2487244890625 0.5493721468749999 0.2008928578125 0.4437785390625 0.0701530609375 0.4437785390625 0.0701530609375 0.634988584375 0.66326530625 0.636415525 0.66645408125 0.552226028125
2 0.1647534015625 0.4865867578125 0.175382653125 0.48801369843750003 0.175382653125 0.4452054796875 0.1902636046875 0.4437785390625 0.19132653125000001 0.42094748906249996 0.177508503125 0.41952054843750003 0.177508503125 0.38242009062500004 0.1679421765625 0.38099315 0.1658163265625 0.42094748906249996 0.14136904687500002 0.42094748906249996 0.1424319734375 0.4437785390625 0.1636904765625 0.4409246578125 0.1647534015625 0.4865867578125
3 0.0712159859375 0.8847031968750001 0.0722789109375 0.5978881281249999 0.0276360546875 0.59931506875 0.0276360546875 0.944634703125 0.3029336734375 0.9432077624999999 0.30399659843750004 0.8847031968750001 0.0712159859375 0.8847031968750001
4 0.250850340625 0.6606849312499999 0.0722789109375 0.6606849312499999 0.0722789109375 0.8861643828125001 0.250850340625 0.8861643828125001 0.250850340625 0.6606849312499999
2 0.12117346874999999 0.6992009125 0.1318027203125 0.7006278531250001 0.1296768703125 0.6621004562499999 0.15625 0.660673515625 0.15837585 0.6307077624999999 0.1318027203125 0.6307077624999999 0.133928571875 0.600742009375 0.12117346874999999 0.59931506875 0.11585884375 0.629280821875 0.096726190625 0.632134703125 0.09566326562500001 0.659246575 0.11904761875 0.657819634375 0.12117346874999999 0.6992009125
4 0.4761904765625 0.6606849312499999 0.27210884375 0.6606849312499999 0.27210884375 0.8861643828125001 0.4761904765625 0.8861643828125001 0.4761904765625 0.6606849312499999
2 0.37946428593750003 0.6877853875 0.3911564625 0.692066209375 0.3943452375 0.6621004562499999 0.41772959218750005 0.6649543375 0.41879251718750005 0.636415525 0.3922193875 0.634988584375 0.3922193875 0.609303653125 0.374149659375 0.6078767125 0.374149659375 0.629280821875 0.3454506796875 0.6307077624999999 0.34757653125 0.660673515625 0.3784013609375 0.657819634375 0.37946428593750003 0.6877853875
4 0.6962074828125 0.6621232874999999 0.493180271875 0.6621232874999999 0.493180271875 0.884726028125 0.6962074828125 0.884726028125 0.6962074828125 0.6621232874999999
2 0.5771683671875001 0.686358446875 0.5909863953125 0.6877853875 0.58992346875 0.6649543375 0.6133078234375 0.6649543375 0.6154336734375 0.636415525 0.5856717687499999 0.636415525 0.5856717687499999 0.6078767125 0.5739795921875 0.6078767125 0.5729166671875 0.634988584375 0.5474064624999999 0.637842465625 0.5484693875 0.6621004562499999 0.5750425171875 0.659246575 0.5771683671875001 0.686358446875
3 0.0701530609375 0.08847032031249999 0.1817602046875 0.08847032031249999 0.1828231296875 0.032819634375000004 0.028698979687499997 0.032819634375000004 0.026573129687500002 0.43664383593749995 0.0680272109375 0.43664383593749995 0.0701530609375 0.08847032031249999
3 0.957695578125 0.7662671234375 0.917304421875 0.7648401828125 0.918367346875 0.887557078125 0.6377551015625 0.8847031968750001 0.6366921765625 0.94606164375 0.957695578125 0.94606164375 0.957695578125 0.7662671234375
6 0.80037415 0.0913242015625 0.783367346875 0.0913242015625 0.783367346875 0.1027397265625 0.80037415 0.1027397265625 0.80037415 0.0913242015625
6 0.7079251703125 0.0942009125 0.6930272109375 0.0942009125 0.6930272109375 0.1127397265625 0.7079251703125 0.1127397265625 0.7079251703125 0.0942009125
6 0.097789115625 0.635 0.0690816328125 0.635 0.0690816328125 0.659246575 0.097789115625 0.659246575 0.097789115625 0.635
6 0.250850340625 0.8889840187500001 0.27210884375 0.887557078125 0.27210884375 0.660673515625 0.34757653125 0.6621004562499999 0.34757653125 0.636415525 0.157312925 0.634988584375 0.157312925 0.657819634375 0.251913265625 0.657819634375 0.250850340625 0.8889840187500001
6 0.4730017 0.8861301375 0.4931972796875 0.8861301375 0.4931972796875 0.6621004562499999 0.5484693875 0.6621004562499999 0.5484693875 0.636415525 0.41985544218750004 0.636415525 0.41879251718750005 0.659246575 0.47406462656250004 0.660673515625 0.4730017 0.8861301375
6 0.5792942171875 0.308219178125 0.5697278906250001 0.308219178125 0.4931972796875 0.16695205468750002 0.490008503125 0.0941780828125 0.4730017 0.0941780828125 0.47193877500000003 0.1812214609375 0.5580357140625 0.33533105 0.5792942171875 0.33533105 0.5792942171875 0.308219178125
6 0.3029336734375 0.1997716890625 0.30399659843750004 0.0927511421875 0.2880527203125 0.0941780828125 0.289115646875 0.1712328765625 0.255102040625 0.1712328765625 0.257227890625 0.1997716890625 0.3029336734375 0.1997716890625
1 0.288061225 0.0941780828125 0.1658163265625 0.0941780828125 0.1658163265625 0.17267123281250002 0.288061225 0.17267123281250002 0.288061225 0.0941780828125
0 0.1456207484375 0.311073059375 0.1456207484375 0.0927511421875 0.0722789109375 0.0913242015625 0.0701530609375 0.42094748906249996 0.19557823125 0.4238013703125 0.1456207484375 0.311073059375
6 0.1413775515625 0.4223744296875 0.0690986390625 0.4223744296875 0.0690986390625 0.4423744296875 0.1413775515625 0.4423744296875 0.1413775515625 0.4223744296875
1 0.91517006875 0.0970091328125 0.799319728125 0.0970091328125 0.799319728125 0.2211643828125 0.91517006875 0.2211643828125 0.91517006875 0.0970091328125
1 0.781241496875 0.0956164390625 0.708962584375 0.0956164390625 0.708962584375 0.22118721406250003 0.781241496875 0.22118721406250003 0.781241496875 0.0956164390625