1 0.6194400625 0.8919772046875 0.428730284375 0.8919772046875 0.428730284375 0.9406293359375001 0.6194400625 0.9406293359375001 0.6194400625 0.8919772046875
7 0.31976340625 0.8586372640625 0.14626182968749998 0.8586372640625 0.14626182968749998 0.8928790875000001 0.31976340625 0.8928790875000001 0.31976340625 0.8586372640625
7 0.4488091484375 0.86044103125 0.378541009375 0.86044103125 0.378541009375 0.8910753218749999 0.4488091484375 0.8910753218749999 0.4488091484375 0.86044103125
7 0.857476340625 0.7559217046875 0.694006309375 0.7559217046875 0.694006309375 0.7865559953125 0.857476340625 0.7865559953125 0.857476340625 0.7559217046875
4 0.8689432171875 0.28921209062500003 0.6352208203124999 0.28921209062500003 0.6352208203124999 0.51445490625 0.8689432171875 0.51445490625 0.8689432171875 0.28921209062500003
7 0.7628312296875001 0.25587710625 0.6911435328125 0.25587710625 0.6911435328125 0.28741328125 0.7628312296875001 0.28741328125 0.7628312296875001 0.25587710625
3 0.9176971609375 0.25677898906249996 0.8359621453124999 0.25677898906249996 0.8359621453124999 0.2883151640625 0.9176971609375 0.2883151640625 0.9176971609375 0.25677898906249996
3 0.91338328125 0.755019821875 0.8545977921875 0.755019821875 0.8545977921875 0.7856541125 0.91338328125 0.7856541125 0.91338328125 0.755019821875
3 0.37854889531249997 0.8595391484375 0.31832807500000004 0.8595391484375 0.31832807500000004 0.8937809718749999 0.37854889531249997 0.8937809718749999 0.37854889531249997 0.8595391484375
3 0.14625394375 0.8595341921875 0.065954259375 0.8595341921875 0.065954259375 0.8928741328124999 0.14625394375 0.8928741328124999 0.14625394375 0.8595341921875
1 0.686836821875 0.10631588437499999 0.6180097515625 0.1054149015625 0.6208775453125 0.14415713125000001 0.663894465625 0.1450581125 0.6653283625 0.25407694375 0.8746773734375 0.256779890625 0.8732434765624999 0.2081268578125 0.7484944078125 0.209928821875 0.686836821875 0.10631588437499999
6 0.6897046171875 0.1045139203125 0.7513622015625 0.209928821875 0.8732434765624999 0.2081268578125 0.8746773734375 0.2558789078125 0.8832807578124999 0.2594828359375 0.881846859375 0.209027840625 0.9148264984375001 0.209027840625 0.9133926015625 0.201819984375 0.7599655875 0.20091900156250003 0.6997418984375 0.09820704531249999 0.5950673921875 0.099108028125 0.5950673921875 0.1054149015625 0.6108402640625 0.1045139203125 0.6108402640625 0.1459590953125 0.6223114437499999 0.1468600765625 0.6194436484375 0.1054149015625 0.6897046171875 0.1045139203125
3 0.6108402640625 0.2892152453125 0.6925724109375 0.2892152453125 0.6911385140624999 0.25407694375 0.6653283625 0.25407694375 0.663894465625 0.1450581125 0.6122741609375 0.14325615 0.6122741609375 0.1522659703125 0.5936334953125 0.1513649875 0.5907657015625001 0.1847013234375 0.6122741609375 0.1847013234375 0.6108402640625 0.2892152453125
3 0.05162030468749999 0.5829354 0.23515916250000002 0.5820344171875 0.233725265625 0.5541039734375001 0.14625752812499998 0.5541039734375001 0.1433897328125 0.566717721875 0.0530542015625 0.5676187046875001 0.05162030468749999 0.5829354
3 0.5176369375000001 0.8910712671875001 0.6223114437499999 0.889269303125 0.6237453390625001 0.8982791234375 0.6696300546875 0.89918010625 0.6696300546875 0.7865573484375 0.69544020625 0.7865573484375 0.69544020625 0.7568249390624999 0.61514195625 0.7568249390624999 0.61514195625 0.8595368953125 0.5176369375000001 0.8586359124999999 0.5176369375000001 0.8910712671875001
3 0.896182965625 0.287408325 0.8675078859375001 0.287408325 0.8675078859375001 0.7559217046875 0.896182965625 0.7559217046875 0.896182965625 0.287408325
6 0.9033596218750001 0.5153567890625 0.893328075 0.5153567890625 0.893328075 0.527973240625 0.9033596218750001 0.527973240625 0.9033596218750001 0.5153567890625
6 0.23229495312499998 0.5387859265625 0.220828075 0.5387859265625 0.220828075 0.5540981171875 0.23229495312499998 0.5540981171875 0.23229495312499998 0.5387859265625
2 0.1964439359375 0.6162717359375 0.1950100375 0.6234795921875 0.21795239375 0.624380575 0.21651849687500002 0.6360933421875 0.236593059375 0.6369943234375001 0.23515916250000002 0.62528155625 0.25953541874999997 0.6261825390625 0.2581015203125 0.6153707546875 0.233725265625 0.6153707546875 0.233725265625 0.6054599515625 0.2193862921875 0.6063609343749999 0.21795239375 0.6162717359375 0.1964439359375 0.6162717359375
6 0.230851734375 0.5820317140625 0.2179495265625 0.5820317140625 0.2179495265625 0.6054608515625 0.230851734375 0.6054608515625 0.230851734375 0.5820317140625
4 0.35273874375 0.7252905671875001 0.2480642375 0.724389584375 0.2480642375 0.737904315625 0.1778032703125 0.737904315625 0.176369371875 0.7252905671875001 0.086033840625 0.724389584375 0.0874677359375 0.8586359124999999 0.34987095 0.8586359124999999 0.35273874375 0.7252905671875001
3 0.24519716093750002 0.715381565625 0.17492902187499998 0.715381565625 0.17492902187499998 0.7370069375 0.24519716093750002 0.7370069375 0.24519716093750002 0.715381565625
2 0.27244049375 0.7388052968750001 0.283911671875 0.7406072609375001 0.2867794671875 0.724389584375 0.3111557203125 0.724389584375 0.3111557203125 0.7153797640625 0.283911671875 0.7135778 0.283911671875 0.70006306875 0.2753082890625 0.6991620859375 0.271006596875 0.7126768171875 0.25236593125 0.7135778 0.253799828125 0.724389584375 0.27244049375 0.724389584375 0.27244049375 0.7388052968750001
6 0.2538012625 0.714474728125 0.243769715625 0.714474728125 0.243769715625 0.7252874125 0.2538012625 0.7252874125 0.2538012625 0.714474728125
3 0.11041009531249998 0.660421209375 0.075993690625 0.660421209375 0.075993690625 0.724395440625 0.11041009531249998 0.724395440625 0.11041009531249998 0.660421209375
6 0.0860252359375 0.7252874125 0.075993690625 0.7252874125 0.075993690625 0.8586372640625 0.0860252359375 0.8586372640625 0.0860252359375 0.7252874125
2 0.792945225 0.302729975 0.8058503015625 0.302729975 0.8044164031250001 0.2892152453125 0.8373960421875 0.28831426250000003 0.8345282468749999 0.256779890625 0.801548609375 0.256779890625 0.80298250625 0.2450671234375 0.7900774312500001 0.24416614062500003 0.7886435328125 0.25407694375 0.76283338125 0.254977925 0.7642672796875 0.28831426250000003 0.792945225 0.2892152453125 0.792945225 0.302729975
2 0.596501290625 0.48653031875 0.5979351875 0.497342103125 0.6137080578125 0.497342103125 0.6122741609375 0.511757815625 0.633782621875 0.511757815625 0.63521651875 0.4964411203125 0.6552910796875 0.4955401390625 0.6552910796875 0.4874313 0.636650415625 0.4874313 0.6380843140625 0.47121362187500004 0.61514195625 0.470312640625 0.61514195625 0.48653031875 0.596501290625 0.48653031875
2 0.596501290625 0.5468961171875 0.596501290625 0.5559059375000001 0.61514195625 0.5559059375000001 0.6137080578125 0.5721236140625 0.6309148265625 0.5721236140625 0.6323487234375 0.5568069203125 0.653857184375 0.5568069203125 0.6552910796875 0.5477970984375 0.636650415625 0.5477970984375 0.63521651875 0.531579421875 0.61514195625 0.532480403125 0.6137080578125 0.5477970984375 0.596501290625 0.5468961171875
4 0.61514195625 0.58923686875 0.3656466875 0.58923686875 0.3656466875 0.860436075 0.61514195625 0.860436075 0.61514195625 0.58923686875
1 0.34987095 0.4874313 0.236593059375 0.490134246875 0.236593059375 0.7135778 0.3111557203125 0.7135778 0.3111557203125 0.6198756640624999 0.35273874375 0.6189746828125 0.35273874375 0.5640147765625 0.368511615625 0.5640147765625 0.36707771718750004 0.5748265609375001 0.61514195625 0.5748265609375001 0.61514195625 0.46760969531249996 0.368511615625 0.4685106765625 0.3699455125 0.50094603125 0.351304846875 0.50094603125 0.34987095 0.4874313
2 0.4903928875 0.5955491484375 0.506165759375 0.5946481671875 0.5032979640625 0.586539328125 0.5348437046875001 0.586539328125 0.5362776031250001 0.5748265609375001 0.501864065625 0.5730245968750001 0.5032979640625 0.565816740625 0.4932606828125 0.5649157578125 0.4932606828125 0.573925578125 0.45741324843750003 0.573925578125 0.46028104374999995 0.5883412921875 0.49182678593749996 0.5874403109374999 0.4903928875 0.5955491484375
2 0.47892170937499995 0.9054869812499999 0.4946945796875 0.90728894375 0.4946945796875 0.8937742140625 0.52050473125 0.8937742140625 0.5176369375000001 0.8586359124999999 0.4903928875 0.8595368953125 0.4903928875 0.8469231468749999 0.48322339999999997 0.8469231468749999 0.48035560781250003 0.8577349312500001 0.448809865625 0.8568339500000001 0.448809865625 0.89197225 0.47892170937499995 0.89287323125 0.47892170937499995 0.9054869812499999
2 0.1964439359375 0.696459140625 0.21651849687500002 0.6973601234375 0.21508460000000001 0.7090728890625 0.236593059375 0.709973871875 0.23515916250000002 0.6973601234375 0.2581015203125 0.6982611046875 0.2566676234375 0.690152265625 0.23515916250000002 0.6883503015625 0.23515916250000002 0.67934048125 0.21508460000000001 0.6784395 0.21795239375 0.690152265625 0.199311728125 0.6892512828124999 0.1964439359375 0.696459140625
2 0.3082879265625 0.634291378125 0.3054201328125 0.6387962890625001 0.28534556875 0.6387962890625001 0.283911671875 0.647806109375 0.303986234375 0.648707090625 0.301118440625 0.6613208390625 0.3183252078125 0.6613208390625 0.3183252078125 0.649608071875 0.334098078125 0.6505090546875001 0.33266418125 0.6442021796875 0.3226269 0.6405982515625 0.324060796875 0.6288854859375 0.2982506453125 0.6288854859375 0.296816746875 0.6333903953125 0.3082879265625 0.634291378125
2 0.303986234375 0.70006306875 0.29968454218749996 0.7090728890625 0.324060796875 0.7090728890625 0.321193003125 0.70096405 0.3355319765625 0.6946571765625 0.321193003125 0.6874493203125 0.32549469375 0.67934048125 0.301118440625 0.6775385171874999 0.3054201328125 0.6883503015625 0.2896472625 0.6928552125 0.303986234375 0.70006306875
4 0.8718138796874999 0.52977700625 0.6352208203124999 0.52977700625 0.6352208203124999 0.755019821875 0.8718138796874999 0.755019821875 0.8718138796874999 0.52977700625
6 0.6122741609375 0.5342823671875 0.63521651875 0.5333813859375 0.6380843140625 0.52797549375 0.8718095781249999 0.5270745109375 0.868941784375 0.5162627265624999 0.63521651875 0.517163709375 0.633782621875 0.5099558515625 0.6122741609375 0.5108568328125 0.6122741609375 0.5342823671875
3 0.6352208203124999 0.2892220015625 0.6137066250000001 0.2892220015625 0.6137066250000001 0.47301783906250006 0.6352208203124999 0.47301783906250006 0.6352208203124999 0.2892220015625
3 0.6352208203124999 0.5703221015625 0.6165772875 0.5703221015625 0.6165772875 0.7577254703125 0.6352208203124999 0.7577254703125 0.6352208203124999 0.5703221015625
6 0.2107829078125 0.4883322828125 0.21651849687500002 0.4883322828125 0.21508460000000001 0.4964411203125 0.23515916250000002 0.497342103125 0.236593059375 0.4883322828125 0.351304846875 0.48653031875 0.34987095 0.4991440671875 0.36707771718750004 0.4991440671875 0.3699455125 0.46760969531249996 0.6180097515625 0.46580772968749995 0.61514195625 0.45589692812499993 0.34987095 0.456797909375 0.34843705156250004 0.4757185328125 0.20934901093749997 0.477520496875 0.2107829078125 0.4883322828125
2 0.2107829078125 0.511757815625 0.2107829078125 0.5198666546874999 0.2193862921875 0.5216686187499999 0.21795239375 0.5396882609375 0.236593059375 0.5396882609375 0.233725265625 0.5207676359375 0.253799828125 0.5198666546874999 0.2509320328125 0.5135597796875 0.23515916250000002 0.5135597796875 0.23515916250000002 0.497342103125 0.2193862921875 0.49463915625 0.22082018906249998 0.5126587984375 0.2107829078125 0.511757815625
6 0.0573558921875 0.611766825 0.0544881 0.620776646875 0.0759965578125 0.6216776281249999 0.07312876406249999 0.6604198578125 0.0874677359375 0.662221821875 0.0874677359375 0.58383638125 0.07312876406249999 0.5820344171875 0.0745626609375 0.6099648609375 0.0573558921875 0.611766825
0 0.2179495265625 0.6685282453125 0.11041009531249998 0.6685282453125 0.11041009531249998 0.7153766109374999 0.2179495265625 0.7153766109374999 0.2179495265625 0.6685282453125
6 0.108976196875 0.6604198578125 0.108976196875 0.6685286968749999 0.21795239375 0.669429678125 0.21795239375 0.6784395 0.233725265625 0.6784395 0.2322913671875 0.63789530625 0.22082018906249998 0.634291378125 0.2193862921875 0.6604198578125 0.108976196875 0.6604198578125
6 0.6165772875 0.5748265609375001 0.534842271875 0.5748265609375001 0.534842271875 0.5865411296875 0.6165772875 0.5865411296875 0.6165772875 0.5748265609375001
6 0.35273874375 0.620776646875 0.3111557203125 0.620776646875 0.3097218234375 0.62528155625 0.35560653750000004 0.627083521875 0.35273874375 0.6685286968749999 0.3183252078125 0.6676277140625 0.3183252078125 0.6595188750000001 0.3082879265625 0.6595188750000001 0.3097218234375 0.67934048125 0.321193003125 0.6784395 0.321193003125 0.67303360625 0.351304846875 0.67303360625 0.3541726421875 0.7135778 0.3097218234375 0.7135778 0.3111557203125 0.724389584375 0.3541726421875 0.724389584375 0.3541726421875 0.8631408234375 0.3713794078125 0.8622398421874999 0.36707771718750004 0.5883412921875 0.458847146875 0.5883412921875 0.458847146875 0.57572754375 0.3656438203125 0.5748265609375001 0.3656438203125 0.5649157578125 0.351304846875 0.565816740625 0.35273874375 0.620776646875
6 0.176364353125 0.7153766109374999 0.1089668765625 0.7153766109374999 0.1089668765625 0.7243855296875 0.176364353125 0.7243855296875 0.176364353125 0.7153766109374999
0 0.21939274375 0.582938553125 0.08890378593750001 0.582938553125 0.08890378593750001 0.6595193265625 0.21939274375 0.6595193265625 0.21939274375 0.582938553125
1 0.3527444796875 0.6261793859375 0.3154574125 0.6261793859375 0.3154574125 0.6685282453125 0.3527444796875 0.6685282453125 0.3527444796875 0.6261793859375
1 0.3527444796875 0.67393954375 0.31832807500000004 0.67393954375 0.31832807500000004 0.7126808718750001 0.3527444796875 0.7126808718750001 0.3527444796875 0.67393954375