1 0.9119178078125 0.6279 0.6952739718750001 0.6279 0.6952739718750001 0.66418 0.9119178078125 0.66418 0.9119178078125 0.6279
7 0.753407534375 0.58716 0.6996061640625 0.58716 0.6996061640625 0.62716 0.753407534375 0.62716 0.753407534375 0.58716
3 0.340076459375 0.0818604640625 0.35520866406249996 0.0818604640625 0.3544122328125 0.04372093125 0.0414144625 0.04093023125 0.04221089375 0.08 0.074068175 0.08093023125 0.07486460625 0.58697674375 0.0414144625 0.5860465125000001 0.04221089375 0.6306976765625001 0.0669002875 0.6306976765625001 0.0645109890625 0.6418604640625001 0.0708824453125 0.64093023125 0.0716788796875 0.7023255796875 0.0669002875 0.7032558125 0.06769671875 0.74697674375 0.0708824453125 0.7479069765624999 0.0708824453125 0.7776744203125 0.125039821875 0.7767441875000001 0.124243390625 0.73302325625 0.098757565625 0.73302325625 0.099553996875 0.4679069765625 0.10831474999999999 0.4660465125 0.10433258906250001 0.0818604640625 0.310608471875 0.08 0.310608471875 0.5172093046875 0.4213125203125 0.5162790687500001 0.42210895156249995 0.5572093046875 0.4523733671875 0.5590697687499999 0.4523733671875 0.46046511562500003 0.45794839062500003 0.459534884375 0.45794839062500003 0.4260465125 0.4523733671875 0.42697674374999994 0.4523733671875 0.352558140625 0.42529468125000003 0.35348837187500004 0.42529468125000003 0.4911627921875 0.3376871609375 0.490232559375 0.340076459375 0.0818604640625
7 0.30943493125 0.73144 0.260496575 0.73144 0.260496575 0.77288 0.30943493125 0.77288 0.30943493125 0.73144
7 0.40607876718749997 0.73142 0.35837328749999997 0.73142 0.35837328749999997 0.7742600000000001 0.40607876718749997 0.7742600000000001 0.40607876718749997 0.73142
3 0.6960815546875 0.6288372078125 0.7016565781249999 0.6279069765624999 0.700860146875 0.58697674375 0.6952851234375 0.5879069765625 0.6944886921875 0.4 0.6610385484375 0.40093023125 0.6602421171875 0.42232557968749995 0.47706276093750005 0.42883720781249995 0.47706276093750005 0.46046511562500003 0.6642242734375 0.459534884375 0.6626314109375 0.7320930234375 0.6443134765625 0.7320930234375 0.6443134765625 0.77302325625 0.6952851234375 0.7739534875 0.6960815546875 0.6288372078125
7 0.5124828765625 0.73144 0.46354452031250004 0.73144 0.46354452031250004 0.77288 0.5124828765625 0.77288 0.5124828765625 0.73144
2 0.85125 0.58712 0.8060102734375001 0.58712 0.8060102734375001 0.62856 0.85125 0.62856 0.85125 0.58712
5 0.8880216640624999 0.68093023125 0.6960815546875 0.6818604640625 0.6976744171875 0.7748837203125001 0.573431028125 0.7748837203125001 0.573431028125 0.9209302312500001 0.8322714250000001 0.9209302312500001 0.8322714250000001 0.7479069765624999 0.8880216640624999 0.68093023125
2 0.6213307218749999 0.784285715625 0.6237769078125 0.775714284375 0.6482387468749999 0.774285715625 0.645792565625 0.73285714375 0.627446184375 0.734285715625 0.625 0.708571428125 0.613992171875 0.71 0.610322896875 0.731428571875 0.5883072390625 0.731428571875 0.590753425 0.77285714375 0.610322896875 0.77 0.612769078125 0.78285714375 0.6213307218749999 0.784285715625
4 0.45157693437499996 0.7320930234375 0.5821917812499999 0.7320930234375 0.5821917812499999 0.6911627921875 0.6618349796875 0.6893023234375 0.6618349796875 0.55627906875 0.5375915890625 0.5544186046874999 0.5344058625 0.5590697687499999 0.45316979843749994 0.5581395359375 0.45157693437499996 0.7320930234375
2 0.662915853125 0.545714284375 0.645792565625 0.545714284375 0.6470156546875 0.53 0.637230921875 0.531428571875 0.636007828125 0.5442857156249999 0.6213307218749999 0.545714284375 0.6201076328124999 0.561428571875 0.662915853125 0.5585714281249999 0.662915853125 0.545714284375
2 0.35680153125 0.41116279218749996 0.3575979625 0.4251162796875 0.407773175 0.4251162796875 0.40856960937500003 0.41302325624999997 0.383083784375 0.40372093124999997 0.35680153125 0.41116279218749996
6 0.4523733671875 0.5469767437499999 0.45157693437499996 0.5572093046875 0.5352022937500001 0.5572093046875 0.5352022937500001 0.5497674406249999 0.5248486781249999 0.5488372078125 0.524052246875 0.46046511562500003 0.5176807906249999 0.46046511562500003 0.5176807906249999 0.5469767437499999 0.4523733671875 0.5469767437499999
0 0.5168835609375 0.46044 0.45318493125000003 0.46044 0.45318493125000003 0.54604 0.5168835609375 0.54604 0.5168835609375 0.46044
2 0.47945205468749996 0.459534884375 0.4786556234375 0.42697674374999994 0.46591271250000005 0.41767442031249996 0.456355528125 0.4279069765625 0.45715195937499997 0.4586046515625 0.4706913015625 0.4660465125 0.47945205468749996 0.459534884375
2 0.1799936296875 0.7339534875 0.1553042359375 0.73302325625 0.15689709999999998 0.7153488359375 0.1473399171875 0.713488371875 0.1441541890625 0.7293023234375 0.125039821875 0.7283720921875 0.1226505234375 0.7767441875000001 0.1799936296875 0.7776744203125 0.1799936296875 0.7339534875
3 0.957311246875 0.5879069765625 0.9453647671875001 0.5860465125000001 0.9453647671875001 0.5683720921875001 0.9103217562499999 0.5683720921875001 0.9119146234375 0.58697674375 0.8521822218749999 0.58697674375 0.8521822218749999 0.6288372078125 0.9111181921875 0.6279069765624999 0.9103217562499999 0.6939534875 0.9461611984375 0.6939534875 0.9461611984375 0.6279069765624999 0.9565148156250001 0.62697674375 0.957311246875 0.5879069765625
2 0.8545715203125 0.6893023234375 0.86014654375 0.6883720921875 0.8609429765625001 0.6799999999999999 0.87288945625 0.6799999999999999 0.87527875 0.6651162796875 0.8609429765625001 0.6660465125 0.8617394078125 0.6539534875 0.850589359375 0.6558139515625 0.850589359375 0.6660465125 0.8370500171874999 0.6660465125 0.8354571500000001 0.6799999999999999 0.8537750890625 0.67906976875 0.8545715203125 0.6893023234375
3 0.8067636984375 0.58698 0.7526198625 0.58698 0.7526198625 0.6279 0.8067636984375 0.6279 0.8067636984375 0.58698
3 0.5917465749999999 0.73302 0.512089040625 0.73302 0.512089040625 0.77394 0.5917465749999999 0.77394 0.5917465749999999 0.73302
5 0.2437081890625 0.8567441875 0.24530105156249998 0.8195348843750001 0.2723797390625 0.820465115625 0.273972603125 0.7767441875000001 0.06610385625000001 0.7776744203125 0.06769671875 0.85302325625 0.1027397265625 0.9023255796875 0.2030901578125 0.9023255796875 0.2437081890625 0.8567441875
3 0.26044520625 0.733 0.17921232812500001 0.733 0.17921232812500001 0.7758 0.26044520625 0.7758 0.26044520625 0.733
1 0.1768321921875 0.69024 0.1003595890625 0.69024 0.1003595890625 0.73304 0.1768321921875 0.73304 0.1768321921875 0.69024
6 0.17760433281250002 0.7348837203125 0.1855686546875 0.7339534875 0.1863650859375 0.6827906953125 0.09796113281249999 0.6818604640625 0.0963682703125 0.6893023234375 0.1768079 0.6893023234375 0.17760433281250002 0.7348837203125
3 0.35839439375 0.7767441875000001 0.3575979625 0.73302325625 0.342465753125 0.7339534875 0.342465753125 0.5906976765625 0.3392800234375 0.589767440625 0.340076459375 0.5516279078124999 0.31140490781249996 0.5516279078124999 0.310608471875 0.7320930234375 0.309015609375 0.7767441875000001 0.35839439375 0.7767441875000001
3 0.4045874484375 0.7748837203125001 0.4643198453125 0.7758139515625 0.4643198453125 0.7320930234375 0.4523733671875 0.7320930234375 0.4523733671875 0.60372093125 0.4213125203125 0.60372093125 0.4213125203125 0.7283720921875 0.40538387968749995 0.730232559375 0.4045874484375 0.7748837203125001
2 0.33928082187499997 0.5172 0.311404109375 0.5172 0.311404109375 0.5525599999999999 0.33928082187499997 0.5525599999999999 0.33928082187499997 0.5172
4 0.42130137031250003 0.61396 0.342465753125 0.61396 0.342465753125 0.73116 0.42130137031250003 0.73116 0.42130137031250003 0.61396
2 0.39424657500000004 0.60372 0.370342465625 0.60372 0.370342465625 0.61396 0.39424657500000004 0.61396 0.39424657500000004 0.60372
6 0.4221232875 0.60466 0.39424657500000004 0.60466 0.39424657500000004 0.61302 0.4221232875 0.61302 0.4221232875 0.60466
2 0.4523630140625 0.55906 0.42208904062499997 0.55906 0.42208904062499997 0.60558 0.4523630140625 0.60558 0.4523630140625 0.55906
2 0.578219178125 0.5478799999999999 0.5352054796875 0.5478799999999999 0.5352054796875 0.55348 0.578219178125 0.55348 0.578219178125 0.5478799999999999
6 0.9111301375 0.66512 0.8744863015625001 0.66512 0.8744863015625001 0.6799999999999999 0.9111301375 0.6799999999999999 0.9111301375 0.66512
6 0.83625 0.66696 0.6960787671875 0.66696 0.6960787671875 0.6799999999999999 0.83625 0.6799999999999999 0.83625 0.66696
5 0.3122089046875 0.61768 0.1832020546875 0.61768 0.1832020546875 0.73024 0.3122089046875 0.73024 0.3122089046875 0.61768
6 0.3703595890625 0.60372 0.3432705484375 0.60372 0.3432705484375 0.61396 0.3703595890625 0.61396 0.3703595890625 0.60372
1 0.4221061640625 0.5181600000000001 0.3400856171875 0.5181600000000001 0.3400856171875 0.6028 0.4221061640625 0.6028 0.4221061640625 0.5181600000000001
6 0.575820325 0.5469767437499999 0.5798024859375001 0.5479069765625 0.5790060515625 0.5553488359375 0.6204205171875 0.55627906875 0.6212169484375 0.5441860484375 0.5861739421875 0.5432558125 0.5861739421875 0.4613953484375 0.57502389375 0.4613953484375 0.575820325 0.5469767437499999
4 0.66106164375 0.4614 0.587773971875 0.4614 0.587773971875 0.5442 0.66106164375 0.5442 0.66106164375 0.4614
4 0.5742294515624999 0.46046 0.5256335609375 0.46046 0.5256335609375 0.54698 0.5742294515624999 0.54698 0.5742294515624999 0.46046
1 0.6626198624999999 0.70138 0.5949143828125 0.70138 0.5949143828125 0.73302 0.6626198624999999 0.73302 0.6626198624999999 0.70138
6 0.584581075 0.6930232562499999 0.584581075 0.7339534875 0.5925453968750001 0.730232559375 0.5925453968750001 0.7004651156249999 0.665020709375 0.7013953484375001 0.6642242734375 0.6911627921875 0.584581075 0.6930232562499999
1 0.099553996875 0.6781395359375 0.18158649375 0.6799999999999999 0.182382925 0.6176744203125 0.31140490781249996 0.6167441874999999 0.31220133906249997 0.08 0.10592545625000001 0.08 0.10911118125 0.4679069765625 0.10035043125000001 0.4688372078125 0.099553996875 0.6781395359375
6 0.35921232812500004 0.41208 0.33530821875 0.41208 0.33530821875 0.42512 0.35921232812500004 0.42512 0.35921232812500004 0.41208
6 0.426095890625 0.41302000000000005 0.40856164375 0.41302000000000005 0.40856164375 0.42417999999999995 0.426095890625 0.42417999999999995 0.426095890625 0.41302000000000005