7 0.892012521875 0.709503759375 0.8684347046875001 0.709503759375 0.8684347046875001 0.739578946875 0.892012521875 0.739578946875 0.892012521875 0.709503759375
7 0.828591234375 0.7108646609375 0.8041994640624999 0.7108646609375 0.8041994640624999 0.739571428125 0.828591234375 0.739571428125 0.828591234375 0.7108646609375
4 0.9235241500000001 0.3172932328125 0.755813953125 0.3180451125 0.7549194984375001 0.234586465625 0.683810375 0.234586465625 0.6833631484375 0.062406015625 0.573345259375 0.062406015625 0.5737924859375 0.13308270625000002 0.5648479421875 0.131578946875 0.5630590343749999 0.12631578906250002 0.39847942812500003 0.1248120296875 0.39847942812500003 0.2398496234375 0.3841681578125 0.23909774375 0.3841681578125 0.253383459375 0.44991055468749996 0.253383459375 0.44991055468749996 0.401503759375 0.5067084078125 0.401503759375 0.5076028625 0.2766917296875 0.58542039375 0.27443609062499996 0.5845259390625 0.286466165625 0.7334525937499999 0.286466165625 0.7338998218749999 0.295488721875 0.7294275484375 0.29473684218749996 0.7298747765625 0.3887218046875 0.7195885515625 0.3872180453125 0.7195885515625 0.3947368421875 0.7164579609375 0.3947368421875 0.7164579609375 0.4060150375 0.746869409375 0.4082706765625 0.746869409375 0.4842105265625 0.75 0.48496240625000003 0.75 0.49022556406250006 0.7768336312499999 0.48796992499999997 0.7768336312499999 0.5052631578125 0.7960644 0.5060150375 0.796511628125 0.7097744359375 0.8309481218749999 0.70902255625 0.83050089375 0.5616541359375 0.9235241500000001 0.5601503765625 0.9235241500000001 0.3172932328125
3 0.8050089453125 0.7111897390624999 0.7971167 0.7111897390624999 0.79659055 0.5050862453125 0.7423971375 0.505970809375 0.7423971375 0.5289694828125 0.783436809375 0.5280849187500001 0.783436809375 0.712074303125 0.766073871875 0.7111897390624999 0.7671261703125001 0.7412649265625 0.8044827953125001 0.7412649265625 0.8050089453125 0.7111897390624999
7 0.7666055453125 0.7111879703125 0.74187388125 0.7111879703125 0.74187388125 0.739488721875 0.7666055453125 0.739488721875 0.7666055453125 0.7111879703125
7 0.6955679781249999 0.7111879703125 0.6718917703125 0.7111879703125 0.6718917703125 0.739488721875 0.6955679781249999 0.739488721875 0.6955679781249999 0.7111879703125
7 0.6434839 0.7120751875 0.6187522359375001 0.7120751875 0.6187522359375001 0.740375940625 0.6434839 0.740375940625 0.6434839 0.7120751875
7 0.505107334375 0.7111879703125 0.451440071875 0.7111879703125 0.451440071875 0.7412631578125 0.505107334375 0.7412631578125 0.505107334375 0.7111879703125
7 0.34305456093750003 0.7120751875 0.3183228984375 0.7120751875 0.3183228984375 0.740375940625 0.34305456093750003 0.740375940625 0.34305456093750003 0.7120751875
7 0.28728533125 0.7120751875 0.2625536671875 0.7120751875 0.2625536671875 0.740375940625 0.28728533125 0.740375940625 0.28728533125 0.7120751875
7 0.22257155625 0.7138496234375 0.1978398921875 0.7138496234375 0.1978398921875 0.7421503765625 0.22257155625 0.7421503765625 0.22257155625 0.7138496234375
3 0.14724508125 0.7125488718749999 0.1190339890625 0.7125488718749999 0.1190339890625 0.741466165625 0.14724508125 0.741466165625 0.14724508125 0.7125488718749999
7 0.1715339890625 0.71296240625 0.14680232499999998 0.71296240625 0.14680232499999998 0.7412631578125 0.1715339890625 0.7412631578125 0.1715339890625 0.71296240625
7 0.11944096562499999 0.71296240625 0.0947093015625 0.71296240625 0.0947093015625 0.7412631578125 0.11944096562499999 0.7412631578125 0.11944096562499999 0.71296240625
4 0.176260128125 0.6218487406250001 0.1610017890625 0.6218487406250001 0.16152793906250001 0.518354709375 0.175733978125 0.519239275 0.17520782968749998 0.329942503125 0.053141114062499994 0.3308270671875 0.053141114062499994 0.712074303125 0.176260128125 0.7111897390624999 0.176260128125 0.6218487406250001
7 0.1710062609375 0.30163909843750003 0.146274596875 0.30163909843750003 0.146274596875 0.32993985000000003 0.1710062609375 0.32993985000000003 0.1710062609375 0.30163909843750003
7 0.1147093015625 0.3007518796875 0.0899776390625 0.3007518796875 0.0899776390625 0.32905263125 0.1147093015625 0.32905263125 0.1147093015625 0.3007518796875
7 0.8318470484375 0.2936766921875 0.8071153843750001 0.2936766921875 0.8071153843750001 0.3166691734375 0.8318470484375 0.3166691734375 0.8318470484375 0.2936766921875
7 0.892352415625 0.2936766921875 0.8681484796875001 0.2936766921875 0.8681484796875001 0.3157969921875 0.892352415625 0.3157969921875 0.892352415625 0.2936766921875
3 0.8071135421875001 0.29362229218749997 0.7687046203125 0.2953914203125 0.7681784703125001 0.287430340625 0.7544985796875 0.287430340625 0.755550878125 0.317505528125 0.8076396921875 0.31839009375 0.8071135421875001 0.29362229218749997
7 0.7681753125 0.2476766921875 0.7555456171875 0.2476766921875 0.7555456171875 0.287481203125 0.7681753125 0.287481203125 0.7681753125 0.2476766921875
3 0.7681753125 0.17515037656250002 0.7555456171875 0.17515037656250002 0.7555456171875 0.18930075156249998 0.7681753125 0.18930075156249998 0.7681753125 0.17515037656250002
7 0.7681753125 0.1326917296875 0.7555456171875 0.1326917296875 0.7555456171875 0.176030075 0.7681753125 0.176030075 0.7681753125 0.1326917296875
3 0.7676565296875 0.2308721796875 0.755026834375 0.2308721796875 0.755026834375 0.2476842109375 0.7676565296875 0.2476842109375 0.7676565296875 0.2308721796875
7 0.7681797859375 0.19018045156250002 0.7550223609375 0.19018045156250002 0.7550223609375 0.2308721796875 0.7681797859375 0.2308721796875 0.7681797859375 0.19018045156250002
4 0.7549194984375001 0.119548871875 0.7508944546875 0.119548871875 0.7508944546875 0.08646616562500001 0.755813953125 0.0857142859375 0.755813953125 0.0631578953125 0.688729875 0.062406015625 0.6878354203125 0.2263157890625 0.7535778171875 0.22706766875 0.7549194984375001 0.119548871875
7 0.7371332734375 0.0398120296875 0.713457065625 0.0398120296875 0.713457065625 0.0601578953125 0.7371332734375 0.0601578953125 0.7371332734375 0.0398120296875
7 0.6739982109375 0.0406917296875 0.649794275 0.0406917296875 0.649794275 0.0619248125 0.6739982109375 0.0619248125 0.6739982109375 0.0406917296875
7 0.6140161 0.039796992187500005 0.5898121640625 0.039796992187500005 0.5898121640625 0.061917293750000005 0.6140161 0.061917293750000005 0.6140161 0.039796992187500005
2 0.4156582125 0.13622290937499998 0.4198674109375 0.13622290937499998 0.41934126093749996 0.1264927015625 0.430390403125 0.1264927015625 0.430390403125 0.1079168515625 0.420919709375 0.1070322875 0.420919709375 0.09553295 0.4167105125 0.09553295 0.4167105125 0.1052631578125 0.4051352203125 0.1070322875 0.4051352203125 0.1264927015625 0.4156582125 0.12560813906249998 0.4156582125 0.13622290937499998
3 0.43617620781250005 0.10880451093750002 0.42933363125 0.10880451093750002 0.42933363125 0.12295488750000001 0.43617620781250005 0.12295488750000001 0.43617620781250005 0.10880451093750002
7 0.46090787187500004 0.10880451093750002 0.43617620781250005 0.10880451093750002 0.43617620781250005 0.12295488750000001 0.46090787187500004 0.12295488750000001 0.46090787187500004 0.10880451093750002
3 0.4693246875 0.10791729375 0.46090787187500004 0.10791729375 0.46090787187500004 0.12384210468750001 0.4693246875 0.12384210468750001 0.4693246875 0.10791729375
7 0.49300089375 0.10791729375 0.46826923125000003 0.10791729375 0.46826923125000003 0.12384210468750001 0.49300089375 0.12384210468750001 0.49300089375 0.10791729375
3 0.5014221828125 0.10791729375 0.4924776390625 0.10791729375 0.4924776390625 0.12384210468750001 0.5014221828125 0.12384210468750001 0.5014221828125 0.10791729375
7 0.52562611875 0.10879699218750001 0.5014221828125 0.10879699218750001 0.5014221828125 0.1238345859375 0.52562611875 0.1238345859375 0.52562611875 0.10879699218750001
6 0.3179785328125 0.24511278124999997 0.253130590625 0.2458646609375 0.2526833625 0.307518796875 0.2473166375 0.30827067656249996 0.246869409375 0.3142857140625 0.254472271875 0.31503759374999996 0.25402504531250003 0.356390978125 0.25983899843749997 0.3571428578125 0.25894454375 0.336090225 0.268336315625 0.336090225 0.2687835421875 0.32631578906250003 0.2584973171875 0.325563909375 0.2584973171875 0.2556390984375 0.300536671875 0.25413533906249997 0.300536671875 0.32706766875 0.288908765625 0.32706766875 0.2884615390625 0.336090225 0.31171735312500004 0.3368421046875 0.3121645796875 0.32706766875 0.3036672625 0.32706766875 0.3032200359375 0.2556390984375 0.3403398921875 0.25488721875000003 0.3407871203125 0.3278195484375 0.332289803125 0.3278195484375 0.332289803125 0.3368421046875 0.35017889062499996 0.3368421046875 0.35017889062499996 0.32706766875 0.3439177109375 0.32706766875 0.34347048281250003 0.2556390984375 0.3801431125 0.25413533906249997 0.3792486578125 0.32631578906250003 0.37030411406249997 0.3278195484375 0.37030411406249997 0.336090225 0.37969588593750003 0.334586465625 0.380590340625 0.3481203 0.384615384375 0.3481203 0.3837209296875 0.26090225624999996 0.3881932015625 0.26090225624999996 0.3881932015625 0.25413533906249997 0.3837209296875 0.25413533906249997 0.38327370312500003 0.2398496234375 0.39847942812500003 0.23834586406249997 0.39847942812500003 0.2187969921875 0.394901609375 0.2172932328125 0.394901609375 0.2323308265625 0.33810375625 0.2338345859375 0.3389982109375 0.2458646609375 0.322003578125 0.2458646609375 0.3237924859375 0.0616541359375 0.3193202140625 0.062406015625 0.3179785328125 0.17067669218749998 0.2938282640625 0.1699248125 0.2938282640625 0.17593985 0.3179785328125 0.1766917296875 0.3179785328125 0.24511278124999997
4 0.3376565296875 0.23308270625 0.3944543828125 0.23157894687499997 0.394901609375 0.12406015 0.38908765624999997 0.12406015 0.389534884375 0.062406015625 0.32468694062500003 0.0616541359375 0.32155635 0.246616540625 0.3372093015625 0.2458646609375 0.3376565296875 0.23308270625
7 0.367781753125 0.041571428125 0.3435778171875 0.041571428125 0.3435778171875 0.061917293750000005 0.367781753125 0.061917293750000005 0.367781753125 0.041571428125
4 0.317084078125 0.0631578953125 0.2719141328125 0.0631578953125 0.2719141328125 0.1691729328125 0.317084078125 0.1691729328125 0.317084078125 0.0631578953125
7 0.312003578125 0.0406842109375 0.2877996421875 0.0406842109375 0.2877996421875 0.061030074999999996 0.312003578125 0.061030074999999996 0.312003578125 0.0406842109375
4 0.22137745937500003 0.08045112812500001 0.22137745937500003 0.128571428125 0.2160107328125 0.1278195484375 0.2160107328125 0.171428571875 0.26654740625 0.1699248125 0.26654740625 0.062406015625 0.22808586718749999 0.0631578953125 0.2285330953125 0.0812030078125 0.22137745937500003 0.08045112812500001
7 0.256766546875 0.041571428125 0.23203488437500003 0.041571428125 0.23203488437500003 0.061917293750000005 0.256766546875 0.061917293750000005 0.256766546875 0.041571428125
3 0.2157200359375 0.171601503125 0.20256261250000002 0.171601503125 0.20256261250000002 0.1813308265625 0.2157200359375 0.1813308265625 0.2157200359375 0.171601503125
7 0.2152012515625 0.130909775 0.20204382812500002 0.130909775 0.20204382812500002 0.172488721875 0.2152012515625 0.172488721875 0.2152012515625 0.130909775
3 0.2157200359375 0.22290977500000003 0.20204382812500002 0.22290977500000003 0.20204382812500002 0.24590225625 0.2157200359375 0.24590225625 0.2157200359375 0.22290977500000003
7 0.2151967796875 0.18222556406249998 0.20256708437499998 0.18222556406249998 0.20256708437499998 0.22291729375 0.2151967796875 0.22291729375 0.2151967796875 0.18222556406249998
3 0.2157213515625 0.2980981859375 0.21887824843749998 0.297213621875 0.21887824843749998 0.28571428593750003 0.202567609375 0.28659884999999996 0.202567609375 0.29898275 0.1709986328125 0.299867315625 0.1709986328125 0.329942503125 0.2157213515625 0.3290579390625 0.2157213515625 0.2980981859375
7 0.2157200359375 0.24501503750000003 0.20204382812500002 0.24501503750000003 0.20204382812500002 0.286593984375 0.2157200359375 0.286593984375 0.2157200359375 0.24501503750000003
3 0.094706934375 0.712074303125 0.052614964062500005 0.7111897390624999 0.052614964062500005 0.3290579390625 0.0899715875 0.328173375 0.08944543906249999 0.3007518796875 0.036830475 0.30252100937500004 0.036830475 0.7412649265625 0.094706934375 0.7412649265625 0.094706934375 0.712074303125
3 0.146265653125 0.2998646609375 0.11470035781250001 0.2998646609375 0.11470035781250001 0.32993985000000003 0.146265653125 0.32993985000000003 0.146265653125 0.2998646609375
3 0.5350939171875 0.10879699218750001 0.5256216453125 0.10879699218750001 0.5256216453125 0.125609021875 0.5350939171875 0.125609021875 0.5350939171875 0.10879699218750001
3 0.2620259390625 0.71208270625 0.223090340625 0.71208270625 0.223090340625 0.7412706765625 0.2620259390625 0.7412706765625 0.2620259390625 0.71208270625
3 0.3183228984375 0.7111954890625001 0.286757603125 0.7111954890625001 0.286757603125 0.7421578953125 0.3183228984375 0.7421578953125 0.3183228984375 0.7111954890625001
3 0.451440071875 0.7111879703125 0.3430500890625 0.7111879703125 0.3430500890625 0.7412631578125 0.451440071875 0.7412631578125 0.451440071875 0.7111879703125
3 0.6182289796875 0.7111879703125 0.50457960625 0.7111879703125 0.50457960625 0.7412631578125 0.6182289796875 0.7412631578125 0.6182289796875 0.7111879703125
3 0.6718917703125 0.7103007515625 0.642956171875 0.7103007515625 0.642956171875 0.740375940625 0.6718917703125 0.740375940625 0.6718917703125 0.7103007515625
3 0.2094075546875 0.519239275 0.2067768078125 0.519239275 0.2067768078125 0.542237946875 0.221508996875 0.5413533828125 0.2209828484375 0.44582043281250006 0.24571187968750002 0.44582043281250006 0.24518573125 0.7129588671875 0.258339471875 0.7129588671875 0.258339471875 0.3582485625 0.24571187968750002 0.3582485625 0.24518573125 0.4219371953125 0.2094075546875 0.4228217609375 0.2094075546875 0.519239275
3 0.17205093124999998 0.7421494921875 0.1983584125 0.7421494921875 0.1978322640625 0.7111897390624999 0.18941386875 0.7111897390624999 0.1878354203125 0.5404688203125 0.1915184671875 0.5404688203125 0.19099231875 0.519239275 0.175733978125 0.519239275 0.175733978125 0.712074303125 0.17152478124999998 0.7129588671875 0.17205093124999998 0.7421494921875
3 0.21735241562500002 0.1278195484375 0.22093023281250002 0.1278195484375 0.221508996875 0.07961079062500001 0.2278227921875 0.08049535625000001 0.22887509218750002 0.0619195046875 0.232031990625 0.06280406875 0.2325581390625 0.040689960937500005 0.2020414609375 0.039805395312500005 0.202567609375 0.13180008906250001 0.2151952015625 0.13180008906250001 0.21735241562500002 0.1278195484375
3 0.2878041140625 0.039796992187500005 0.25623881875 0.039796992187500005 0.25623881875 0.061917293750000005 0.2878041140625 0.061917293750000005 0.2878041140625 0.039796992187500005
3 0.3440966015625 0.0406842109375 0.312003578125 0.0406842109375 0.312003578125 0.0628045109375 0.3440966015625 0.0628045109375 0.3440966015625 0.0406842109375
3 0.38882458125 0.123839009375 0.40566137031249994 0.123839009375 0.4051352203125 0.1079168515625 0.398821425 0.10880141562500001 0.398295275 0.040689960937500005 0.367778596875 0.040689960937500005 0.3683047453125 0.06280406875 0.38882458125 0.0636886328125 0.38882458125 0.123839009375
3 0.5598232140625 0.12560813906249998 0.5640324109375 0.12560813906249998 0.5650847109375 0.13180008906250001 0.574555403125 0.13356921718749998 0.574555403125 0.06280406875 0.58981374375 0.06280406875 0.58981374375 0.039805395312500005 0.5640324109375 0.039805395312500005 0.5645585609375 0.10880141562500001 0.5587709140625 0.10880141562500001 0.5598232140625 0.12560813906249998
1 0.5645572453125001 0.048654135937499995 0.3988237921875 0.048654135937499995 0.3988237921875 0.10791729375 0.5645572453125001 0.10791729375 0.5645572453125001 0.048654135937499995
6 0.5650849734375 0.0389248125 0.3982960640625 0.0389248125 0.3982960640625 0.0468797 0.5650849734375 0.0468797 0.5650849734375 0.0389248125
2 0.5450910234374999 0.1397611671875 0.5487740718749999 0.138876603125 0.5493002203125 0.1264927015625 0.5598232140625 0.12560813906249998 0.5598232140625 0.1096859796875 0.5493002203125 0.1079168515625 0.548247921875 0.0964175140625 0.5450910234374999 0.09553295 0.5450910234374999 0.1070322875 0.53456803125 0.1070322875 0.53456803125 0.12560813906249998 0.543512575 0.12560813906249998 0.5450910234374999 0.1397611671875
6 0.37745975 0.4842105265625 0.393559928125 0.48496240625000003 0.3926654734375 0.4736842109375 0.40205724531250003 0.474436090625 0.40116279062500004 0.4601503765625 0.45348837187499996 0.4601503765625 0.45348837187499996 0.56090225625 0.38237924843750004 0.5616541359375 0.38237924843750004 0.5421052625 0.37835420468750003 0.540601503125 0.37880143125 0.5563909781249999 0.377012521875 0.5578947375000001 0.37388193125 0.56090225625 0.3671735234375 0.5616541359375 0.3555456171875 0.5526315796875 0.35599284375 0.56090225625 0.29516994687500003 0.56090225625 0.29516994687500003 0.5676691734375 0.3546511625 0.56691729375 0.355098390625 0.5736842109375 0.3582289796875 0.574436090625 0.357781753125 0.568421053125 0.3671735234375 0.568421053125 0.372987478125 0.5751879703125 0.377012521875 0.5751879703125 0.377012521875 0.5676691734375 0.38908765624999997 0.5676691734375 0.38908765624999997 0.607518796875 0.3926654734375 0.60902255625 0.3926654734375 0.5676691734375 0.540250446875 0.56691729375 0.540697675 0.56090225625 0.53443649375 0.56090225625 0.5339892671875 0.5428571421874999 0.5304114484375 0.5421052625 0.5308586765625 0.56090225625 0.4566189625 0.56090225625 0.45706618906249996 0.46090225625 0.5295169953125 0.46090225625 0.529964221875 0.5157894734374999 0.53443649375 0.5157894734374999 0.5339892671875 0.4601503765625 0.540250446875 0.46090225625 0.5411449015625001 0.468421053125 0.547853309375 0.46917293281249994 0.5487477640625 0.46315789531249996 0.5456171734375 0.46240601562499994 0.545169946875 0.4541353390625 0.3837209296875 0.45563909843749995 0.3837209296875 0.44360902187500006 0.37969588593750003 0.4413533828125 0.37835420468750003 0.4473684203125 0.37745975 0.4842105265625
2 0.3747763859375 0.42406015 0.37388193125 0.4308270671875 0.37969588593750003 0.4308270671875 0.3792486578125 0.4421052625 0.38506261249999996 0.4421052625 0.384615384375 0.43157894687500004 0.3899821109375 0.43157894687500004 0.3899821109375 0.425563909375 0.384615384375 0.4263157890625 0.3837209296875 0.413533834375 0.3792486578125 0.413533834375 0.3792486578125 0.42330827031249996 0.3747763859375 0.42406015
1 0.5456171734375 0.46240601562499994 0.7160107328125 0.46090225625 0.7164579609375 0.5060150375 0.74373881875 0.5060150375 0.74373881875 0.41578947343749995 0.5728980328125 0.41654135312499996 0.573345259375 0.407518796875 0.3837209296875 0.4067669171875 0.3837209296875 0.45488721875 0.5456171734375 0.4541353390625 0.5456171734375 0.46240601562499994
6 0.3837209296875 0.4067669171875 0.3801431125 0.4067669171875 0.3801431125 0.4142857140625 0.3837209296875 0.4142857140625 0.3837209296875 0.4067669171875
4 0.44499105468750005 0.2601503765625 0.3841681578125 0.2601503765625 0.3841681578125 0.4007518796875 0.44499105468750005 0.4007518796875 0.44499105468750005 0.2601503765625
3 0.393036671875 0.3883157890625 0.3809347046875 0.3883157890625 0.3809347046875 0.40512782031250005 0.393036671875 0.40512782031250005 0.393036671875 0.3883157890625
3 0.48247763906249996 0.326406015625 0.4724776390625 0.326406015625 0.4724776390625 0.3432180453125 0.48247763906249996 0.3432180453125 0.48247763906249996 0.326406015625
6 0.5120751343750001 0.4007518796875 0.5120751343750001 0.283458646875 0.58050089375 0.2842105265625 0.58050089375 0.3887218046875 0.5840787125 0.389473684375 0.5845259390625 0.2939849625 0.6493738812500001 0.29248120312500003 0.649821109375 0.3473684203125 0.6113595703125 0.3473684203125 0.6113595703125 0.3556390984375 0.6310375671874999 0.35488721875 0.630590340625 0.407518796875 0.6118067984375 0.4082706765625 0.6113595703125 0.41654135312499996 0.6417710203125 0.41578947343749995 0.640876565625 0.407518796875 0.6350626125 0.4082706765625 0.6350626125 0.3556390984375 0.6681574234375 0.35488721875 0.6681574234375 0.4082706765625 0.6578711984375001 0.4082706765625 0.658765653125 0.41503759375 0.6815742390625 0.41503759375 0.6815742390625 0.407518796875 0.67218246875 0.407518796875 0.67218246875 0.3556390984375 0.69007155625 0.35488721875 0.6896243296875 0.3481203 0.66457960625 0.3473684203125 0.665026834375 0.2917293234375 0.712432915625 0.2939849625 0.7115384609375 0.3481203 0.7030411453125 0.346616540625 0.702146690625 0.407518796875 0.6981216453125 0.407518796875 0.6990160999999999 0.41654135312499996 0.74373881875 0.41578947343749995 0.74373881875 0.4398496234375 0.746869409375 0.4413533828125 0.746869409375 0.4082706765625 0.7151162796875 0.407518796875 0.7151162796875 0.392481203125 0.718694096875 0.3932330828125 0.718694096875 0.3872180453125 0.7294275484375 0.3857142859375 0.7294275484375 0.3699248125 0.7258497312500001 0.3699248125 0.726296959375 0.3812030078125 0.7151162796875 0.3812030078125 0.7160107328125 0.336090225 0.726296959375 0.3368421046875 0.7267441859375 0.343609021875 0.7298747765625 0.3443609015625 0.7294275484375 0.3278195484375 0.7258497312500001 0.32706766875 0.7249552765625 0.331578946875 0.7160107328125 0.3300751875 0.7160107328125 0.29248120312500003 0.726296959375 0.2939849625 0.7267441859375 0.3 0.7298747765625 0.30150375937499996 0.7298747765625 0.2932330828125 0.7334525937499999 0.29248120312500003 0.7330053671875 0.286466165625 0.584973165625 0.2872180453125 0.584973165625 0.27518797031250003 0.5076028625 0.27593985 0.5076028625 0.4007518796875 0.4856887296875 0.401503759375 0.48479427499999994 0.4082706765625 0.5156529515625 0.40902255624999995 0.5161001781250001 0.4007518796875 0.5120751343750001 0.4007518796875
6 0.5934704828124999 0.407518796875 0.59302325625 0.35263157968750003 0.596153846875 0.353383459375 0.5966010734375 0.3473684203125 0.5831842578125 0.3481203 0.583631484375 0.4060150375 0.5742397140625 0.40451127812500004 0.5737924859375 0.41654135312499996 0.5970483 0.41654135312499996 0.5970483 0.4067669171875 0.5934704828124999 0.407518796875
3 0.5845483 0.3892105265625 0.5735017890624999 0.3892105265625 0.5735017890624999 0.4051353390625 0.5845483 0.4051353390625 0.5845483 0.3892105265625
2 0.3886404296875 0.525563909375 0.38327370312500003 0.5233082703124999 0.38327370312500003 0.512030075 0.3765652953125 0.5112781953125001 0.375670840625 0.5233082703124999 0.3720930234375 0.5233082703124999 0.3734347046875 0.5323308265625 0.3765652953125 0.5323308265625 0.37611806875 0.5413533828125 0.38327370312500003 0.5421052625 0.38237924843750004 0.5308270671875001 0.38908765624999997 0.5308270671875001 0.3886404296875 0.525563909375
4 0.3926654734375 0.5142857140625 0.38237924843750004 0.5127819546875 0.38237924843750004 0.56090225625 0.45348837187499996 0.559398496875 0.45259391718749997 0.46240601562499994 0.40205724531250003 0.46090225625 0.4016100171875 0.47593984999999994 0.3931127015625 0.4751879703125 0.3926654734375 0.5142857140625
3 0.393036671875 0.4838646609375 0.378305009375 0.4838646609375 0.378305009375 0.5121654140625 0.393036671875 0.5121654140625 0.393036671875 0.4838646609375
6 0.6565295171875001 0.480451128125 0.6328264765625 0.4796992484375 0.6328264765625 0.46917293281249994 0.6368515203125 0.468421053125 0.6368515203125 0.46090225625 0.6220930234375001 0.46240601562499994 0.6220930234375001 0.468421053125 0.6292486578125 0.4676691734375 0.62880143125 0.47894736875 0.605098390625 0.4796992484375 0.6055456171875 0.4676691734375 0.6100178890625 0.4676691734375 0.6100178890625 0.4616541359375 0.5983899828125 0.46240601562499994 0.598837209375 0.4676691734375 0.6024150265625 0.468421053125 0.6019677999999999 0.47894736875 0.591681575 0.47894736875 0.5885509843750001 0.4796992484375 0.5773703046875001 0.47894736875 0.57781753125 0.46691729375 0.5863148484375 0.4676691734375 0.586762075 0.4616541359375 0.5644007156249999 0.46240601562499994 0.5644007156249999 0.4676691734375 0.5742397140625 0.4676691734375 0.5737924859375 0.4872180453125 0.65697674375 0.486466165625 0.6565295171875001 0.6 0.652504471875 0.6 0.6520572453125 0.60902255625 0.6560822890625 0.60902255625 0.6560822890625 0.712030075 0.6605545609375 0.7112781953125 0.660107334375 0.5661654140625 0.676654740625 0.5676691734375 0.676654740625 0.5601503765625 0.6596601078125001 0.56090225625 0.660107334375 0.4676691734375 0.676654740625 0.4676691734375 0.6762075140625 0.46315789531249996 0.6489266546875 0.46315789531249996 0.649821109375 0.468421053125 0.6560822890625 0.468421053125 0.6565295171875001 0.480451128125
6 0.5693202140625 0.66090225625 0.5657423968749999 0.66090225625 0.5657423968749999 0.712030075 0.5693202140625 0.712030075 0.5693202140625 0.66090225625
4 0.6560822890625 0.6082706765625 0.5693202140625 0.6082706765625 0.5693202140625 0.710526315625 0.6560822890625 0.710526315625 0.6560822890625 0.6082706765625
3 0.5750805015625 0.648383459375 0.5661359578125 0.648383459375 0.5661359578125 0.662533834375 0.5750805015625 0.662533834375 0.5750805015625 0.648383459375
3 0.7271387984375 0.505970809375 0.7124066078125 0.505970809375 0.711880459375 0.710305175 0.6960959703125 0.7111897390624999 0.69662211875 0.7403803625 0.7423971375 0.7412649265625 0.7418709890625 0.710305175 0.7276649484375 0.7111897390624999 0.7271387984375 0.505970809375
3 0.8681529515624999 0.7103007515625 0.828161896875 0.7103007515625 0.828161896875 0.740375940625 0.8681529515624999 0.740375940625 0.8681529515624999 0.7103007515625
3 0.8686762078125 0.2936766921875 0.8318425765624999 0.2936766921875 0.8318425765624999 0.3157969921875 0.8686762078125 0.3157969921875 0.8686762078125 0.2936766921875
3 0.6487477640625 0.0389248125 0.614543828125 0.0389248125 0.614543828125 0.061917293750000005 0.6487477640625 0.061917293750000005 0.6487477640625 0.0389248125
6 0.67978533125 0.08646616562500001 0.67978533125 0.0947368421875 0.6842576031250001 0.0947368421875 0.6811270125 0.11428571406250002 0.67978533125 0.1233082703125 0.682915921875 0.1248120296875 0.683810375 0.13984962343750001 0.6878354203125 0.13984962343750001 0.68738819375 0.1248120296875 0.6927549187500001 0.1248120296875 0.6923076921875 0.11804511250000001 0.6882826468750001 0.11879699218749999 0.6882826468750001 0.1052631578125 0.6923076921875 0.0917293234375 0.6882826468750001 0.089473684375 0.6882826468750001 0.0616541359375 0.683810375 0.060150376562499996 0.6847048296875 0.08646616562500001 0.67978533125 0.08646616562500001
3 0.7129293375 0.0380451125 0.6739937390625 0.0380451125 0.6739937390625 0.0619248125 0.7129293375 0.0619248125 0.7129293375 0.0380451125
3 0.755550878125 0.0858027421875 0.75028938125 0.0858027421875 0.7508155328125 0.1203007515625 0.7544985796875 0.1203007515625 0.7544985796875 0.13622290937499998 0.7687046203125 0.1353383453125 0.76923076875 0.0380362671875 0.737661790625 0.038920831249999996 0.737661790625 0.0619195046875 0.7544985796875 0.0627509953125 0.755550878125 0.0858027421875
3 0.9233926125 0.710305175 0.8918236343749999 0.710305175 0.8923497843750001 0.7403803625 0.9239187624999999 0.7403803625 0.9228664640625001 0.7465723125 0.9365463546875 0.7465723125 0.937072503125 0.29362229218749997 0.892875934375 0.2927377265625 0.8923497843750001 0.317558603125 0.9228664640625001 0.317558603125 0.9233926125 0.710305175
6 0.8345259390624999 0.6819548875 0.834973165625 0.650375940625 0.8430232562500001 0.6172932328125 0.8340787125 0.6172932328125 0.8345259390624999 0.6097744359374999 0.8309481218749999 0.6097744359374999 0.83050089375 0.6165413531249999 0.8228980328125 0.6172932328125 0.823345259375 0.6233082703124999 0.832289803125 0.6233082703124999 0.8318425765624999 0.6556390984375 0.8220035781249999 0.69097744375 0.8318425765624999 0.6902255640625 0.8318425765624999 0.7127819546875 0.834973165625 0.710526315625 0.83542039375 0.6902255640625 0.8430232562500001 0.6902255640625 0.842576028125 0.6827067671875 0.8345259390624999 0.6819548875
2 0.8255813953125 0.5917293234375001 0.82513416875 0.5977443609375 0.829606440625 0.5977443609375 0.83050089375 0.610526315625 0.8358676203125001 0.6112781953125 0.834973165625 0.6 0.8403398921875 0.6 0.8394454390625 0.5939849625 0.834973165625 0.5939849625 0.834973165625 0.580451128125 0.8291592124999999 0.5812030078125 0.8300536671875 0.59097744375 0.8255813953125 0.5917293234375001
5 0.782647584375 0.528571428125 0.7271914125000001 0.528571428125 0.7271914125000001 0.710526315625 0.782647584375 0.710526315625 0.782647584375 0.528571428125
2 0.7325581390625 0.540601503125 0.7365831843749999 0.540601503125 0.7365831843749999 0.5293233078124999 0.7419499109375 0.5293233078124999 0.7419499109375 0.5052631578125 0.7365831843749999 0.5052631578125 0.7365831843749999 0.492481203125 0.7325581390625 0.492481203125 0.7325581390625 0.5045112781250001 0.727638640625 0.5045112781250001 0.7267441859375 0.528571428125 0.7334525937499999 0.5300751874999999 0.7325581390625 0.540601503125
6 0.74865831875 0.49022556406250006 0.7491055453125 0.4857142859375 0.7459749546875 0.48496240625000003 0.7464221828125 0.46917293281249994 0.7432915921875 0.46917293281249994 0.74373881875 0.507518796875 0.7754919499999999 0.5067669171875 0.7750447234375 0.48947368437499994 0.74865831875 0.49022556406250006
2 0.7388193203125 0.450375940625 0.73837209375 0.45789473750000004 0.742844365625 0.45789473750000004 0.7432915921875 0.46917293281249994 0.7477638640625 0.46917293281249994 0.7473166375 0.459398496875 0.751788909375 0.45789473750000004 0.751788909375 0.44962405937499994 0.7473166375 0.44962405937499994 0.7473166375 0.4398496234375 0.742844365625 0.4398496234375 0.7423971375 0.450375940625 0.7388193203125 0.450375940625
1 0.711091234375 0.2962406015625 0.6909660109375 0.2962406015625 0.6909660109375 0.3473684203125 0.711091234375 0.3473684203125 0.711091234375 0.2962406015625
1 0.726296959375 0.2939849625 0.7160107328125 0.2939849625 0.7160107328125 0.3293233078125 0.726296959375 0.3293233078125 0.726296959375 0.2939849625
2 0.7209302328125 0.30902255625 0.7209302328125 0.3157894734375 0.726296959375 0.316541353125 0.7254025046875 0.3278195484375 0.7289803218750001 0.328571428125 0.7294275484375 0.316541353125 0.7361359578125 0.3157894734375 0.7365831843749999 0.3112781953125 0.73076923125 0.310526315625 0.7303220031250001 0.3 0.7254025046875 0.3 0.7258497312500001 0.3097744359375 0.7209302328125 0.30902255625
1 0.7258497312500001 0.3368421046875 0.7160107328125 0.3368421046875 0.7160107328125 0.3812030078125 0.7258497312500001 0.3812030078125 0.7258497312500001 0.3368421046875
2 0.7218246875000001 0.3556390984375 0.721377459375 0.36090225625 0.7258497312500001 0.36090225625 0.726296959375 0.371428571875 0.73076923125 0.3721804515625 0.7294275484375 0.3601503765625 0.7338998218749999 0.3601503765625 0.7334525937499999 0.3541353390625 0.73076923125 0.353383459375 0.7298747765625 0.3413533828125 0.7254025046875 0.3428571421875 0.7254025046875 0.3556390984375 0.7218246875000001 0.3556390984375
2 0.68738819375 0.42330827031249996 0.6914132375 0.42406015 0.6923076921875 0.41654135312499996 0.6985688734375 0.41654135312499996 0.6985688734375 0.407518796875 0.6923076921875 0.4060150375 0.691860465625 0.4 0.6869409656250001 0.4007518796875 0.6869409656250001 0.407518796875 0.6811270125 0.407518796875 0.68246869375 0.41503759375 0.68738819375 0.41503759375 0.68738819375 0.42330827031249996
2 0.6480322000000001 0.42255639062499994 0.6520572453125 0.42255639062499994 0.652504471875 0.4142857140625 0.658318425 0.41503759375 0.658318425 0.4060150375 0.6529517 0.4052631578125 0.6520572453125 0.3992481203125 0.648479428125 0.4 0.6489266546875 0.407518796875 0.6413237921875 0.4060150375 0.6413237921875 0.4142857140625 0.648479428125 0.41503759375 0.6480322000000001 0.42255639062499994
2 0.6028622546875 0.42255639062499994 0.607781753125 0.42255639062499994 0.6073345265625 0.41503759375 0.6118067984375 0.41578947343749995 0.612254025 0.407518796875 0.6068872984375 0.407518796875 0.6068872984375 0.4 0.6028622546875 0.398496240625 0.6019677999999999 0.407518796875 0.5966010734375 0.407518796875 0.59570661875 0.41503759375 0.60330948125 0.41503759375 0.6028622546875 0.42255639062499994
0 0.6301431125 0.3541353390625 0.5939177109375 0.3541353390625 0.5939177109375 0.4082706765625 0.6301431125 0.4082706765625 0.6301431125 0.3541353390625
2 0.6006261187499999 0.3616541359375 0.6046511625 0.3631578953125 0.6055456171875 0.3556390984375 0.61091234375 0.356390978125 0.61091234375 0.3458646609375 0.605098390625 0.34511278125 0.605098390625 0.33909774375 0.6010733453125 0.33909774375 0.601520571875 0.346616540625 0.5948121640624999 0.3458646609375 0.59570661875 0.353383459375 0.601520571875 0.353383459375 0.6006261187499999 0.3616541359375
4 0.7119856890625 0.56691729375 0.6605545609375 0.56691729375 0.6605545609375 0.710526315625 0.7119856890625 0.710526315625 0.7119856890625 0.56691729375
2 0.6820214671875 0.574436090625 0.6869409656250001 0.5751879703125 0.68738819375 0.568421053125 0.6927549187500001 0.5699248125 0.6927549187500001 0.5601503765625 0.68738819375 0.559398496875 0.6869409656250001 0.5518797 0.683810375 0.5518797 0.682915921875 0.5601503765625 0.6762075140625 0.559398496875 0.6757602859375 0.56691729375 0.6820214671875 0.5661654140625 0.6820214671875 0.574436090625
1 0.7119856890625 0.468421053125 0.6605545609375 0.468421053125 0.6605545609375 0.5601503765625 0.7119856890625 0.5601503765625 0.7119856890625 0.468421053125
2 0.682915921875 0.47593984999999994 0.6860465109375 0.47669172968750007 0.6860465109375 0.4676691734375 0.6923076921875 0.468421053125 0.6927549187500001 0.46240601562499994 0.6864937390625 0.46090225625 0.6860465109375 0.4541353390625 0.68246869375 0.453383459375 0.6820214671875 0.4601503765625 0.6757602859375 0.4601503765625 0.6762075140625 0.46691729375 0.682915921875 0.4676691734375 0.682915921875 0.47593984999999994
0 0.7016994640625 0.356390978125 0.6730769234375 0.356390978125 0.6730769234375 0.4067669171875 0.7016994640625 0.4067669171875 0.7016994640625 0.356390978125
2 0.6949910546875 0.3631578953125 0.6985688734375 0.363909775 0.6990160999999999 0.3556390984375 0.7043828265625 0.3556390984375 0.7039356 0.3473684203125 0.6990160999999999 0.3473684203125 0.6999105546875 0.3413533828125 0.6949910546875 0.3421052625 0.6949910546875 0.3473684203125 0.69007155625 0.3473684203125 0.6896243296875 0.3541353390625 0.6949910546875 0.35488721875 0.6949910546875 0.3631578953125
1 0.57021466875 0.6007518796875 0.6556350625 0.6 0.6565295171875001 0.48796992499999997 0.573345259375 0.48796992499999997 0.5737924859375 0.468421053125 0.5411449015625001 0.46992481250000007 0.540250446875 0.46090225625 0.5348837203125 0.4616541359375 0.5353309484375 0.5601503765625 0.5693202140625 0.5616541359375 0.57021466875 0.6007518796875
2 0.6404293375 0.47819548906250003 0.64400715625 0.47894736875 0.6444543828125 0.46992481250000007 0.648479428125 0.468421053125 0.6489266546875 0.4616541359375 0.64400715625 0.459398496875 0.643559928125 0.45112782031250004 0.6399821109375 0.44962405937499994 0.639534884375 0.4601503765625 0.634615384375 0.46090225625 0.6355098390625 0.4676691734375 0.640876565625 0.4661654140625 0.6404293375 0.47819548906250003
2 0.61359570625 0.477443609375 0.618067978125 0.47819548906250003 0.61851520625 0.468421053125 0.6220930234375001 0.46917293281249994 0.62254025 0.46240601562499994 0.6176207515625001 0.46090225625 0.6171735234375 0.44962405937499994 0.6144901609375 0.4488721796875 0.6131484796875 0.4586466171875 0.609123434375 0.459398496875 0.609123434375 0.468421053125 0.6144901609375 0.4676691734375 0.61359570625 0.477443609375
1 0.601520571875 0.46691729375 0.57781753125 0.46691729375 0.57781753125 0.47894736875 0.601520571875 0.47894736875 0.601520571875 0.46691729375
2 0.5907871203124999 0.45112782031250004 0.5907871203124999 0.4601503765625 0.58542039375 0.4601503765625 0.5858676203125001 0.46691729375 0.5907871203124999 0.46691729375 0.5903398921874999 0.47669172968750007 0.59570661875 0.47669172968750007 0.5952593921875 0.468421053125 0.5992844359375 0.4676691734375 0.600178890625 0.4601503765625 0.5948121640624999 0.4601503765625 0.5943649375 0.45112782031250004 0.5907871203124999 0.45112782031250004
2 0.5545617171874999 0.477443609375 0.5590339890625 0.47819548906250003 0.5590339890625 0.46917293281249994 0.5644007156249999 0.46917293281249994 0.5648479421875 0.459398496875 0.558139534375 0.46090225625 0.5576923078125 0.4526315796875 0.554114490625 0.45112782031250004 0.554114490625 0.4586466171875 0.547853309375 0.4586466171875 0.5469588546875 0.46917293281249994 0.5545617171874999 0.46992481250000007 0.5545617171874999 0.477443609375
2 0.5268336312499999 0.52706766875 0.5250447234375 0.5338345859375 0.5290697671875 0.5353383453125 0.5277280859375 0.5428571421874999 0.5348837203125 0.5451127812500001 0.5348837203125 0.53308270625 0.5398032203125 0.534586465625 0.5393559921875 0.5278195484375 0.5353309484375 0.52706766875 0.5353309484375 0.5172932328125001 0.5295169953125 0.5165413531249999 0.5295169953125 0.5278195484375 0.5268336312499999 0.52706766875
4 0.5652951703125 0.5676691734375 0.3926654734375 0.5676691734375 0.3926654734375 0.7112781953125 0.5652951703125 0.7112781953125 0.5652951703125 0.5676691734375
2 0.5474060828125 0.5766917296875 0.5514311265625 0.5766917296875 0.5514311265625 0.5691729328124999 0.5559033984374999 0.5691729328124999 0.5559033984374999 0.56090225625 0.550536671875 0.56090225625 0.5500894453125 0.55488721875 0.5474060828125 0.5541353390625 0.5474060828125 0.5601503765625 0.540250446875 0.5601503765625 0.540697675 0.56691729375 0.5483005359375 0.5676691734375 0.5474060828125 0.5766917296875
2 0.643559928125 0.61503759375 0.6462432921875 0.6165413531249999 0.64669051875 0.6082706765625 0.652504471875 0.60902255625 0.652504471875 0.6007518796875 0.6462432921875 0.6 0.6462432921875 0.5932330828125 0.6426654734375 0.5939849625 0.642218246875 0.6007518796875 0.63640429375 0.5992481203125 0.6368515203125 0.60902255625 0.6426654734375 0.6082706765625 0.643559928125 0.61503759375
2 0.38327370312500003 0.6187969921875001 0.3837209296875 0.6263157890625 0.38774597499999996 0.62706766875 0.3881932015625 0.6353383453125 0.393559928125 0.636090225 0.39400715625 0.6263157890625 0.3980322 0.62706766875 0.3975849734375 0.6180451125 0.3931127015625 0.6180451125 0.3931127015625 0.6082706765625 0.3881932015625 0.6082706765625 0.3881932015625 0.6187969921875001 0.38327370312500003 0.6187969921875001
6 0.3841681578125 0.374436090625 0.37969588593750003 0.374436090625 0.37969588593750003 0.3872180453125 0.3841681578125 0.3872180453125 0.3841681578125 0.374436090625
2 0.3752236140625 0.3578947375 0.375670840625 0.363909775 0.3801431125 0.3646616546875 0.37969588593750003 0.3751879703125 0.38506261249999996 0.37593985 0.384615384375 0.363909775 0.389534884375 0.3646616546875 0.389534884375 0.3586466171875 0.384615384375 0.3578947375 0.38506261249999996 0.3473684203125 0.37969588593750003 0.3481203 0.37880143125 0.3571428578125 0.3752236140625 0.3578947375
6 0.42218246875 0.26541353437500004 0.4257602859375 0.2661654140625 0.4257602859375 0.2601503765625 0.4347048296875 0.26090225624999996 0.4378354203125 0.2661654140625 0.44275491875000006 0.2661654140625 0.44543828281250003 0.263909775 0.4440966015625 0.28120300781249996 0.4405187828125 0.295488721875 0.44499105468750005 0.295488721875 0.44543828281250003 0.401503759375 0.3926654734375 0.4007518796875 0.3917710203125 0.4067669171875 0.46824686875 0.407518796875 0.468694096875 0.401503759375 0.44946332812499995 0.40225563906249995 0.4490161 0.2962406015625 0.45483005312499997 0.295488721875 0.45527728125 0.29097744375 0.44991055468749996 0.29097744375 0.44991055468749996 0.27819548906249997 0.4539356 0.259398496875 0.44856887343749996 0.259398496875 0.4490161 0.2526315796875 0.4440966015625 0.25488721875000003 0.4440966015625 0.246616540625 0.44096601093750004 0.246616540625 0.44096601093750004 0.25413533906249997 0.432915921875 0.25413533906249997 0.42352415 0.246616540625 0.4226296953125 0.2526315796875 0.40429338125000003 0.253383459375 0.40429338125000003 0.2601503765625 0.42173524218749997 0.2601503765625 0.42218246875 0.26541353437500004
2 0.3931127015625 0.26766917343749996 0.3975849734375 0.26842105312500003 0.3980322 0.2601503765625 0.40339892656250004 0.26165413593750003 0.40384615312500005 0.253383459375 0.3975849734375 0.253383459375 0.3975849734375 0.24511278124999997 0.39400715625 0.24511278124999997 0.3931127015625 0.25187970000000004 0.3872987484375 0.25187970000000004 0.3872987484375 0.26090225624999996 0.3931127015625 0.26090225624999996 0.3931127015625 0.26766917343749996
2 0.357781753125 0.353383459375 0.36225402500000004 0.35488721875 0.3631484796875 0.3383458640625 0.37030411406249997 0.3383458640625 0.37030411406249997 0.325563909375 0.36225402500000004 0.3248120296875 0.36225402500000004 0.3112781953125 0.3586762078125 0.3097744359375 0.3568872984375 0.32631578906250003 0.35017889062499996 0.325563909375 0.3497316640625 0.337593984375 0.3586762078125 0.3368421046875 0.357781753125 0.353383459375
2 0.6985688734375 0.3308270671875 0.6909660109375 0.331578946875 0.691860465625 0.32706766875 0.695885509375 0.32631578906250003 0.695885509375 0.3180451125 0.6869409656250001 0.3187969921875 0.6878354203125 0.3248120296875 0.682915921875 0.3308270671875 0.6864937390625 0.3383458640625 0.6860465109375 0.3473684203125 0.6940966015625001 0.3481203 0.6936493734375 0.3398496234375 0.6976744187499999 0.33909774375 0.6985688734375 0.3308270671875
6 0.6940966015625001 0.3180451125 0.6659212875 0.3180451125 0.6659212875 0.32406015 0.6940966015625001 0.32406015 0.6940966015625001 0.3180451125
0 0.6896243296875 0.29473684218749996 0.6659212875 0.29473684218749996 0.6659212875 0.3172932328125 0.6896243296875 0.3172932328125 0.6896243296875 0.29473684218749996
2 0.6981216453125 0.3067669171875 0.6949910546875 0.2932330828125 0.68738819375 0.2932330828125 0.68246869375 0.30601503750000003 0.68738819375 0.32105263125 0.694543828125 0.3187969921875 0.6981216453125 0.3067669171875
2 0.633273703125 0.3368421046875 0.6341681578125 0.3300751875 0.6279069765624999 0.3278195484375 0.627012521875 0.3203007515625 0.6234347046875001 0.31954887187500003 0.6247763859375 0.331578946875 0.6162790703125001 0.3308270671875 0.6162790703125001 0.3368421046875 0.6234347046875001 0.3368421046875 0.6234347046875001 0.346616540625 0.627012521875 0.346616540625 0.6265652953124999 0.3368421046875 0.633273703125 0.3368421046875
6 0.6493738812500001 0.3172932328125 0.62119856875 0.3172932328125 0.62119856875 0.3218045109375 0.6493738812500001 0.3218045109375 0.6493738812500001 0.3172932328125
2 0.6220930234375001 0.3142857140625 0.6198568875 0.32105263125 0.62880143125 0.3218045109375 0.6301431125 0.3180451125 0.62611806875 0.316541353125 0.62611806875 0.3097744359375 0.6323792484374999 0.3097744359375 0.6323792484374999 0.30300751875 0.6283542046874999 0.30150375937499996 0.6292486578125 0.2939849625 0.6207513421875 0.2932330828125 0.62119856875 0.3037593984375 0.6162790703125001 0.3052631578125 0.6220930234375001 0.3142857140625
6 0.67978533125 0.180451128125 0.6842576031250001 0.17894736875 0.67978533125 0.20902255625000002 0.6833631484375 0.21127819531249997 0.683810375 0.2338345859375 0.7549194984375001 0.23308270625 0.7549194984375001 0.225563909375 0.68738819375 0.225563909375 0.68738819375 0.210526315625 0.6923076921875 0.2097744359375 0.6923076921875 0.2052631578125 0.6878354203125 0.20451127812499997 0.6878354203125 0.1887218046875 0.6940966015625001 0.1766917296875 0.68738819375 0.1736842109375 0.6878354203125 0.1676691734375 0.68246869375 0.1676691734375 0.682915921875 0.1721804515625 0.67978533125 0.1721804515625 0.67978533125 0.180451128125
2 0.6788908765625 0.1518797 0.6775491953125 0.1578947375 0.683810375 0.1586466171875 0.6833631484375 0.168421053125 0.6882826468750001 0.168421053125 0.69007155625 0.156390978125 0.6927549187500001 0.15263157968750002 0.688729875 0.1518797 0.6882826468750001 0.1413533828125 0.683810375 0.1413533828125 0.6833631484375 0.15263157968750002 0.6788908765625 0.1518797
2 0.3886404296875 0.2 0.3881932015625 0.207518796875 0.3931127015625 0.20902255625000002 0.3931127015625 0.21804511249999997 0.39937388125 0.219548871875 0.3989266546875 0.210526315625 0.40384615312500005 0.210526315625 0.40339892656250004 0.20300751875 0.3989266546875 0.20150375937499998 0.3989266546875 0.192481203125 0.3931127015625 0.1902255640625 0.3931127015625 0.2 0.3886404296875 0.2
4 0.38908765624999997 0.568421053125 0.25894454375 0.568421053125 0.25894454375 0.7112781953125 0.38908765624999997 0.7112781953125 0.38908765624999997 0.568421053125
2 0.285778175 0.5751879703125 0.2893559921875 0.5751879703125 0.2898032203125 0.5691729328124999 0.2956171734375 0.568421053125 0.2956171734375 0.56090225625 0.2898032203125 0.5586466171875 0.2898032203125 0.5526315796875 0.285778175 0.5526315796875 0.285778175 0.56090225625 0.2790697671875 0.5601503765625 0.27951699531249996 0.5676691734375 0.285778175 0.5676691734375 0.285778175 0.5751879703125
2 0.5210196781249999 0.392481203125 0.5205724515625 0.4 0.5152057250000001 0.4 0.5152057250000001 0.40902255624999995 0.5214669046875 0.40977443593749996 0.5214669046875 0.4187969921875 0.5263864046875 0.41804511250000004 0.5268336312499999 0.410526315625 0.532647584375 0.410526315625 0.532647584375 0.4007518796875 0.5263864046875 0.3992481203125 0.5259391765625 0.3932330828125 0.5210196781249999 0.392481203125
2 0.47450805 0.41804511250000004 0.4771914125 0.4187969921875 0.4780858671875 0.40977443593749996 0.48613595781249996 0.40902255624999995 0.4856887296875 0.40225563906249995 0.4794275484375 0.4007518796875 0.47898032187500006 0.3932330828125 0.4740608234375 0.3947368421875 0.4740608234375 0.4 0.46824686875 0.4007518796875 0.46779964218750003 0.4082706765625 0.4740608234375 0.4082706765625 0.47450805 0.41804511250000004
2 0.32021466875 0.3541353390625 0.3237924859375 0.353383459375 0.3237924859375 0.3383458640625 0.332289803125 0.337593984375 0.33273702968749996 0.32706766875 0.3242397140625 0.32631578906250003 0.3242397140625 0.312030075 0.3197674421875 0.3112781953125 0.3193202140625 0.325563909375 0.311270125 0.325563909375 0.31171735312500004 0.336090225 0.32021466875 0.336090225 0.32021466875 0.3541353390625
2 0.27683363125 0.353383459375 0.2804114484375 0.353383459375 0.28085867656249996 0.3368421046875 0.288908765625 0.3383458640625 0.288908765625 0.32706766875 0.281305903125 0.3278195484375 0.281305903125 0.312030075 0.277280859375 0.3112781953125 0.27638640468750003 0.325563909375 0.2678890875 0.325563909375 0.268336315625 0.336090225 0.2777280859375 0.336090225 0.27683363125 0.353383459375
1 0.2535778171875 0.31503759374999996 0.2164579609375 0.31503759374999996 0.2164579609375 0.3571428578125 0.2535778171875 0.3571428578125 0.2535778171875 0.31503759374999996
1 0.2191413234375 0.2977443609375 0.21556350625 0.298496240625 0.2160107328125 0.3067669171875 0.2526833625 0.307518796875 0.2526833625 0.2458646609375 0.31842576093749997 0.24436090156249998 0.31753130625 0.177443609375 0.2160107328125 0.177443609375 0.2160107328125 0.286466165625 0.2195885515625 0.286466165625 0.2191413234375 0.2977443609375
6 0.22808586718749999 0.30827067656249996 0.2160107328125 0.30827067656249996 0.2160107328125 0.31503759374999996 0.22808586718749999 0.31503759374999996 0.22808586718749999 0.30827067656249996
2 0.235241503125 0.3233082703125 0.23837209375 0.322556390625 0.23837209375 0.3157894734375 0.246869409375 0.3157894734375 0.246869409375 0.30827067656249996 0.23971377500000002 0.307518796875 0.23971377500000002 0.29924812031250003 0.234794275 0.3 0.233899821875 0.307518796875 0.22808586718749999 0.30601503750000003 0.2271914125 0.3157894734375 0.2343470484375 0.31503759374999996 0.235241503125 0.3233082703125
1 0.24552772812499998 0.362406015625 0.1802325578125 0.362406015625 0.18112701250000002 0.5187969921875 0.20840787187499998 0.519548871875 0.20930232499999998 0.4218045109375 0.2450805015625 0.4218045109375 0.24552772812499998 0.362406015625
6 0.17576028593749998 0.45789473750000004 0.1802325578125 0.4571428578125 0.1802325578125 0.362406015625 0.22137745937500003 0.362406015625 0.22227191406250002 0.3571428578125 0.1909660109375 0.3578947375 0.1914132375 0.3278195484375 0.1762075140625 0.328571428125 0.17576028593749998 0.45789473750000004
1 0.211091234375 0.3308270671875 0.191860465625 0.3308270671875 0.191860465625 0.3556390984375 0.211091234375 0.3556390984375 0.211091234375 0.3308270671875
2 0.211091234375 0.3443609015625 0.211091234375 0.3556390984375 0.2160107328125 0.3556390984375 0.2169051875 0.34511278125 0.22093023281250002 0.3443609015625 0.22093023281250002 0.33909774375 0.2160107328125 0.33909774375 0.2160107328125 0.3278195484375 0.2101967796875 0.328571428125 0.21064400781249998 0.3383458640625 0.2061717359375 0.3383458640625 0.2061717359375 0.34511278125 0.211091234375 0.3443609015625
2 0.233899821875 0.1872180453125 0.23747763906250002 0.1857142859375 0.23747763906250002 0.1781954890625 0.2432915921875 0.1781954890625 0.2432915921875 0.1691729328125 0.23837209375 0.1699248125 0.237924865625 0.1616541359375 0.234794275 0.1616541359375 0.23345259375 0.1676691734375 0.22674418593749998 0.16616541406250002 0.22674418593749998 0.17593985 0.2343470484375 0.1766917296875 0.233899821875 0.1872180453125
2 0.282647584375 0.1842105265625 0.28711985625 0.1842105265625 0.28711985625 0.177443609375 0.2924865828125 0.177443609375 0.2938282640625 0.1699248125 0.287567084375 0.1691729328125 0.287567084375 0.16390977499999998 0.282647584375 0.16390977499999998 0.282647584375 0.1691729328125 0.277280859375 0.1691729328125 0.27549195000000004 0.17593985 0.2830948125 0.1766917296875 0.282647584375 0.1842105265625
2 0.170393559375 0.4676691734375 0.1699463328125 0.474436090625 0.175313059375 0.4751879703125 0.175313059375 0.4857142859375 0.17978533125 0.486466165625 0.1806797859375 0.4751879703125 0.1864937390625 0.4751879703125 0.1860465109375 0.4676691734375 0.18112701250000002 0.46691729375 0.18112701250000002 0.45639097812499996 0.175313059375 0.4571428578125 0.17486583125 0.4676691734375 0.170393559375 0.4676691734375
5 0.188729875 0.712030075 0.2450805015625 0.712030075 0.24552772812499998 0.4458646609375 0.22227191406250002 0.4458646609375 0.2218246875 0.5421052625 0.188729875 0.5413533828125 0.188729875 0.712030075
2 0.1972271921875 0.5503759406250001 0.20125223593750002 0.5496240593749999 0.200805009375 0.5428571421874999 0.2070661890625 0.5428571421874999 0.2070661890625 0.519548871875 0.2016994640625 0.5187969921875 0.20125223593750002 0.5097744359374999 0.1981216453125 0.5090225562499999 0.1972271921875 0.5165413531249999 0.19007155625 0.51503759375 0.19007155625 0.5421052625 0.19767441875 0.5421052625 0.1972271921875 0.5503759406250001
6 0.17576028593749998 0.519548871875 0.16189624375 0.5180451125000001 0.161449015625 0.62105263125 0.176654740625 0.6218045109375 0.17576028593749998 0.519548871875
6 0.17978533125 0.486466165625 0.17576028593749998 0.486466165625 0.17576028593749998 0.5187969921875 0.17978533125 0.5187969921875 0.17978533125 0.486466165625
2 0.23837209375 0.3571428578125 0.2218246875 0.3571428578125 0.2218246875 0.362406015625 0.23837209375 0.362406015625 0.23837209375 0.3571428578125
6 0.2459749546875 0.356390978125 0.237924865625 0.356390978125 0.237924865625 0.3631578953125 0.2459749546875 0.3631578953125 0.2459749546875 0.356390978125
6 0.226296959375 0.17067669218749998 0.21556350625 0.17067669218749998 0.21556350625 0.1766917296875 0.226296959375 0.1766917296875 0.226296959375 0.17067669218749998
6 0.2777280859375 0.1699248125 0.2714669046875 0.171428571875 0.271019678125 0.063909775 0.2669946328125 0.062406015625 0.2669946328125 0.171428571875 0.2432915921875 0.17067669218749998 0.24373881874999997 0.1766917296875 0.277280859375 0.1781954890625 0.2777280859375 0.1699248125
6 0.5737924859375 0.401503759375 0.5330948125 0.401503759375 0.5330948125 0.407518796875 0.5737924859375 0.407518796875 0.5737924859375 0.401503759375
6 0.3931127015625 0.6353383453125 0.38908765624999997 0.6353383453125 0.38908765624999997 0.7112781953125 0.3931127015625 0.7112781953125 0.3931127015625 0.6353383453125
6 0.712432915625 0.5601503765625 0.693202146875 0.5601503765625 0.693202146875 0.56691729375 0.712432915625 0.56691729375 0.712432915625 0.5601503765625
6 0.25894454375 0.5676691734375 0.269677996875 0.5676691734375 0.2745974953125 0.57293233125 0.2790697671875 0.5751879703125 0.27951699531249996 0.55488721875 0.27683363125 0.55488721875 0.27638640468750003 0.56090225625 0.266100178125 0.559398496875 0.25805008906250004 0.553383459375 0.25670840781250004 0.57293233125 0.25894454375 0.57293233125 0.25894454375 0.5676691734375
6 0.5652951703125 0.6473684203125 0.5693202140625 0.6473684203125 0.5688729875 0.60902255625 0.5831842578125 0.6082706765625 0.583631484375 0.6203007515625 0.5876565296875 0.6203007515625 0.5872093015625001 0.6097744359374999 0.601520571875 0.60902255625 0.6131484796875 0.6203007515625 0.616726296875 0.6203007515625 0.6171735234375 0.60902255625 0.6372987484375 0.60902255625 0.6368515203125 0.601503759375 0.6176207515625001 0.601503759375 0.6171735234375 0.592481203125 0.6131484796875 0.59097744375 0.614042934375 0.601503759375 0.5983899828125 0.6007518796875 0.58810375625 0.5917293234375001 0.5845259390625 0.59097744375 0.5840787125 0.6007518796875 0.5684257609375 0.6 0.5693202140625 0.56090225625 0.5559033984374999 0.56090225625 0.5563506265625 0.5676691734375 0.5652951703125 0.56691729375 0.5652951703125 0.6473684203125
6 0.712432915625 0.46917293281249994 0.7119856890625 0.5060150375 0.7160107328125 0.5060150375 0.7151162796875 0.46090225625 0.6927549187500001 0.4616541359375 0.693202146875 0.468421053125 0.712432915625 0.46917293281249994
4 0.9235241500000001 0.56691729375 0.8358676203125001 0.56691729375 0.8358676203125001 0.710526315625 0.9235241500000001 0.710526315625 0.9235241500000001 0.56691729375
6 0.9127906984375 0.5578947375000001 0.8796958859374999 0.56090225625 0.842576028125 0.5368421046875 0.8434704828124999 0.5616541359375 0.83050089375 0.56090225625 0.8313953484375001 0.5819548875 0.834973165625 0.5827067671874999 0.8345259390624999 0.5661654140625 0.841681575 0.56691729375 0.8421288015625 0.587969925 0.8457066187500001 0.587969925 0.846153846875 0.5661654140625 0.88148479375 0.5661654140625 0.9154740609375001 0.59097744375 0.9159212875 0.5646616546875001 0.9235241500000001 0.565413534375 0.9226296953125 0.56090225625 0.9159212875 0.56090225625 0.9154740609375001 0.5338345859375 0.9123434703125 0.5353383453125 0.9127906984375 0.5578947375000001
6 0.390876565625 0.15714285781249998 0.393559928125 0.1578947375 0.393559928125 0.168421053125 0.3904293375 0.1812030078125 0.3944543828125 0.180451128125 0.394901609375 0.192481203125 0.39847942812500003 0.1932330828125 0.40071556406250003 0.1827067671875 0.3989266546875 0.17593985 0.3980322 0.1699248125 0.40205724531250003 0.1578947375 0.4016100171875 0.15263157968750002 0.3980322 0.153383459375 0.3980322 0.12406015 0.394901609375 0.1233082703125 0.394901609375 0.15037594062499998 0.390876565625 0.15037594062499998 0.390876565625 0.15714285781249998
4 0.579606440625 0.28496240625 0.5125223609375 0.28496240625 0.5125223609375 0.4 0.579606440625 0.4 0.579606440625 0.28496240625
1 0.62388193125 0.29473684218749996 0.584973165625 0.29473684218749996 0.584973165625 0.34511278125 0.62388193125 0.34511278125 0.62388193125 0.29473684218749996
1 0.667710196875 0.356390978125 0.6355098390625 0.356390978125 0.6355098390625 0.4082706765625 0.667710196875 0.4082706765625 0.667710196875 0.356390978125
0 0.6891771015625 0.3248120296875 0.6654740609375 0.3248120296875 0.6654740609375 0.3473684203125 0.6891771015625 0.3473684203125 0.6891771015625 0.3248120296875
0 0.6489266546875 0.322556390625 0.6252236140625 0.322556390625 0.6252236140625 0.34511278125 0.6489266546875 0.34511278125 0.6489266546875 0.322556390625
0 0.6493738812500001 0.2939849625 0.625670840625 0.2939849625 0.625670840625 0.316541353125 0.6493738812500001 0.316541353125 0.6493738812500001 0.2939849625
4 0.5304114484375 0.4616541359375 0.45706618906249996 0.4616541359375 0.45706618906249996 0.5601503765625 0.5304114484375 0.5601503765625 0.5304114484375 0.4616541359375
1 0.6292486578125 0.468421053125 0.6055456171875 0.468421053125 0.6055456171875 0.480451128125 0.6292486578125 0.480451128125 0.6292486578125 0.468421053125
1 0.6565295171875001 0.46691729375 0.6328264765625 0.46691729375 0.6328264765625 0.47894736875 0.6565295171875001 0.47894736875 0.6565295171875001 0.46691729375
4 0.37880143125 0.337593984375 0.25894454375 0.337593984375 0.260286225 0.55488721875 0.27683363125 0.56090225625 0.3779069765625 0.5586466171875 0.3801431125 0.3796992484375 0.37880143125 0.337593984375