7 0.6381794875 0.7930196078125 0.6111025640625 0.7930196078125 0.6111025640625 0.8627450984375 0.6381794875 0.8627450984375 0.6381794875 0.7930196078125
7 0.6424487171875 0.5348627453125 0.6139615390625 0.5348627453125 0.6139615390625 0.6034901953125 0.6424487171875 0.6034901953125 0.6424487171875 0.5348627453125
7 0.1196666671875 0.523960784375 0.09258974375 0.523960784375 0.09258974375 0.598039215625 0.1196666671875 0.598039215625 0.1196666671875 0.523960784375
7 0.12251282031249999 0.33442156875 0.09543589687500001 0.33442156875 0.09543589687500001 0.4008725484375 0.12251282031249999 0.4008725484375 0.12251282031249999 0.33442156875
7 0.31766666718750003 0.9161274515625 0.20371794843750002 0.9161274515625 0.20371794843750002 0.9390098046875 0.31766666718750003 0.9390098046875 0.31766666718750003 0.9161274515625
4 0.770655271875 0.094771240625 0.3988604 0.0860566453125 0.3960113953125 0.293028321875 0.7663817671875 0.2962962953125 0.770655271875 0.094771240625
3 0.8005698000000001 0.1601307203125 0.8048433046874999 0.0751633984375 0.373219375 0.067538125 0.36894586875 0.294117646875 0.3945868953125 0.293028321875 0.3988604 0.08496732031250001 0.773504275 0.0925925921875 0.772079771875 0.1568627453125 0.8005698000000001 0.1601307203125
7 0.8005769234375 0.1601372546875 0.7706538468749999 0.1601372546875 0.7706538468749999 0.22876470625 0.8005769234375 0.22876470625 0.8005769234375 0.1601372546875
7 0.525641025 0.922657953125 0.40313390312499997 0.919389978125 0.40170940312500003 0.9411764703125 0.5242165234375 0.9422657953125 0.525641025 0.922657953125
4 0.6182336171875 0.31808278749999996 0.12535612499999998 0.3093681921875 0.1196581203125 0.4433551203125 0.615384615625 0.4520697171875 0.6182336171875 0.31808278749999996
3 0.126780625 0.3093681921875 0.5370370359375001 0.31590413906250003 0.541310540625 0.2962962953125 0.0954415953125 0.2886710234375 0.0954415953125 0.3355119828125 0.1225071234375 0.3366013078125 0.126780625 0.3093681921875
3 0.41168091249999994 0.46949890937500005 0.4102564109375 0.44662309375 0.1225071234375 0.44226579531250004 0.1239316234375 0.40196078437500005 0.096866096875 0.40087145937499996 0.0925925921875 0.526143790625 0.1196581203125 0.526143790625 0.1239316234375 0.46514161249999997 0.41168091249999994 0.46949890937500005
4 0.11253561249999999 0.91176470625 0.6068376078125 0.922657953125 0.6125356125 0.6437908484375 0.1196581203125 0.633986928125 0.11253561249999999 0.91176470625
3 0.1139601125 0.91285403125 0.1196581203125 0.598039215625 0.09116809218750001 0.596949890625 0.0868945875 0.9346405234375 0.20512820468749998 0.938997821875 0.20512820468749998 0.9150326796874999 0.1139601125 0.91285403125
3 0.4017179484375 0.9172156859375 0.31766666718750003 0.9172156859375 0.31766666718750003 0.9411764703125 0.4017179484375 0.9411764703125 0.4017179484375 0.9172156859375
3 0.639615384375 0.6024019609375 0.6125384609375 0.6024019609375 0.6125384609375 0.7952058828124999 0.639615384375 0.7952058828124999 0.639615384375 0.6024019609375
3 0.6424615390625 0.4466274515625 0.6168205125 0.4466274515625 0.6168205125 0.5348627453125 0.6424615390625 0.5348627453125 0.6424615390625 0.4466274515625
4 0.6168091171875 0.476034859375 0.1225071234375 0.4684095859375 0.1182336171875 0.62854030625 0.6139601125 0.6372549015625 0.6168091171875 0.476034859375
3 0.6168076921875 0.452068628125 0.5099615390625 0.452068628125 0.5099615390625 0.47385294062499994 0.6168076921875 0.47385294062499994 0.6168076921875 0.452068628125
3 0.6381766390625 0.9466230937500001 0.6396011390624999 0.8627450984375 0.6096866109375 0.8627450984375 0.6082621078125 0.9237472765625 0.527065528125 0.9237472765625 0.525641025 0.9422657953125 0.6381766390625 0.9466230937500001
3 0.6168091171875 0.31808278749999996 0.6168091171875 0.3899782140625 0.6467236468750001 0.3899782140625 0.6481481484375 0.3169934640625 0.796296296875 0.3213507625 0.7991453 0.22657952187500002 0.770655271875 0.22657952187500002 0.7663817671875 0.2962962953125 0.6111111109375 0.2962962953125 0.6068376078125 0.3169934640625 0.6168091171875 0.31808278749999996
5 0.9045512828125 0.2004411765625 0.7977051281249999 0.2004411765625 0.7977051281249999 0.3159117640625 0.9045512828125 0.3159117640625 0.9045512828125 0.2004411765625
5 0.813384615625 0.7799607843749999 0.7122564109375 0.7799607843749999 0.7122564109375 0.8333333328125001 0.813384615625 0.8333333328125001 0.813384615625 0.7799607843749999
1 0.8917378921875001 0.713507625 0.641025640625 0.7080610015625 0.6396011390624999 0.7712418296875 0.8917378921875001 0.776688453125 0.8917378921875001 0.713507625
6 0.9031339031250001 0.7037037046875 0.8931623921874999 0.702614378125 0.8917378921875001 0.776688453125 0.803418803125 0.7745098046875001 0.8076923078125 0.7821350765624999 0.9002848999999999 0.7832244 0.9031339031250001 0.7037037046875
6 0.8974487171875 0.7015294125 0.8105512828125001 0.7015294125 0.8105512828125001 0.7113333328125 0.8974487171875 0.7113333328125 0.8974487171875 0.7015294125
1 0.8988604 0.3213507625 0.6481481484375 0.3169934640625 0.64245014375 0.69716775625 0.897435896875 0.7015250546875 0.8988604 0.3213507625
6 0.7136794875 0.6971568625 0.6410384609374999 0.6971568625 0.6410384609374999 0.7080588234375 0.7136794875 0.7080588234375 0.7136794875 0.6971568625
6 0.40313390312499997 0.635076253125 0.1168091171875 0.62854030625 0.11538461562499999 0.6361655765625 0.4059829046875 0.642701525 0.40313390312499997 0.635076253125
6 0.6139601125 0.6372549015625 0.5085470078125 0.635076253125 0.5071225078125 0.642701525 0.615384615625 0.642701525 0.6139601125 0.6372549015625
6 0.9031339031250001 0.381263615625 0.9059829046875001 0.3202614375 0.8988604 0.3213507625 0.8960113953125 0.7015250546875 0.9102564109375001 0.69934640625 0.914529915625 0.3801742921875 0.9031339031250001 0.381263615625
6 0.725071225 0.7745098046875001 0.6396011390624999 0.7723311546875 0.641025640625 0.779956428125 0.725071225 0.7832244 0.725071225 0.7745098046875001
2 0.7193732203125001 0.713507625 0.7321937328125 0.7145969484375 0.7336182328125 0.704793028125 0.757834759375 0.705882353125 0.7564102562499999 0.723311546875 0.7649572640625 0.7254901953124999 0.770655271875 0.709150328125 0.8105413109375 0.7080610015625 0.8091168109375 0.6982570796875 0.770655271875 0.69498910625 0.7763532765625001 0.6786492375 0.757834759375 0.6797385625000001 0.759259259375 0.69498910625 0.7378917390625 0.69498910625 0.727920228125 0.686274509375 0.7136752125 0.6938997828125 0.7136752125 0.7037037046875 0.7222222234375 0.704793028125 0.7193732203125001 0.713507625
2 0.5099715109375 0.6263616546875 0.40313390312499997 0.6230936828125 0.40170940312500003 0.649237471875 0.5113960109375 0.651416121875 0.5099715109375 0.6263616546875
2 0.8048433046874999 0.7690631796875 0.7222222234375 0.7723311546875 0.7236467234374999 0.7854030515625 0.803418803125 0.784313725 0.8048433046874999 0.7690631796875
2 0.8105413109375 0.331154684375 0.8219373234375 0.3322440078125 0.8219373234375 0.3235294125 0.854700853125 0.3235294125 0.854700853125 0.347494553125 0.8632478640624999 0.35076252812500003 0.8646723640625 0.3267973859375 0.8803418796875 0.3257080609375 0.8903133890625 0.330065359375 0.8931623921874999 0.3169934640625 0.8632478640624999 0.3169934640625 0.8646723640625 0.2995642703125 0.854700853125 0.30065359375 0.85612535625 0.3169934640625 0.8233618234375 0.3169934640625 0.8205128203125 0.30827886718749997 0.7991453 0.310457515625 0.796296296875 0.3213507625 0.8105413109375 0.3202614375 0.8105413109375 0.331154684375
2 0.571225071875 0.3333333328125 0.5826210828125 0.33442265937500004 0.585470084375 0.3202614375 0.6111111109375 0.3202614375 0.6111111109375 0.2962962953125 0.585470084375 0.295206971875 0.585470084375 0.279956428125 0.575498575 0.27777777812500004 0.571225071875 0.2919389984375 0.5370370359375001 0.2897603484375 0.5370370359375001 0.3169934640625 0.571225071875 0.31808278749999996 0.571225071875 0.3333333328125
2 0.45726495624999997 0.492374728125 0.47150997187500004 0.489106753125 0.47150997187500004 0.476034859375 0.5085470078125 0.47385620937499995 0.5099715109375 0.44989106718749994 0.474358975 0.44989106718749994 0.4786324796875 0.43355119843749995 0.4629629640625 0.43137254843750006 0.45726495624999997 0.44989106718749994 0.4074074078125 0.44771241718750004 0.4088319078125 0.47276688437500003 0.4615384609375 0.47385620937499995 0.45726495624999997 0.492374728125
2 0.596866096875 0.41285403125000003 0.5954415953125001 0.4237472765625 0.6182336171875 0.42592592500000004 0.615384615625 0.44662309375 0.645299146875 0.44771241718750004 0.6467236468750001 0.42483660156249997 0.66809116875 0.42483660156249997 0.66951566875 0.4150326796875 0.6467236468750001 0.4139433546875 0.6481481484375 0.3877995640625 0.6182336171875 0.3877995640625 0.6182336171875 0.4150326796875 0.596866096875 0.41285403125000003