7 0.08179389375 0.8567469046875 0.05270992343749999 0.8567469046875 0.05270992343749999 0.9343672625 0.08179389375 0.9343672625 0.08179389375 0.8567469046875
7 0.08179389375 0.7417881703125 0.054541984375 0.7417881703125 0.054541984375 0.7938652 0.08179389375 0.7938652 0.08179389375 0.7417881703125
3 0.41175110000000004 0.6252344640625 0.41175110000000004 0.7227710390625 0.430256765625 0.7233962734375 0.432569975 0.6121045390625001 0.08443210625 0.6102288359375 0.0855887125 0.5933475046875001 0.05436039687500001 0.5927222703125 0.055517003125 0.6458672015625 0.08327550312500001 0.6458672015625 0.08327550312500001 0.62398399375 0.41175110000000004 0.6252344640625
7 0.082111959375 0.646492434375 0.053206106249999996 0.646492434375 0.053206106249999996 0.6965061890625 0.082111959375 0.6965061890625 0.082111959375 0.646492434375
7 0.08212468125 0.540206328125 0.055534351562499994 0.540206328125 0.055534351562499994 0.592723521875 0.08212468125 0.592723521875 0.08212468125 0.540206328125
7 0.0855979640625 0.43892022031250005 0.055521628125 0.43892022031250005 0.055521628125 0.4970632734375 0.0855979640625 0.4970632734375 0.0855979640625 0.43892022031250005
7 0.946094146875 0.5377028890625 0.9183333328125001 0.5377028890625 0.9183333328125001 0.5952269593749999 0.946094146875 0.5952269593749999 0.946094146875 0.5377028890625
7 0.94726463125 0.44641678125000006 0.9195038171875 0.44641678125000006 0.9195038171875 0.4958115546875 0.94726463125 0.4958115546875 0.94726463125 0.44641678125000006
7 0.9414885500000001 0.6421114171875 0.9171882953124999 0.6421114171875 0.9171882953124999 0.6983837687500001 0.9414885500000001 0.6983837687500001 0.9414885500000001 0.6421114171875
7 0.944949109375 0.7415337 0.9171882953124999 0.7415337 0.9171882953124999 0.799676753125 0.944949109375 0.799676753125 0.944949109375 0.7415337
7 0.9437786265625 0.8528198078125 0.9160178109375 0.8528198078125 0.9160178109375 0.9234663 0.9437786265625 0.9234663 0.9437786265625 0.8528198078125
7 0.164236640625 0.2813548828125 0.1376463109375 0.2813548828125 0.1376463109375 0.358259971875 0.164236640625 0.358259971875 0.164236640625 0.2813548828125
7 0.164236640625 0.14381017812500002 0.13993638749999998 0.14381017812500002 0.13993638749999998 0.2194635484375 0.164236640625 0.2194635484375 0.164236640625 0.14381017812500002
7 0.86861323125 0.14568087968750001 0.8420229000000001 0.14568087968750001 0.8420229000000001 0.2238376890625 0.86861323125 0.2238376890625 0.86861323125 0.14568087968750001
3 0.840851259375 0.11129173437499999 0.8709229687500001 0.11129173437499999 0.8709229687500001 0.10003751406250001 0.9495720562500001 0.10003751406250001 0.9484154531250001 0.059397273437499995 0.9218135546875 0.059397273437499995 0.9206569515625 0.0825309484375 0.840851259375 0.0831561828125 0.840851259375 0.11129173437499999
7 0.9484096687499999 0.0287689140625 0.9218193390625 0.0287689140625 0.9218193390625 0.05940164999999999 0.9484096687499999 0.05940164999999999 0.9484096687499999 0.0287689140625
3 0.16886421406250002 0.108790796875 0.1677076109375 0.080655246875 0.0902151265625 0.080655246875 0.0913717328125 0.055020632812500005 0.058986814062500004 0.055645867187499996 0.060143420312499994 0.0975365765625 0.13879250625 0.09816181093750001 0.13879250625 0.1081655625 0.16886421406250002 0.108790796875
7 0.087888040625 0.02688445625 0.0589821890625 0.02688445625 0.0589821890625 0.055646492187499993 0.087888040625 0.055646492187499993 0.087888040625 0.02688445625
3 0.164236640625 0.1381774421875 0.1411068703125 0.1381774421875 0.1411068703125 0.1444360390625 0.164236640625 0.1444360390625 0.164236640625 0.1381774421875
3 0.8674427484375 0.1406808796875 0.8408524171874999 0.1406808796875 0.8408524171874999 0.146306740625 0.8674427484375 0.146306740625 0.8674427484375 0.1406808796875
7 0.86861323125 0.2832393390625 0.8408524171874999 0.2832393390625 0.8408524171874999 0.3595116921875 0.86861323125 0.3595116921875 0.86861323125 0.2832393390625
2 0.8152280281250001 0.37826685000000004 0.8152280281250001 0.3819701625 0.8357799953124999 0.3819701625 0.8348013312499999 0.3962543640625 0.8700332749999999 0.3957253203125 0.8690546109374999 0.3840863390625 0.8944999031249999 0.3835572953125 0.8974358984374999 0.37773780625 0.8700332749999999 0.37879589375 0.8700332749999999 0.3666278703125 0.837737325 0.3666278703125 0.8367586609375 0.37773780625 0.8152280281250001 0.37826685000000004
3 0.868600509375 0.3601306734375 0.8396946562500001 0.3601306734375 0.8396946562500001 0.365756534375 0.868600509375 0.365756534375 0.868600509375 0.3601306734375
3 0.5216157765625 0.028755157812499998 0.4903944015625 0.028755157812499998 0.4903944015625 0.619607978125 0.5216157765625 0.619607978125 0.5216157765625 0.028755157812499998
3 0.514681934375 0.7171389265625 0.48577608124999994 0.7171389265625 0.48577608124999994 0.948473178125 0.514681934375 0.948473178125 0.514681934375 0.7171389265625
3 0.0797964375 0.9341059140624999 0.0543511453125 0.9341059140624999 0.0543511453125 0.9466093531249999 0.0797964375 0.9466093531249999 0.0797964375 0.9341059140624999
3 0.0832824421875 0.793425034375 0.054376590625 0.793425034375 0.054376590625 0.8571939484375 0.0832824421875 0.8571939484375 0.0832824421875 0.793425034375
3 0.0832824421875 0.6958872078125 0.053206106249999996 0.6958872078125 0.053206106249999996 0.742159559375 0.0832824421875 0.742159559375 0.0832824421875 0.6958872078125
3 0.08441475781249999 0.4964442921875 0.05782442812500001 0.4964442921875 0.05782442812500001 0.5408321875000001 0.08441475781249999 0.5408321875000001 0.08441475781249999 0.4964442921875
3 0.9437786265625 0.8003026140625 0.9171882953124999 0.8003026140625 0.9171882953124999 0.8534525453124999 0.9437786265625 0.8534525453124999 0.9437786265625 0.8003026140625
3 0.94726463125 0.4958115546875 0.91604325625 0.4958115546875 0.91604325625 0.5376960109375 0.94726463125 0.5376960109375 0.94726463125 0.4958115546875
3 0.86861323125 0.2238376890625 0.8420229000000001 0.2238376890625 0.8420229000000001 0.2832324625 0.86861323125 0.2832324625 0.86861323125 0.2238376890625
3 0.1642493640625 0.22008940781250003 0.138804071875 0.22008940781250003 0.138804071875 0.2807359015625 0.1642493640625 0.2807359015625 0.1642493640625 0.22008940781250003
3 0.916030534375 0.447042640625 0.9472588468750001 0.445792171875 0.9472588468750001 0.404526696875 0.8686097609375001 0.4039014640625 0.8686097609375001 0.3951481796875 0.8373814484375 0.395773415625 0.8373814484375 0.4245342015625 0.91487393125 0.4245342015625 0.916030534375 0.447042640625
3 0.055517003125 0.43953982812500003 0.086745315625 0.44016506250000004 0.086745315625 0.4170313859375 0.16539440156250002 0.41765662187499997 0.1642377984375 0.39264724218749997 0.13879250625 0.39264724218749997 0.13879250625 0.40265099375 0.0578302109375 0.401400525 0.055517003125 0.43953982812500003
3 0.5759888953125001 0.6127297734375 0.5771455015625 0.6277353999999999 0.916030534375 0.6271101671875 0.9171871375 0.64211579375 0.9449456390625001 0.6414905578125001 0.9461022437500001 0.5958484421875 0.91487393125 0.5958484421875 0.91487393125 0.6114793046875 0.5759888953125001 0.6127297734375
3 0.5748322921875 0.71026635 0.5759888953125001 0.7240215078125 0.9171871375 0.7246467421875 0.9171871375 0.7421533078125 0.9449456390625001 0.7415280734375 0.9449456390625001 0.6990121296875 0.91834374375 0.6990121296875 0.91834374375 0.710891584375 0.5748322921875 0.71026635
1 0.9444147578125 0.2544704265625 0.8700381671875 0.2544704265625 0.8700381671875 0.4052544703125 0.9444147578125 0.4052544703125 0.9444147578125 0.2544704265625
6 0.94726463125 0.2488376890625 0.86861323125 0.2488376890625 0.86861323125 0.2544635484375 0.94726463125 0.2544635484375 0.94726463125 0.2488376890625
6 0.0589821890625 0.2550962859375 0.0497201015625 0.2550962859375 0.0497201015625 0.4007771671875 0.0589821890625 0.4007771671875 0.0589821890625 0.2550962859375
1 0.13898218906249998 0.2507702890625 0.058727735937500004 0.2507702890625 0.058727735937500004 0.40259972499999996 0.13898218906249998 0.40259972499999996 0.13898218906249998 0.2507702890625
6 0.1387786265625 0.246973865625 0.0589821890625 0.246973865625 0.0589821890625 0.25134800625 0.1387786265625 0.25134800625 0.1387786265625 0.246973865625
4 0.166373065625 0.24653475781249998 0.48933255000000003 0.24653475781249998 0.48933255000000003 0.049201143749999995 0.41495400312499997 0.0486720984375 0.41299667187500005 0.088879484375 0.1673517328125 0.0862342609375 0.166373065625 0.24653475781249998
4 0.41201800781250003 0.447042640625 0.48541789062499996 0.44651359687500003 0.48933255000000003 0.2544704265625 0.166373065625 0.25288329374999996 0.1644157375 0.41053856718750004 0.41201800781250003 0.41318378906250003 0.41201800781250003 0.447042640625
6 0.489236640625 0.2469669875 0.16653944062499998 0.2469669875 0.16653944062499998 0.253225584375 0.489236640625 0.253225584375 0.489236640625 0.2469669875
2 0.13799177812500002 0.12644164687499998 0.13799177812500002 0.138609671875 0.1673517328125 0.139138715625 0.1673517328125 0.12644164687499998 0.19475435624999998 0.12644164687499998 0.192797025 0.12062215624999999 0.168330396875 0.1211512015625 0.1673517328125 0.1084541328125 0.1389704453125 0.1084541328125 0.1389704453125 0.12168024531249999 0.11254648593750001 0.12168024531249999 0.11254648593750001 0.126970690625 0.13799177812500002 0.12644164687499998
4 0.349383440625 0.0502592328125 0.398316696875 0.0497301875 0.40027402500000003 0.02856840625 0.08905852343750001 0.027510315624999997 0.088079859375 0.080943815625 0.35036210625 0.0825309484375 0.349383440625 0.0502592328125
6 0.166373065625 0.080943815625 0.1673517328125 0.0862342609375 0.41201800781250003 0.0883504390625 0.41201800781250003 0.07988572656250001 0.3992953609375 0.07988572656250001 0.39733803125 0.0825309484375 0.3601487578125 0.0820019046875 0.3601487578125 0.0544915890625 0.41201800781250003 0.0544915890625 0.41397533906249995 0.0486720984375 0.4237619890625 0.049201143749999995 0.42571931875 0.041265475 0.41299667187500005 0.041794518749999995 0.41201800781250003 0.029097450000000004 0.40027402500000003 0.0296264953125 0.40027402500000003 0.0502592328125 0.3513407703125 0.051317320312500005 0.35036210625 0.0825309484375 0.166373065625 0.080943815625
1 0.40027989843749995 0.0544979375 0.362111959375 0.0544979375 0.362111959375 0.082008253125 0.40027989843749995 0.082008253125 0.40027989843749995 0.0544979375
2 0.3797220578125 0.065072478125 0.38070072499999996 0.0708919703125 0.398316696875 0.07036292499999999 0.3992953609375 0.0804147703125 0.41201800781250003 0.081472859375 0.41495400312499997 0.0708919703125 0.4335486390625 0.0714210140625 0.43061264374999997 0.06665961249999999 0.41397533906249995 0.0656015234375 0.41299667187500005 0.055549676562500004 0.40027402500000003 0.055020632812500005 0.3992953609375 0.06613056875 0.3797220578125 0.065072478125
2 0.4452926203125 0.040736431249999996 0.42278332343749997 0.040736431249999996 0.4237619890625 0.0497301875 0.44431395625 0.0497301875 0.4452926203125 0.06242725624999999 0.45410060625000004 0.06189821250000001 0.4531219421875 0.0486720984375 0.4795458984375 0.049201143749999995 0.480524565625 0.040207384375 0.4531219421875 0.040207384375 0.45116461093750004 0.026981271875 0.44431395625 0.0280393609375 0.4452926203125 0.040736431249999996
4 0.5930710515625 0.089937571875 0.59502838125 0.051846365625 0.5196711671875 0.051317320312500005 0.518692503125 0.248121890625 0.8416519875 0.24865093749999997 0.8416519875 0.089408528125 0.5930710515625 0.089937571875
2 0.5470737906250001 0.065072478125 0.5549031125 0.064543434375 0.5568604421875001 0.0534335 0.5813270687500001 0.052904454687500005 0.5823057359375 0.046026875 0.5558817765625 0.045497831249999995 0.5558817765625 0.0322717171875 0.5490311218749999 0.031213628124999997 0.5500097859374999 0.0449687875 0.526521825 0.045497831249999995 0.5255431609375 0.051317320312500005 0.54805245625 0.0507882765625 0.5470737906250001 0.065072478125
4 0.6449403 0.0825309484375 0.9219025234375 0.08358903906250001 0.9219025234375 0.029097450000000004 0.6038363671875 0.029097450000000004 0.6048150328124999 0.0502592328125 0.6449403 0.051317320312500005 0.6449403 0.0825309484375
6 0.59502838125 0.051846365625 0.5960070453124999 0.056607765624999994 0.636132315625 0.056078721875 0.6371109796875001 0.0820019046875 0.594049715625 0.081472859375 0.594049715625 0.0883504390625 0.8406733203125001 0.089408528125 0.8426306515625 0.0825309484375 0.6439616359375 0.0820019046875 0.6449403 0.051317320312500005 0.6028577015625001 0.0502592328125 0.6028577015625001 0.044439740625 0.5803484046875 0.045497831249999995 0.5803484046875 0.052375409375 0.59502838125 0.051846365625
2 0.6243883328125001 0.0296264953125 0.5764337453125 0.029097450000000004 0.5764337453125 0.035445984375 0.594049715625 0.0349169390625 0.594049715625 0.044439740625 0.605793696875 0.044439740625 0.6038363671875 0.0349169390625 0.6263456640625 0.035445984375 0.6243883328125001 0.0296264953125
2 0.572519084375 0.0671886578125 0.5715404203125 0.072479103125 0.5930710515625 0.072479103125 0.5930710515625 0.081472859375 0.6038363671875 0.0825309484375 0.6067723609375 0.072479103125 0.6243883328125001 0.072479103125 0.625367 0.068246746875 0.6048150328124999 0.068246746875 0.605793696875 0.05819490000000001 0.59502838125 0.057136810937500004 0.594049715625 0.068246746875 0.572519084375 0.0671886578125
2 0.817185359375 0.12326737968749998 0.8162066953125 0.12908686875 0.837737325 0.13014495937499998 0.837737325 0.1396677609375 0.8729692703125 0.1401968046875 0.8739479343750001 0.12908686875 0.8984145625 0.1285578234375 0.8984145625 0.12485451249999999 0.8710119390625 0.1237964234375 0.8700332749999999 0.11057030937500001 0.8396946562500001 0.11004126562500001 0.8416519875 0.1237964234375 0.817185359375 0.12326737968749998
2 0.113525153125 0.376150671875 0.10961049062499999 0.38144111718749996 0.13505578437500002 0.38038302812499997 0.13505578437500002 0.3936091421875 0.1673517328125 0.3936091421875 0.166373065625 0.3819701625 0.19475435624999998 0.3809120734375 0.1957330203125 0.376150671875 0.1673517328125 0.376150671875 0.168330396875 0.3645116921875 0.13799177812500002 0.363453603125 0.1370131140625 0.376150671875 0.113525153125 0.376150671875
3 0.16441475781249998 0.3586863828125 0.137010178125 0.3586863828125 0.137010178125 0.36398211874999997 0.16441475781249998 0.36398211874999997 0.16441475781249998 0.3586863828125
4 0.59502838125 0.41318378906250003 0.8357799953124999 0.4142418796875 0.8416519875 0.25605755937499997 0.5235858296875 0.255528515625 0.52456449375 0.44651359687500003 0.59502838125 0.447571684375 0.59502838125 0.41318378906250003
6 0.59502838125 0.45339117656249994 0.59502838125 0.45709448750000004 0.6018790375 0.45762353281249996 0.6018790375 0.45074595312500004 0.641025640625 0.45127499687499995 0.6420043046874999 0.41794519062499996 0.634174984375 0.4184742359375 0.634174984375 0.4459845515625 0.5960070453124999 0.4454555078125 0.5823057359375 0.447042640625 0.5813270687500001 0.45286213125 0.59502838125 0.45339117656249994
2 0.5695830890625 0.430642259375 0.570561753125 0.43487461562499996 0.5930710515625 0.4338165265625 0.594049715625 0.44439741875000005 0.6038363671875 0.44492646249999995 0.6038363671875 0.4338165265625 0.6263456640625 0.4354036609375 0.6243883328125001 0.43011321562499993 0.6067723609375 0.4290551265625 0.605793696875 0.41900328125 0.594049715625 0.41900328125 0.59502838125 0.4311713046875 0.5695830890625 0.430642259375
1 0.52456449375 0.4539202203125 0.5226071625 0.61104645 0.5823057359375 0.6121045390625001 0.5832843999999999 0.5655486187500001 0.7046388734375 0.5480901484375 0.7026815421875 0.5205798328125 0.5920923874999999 0.5200507875 0.59502838125 0.45497830937500006 0.52456449375 0.4539202203125
2 0.550988453125 0.468204421875 0.5607751015625 0.4687334671875 0.5607751015625 0.4544492640625 0.5823057359375 0.4544492640625 0.5852417296875 0.4459845515625 0.5607751015625 0.44651359687500003 0.5597964375 0.43593270625 0.5519671171875 0.43487461562499996 0.5519671171875 0.447042640625 0.5275004890625 0.447042640625 0.5284791546875 0.4539202203125 0.550988453125 0.45497830937500006 0.550988453125 0.468204421875
2 0.5715404203125 0.463972065625 0.570561753125 0.4703206015625 0.59502838125 0.4703206015625 0.5930710515625 0.47878531406249997 0.6048150328124999 0.4793143578125 0.6048150328124999 0.46926251093750004 0.6243883328125001 0.46979155781250004 0.6214523390625 0.4660882453125 0.6048150328124999 0.46555920000000006 0.6048150328124999 0.45709448750000004 0.59502838125 0.45762353281249996 0.5960070453124999 0.46503015468750003 0.5715404203125 0.463972065625
1 0.2896848703125 0.5470320609375 0.30827950625 0.545973971875 0.41495400312499997 0.565019575 0.4159326671875 0.6121045390625001 0.4863965546875 0.61051740625 0.4883538859375 0.4544492640625 0.41495400312499997 0.4539202203125 0.41495400312499997 0.5179346109375 0.2877275390625 0.5184636546875 0.2896848703125 0.5470320609375
2 0.44724995156249997 0.4327584390625 0.446271284375 0.44651359687500003 0.4237619890625 0.4459845515625 0.42180465937499995 0.4544492640625 0.446271284375 0.4539202203125 0.446271284375 0.46926251093750004 0.45410060625000004 0.46926251093750004 0.4531219421875 0.45497830937500006 0.47758857031249996 0.45497830937500006 0.478567234375 0.4459845515625 0.45410060625000004 0.44651359687500003 0.455079271875 0.43434557187499995 0.44724995156249997 0.4327584390625
4 0.358191428125 0.479843403125 0.40223135625 0.479843403125 0.4012526921875 0.4502169078125 0.358191428125 0.4502169078125 0.35917009218749996 0.4184742359375 0.088079859375 0.41741614531250004 0.0851438625 0.5115860750000001 0.358191428125 0.5115860750000001 0.358191428125 0.479843403125
6 0.35917009218749996 0.4502169078125 0.40321002031250003 0.4496878640625 0.40321002031250003 0.45762353281249996 0.41103934375 0.45868162031250004 0.41201800781250003 0.45286213125 0.42180465937499995 0.4539202203125 0.42278332343749997 0.4459845515625 0.36895674375 0.4459845515625 0.3709140734375 0.41794519062499996 0.41103934375 0.4184742359375 0.41103934375 0.41371283437499995 0.166373065625 0.41159665624999997 0.16539440156250002 0.4163580578125 0.3601487578125 0.41794519062499996 0.35917009218749996 0.4502169078125
1 0.40124681874999996 0.41848005468749994 0.37091603125 0.41848005468749994 0.37091603125 0.4449312234375 0.40124681874999996 0.4449312234375 0.40124681874999996 0.41848005468749994
2 0.3816793890625 0.4295841703125 0.3797220578125 0.43434557187499995 0.40223135625 0.43434557187499995 0.4012526921875 0.44492646249999995 0.41397533906249995 0.44492646249999995 0.41299667187500005 0.43434557187499995 0.4335486390625 0.43487461562499996 0.432569975 0.4285260828125 0.41397533906249995 0.42799703750000007 0.41299667187500005 0.4184742359375 0.40321002031250003 0.41900328125 0.40321002031250003 0.43011321562499993 0.3816793890625 0.4295841703125
6 0.358191428125 0.5121151203125 0.0851438625 0.5115860750000001 0.0841651984375 0.5174055656250001 0.41201800781250003 0.5179346109375 0.41201800781250003 0.508940853125 0.40223135625 0.509469896875 0.40223135625 0.512644165625 0.3669994125 0.512644165625 0.3669994125 0.48513384843749996 0.41299667187500005 0.484604803125 0.4100606765625 0.4777272234375 0.40321002031250003 0.48037244687499997 0.35917009218749996 0.48037244687499997 0.358191428125 0.5121151203125
2 0.38070072499999996 0.4645011109375 0.37874339375 0.4703206015625 0.40223135625 0.46979155781250004 0.40027402500000003 0.4766691359375 0.41103934375 0.4777272234375 0.41299667187500005 0.4703206015625 0.42963397968750006 0.4703206015625 0.4315913109375 0.46503015468750003 0.41397533906249995 0.46503015468750003 0.41397533906249995 0.45762353281249996 0.40223135625 0.45709448750000004 0.40223135625 0.46503015468750003 0.38070072499999996 0.4645011109375
4 0.6038363671875 0.48037244687499997 0.641025640625 0.48037244687499997 0.641025640625 0.5121151203125 0.9150518703125 0.5121151203125 0.916030534375 0.4253518140625 0.837737325 0.4253518140625 0.8367586609375 0.4205904140625 0.6439616359375 0.41953232500000004 0.642982971875 0.451804040625 0.6038363671875 0.45127499687499995 0.6038363671875 0.48037244687499997
6 0.5920923874999999 0.513173209375 0.5920923874999999 0.5189926984375 0.916030534375 0.5200507875 0.9170091984375001 0.512644165625 0.641025640625 0.512644165625 0.6400469765625 0.48037244687499997 0.594049715625 0.47878531406249997 0.594049715625 0.4867209828125 0.6331963203125001 0.4861919375 0.6331963203125001 0.513173209375 0.5920923874999999 0.513173209375
2 0.572519084375 0.496243784375 0.5715404203125 0.5020632734375 0.5911137203125 0.5020632734375 0.5920923874999999 0.5142312984374999 0.6048150328124999 0.5137022531250001 0.6048150328124999 0.5015342296874999 0.6243883328125001 0.5020632734375 0.62340966875 0.4978309171875 0.607751028125 0.4978309171875 0.607751028125 0.4872500265625 0.5930710515625 0.4872500265625 0.5930710515625 0.49571473906249996 0.572519084375 0.496243784375
1 0.4022391859375 0.48566024687500003 0.367989821875 0.48566024687500003 0.367989821875 0.5121114171875 0.4022391859375 0.5121114171875 0.4022391859375 0.48566024687500003
2 0.384615384375 0.496243784375 0.38070072499999996 0.5010051843750001 0.40321002031250003 0.5010051843750001 0.40223135625 0.51105703125 0.4159326671875 0.5105279859375 0.41495400312499997 0.5010051843750001 0.4364846359375 0.5015342296874999 0.43452730468749995 0.496243784375 0.41299667187500005 0.496243784375 0.41201800781250003 0.48566289218750003 0.40223135625 0.48513384843749996 0.40223135625 0.4973018734375 0.384615384375 0.496243784375
2 0.27500489375 0.5348640359375 0.2769622234375 0.5480901484375 0.2877275390625 0.5480901484375 0.288706203125 0.5353930796874999 0.3112155015625 0.5348640359375 0.3092581734375 0.529573590625 0.2877275390625 0.529573590625 0.286748875 0.5174055656250001 0.2759835578125 0.5174055656250001 0.2759835578125 0.529573590625 0.24760227031249998 0.5306316796874999 0.2505382640625 0.5348640359375 0.27500489375 0.5348640359375
0 0.3376394609375 0.5597291296875 0.304364846875 0.55338059375 0.2456449421875 0.5539096390625 0.24270894375 0.6121045390625001 0.33666079375 0.6115754953125 0.3376394609375 0.5597291296875
2 0.31219416718750004 0.5644905296875 0.319044821875 0.5660776640625 0.3249168140625 0.55761295 0.3356821296875 0.5597291296875 0.3425327859375 0.554438684375 0.327852809375 0.5512644171875001 0.33372479843749997 0.542270659375 0.3268741421875 0.54121256875 0.32100215312499997 0.5491482375000001 0.3073008421875 0.5470320609375 0.3053435109375 0.55232250625 0.319044821875 0.5565548625 0.31219416718750004 0.5644905296875
0 0.40321002031250003 0.571368109375 0.35036210625 0.5618453062500001 0.3464474453125 0.6126335828125 0.40516735156249994 0.6136916718750001 0.40321002031250003 0.571368109375
6 0.349383440625 0.56078721875 0.3552554328125 0.5623743515624999 0.361127421875 0.55708390625 0.34057545624999996 0.5549677281250001 0.3376394609375 0.613162628125 0.3464474453125 0.613162628125 0.349383440625 0.56078721875
2 0.37385006875000004 0.5771876 0.3816793890625 0.5666067078125 0.40027402500000003 0.5703100203125 0.40516735156249994 0.562903396875 0.386572715625 0.5592000859375 0.39244470468750003 0.54861919375 0.382658053125 0.5475611046875 0.3758074 0.558671040625 0.3621060859375 0.5549677281250001 0.356234096875 0.5618453062500001 0.37385006875000004 0.565019575 0.3669994125 0.575600465625 0.37385006875000004 0.5771876
2 0.6762575859375 0.5369802124999999 0.7046388734375 0.5369802124999999 0.7046388734375 0.550735371875 0.7388921500000001 0.550206328125 0.7398708171874999 0.535922125 0.767273440625 0.535922125 0.7653161093749999 0.53168976875 0.736934821875 0.5306316796874999 0.7398708171874999 0.51952174375 0.7046388734375 0.5200507875 0.7046388734375 0.53274785625 0.67527891875 0.53274785625 0.6762575859375 0.5369802124999999
0 0.5960070453124999 0.5708390640625 0.5969857125 0.6126335828125 0.6498336265625 0.6121045390625001 0.6527696234375 0.5618453062500001 0.5960070453124999 0.5708390640625
6 0.6508122921874999 0.6121045390625001 0.6615776078125 0.6121045390625001 0.6615776078125 0.5613162625 0.6684282640625 0.5597291296875 0.6615776078125 0.5539096390625 0.642982971875 0.55761295 0.6459189671875001 0.562903396875 0.6527696234375 0.5623743515624999 0.6508122921874999 0.6121045390625001
0 0.7026815421875 0.5549677281250001 0.6635349390624999 0.56078721875 0.662556271875 0.6121045390625001 0.7565081218749999 0.6121045390625001 0.7535721265624999 0.554438684375 0.7026815421875 0.5549677281250001
2 0.6938735578124999 0.5676647984375001 0.6860442359375 0.55761295 0.701702878125 0.5554967734375 0.6968095515625 0.5491482375000001 0.68408690625 0.5512644171875001 0.6762575859375 0.542270659375 0.6684282640625 0.5438577921875 0.673321590625 0.5517934609374999 0.66059894375 0.5539096390625 0.6684282640625 0.5613162625 0.67723625 0.5592000859375 0.6860442359375 0.56925193125 0.6938735578124999 0.5676647984375001
6 0.59502838125 0.5708390640625 0.6018790375 0.5687228859375 0.5960070453124999 0.5639614859375001 0.5832843999999999 0.5655486187500001 0.5823057359375 0.613162628125 0.59502838125 0.6126335828125 0.59502838125 0.5708390640625
2 0.609708359375 0.550206328125 0.6155803484375 0.5592000859375 0.5960070453124999 0.562903396875 0.600900371875 0.5703100203125 0.61851634375 0.5666067078125 0.625367 0.5771876 0.636132315625 0.5761295109375 0.630260325 0.5666067078125 0.6498336265625 0.562903396875 0.6420043046874999 0.55708390625 0.6243883328125001 0.56078721875 0.6175376796875 0.54861919375 0.609708359375 0.550206328125
1 0.575458015625 0.6195116921875 0.43354961875000003 0.6195116921875 0.43354961875000003 0.716856946875 0.575458015625 0.716856946875 0.575458015625 0.6195116921875
2 0.45410060625000004 0.6337953656249999 0.461929928125 0.6327372765625 0.461929928125 0.621627340625 0.4883538859375 0.621627340625 0.48933255000000003 0.6115754953125 0.46095126249999996 0.61104645 0.46095126249999996 0.596762246875 0.452143278125 0.5962332015625 0.452143278125 0.61051740625 0.432569975 0.61051740625 0.4315913109375 0.618453075 0.4531219421875 0.6195111625 0.45410060625000004 0.6337953656249999
2 0.542180465625 0.6364405890625 0.550988453125 0.6353825 0.5529457812499999 0.625330653125 0.5764337453125 0.626388740625 0.5764337453125 0.61104645 0.550988453125 0.6115754953125 0.5500097859374999 0.5994074703125001 0.5412018015625 0.598878425 0.5412018015625 0.6115754953125 0.5235858296875 0.61051740625 0.5216284984375 0.6205692515625 0.5431591296875 0.621627340625 0.542180465625 0.6364405890625
1 0.4844529265625 0.7242572218750001 0.35330788750000003 0.7242572218750001 0.35330788750000003 0.81948418125 0.4844529265625 0.81948418125 0.4844529265625 0.7242572218750001
2 0.3748287328125 0.7369590515625 0.382658053125 0.7380171421874999 0.3836367203125 0.7247910281250001 0.4061460171875 0.7242619828125 0.40810334531250003 0.716855359375 0.3836367203125 0.716326315625 0.3855940515625 0.70257115625 0.3748287328125 0.7015130671875001 0.3728714046875 0.7157972703125 0.35329810156249997 0.715268225 0.352319434375 0.7237329375 0.3767860640625 0.7232038937499999 0.3748287328125 0.7369590515625
2 0.452143278125 0.739604275 0.46095126249999996 0.7390752296875001 0.46095126249999996 0.7242619828125 0.48248189531249996 0.7247910281250001 0.48541789062499996 0.7173844046875 0.46095126249999996 0.716855359375 0.46095126249999996 0.7031002015625 0.45116461093750004 0.7015130671875001 0.452143278125 0.716855359375 0.432569975 0.716326315625 0.43061264374999997 0.7242619828125 0.452143278125 0.7242619828125 0.452143278125 0.739604275
1 0.7114895296875 0.7914506390625 0.6977882156249999 0.7914506390625 0.5823057359375 0.7697598140624999 0.5832843999999999 0.7242619828125 0.515756509375 0.7232038937499999 0.5147778421875 0.81896095625 0.71246819375 0.8200190453125 0.7114895296875 0.7914506390625
2 0.5402231343749999 0.7369590515625 0.550988453125 0.73643000625 0.550988453125 0.7237329375 0.572519084375 0.7232038937499999 0.570561753125 0.716326315625 0.5490311218749999 0.716326315625 0.5500097859374999 0.7036292468750001 0.5431591296875 0.70257115625 0.5431591296875 0.716326315625 0.5147778421875 0.716326315625 0.515756509375 0.7226748484375001 0.5402231343749999 0.7232038937499999 0.5402231343749999 0.7369590515625
2 0.68408690625 0.8020315312499999 0.682129575 0.8078510203124999 0.7105108625 0.8073219765624999 0.71246819375 0.8210771343750001 0.7271481703125 0.8200190453125 0.7271481703125 0.8073219765624999 0.751614796875 0.8078510203124999 0.7525934624999999 0.802560575 0.728126834375 0.8030896203125 0.7271481703125 0.791979684375 0.7114895296875 0.7909215953125 0.7134468578125001 0.802560575 0.68408690625 0.8020315312499999
2 0.607751028125 0.7861601953124999 0.6165590125 0.7882763734375 0.6243883328125001 0.77663739375 0.6390683109374999 0.7798116609375 0.6459189671875001 0.7734631249999999 0.6283029953125 0.7702888578125 0.6351536515625 0.7607660562499999 0.62732433125 0.7586498796875001 0.6204736750000001 0.768701725 0.6018790375 0.7649984125 0.5960070453124999 0.7729340812500001 0.614601684375 0.7761083484375 0.607751028125 0.7861601953124999
0 0.7555294578125 0.7845730609375 0.7555294578125 0.7247910281250001 0.662556271875 0.7247910281250001 0.662556271875 0.77663739375 0.699745546875 0.78510210625 0.7555294578125 0.7845730609375
2 0.6674495984375 0.7956829953125 0.67527891875 0.797799175 0.68017224375 0.7888054171875 0.6977882156249999 0.7914506390625 0.7007242109375 0.7835149718750001 0.6850655703124999 0.7803407046874999 0.6909375625 0.7718759921875 0.6831082390625001 0.7697598140624999 0.6762575859375 0.7787535703125 0.664513603125 0.7755793046874999 0.6586416125000001 0.7835149718750001 0.6743002546875 0.7861601953124999 0.6674495984375 0.7956829953125
4 0.5147778421875 0.9173632421875 0.5568604421875001 0.9173632421875 0.5558817765625 0.9485768703125 0.916030534375 0.94751878125 0.9150518703125 0.826896625 0.5558817765625 0.825838534375 0.5568604421875001 0.8549359859375001 0.513799178125 0.8544069406249999 0.5147778421875 0.9173632421875
2 0.6067723609375 0.83959369375 0.6155803484375 0.8401227390624999 0.614601684375 0.8263675796875001 0.6420043046874999 0.8279547140625001 0.641025640625 0.8200190453125 0.6165590125 0.8194900015625001 0.6165590125 0.8062638874999999 0.6067723609375 0.80573484375 0.607751028125 0.8179028671875 0.5813270687500001 0.8179028671875 0.5832843999999999 0.825309490625 0.607751028125 0.825309490625 0.6067723609375 0.83959369375
1 0.5470865140625001 0.82531636875 0.515763359375 0.82531636875 0.515763359375 0.8496492437500001 0.5470865140625001 0.8496492437500001 0.5470865140625001 0.82531636875
6 0.513799178125 0.853877896875 0.5558817765625 0.8544069406249999 0.5558817765625 0.825309490625 0.5823057359375 0.825309490625 0.5823057359375 0.8200190453125 0.54805245625 0.8200190453125 0.54805245625 0.849645540625 0.5147778421875 0.849645540625 0.513799178125 0.853877896875
2 0.52456449375 0.8353613375 0.5343511453125 0.8358903828124999 0.5323938140625 0.8242514015625 0.5500097859374999 0.824780446875 0.5500097859374999 0.81896095625 0.5353298093750001 0.81896095625 0.53337248125 0.8094381546875 0.526521825 0.8089091093749999 0.5255431609375 0.8184319125 0.5147778421875 0.8184319125 0.5147778421875 0.825309490625 0.52456449375 0.824780446875 0.52456449375 0.8353613375
4 0.4834732828125 0.8237276484375 0.083193384375 0.8237276484375 0.083193384375 0.9480467671874999 0.4834732828125 0.9480467671874999 0.4834732828125 0.8237276484375
2 0.41986005156250006 0.8205433281250001 0.363091603125 0.8205433281250001 0.363091603125 0.8258390640625001 0.41986005156250006 0.8258390640625001 0.41986005156250006 0.8205433281250001
2 0.3513486 0.749133425 0.3386259546875 0.749133425 0.3386259546875 0.77928473125 0.3513486 0.77928473125 0.3513486 0.749133425
4 0.3386259546875 0.7216093531250001 0.08417302812500001 0.7216093531250001 0.08417302812500001 0.8200137546875 0.3386259546875 0.8200137546875 0.3386259546875 0.7216093531250001
2 0.2006361328125 0.7173865203124999 0.12918575000000002 0.7173865203124999 0.12918575000000002 0.7221458046875 0.2006361328125 0.7221458046875 0.2006361328125 0.7173865203124999
6 0.490318065625 0.0412723515625 0.4795547078125 0.0412723515625 0.4795547078125 0.049731775 0.490318065625 0.049731775 0.490318065625 0.0412723515625
6 0.5265267171875 0.0449656125 0.519681934375 0.0449656125 0.519681934375 0.051320495312500006 0.5265267171875 0.051320495312500006 0.5265267171875 0.0449656125
6 0.840661578125 0.24864511718750001 0.5177099234375 0.24864511718750001 0.5177099234375 0.2544635484375 0.840661578125 0.2544635484375 0.840661578125 0.24864511718750001
6 0.489338421875 0.44598349375 0.4766157765625 0.44598349375 0.4766157765625 0.45338376875 0.489338421875 0.45338376875 0.489338421875 0.44598349375
6 0.5294529265625 0.447042640625 0.5226081421875 0.447042640625 0.5226081421875 0.4533975234375 0.5294529265625 0.4533975234375 0.5294529265625 0.447042640625
6 0.129173028125 0.71685006875 0.08416030468749999 0.71685006875 0.08416030468749999 0.7216093531250001 0.129173028125 0.7216093531250001 0.129173028125 0.71685006875
6 0.48442748125 0.8200137546875 0.42081425 0.8200137546875 0.42081425 0.824773040625 0.48442748125 0.824773040625 0.48442748125 0.8200137546875
6 0.9170229000000001 0.8205433281250001 0.6420101781249999 0.8205433281250001 0.6420101781249999 0.8263617609375 0.9170229000000001 0.8263617609375 0.9170229000000001 0.8205433281250001
1 0.488358778125 0.030158184375 0.4139821890625 0.030158184375 0.4139821890625 0.040735901562499996 0.488358778125 0.040735901562499996 0.488358778125 0.030158184375
1 0.5940585234375 0.030158184375 0.5206488546875 0.030158184375 0.5206488546875 0.044972489062499996 0.5940585234375 0.044972489062499996 0.5940585234375 0.030158184375
1 0.635152671875 0.0576685 0.6067811703125 0.0576685 0.6067811703125 0.082001375 0.635152671875 0.082001375 0.635152671875 0.0576685
1 0.13898218906249998 0.0962792296875 0.058727735937500004 0.0962792296875 0.058727735937500004 0.2460041265625 0.13898218906249998 0.2460041265625 0.13898218906249998 0.0962792296875
1 0.9473536890625001 0.0983975234375 0.8700508906250001 0.0983975234375 0.8700508906250001 0.24864511718750001 0.9473536890625001 0.24864511718750001 0.9473536890625001 0.0983975234375
6 0.2436876109375 0.55232250625 0.3053435109375 0.55232250625 0.3073008421875 0.5470320609375 0.23390095937500002 0.5475611046875 0.2348796234375 0.6126335828125 0.2436876109375 0.6121045390625001 0.2436876109375 0.55232250625
6 0.40418868750000003 0.6136916718750001 0.41397533906249995 0.6136916718750001 0.41397533906249995 0.5660776640625 0.40516735156249994 0.5639614859375001 0.3992953609375 0.56925193125 0.4061460171875 0.5708390640625 0.40418868750000003 0.6136916718750001
6 0.6038363671875 0.41741614531250004 0.8387159921875 0.41953232500000004 0.837737325 0.414770925 0.5960070453124999 0.4142418796875 0.59502838125 0.41953232500000004 0.6028577015625001 0.41900328125 0.6038363671875 0.41741614531250004
6 0.7574867890625 0.613162628125 0.76923076875 0.6136916718750001 0.7682521046875 0.54861919375 0.6968095515625 0.5496772828125 0.699745546875 0.554438684375 0.7555294578125 0.5539096390625 0.7574867890625 0.613162628125
6 0.3376394609375 0.7226748484375001 0.338618125 0.750185165625 0.3513407703125 0.7491270765625 0.35036210625 0.716326315625 0.257388921875 0.716326315625 0.25641025625 0.6242725640625 0.24466627500000002 0.6248016078124999 0.24466627500000002 0.716855359375 0.198669015625 0.7173844046875 0.20062634531249998 0.7226748484375001 0.3376394609375 0.7226748484375001
6 0.0822078671875 0.8184319125 0.0822078671875 0.8237223578125 0.361127421875 0.825309490625 0.361127421875 0.8200190453125 0.3513407703125 0.8216061781249999 0.35036210625 0.7787535703125 0.3376394609375 0.7787535703125 0.3376394609375 0.81896095625 0.0822078671875 0.8184319125
1 0.5480661578125 0.9226547453125 0.5147837156249999 0.9226547453125 0.5147837156249999 0.9480467671874999 0.5480661578125 0.9480467671874999 0.5480661578125 0.9226547453125
6 0.54805245625 0.9485768703125 0.5539244484375 0.9485768703125 0.5549031125 0.9178922859374999 0.5147778421875 0.91842133125 0.511841846875 0.9226536875000001 0.5490311218749999 0.9221246421875 0.54805245625 0.9485768703125
6 0.5960070453124999 0.7649984125 0.59502838125 0.7237329375 0.5832843999999999 0.7247910281250001 0.5823057359375 0.76923076875 0.594049715625 0.7718759921875 0.6018790375 0.7665855453125 0.5960070453124999 0.7649984125
0 0.6498336265625 0.7247910281250001 0.59502838125 0.7237329375 0.5960070453124999 0.7655274578125 0.6498336265625 0.775050259375 0.6498336265625 0.7247910281250001
6 0.6586416125000001 0.7824568828125 0.666470934375 0.7782245265625 0.6615776078125 0.77663739375 0.66059894375 0.7242619828125 0.6498336265625 0.7232038937499999 0.6508122921874999 0.7755793046874999 0.6439616359375 0.775050259375 0.6390683109374999 0.7787535703125 0.6586416125000001 0.7824568828125
4 0.7271481703125 0.8200190453125 0.9170091984375001 0.8200190453125 0.916030534375 0.7242619828125 0.76923076875 0.7247910281250001 0.76923076875 0.7914506390625 0.7261695031250001 0.791979684375 0.7271481703125 0.8200190453125
6 0.7007242109375 0.7845730609375 0.6987668828125 0.7909215953125 0.767273440625 0.7909215953125 0.76923076875 0.7247910281250001 0.75455079375 0.7247910281250001 0.7565081218749999 0.7845730609375 0.7007242109375 0.7845730609375
6 0.5783842234375001 0.7163273734375 0.571539440625 0.7163273734375 0.571539440625 0.7237276484375 0.5783842234375001 0.7237276484375 0.5783842234375001 0.7163273734375
1 0.632213740625 0.48724896875 0.6058015265625001 0.48724896875 0.6058015265625001 0.512640990625 0.632213740625 0.512640990625 0.632213740625 0.48724896875
1 0.633193384375 0.4189958734375 0.6057888046875 0.4189958734375 0.6057888046875 0.44598349375 0.633193384375 0.44598349375 0.633193384375 0.4189958734375
0 0.40811704843749996 0.6253301234374999 0.2564122140625 0.6253301234374999 0.2564122140625 0.7163204953125 0.40811704843749996 0.7163204953125 0.40811704843749996 0.6253301234374999
4 0.245661578125 0.6242778546875 0.083193384375 0.6242778546875 0.083193384375 0.7163273734375 0.245661578125 0.7163273734375 0.245661578125 0.6242778546875
5 0.9170091984375001 0.7115649140625 0.916030534375 0.62744683125 0.5744764140624999 0.626388740625 0.575455078125 0.71103586875 0.9170091984375001 0.7115649140625
4 0.770209434375 0.6115754953125 0.9150518703125 0.6115754953125 0.9150518703125 0.5205798328125 0.7388921500000001 0.5200507875 0.7408494812499999 0.54861919375 0.770209434375 0.54861919375 0.770209434375 0.6115754953125
4 0.23390095937500002 0.5475611046875 0.2759835578125 0.5470320609375 0.27500489375 0.5184636546875 0.0861225296875 0.5179346109375 0.0841651984375 0.61104645 0.2348796234375 0.6121045390625001 0.23390095937500002 0.5475611046875
3 0.9444147578125 0.9231774421875001 0.9170101781250001 0.9231774421875001 0.9170101781250001 0.9485694640625001 0.9444147578125 0.9485694640625001 0.9444147578125 0.9231774421875001