4 0.253813746875 0.2929185515625 0.1429490015625 0.2929185515625 0.1429490015625 0.4858144796875 0.253813746875 0.4858144796875 0.253813746875 0.2929185515625
7 0.2339689578125 0.24527149375 0.20013303750000003 0.24527149375 0.20013303750000003 0.2929185515625 0.2339689578125 0.2929185515625 0.2339689578125 0.24527149375
6 0.563659703125 0.29888068749999996 0.6021706140624999 0.30007144375 0.6021706140624999 0.286973090625 0.3442642078125 0.2905453671875 0.343680709375 0.3036437234375 0.4440424796875 0.304834484375 0.4434589796875 0.534651109375 0.4667989265625 0.534651109375 0.467382425 0.54655870625 0.47613490468749997 0.54655870625 0.47613490468749997 0.5334603484375 0.4977243546875 0.5322695875 0.49714085625 0.4608240046875 0.489555375 0.458442484375 0.4889718765625 0.51917123125 0.45162796250000004 0.51917123125 0.4527949578125 0.30602524375 0.5222313 0.3024529640625 0.5222313 0.4000952625 0.489555375 0.401286021875 0.489555375 0.41676589531249997 0.5304002796875 0.41676589531249997 0.5315672765625 0.304834484375 0.5630762046875 0.3072160046875 0.563659703125 0.29888068749999996
7 0.38393569843750003 0.244117646875 0.349501109375 0.244117646875 0.349501109375 0.289366515625 0.38393569843750003 0.289366515625 0.38393569843750003 0.244117646875
7 0.447527715625 0.244117646875 0.41309312656249997 0.244117646875 0.41309312656249997 0.289366515625 0.447527715625 0.289366515625 0.447527715625 0.244117646875
7 0.5105432375000001 0.2452941171875 0.47610864687500004 0.2452941171875 0.47610864687500004 0.2905429859375 0.5105432375000001 0.2905429859375 0.5105432375000001 0.2452941171875
4 0.5461547421875 0.5227435109375 0.5945851328125 0.5227435109375 0.59516863125 0.6060966875 0.694363403125 0.6072874484375 0.691445909375 0.366753990625 0.6185085765625 0.36437247031250003 0.6185085765625 0.30007144375 0.5648267 0.29888068749999996 0.5648267 0.309597525 0.5315672765625 0.30602524375 0.530983778125 0.45963324375000003 0.5461547421875 0.45963324375000003 0.5461547421875 0.5227435109375
7 0.6021618625 0.244117646875 0.5677272734375001 0.244117646875 0.5677272734375001 0.289366515625 0.6021618625 0.289366515625 0.6021618625 0.244117646875
7 0.18962305937499999 0.9264253390625001 0.1575166296875 0.9264253390625001 0.1575166296875 0.9716742078125 0.18962305937499999 0.9716742078125 0.18962305937499999 0.9264253390625001
3 0.2234799859375 0.778756846875 0.22231298906250002 0.8049535609375 0.2532384171875 0.8049535609375 0.2532384171875 0.9323648499999999 0.2474034296875 0.9323648499999999 0.2479869296875 0.97761371875 0.2783288609375 0.976422959375 0.27716186249999997 0.93355560625 0.26957637968750003 0.9323648499999999 0.2713268765625 0.6954036703125 0.2532384171875 0.6989759453125 0.2532384171875 0.778756846875 0.2234799859375 0.778756846875
7 0.24798226093750003 0.9311990953124999 0.21294900156250002 0.9311990953124999 0.21294900156250002 0.9740497734375 0.24798226093750003 0.9740497734375 0.24798226093750003 0.9311990953124999
7 0.3121729484375 0.9311990953124999 0.2771396890625 0.9311990953124999 0.2771396890625 0.9740497734375 0.3121729484375 0.9740497734375 0.3121729484375 0.9311990953124999
7 0.3792682921875 0.9288009046875001 0.3442350328125 0.9288009046875001 0.3442350328125 0.9716515843750001 0.3792682921875 0.9716515843750001 0.3792682921875 0.9288009046875001
3 0.5834986578125 0.6072874484375 0.5444042484375 0.6072874484375 0.54382075 0.59895213125 0.3786906296875 0.600142890625 0.37810713125 0.6525363171875 0.44871046718749996 0.648964040625 0.446376471875 0.9264110499999999 0.43704049375 0.927601809375 0.43762399375000005 0.97165991875 0.46621542812500005 0.97165991875 0.467965925 0.64777328125 0.5834986578125 0.64777328125 0.5834986578125 0.6072874484375
7 0.43762749375 0.9311990953124999 0.40259423437499997 0.9311990953124999 0.40259423437499997 0.9740497734375 0.43762749375 0.9740497734375 0.43762749375 0.9311990953124999
7 0.50181818125 0.9311990953124999 0.466784921875 0.9311990953124999 0.466784921875 0.9740497734375 0.50181818125 0.9740497734375 0.50181818125 0.9311990953124999
7 0.5578270515625 0.9288009046875001 0.5227937921875 0.9288009046875001 0.5227937921875 0.9716515843750001 0.5578270515625 0.9716515843750001 0.5578270515625 0.9288009046875001
7 0.6120842578125 0.9288009046875001 0.5770509984375 0.9288009046875001 0.5770509984375 0.9716515843750001 0.6120842578125 0.9716515843750001 0.6120842578125 0.9288009046875001
3 0.6272610578125 0 0.6284280546875001 0.24410573750000003 0.6027541125 0.24410573750000003 0.6021706140624999 0.297689928125 0.619092075 0.297689928125 0.6179250796875 0.3631817109375 0.6465165125000001 0.36437247031250003 0.647683509375 0.297689928125 0.6908624109375 0.2964991671875 0.6937799046875 0.6060966875 0.6056716078125 0.6049059328124999 0.6056716078125 0.6465825203125 0.6255105609375 0.6465825203125 0.626094059375 0.67873303125 0.647683509375 0.67873303125 0.6471000109375 0.6465825203125 0.696697396875 0.64777328125 0.6984478937499999 0.9264110499999999 0.6850274234375 0.927601809375 0.6856109218750001 0.9692783984375 0.7334578140625 0.9692783984375 0.7328743156249999 0.927601809375 0.7206208421875 0.927601809375 0.7177033500000001 0.30602524375 0.74687828125 0.30602524375 0.74687828125 0.2905453671875 0.8927529468750001 0.28935460625 0.8921694484374999 0.310788284375 0.9534368078125001 0.310788284375 0.95402030625 0.36556323125 0.972108765625 0.36437247031250003 0.972108765625 0.1976661125 0.9493523171874999 0.196475353125 0.94876881875 0.244058109375 0.79589216875 0.2464396296875 0.7964756671875 0.21547987812499997 0.7737192187499999 0.21428911718750002 0.7725522234375 0.2428673484375 0.7299568203125 0.24167658749999998 0.7223713390625 0.229768990625 0.7235383343749999 0.00114313125 0.694363403125 0 0.6937799046875 0.0047154078125 0.6832769296875 0.0047154078125 0.683860428125 0.052345796874999996 0.6937799046875 0.052345796874999996 0.696697396875 0.2464396296875 0.647683509375 0.24524886875 0.6471000109375 0.0511550359375 0.651184503125 0.052345796874999996 0.651184503125 0.0082876875 0.647683509375 0.0082876875 0.647683509375 0 0.6272610578125 0
7 0.7655543234375 0.9252262437500001 0.7328492234375 0.9252262437500001 0.7328492234375 0.9680769234375 0.7655543234375 0.9680769234375 0.7655543234375 0.9252262437500001
7 0.8244900218750001 0.9240497734374999 0.79236141875 0.9240497734374999 0.79236141875 0.966900453125 0.8244900218750001 0.966900453125 0.8244900218750001 0.9240497734374999
7 0.8898447890625001 0.922873303125 0.8530376937499999 0.922873303125 0.8530376937499999 0.96572398125 0.8898447890625001 0.96572398125 0.8898447890625001 0.922873303125
7 0.9458536578125001 0.922873303125 0.9090465625 0.922873303125 0.9090465625 0.96572398125 0.9458536578125001 0.96572398125 0.9458536578125001 0.922873303125
3 0.9455689859374999 0.9633630140625 0.9756097562500001 0.9619033703125 0.9756097562500001 0.8801634796875 0.956297834375 0.8816231218749999 0.9555825765625 0.9224930671875 0.9448537296874999 0.9210334250000001 0.9455689859374999 0.9633630140625
7 0.9744345890625 0.8133031671875001 0.9557649671874999 0.8133031671875001 0.9557649671874999 0.8800000000000001 0.9744345890625 0.8800000000000001 0.9744345890625 0.8133031671875001
7 0.97385809375 0.6668099546875 0.9551884703125 0.6668099546875 0.9551884703125 0.7370814484375 0.97385809375 0.7370814484375 0.97385809375 0.6668099546875
7 0.97385809375 0.5084389140625001 0.9546119734375 0.5084389140625001 0.9546119734375 0.5787104078125 0.97385809375 0.5787104078125 0.97385809375 0.5084389140625001
7 0.9470177390625001 0 0.9470177390625001 0.063099546875 0.9703658531249999 0.063099546875 0.9703658531249999 0 0.9470177390625001 0
7 0.9709312640625001 0.12622171875 0.948758315625 0.12622171875 0.948758315625 0.1976696828125 0.9709312640625001 0.1976696828125 0.9709312640625001 0.12622171875
1 0.79415334375 0 0.7964873375 0.24410573750000003 0.8151592953125 0.24410573750000003 0.8157427937499999 0.0762086203125 0.947029990625 0.0762086203125 0.9481969890625 0 0.79415334375 0
6 0.829735090625 0.2464872578125 0.829735090625 0.10002381406250001 0.8349865781249999 0.10002381406250001 0.8344030796874999 0.0773993796875 0.8157311234375 0.0762086203125 0.8157311234375 0.2464872578125 0.829735090625 0.2464872578125
4 0.9499445671875 0.10122171875 0.8303215078124999 0.10122171875 0.8303215078124999 0.2452941171875 0.9499445671875 0.2452941171875 0.9499445671875 0.10122171875
2 0.8466565515625 0.1155036921875 0.8513245406250001 0.116694453125 0.8513245406250001 0.10002381406250001 0.862411015625 0.10002381406250001 0.862411015625 0.0773993796875 0.85074104375 0.0762086203125 0.849574046875 0.0583472265625 0.8449060578124999 0.06191950625 0.844322559375 0.0738271 0.8349865781249999 0.0738271 0.8349865781249999 0.10002381406250001 0.846073053125 0.10240533437499999 0.8466565515625 0.1155036921875
2 0.7807212046875 0.18456775625 0.781304703125 0.20242915 0.7947251734375 0.20242915 0.7947251734375 0.185758515625 0.802894153125 0.186949271875 0.8023106546875001 0.165515596875 0.793558175 0.165515596875 0.7941416734375 0.1500357234375 0.7818882015625 0.1500357234375 0.781304703125 0.1678971171875 0.7748862171875001 0.1667063578125 0.7737192187499999 0.179804715625 0.7807212046875 0.18456775625
2 0.947018321875 0.384615384375 0.947018321875 0.3977137421875 0.9534368078125001 0.3989045015625 0.9534368078125001 0.419147415625 0.9738592593750001 0.419147415625 0.9732757609375 0.40247677812499993 0.9820282421875 0.401286021875 0.9826117406250001 0.38818766562499996 0.9738592593750001 0.38699690468750003 0.9738592593750001 0.366753990625 0.95402030625 0.366753990625 0.95402030625 0.3858061453125 0.947018321875 0.384615384375
1 0.7988213328125 0.8311502765625001 0.8198272843750001 0.8299595156249999 0.8186602859375001 0.4655870453125 0.8449177265625 0.42271969687500005 0.9166880624999999 0.4215289359375 0.9155210640625 0.310788284375 0.8910141203125 0.311979040625 0.89159761875 0.2929268875 0.7789823796875 0.294117646875 0.7789823796875 0.377470828125 0.7994048312500001 0.39652298125 0.7988213328125 0.8311502765625001
4 0.8268292687500001 0.60966896875 0.954615475 0.6072874484375 0.9534484765625001 0.44177185 0.84841871875 0.44534413125 0.8274127671875 0.4774946421875 0.8268292687500001 0.60966896875
6 0.9178433874999999 0.42391045624999996 0.846073053125 0.4251012125 0.84782355 0.44296261093749995 0.955770803125 0.440581090625 0.9534368078125001 0.42391045624999996 0.9242618734375 0.42391045624999996 0.9242618734375 0.41676589531249997 0.9178433874999999 0.41557513593750006 0.9178433874999999 0.42391045624999996
2 0.9079239109374999 0.38818766562499996 0.9061734171875001 0.4000952625 0.9160928937499999 0.4000952625 0.9160928937499999 0.41557513593750006 0.9248453718749999 0.4203381765625 0.9260123703125 0.401286021875 0.93476485 0.40247677812499993 0.9353483484374999 0.389378425 0.9254288718750001 0.38818766562499996 0.9242618734375 0.3762800671875 0.9166763921875001 0.3750893078125 0.9166763921875001 0.38818766562499996 0.9079239109374999 0.38818766562499996
6 0.9546038046875 0.6227673265625 0.9546038046875 0.6060966875 0.8268175984375 0.60966896875 0.8262341 0.47511312187500004 0.8198156140625 0.47035008125 0.8215661109375001 0.6572993578124999 0.8262341 0.6572993578124999 0.8262341 0.6239580859375 0.9546038046875 0.6227673265625
2 0.8239001046875 0.437008809375 0.8285680953125001 0.4501071671875 0.819232115625 0.467968565625 0.8268175984375 0.4774946421875 0.8355700781250001 0.46320552499999995 0.8402380671874999 0.47630388281249997 0.8449060578124999 0.4727316015625 0.8402380671874999 0.458442484375 0.8489905484375001 0.44177185 0.846073053125 0.42748273281250004 0.8349865781249999 0.44177185 0.8303185890625 0.43105501406249996 0.8239001046875 0.437008809375
1 0.76147741875 0.4096213390625 0.7608939203125 0.41795665625 0.7200490140625 0.41795665625 0.7194655140624999 0.4608240046875 0.790068853125 0.4620147640625 0.7929863453125 0.4096213390625 0.76147741875 0.4096213390625
2 0.7772202125 0.44296261093749995 0.7836386984375 0.437008809375 0.7801377046875 0.4215289359375 0.79589216875 0.3977137421875 0.7789707078125 0.3786615875 0.7655502390625 0.384615384375 0.7591317531249999 0.36437247031250003 0.75271326875 0.373898546875 0.7585482546875 0.3929507015625 0.7521297687499999 0.4000952625 0.7637997421875 0.446534890625 0.7737192187499999 0.43462729375000003 0.7772202125 0.44296261093749995
4 0.791241684375 0.47511312187500004 0.720643015625 0.47511312187500004 0.720643015625 0.6037104078125 0.791241684375 0.6037104078125 0.791241684375 0.47511312187500004
6 0.791807678125 0.5167897109374999 0.7982261640625 0.5179804703124999 0.7982261640625 0.46439628437499997 0.72003734375 0.4608240046875 0.7194538453125 0.47511312187500004 0.791807678125 0.47511312187500004 0.791807678125 0.5167897109374999
2 0.8075621421875001 0.437008809375 0.7993931625 0.43581804999999996 0.7993931625 0.41557513593750006 0.7912241796874999 0.419147415625 0.79005718125 0.43581804999999996 0.7836386984375 0.43462729375000003 0.7836386984375 0.44772564687500005 0.79005718125 0.44772564687500005 0.7912241796874999 0.4655870453125 0.7993931625 0.467968565625 0.800560159375 0.4501071671875 0.80697864375 0.45129792812499997 0.8075621421875001 0.437008809375
4 0.82099428125 0.8513931906250001 0.790652353125 0.8502024296874999 0.7918193484375 0.6227673265625 0.7200490140625 0.6215765656250001 0.721799509375 0.9264110499999999 0.8221612796875 0.9240295296875001 0.82099428125 0.8513931906250001
6 0.7206208421875 0.603715171875 0.7194538453125 0.6191950453125 0.7988096625 0.6227673265625 0.7982261640625 0.5668016203125 0.792391178125 0.565610859375 0.792391178125 0.6060966875 0.7206208421875 0.603715171875
2 0.78480569375 0.534651109375 0.7853891921875 0.5501309812499999 0.79064068125 0.5513217421875 0.79005718125 0.5644201 0.7993931625 0.5668016203125 0.7982261640625 0.54655870625 0.8075621421875001 0.5489402218749999 0.80697864375 0.5358418687500001 0.7999766609375001 0.5358418687500001 0.7988096625 0.5179804703124999 0.79064068125 0.51559895 0.791807678125 0.5334603484375 0.78480569375 0.534651109375
4 0.8402497390624999 0.6251488468749999 0.8396662390625 0.6453917609375 0.8274127671875 0.6453917609375 0.8268292687500001 0.7835198875 0.954031975 0.7835198875 0.9534484765625001 0.6430102390625 0.8898471234375 0.64062871875 0.8898471234375 0.6227673265625 0.8402497390624999 0.6251488468749999
6 0.8203991125 0.79661824375 0.955770803125 0.795427484375 0.95402030625 0.7835198875 0.8268175984375 0.7823291265625001 0.8268175984375 0.71088354375 0.8203991125 0.712074303125 0.8203991125 0.79661824375
6 0.7982261640625 0.6739699906250001 0.791807678125 0.6739699906250001 0.791807678125 0.8490116703125 0.7988096625 0.8490116703125 0.7999766609375001 0.8335317921875 0.797642665625 0.8347225515625001 0.7982261640625 0.6739699906250001
2 0.8209826124999999 0.6906406296875 0.8215661109375001 0.71088354375 0.827401096875 0.712074303125 0.8279845968749999 0.6894498687499999 0.8344030796874999 0.6906406296875 0.8349865781249999 0.6775422718749999 0.827401096875 0.6751607515625 0.8262341 0.656108596875 0.8186486171875 0.656108596875 0.819232115625 0.67873303125 0.8139806281249999 0.67873303125 0.8139806281249999 0.6906406296875 0.8209826124999999 0.6906406296875
2 0.7842221968749999 0.6382472031249999 0.7830552 0.6501548015624999 0.79064068125 0.6525363171875 0.79005718125 0.6751607515625 0.800560159375 0.6751607515625 0.7993931625 0.648964040625 0.806395146875 0.6525363171875 0.808145640625 0.639437959375 0.7993931625 0.6382472031249999 0.7999766609375001 0.6191950453125 0.7929746765625 0.6203858046875 0.791807678125 0.6382472031249999 0.7842221968749999 0.6382472031249999
2 0.81223013125 0.869254584375 0.8128136296875 0.8490116703125 0.819232115625 0.847820909375 0.819232115625 0.8311502765625001 0.81223013125 0.83234103125 0.8104796359374999 0.8144796375000001 0.8058116468750001 0.8168611578125 0.8058116468750001 0.8335317921875 0.7988096625 0.8299595156249999 0.7988096625 0.8549654656250001 0.8058116468750001 0.8537747109374999 0.806395146875 0.8716361046875001 0.81223013125 0.869254584375
6 0.8209826124999999 0.8490116703125 0.8203991125 0.9228387687499999 0.8262341 0.9252202890625 0.8268175984375 0.840676353125 0.8180651171875001 0.837104071875 0.8180651171875001 0.8502024296874999 0.8209826124999999 0.8490116703125
2 0.8285680953125001 0.8120981171875 0.8285680953125001 0.797809 0.8198156140625 0.797809 0.8198156140625 0.8120981171875 0.8098961375 0.809716596875 0.811646634375 0.8228149546875001 0.8203991125 0.8216241953125 0.8209826124999999 0.8394855921875 0.8279845968749999 0.8394855921875 0.8279845968749999 0.8228149546875001 0.837320575 0.8228149546875001 0.837320575 0.8120981171875 0.8285680953125001 0.8120981171875
3 0.648270509375 0.71800905 0.6260975609375 0.71800905 0.6260975609375 0.785882353125 0.648270509375 0.785882353125 0.648270509375 0.71800905
2 0.6144240859375001 0.688259109375 0.6150075859374999 0.701357465625 0.6243435625 0.704929746875 0.6231765671875 0.719218859375 0.647683509375 0.71683734375 0.647683509375 0.704929746875 0.65526899375 0.7025482265624999 0.6593534828125 0.694212909375 0.647683509375 0.694212909375 0.6471000109375 0.6763515109375 0.6249270625000001 0.6763515109375 0.6237600640625 0.688259109375 0.6144240859375001 0.688259109375
3 0.64709534375 0.832352940625 0.6254988906250001 0.832352940625 0.6254988906250001 0.871628959375 0.64709534375 0.871628959375 0.64709534375 0.832352940625
2 0.6150075859374999 0.8001905203125 0.6138405875 0.8120981171875 0.6237600640625 0.8156703984375 0.6243435625 0.8311502765625001 0.65001750625 0.8299595156249999 0.6488505078125 0.8144796375000001 0.6576029859375 0.8168611578125 0.6570194875 0.8001905203125 0.65001750625 0.8001905203125 0.65001750625 0.7882829234375001 0.6255105609375 0.7882829234375001 0.6249270625000001 0.8001905203125 0.6150075859374999 0.8001905203125
2 0.6144240859375001 0.8894974984375 0.6144240859375001 0.90854965625 0.6243435625 0.9097404156250001 0.6231765671875 0.9264110499999999 0.647683509375 0.927601809375 0.64943400625 0.904977375 0.6605204812500001 0.90854965625 0.6599369828125 0.8918790187500001 0.65001750625 0.8894974984375 0.65001750625 0.8716361046875001 0.626094059375 0.8716361046875001 0.6255105609375 0.8883067375 0.6144240859375001 0.8894974984375
2 0.5490722375 0.825196475 0.5490722375 0.8382948328125 0.5566577203125 0.8394855921875 0.5572412171875001 0.8537747109374999 0.5659936984375 0.8561562265625 0.566577196875 0.840676353125 0.5770801734375001 0.840676353125 0.577663671875 0.82876875625 0.567160696875 0.8275779953125 0.566577196875 0.8120981171875 0.5572412171875001 0.813288878125 0.5566577203125 0.8263872359375 0.5490722375 0.825196475
1 0.6225942343749999 0.6501583703125 0.5665853656250001 0.6501583703125 0.5665853656250001 0.9252262437500001 0.6225942343749999 0.9252262437500001 0.6225942343749999 0.6501583703125
2 0.5922511375 0.587044534375 0.5922511375 0.6084782078125001 0.5840821578125001 0.6084782078125001 0.5840821578125001 0.6465825203125 0.5916676390625 0.648964040625 0.590500640625 0.671588475 0.5986696234375 0.6680161953125 0.5986696234375 0.648964040625 0.6056716078125 0.64777328125 0.60625510625 0.6072874484375 0.59575213125 0.6072874484375 0.5963356281250001 0.58823529375 0.5922511375 0.587044534375
1 0.4778854015625 0.5977613703125 0.5228147984375 0.5977613703125 0.5228147984375 0.41795665625 0.49655735625 0.41795665625 0.4977243546875 0.534651109375 0.477301903125 0.5358418687500001 0.4778854015625 0.5977613703125
2 0.515229315625 0.433436534375 0.51347881875 0.44177185 0.5216478 0.44415337031249996 0.5222313 0.46320552499999995 0.5315672765625 0.4608240046875 0.5315672765625 0.44415337031249996 0.5397362593749999 0.44534413125 0.5409032546875 0.43105501406249996 0.529233284375 0.43105501406249996 0.529233284375 0.41676589531249997 0.5233982968750001 0.41676589531249997 0.5245652921875 0.433436534375 0.515229315625 0.433436534375
4 0.4883883765625 0.3977137421875 0.5210643015625 0.3977137421875 0.5216478 0.304834484375 0.45396195625 0.3072160046875 0.45221145937499996 0.51917123125 0.4889718765625 0.5179804703124999 0.4883883765625 0.3977137421875
2 0.47905239843749997 0.4322457734375 0.4778854015625 0.44534413125 0.489555375 0.44415337031249996 0.48780487812500006 0.4620147640625 0.5006418499999999 0.4608240046875 0.4994748515625 0.44534413125 0.5064768359375 0.44772564687500005 0.5064768359375 0.43581804999999996 0.49714085625 0.43462729375000003 0.4977243546875 0.419147415625 0.4889718765625 0.419147415625 0.4889718765625 0.4322457734375 0.47905239843749997 0.4322457734375
4 0.467382425 0.538223384375 0.4422919828125 0.5370326296875 0.44287548125000004 0.30602524375 0.3442642078125 0.304834484375 0.3425137125 0.6049059328124999 0.467965925 0.5977613703125 0.467382425 0.538223384375
2 0.460380440625 0.5644201 0.4586299453125 0.57751845625 0.46621542812500005 0.576327696875 0.4667989265625 0.592998334375 0.477301903125 0.592998334375 0.4778854015625 0.5751369359375 0.48488738593749997 0.576327696875 0.48488738593749997 0.5620385796875 0.47613490468749997 0.56084781875 0.476718403125 0.54655870625 0.467382425 0.54655870625 0.467965925 0.5644201 0.460380440625 0.5644201
6 0.577663671875 0.5441771859375 0.577663671875 0.6072874484375 0.594001634375 0.6060966875 0.594001634375 0.52512503125 0.52398179375 0.5263157875 0.52398179375 0.5513217421875 0.534484771875 0.5537032625 0.534484771875 0.5453679453125 0.577663671875 0.5441771859375
2 0.5233982968750001 0.57751845625 0.5233982968750001 0.5965706109375 0.5356517671875001 0.59895213125 0.5356517671875001 0.579899978125 0.5444042484375 0.579899978125 0.54382075 0.5668016203125 0.534484771875 0.565610859375 0.53506826875 0.5537032625 0.5228147984375 0.554894021875 0.5228147984375 0.5691831406250001 0.51347881875 0.5679923796875 0.51347881875 0.57751845625 0.5233982968750001 0.57751845625
2 0.3594351734375 0.67873303125 0.36527015937499996 0.6799237921875 0.36527015937499996 0.6501548015624999 0.37810713125 0.65134555625 0.37752363125 0.610859728125 0.36527015937499996 0.6060966875 0.36527015937499996 0.579899978125 0.3606021703125 0.57751845625 0.3594351734375 0.6049059328124999 0.3460147046875 0.6060966875 0.3460147046875 0.64777328125 0.3588516734375 0.65134555625 0.3594351734375 0.67873303125
4 0.4452094765625 0.9240295296875001 0.4434589796875 0.7323172171875 0.4078655609375 0.73112645625 0.406698565625 0.6525363171875 0.34543120625 0.648964040625 0.34543120625 0.927601809375 0.4452094765625 0.9240295296875001
6 0.4166180421875 0.7132650640625 0.4166180421875 0.648964040625 0.408449059375 0.648964040625 0.408449059375 0.7299356968749999 0.42245302812499996 0.7287449406250001 0.42362002656250003 0.7132650640625 0.4166180421875 0.7132650640625
2 0.4288715140625 0.750178615625 0.4364569953125 0.7477970953125 0.4364569953125 0.73112645625 0.44287548125000004 0.7323172171875 0.4422919828125 0.712074303125 0.4352899984375 0.712074303125 0.4352899984375 0.6954036703125 0.4294550140625 0.694212909375 0.4288715140625 0.7156465843750001 0.42245302812499996 0.71683734375 0.42186952968749997 0.7287449406250001 0.430038509375 0.7287449406250001 0.4288715140625 0.750178615625
2 0.32675924843750004 0.6763515109375 0.32617575 0.6906406296875 0.33434473124999997 0.6918313890625 0.3320107359375 0.7096927828124999 0.3483486984375 0.71088354375 0.34543120625 0.6894498687499999 0.3530166875 0.6918313890625 0.3524331890625 0.6739699906250001 0.34543120625 0.6751607515625 0.34543120625 0.6584901171875 0.33434473124999997 0.6584901171875 0.33376123281250003 0.6763515109375 0.32675924843750004 0.6763515109375
2 0.32617575 0.332221959375 0.327342746875 0.35722790937500004 0.34484770781249996 0.35722790937500004 0.34484770781249996 0.33341271875 0.3512661921875 0.332221959375 0.3518496921875 0.3238866375 0.343680709375 0.322695878125 0.3430972109375 0.30007144375 0.32559225 0.30126220312499996 0.32559225 0.3238866375 0.31859026875 0.322695878125 0.31800676875 0.3310311984375 0.32617575 0.332221959375
2 0.30458630000000003 0.3203143625 0.30575329687499997 0.294117646875 0.3174232703125 0.2953084078125 0.31800676875 0.24291498125 0.30516979843750003 0.24172422187499998 0.30458630000000003 0.2131459859375 0.2987513125 0.2167182671875 0.29816781406250004 0.24291498125 0.2882483375 0.24291498125 0.286497840625 0.2953084078125 0.297584315625 0.294117646875 0.29816781406250004 0.31912360156249997 0.30458630000000003 0.3203143625
6 0.6535144125000001 0.3429411765625 0.6471064296875 0.3429411765625 0.6471064296875 0.364389140625 0.6535144125000001 0.364389140625 0.6535144125000001 0.3429411765625
2 0.66577196875 0.377470828125 0.672773953125 0.3786615875 0.672773953125 0.3631817109375 0.6809429328125 0.3631817109375 0.680359434375 0.3453203125 0.672773953125 0.342938796875 0.67102345625 0.3238866375 0.66577196875 0.3238866375 0.664604971875 0.3405572765625 0.6529349984375 0.3405572765625 0.6529349984375 0.36199095 0.6663554671874999 0.36199095 0.66577196875 0.377470828125
6 0.5659977828125 0.7799321265625 0.5572394671875001 0.7799321265625 0.5572394671875001 0.8121040718750001 0.5659977828125 0.8121040718750001 0.5659977828125 0.7799321265625
2 0.5654102 0.7275565609375 0.5578270515625 0.7275565609375 0.5578270515625 0.7811312218750001 0.5654102 0.7811312218750001 0.5654102 0.7275565609375
6 0.5648226171874999 0.8549547515624999 0.55899113125 0.8549547515624999 0.55899113125 0.926402715625 0.5648226171874999 0.926402715625 0.5648226171874999 0.8549547515624999
2 0.6663554671874999 0.99904739375 0.67160695625 0.99904739375 0.6721904546874999 0.9740414390625001 0.6844439265625 0.9740414390625001 0.683860428125 0.9287925703125 0.6721904546874999 0.9287925703125 0.67160695625 0.896642059375 0.6675224656250001 0.896642059375 0.66577196875 0.9264110499999999 0.6529349984375 0.9252202890625 0.6529349984375 0.9728506781249999 0.6663554671874999 0.9704691578125001 0.6663554671874999 0.99904739375
2 0.1120317421875 0.3179328421875 0.12020072343749999 0.315551321875 0.12020072343749999 0.294117646875 0.13128719687499998 0.2917361265625 0.13070369843750002 0.24291498125 0.11845022812499999 0.24291498125 0.1178667296875 0.214336746875 0.1126152421875 0.2131459859375 0.1126152421875 0.24291498125 0.10094526875000001 0.24172422187499998 0.10036176875 0.2917361265625 0.11144824375 0.2905453671875 0.1120317421875 0.3179328421875
6 0.2059750265625 0.5108359140625 0.205391528125 0.5965706109375 0.21414400625000002 0.59537985 0.215894503125 0.5108359140625 0.2561559109375 0.5108359140625 0.2561559109375 0.485829959375 0.140623178125 0.48702071875 0.14120667656250002 0.4620147640625 0.13303769375000002 0.46439628437499997 0.1342046921875 0.5298880671874999 0.14120667656250002 0.531078828125 0.142373671875 0.5108359140625 0.2059750265625 0.5108359140625
2 0.12428521562499999 0.43581804999999996 0.1231182171875 0.446534890625 0.1324541953125 0.44772564687500005 0.13303769375000002 0.4620147640625 0.1429571703125 0.46320552499999995 0.142373671875 0.44891640781250003 0.152876646875 0.45129792812499997 0.15229315000000002 0.437008809375 0.1429571703125 0.43581804999999996 0.1435406703125 0.4203381765625 0.1336211921875 0.4203381765625 0.1324541953125 0.43581804999999996 0.12428521562499999 0.43581804999999996
1 0.185552575 0.58823529375 0.2059750265625 0.58823529375 0.2042245296875 0.513217434375 0.142373671875 0.5120266734375 0.140039678125 0.610859728125 0.18613607031249998 0.6120504890625 0.185552575 0.58823529375
6 0.1406319296875 0.57276018125 0.13129711718749998 0.57276018125 0.13129711718749998 0.6120361984375 0.1406319296875 0.6120361984375 0.1406319296875 0.57276018125
2 0.12370171562500001 0.5453679453125 0.12370171562500001 0.55727554375 0.131870696875 0.55727554375 0.131870696875 0.572755415625 0.140623178125 0.572755415625 0.1417901734375 0.55727554375 0.1505426546875 0.5560847828125 0.1505426546875 0.5453679453125 0.1417901734375 0.5441771859375 0.1417901734375 0.531078828125 0.13012020156249998 0.5298880671874999 0.13128719687499998 0.5441771859375 0.12370171562500001 0.5453679453125
1 0.2287250546875 0.6537104078125 0.1861308203125 0.6537104078125 0.1861308203125 0.7049321265625 0.2287250546875 0.7049321265625 0.2287250546875 0.6537104078125
2 0.21881199843750002 0.59537985 0.21822849843749997 0.61562276875 0.21356050781249997 0.614432009375 0.21356050781249997 0.648964040625 0.2170615015625 0.65134555625 0.217645 0.6680161953125 0.2240634859375 0.6692069546875 0.22523048124999998 0.6501548015624999 0.22989847187499998 0.6501548015624999 0.2293149734375 0.610859728125 0.2240634859375 0.6132412484375 0.2234799859375 0.59537985 0.21881199843750002 0.59537985
1 0.2514855875 0.6525339359375 0.23982261718750003 0.6525339359375 0.23982261718750003 0.7061085968749999 0.2514855875 0.7061085968749999 0.2514855875 0.6525339359375
2 0.24215194218749997 0.6727792359375 0.24273544062500002 0.688259109375 0.252071421875 0.688259109375 0.252071421875 0.6977851859374999 0.26899287968749996 0.6989759453125 0.26957637968750003 0.684686828125 0.2783288609375 0.6870683484375 0.2794958578125 0.6763515109375 0.27074337656249997 0.6739699906250001 0.27074337656249997 0.663253153125 0.2532384171875 0.66206239375 0.2526549171875 0.6751607515625 0.24215194218749997 0.6727792359375
6 0.17621659375 0.70612050625 0.1336211921875 0.704929746875 0.13303769375000002 0.6977851859374999 0.1248687125 0.70016670625 0.1248687125 0.7358894984375 0.136538684375 0.7346987375 0.1359551859375 0.72755418125 0.253821915625 0.7287449406250001 0.252071421875 0.708502021875 0.183802078125 0.708502021875 0.183802078125 0.70016670625 0.17680009375 0.6989759453125 0.17621659375 0.70612050625
2 0.16746411562500002 0.671588475 0.1680476140625 0.6858775875 0.17621659375 0.6834960718749999 0.1756330953125 0.70016670625 0.185552575 0.6989759453125 0.18613607031249998 0.684686828125 0.19197105781249998 0.6870683484375 0.19255455625 0.671588475 0.18496907499999998 0.671588475 0.18613607031249998 0.659680878125 0.17855058906250001 0.6572993578124999 0.17855058906250001 0.6692069546875 0.16746411562500002 0.671588475
2 0.22989847187499998 0.684686828125 0.2293149734375 0.708502021875 0.237483953125 0.7073112625 0.2386509515625 0.6870683484375 0.2456529359375 0.6870683484375 0.2456529359375 0.6739699906250001 0.23690045468749998 0.6739699906250001 0.237483953125 0.6608716375 0.22989847187499998 0.663253153125 0.22989847187499998 0.6727792359375 0.21939549375 0.6739699906250001 0.21939549375 0.6858775875 0.22989847187499998 0.684686828125
2 0.11436573593749999 0.6751607515625 0.11436573593749999 0.6858775875 0.12428521562499999 0.6870683484375 0.12428521562499999 0.701357465625 0.1342046921875 0.70016670625 0.1342046921875 0.6858775875 0.1417901734375 0.688259109375 0.1417901734375 0.6739699906250001 0.1336211921875 0.671588475 0.1342046921875 0.656108596875 0.12428521562499999 0.6572993578124999 0.12370171562500001 0.6763515109375 0.11436573593749999 0.6751607515625
3 0.0892752953125 0.9740414390625001 0.0892752953125 0.9264110499999999 0.0799393171875 0.927601809375 0.07935581875 0.712074303125 0.056599370312499994 0.7132650640625 0.056015871875 0.9287925703125 0.046096395312499996 0.9287925703125 0.046096395312499996 0.9728506781249999 0.0892752953125 0.9740414390625001
2 0.0495973859375 0.6751607515625 0.0484303875 0.6906406296875 0.056599370312499994 0.6918313890625 0.056015871875 0.712074303125 0.0805228140625 0.712074303125 0.0805228140625 0.6894498687499999 0.0886917953125 0.6906406296875 0.0886917953125 0.6799237921875 0.0799393171875 0.6799237921875 0.0811063125 0.656108596875 0.057182868750000004 0.6572993578124999 0.056599370312499994 0.6763515109375 0.0495973859375 0.6751607515625
2 0.11436573593749999 0.7477970953125 0.11436573593749999 0.7597046921875 0.12253471875 0.7620862125000001 0.12253471875 0.7775660859375 0.1377056828125 0.778756846875 0.1359551859375 0.7620862125000001 0.1429571703125 0.7608954531250001 0.1435406703125 0.7477970953125 0.134788190625 0.7477970953125 0.1353716890625 0.7358894984375 0.1254522109375 0.7346987375 0.12428521562499999 0.7477970953125 0.11436573593749999 0.7477970953125
6 0.19605555 0.7775660859375 0.19605555 0.7716122890625 0.18847006718749998 0.7716122890625 0.189053565625 0.9287925703125 0.20014004062500002 0.927601809375 0.2007235390625 0.7775660859375 0.19605555 0.7775660859375
2 0.177967090625 0.74184329375 0.17855058906250001 0.757323171875 0.18847006718749998 0.7585139328125 0.18788656718750002 0.7716122890625 0.19780604375 0.7763753265625 0.19780604375 0.7585139328125 0.205391528125 0.7597046921875 0.205391528125 0.745415575 0.1948885515625 0.7442248140625 0.1966390484375 0.7299356968749999 0.189053565625 0.7287449406250001 0.18847006718749998 0.74184329375 0.177967090625 0.74184329375
4 0.2532483375 0.8061312218750001 0.20014412343750002 0.8061312218750001 0.20014412343750002 0.9311538468749999 0.2532483375 0.9311538468749999 0.2532483375 0.8061312218750001
2 0.2077255234375 0.757323171875 0.206558525 0.7775660859375 0.20014004062500002 0.775184565625 0.199556540625 0.8049535609375 0.206558525 0.8049535609375 0.2077255234375 0.82876875625 0.21414400625000002 0.8275779953125 0.21531100468750003 0.8049535609375 0.22231298906250002 0.8049535609375 0.22231298906250002 0.778756846875 0.21472750624999998 0.778756846875 0.21531100468750003 0.757323171875 0.2077255234375 0.757323171875
2 0.10911424843749999 0.99904739375 0.110281246875 0.976422959375 0.1231182171875 0.976422959375 0.1231182171875 0.927601809375 0.110281246875 0.9252202890625 0.11086474531249998 0.893069778125 0.104446259375 0.893069778125 0.104446259375 0.9264110499999999 0.0904422921875 0.9264110499999999 0.08985879375 0.976422959375 0.1015287671875 0.9740414390625001 0.102112265625 0.99904739375 0.10911424843749999 0.99904739375
6 0.135365853125 0.8502036203125 0.1242793796875 0.8502036203125 0.1242793796875 0.9288009046875001 0.135365853125 0.9288009046875001 0.135365853125 0.8502036203125
2 0.1342017734375 0.7978280546875001 0.12429046562499999 0.7978280546875001 0.12429046562499999 0.8502262437500001 0.1342017734375 0.8502262437500001 0.1342017734375 0.7978280546875001
3 0.1575498890625 0.92877828125 0.1231153 0.92877828125 0.1231153 0.9728506781249999 0.1575498890625 0.9728506781249999 0.1575498890625 0.92877828125
3 0.21297117499999998 0.9311764703125001 0.1902217296875 0.9311764703125001 0.1902217296875 0.9752488687499999 0.21297117499999998 0.9752488687499999 0.21297117499999998 0.9311764703125001
3 0.3442682921875 0.9311538468749999 0.313337028125 0.9311538468749999 0.313337028125 0.9728280546875 0.3442682921875 0.9728280546875 0.3442682921875 0.9311538468749999
3 0.4020399109375 0.932375565625 0.380443459375 0.932375565625 0.380443459375 0.9740497734375 0.4020399109375 0.9740497734375 0.4020399109375 0.932375565625
3 0.5234035484375 0.9299547515625 0.5024057656250001 0.9299547515625 0.5024057656250001 0.9740271500000001 0.5234035484375 0.9740271500000001 0.5234035484375 0.9299547515625
3 0.5758980046875 0.92877828125 0.556651884375 0.92877828125 0.556651884375 0.9740271500000001 0.5758980046875 0.9740271500000001 0.5758980046875 0.92877828125
3 0.6523503328125 0.9288009046875001 0.6120842578125 0.9288009046875001 0.6120842578125 0.9716515843750001 0.6523503328125 0.9716515843750001 0.6523503328125 0.9288009046875001
2 0.2479869296875 0.32745891875 0.25673941093749997 0.328649678125 0.25673941093749997 0.346511071875 0.27424437031250004 0.346511071875 0.273660871875 0.3250773984375 0.2800793546875 0.3262681578125 0.280662853125 0.31436056093750003 0.27307737187500003 0.31436056093750003 0.2724938734375 0.2929268875 0.257322909375 0.2917361265625 0.25673941093749997 0.310788284375 0.249737425 0.311979040625 0.2479869296875 0.32745891875
3 0.2870731703125 0.24409502187499998 0.23456762812499998 0.24409502187499998 0.23456762812499998 0.29174208125 0.2870731703125 0.29174208125 0.2870731703125 0.24409502187499998
3 0.41370288281249995 0.244117646875 0.3833702875 0.244117646875 0.3833702875 0.289366515625 0.41370288281249995 0.289366515625 0.41370288281249995 0.244117646875
3 0.4755543234375 0.2452941171875 0.44754988906250004 0.2452941171875 0.44754988906250004 0.2905429859375 0.4755543234375 0.2905429859375 0.4755543234375 0.2452941171875
3 0.5689024390624999 0.242895928125 0.5117184031249999 0.242895928125 0.5117184031249999 0.288144796875 0.5689024390624999 0.288144796875 0.5689024390624999 0.242895928125
3 0.20130820468750002 0.24409502187499998 0.13128603125 0.24409502187499998 0.13128603125 0.2929185515625 0.20130820468750002 0.2929185515625 0.20130820468750002 0.24409502187499998
3 0.7935587578125001 0.9288235296874999 0.7655543234375 0.9288235296874999 0.7655543234375 0.968099546875 0.7935587578125001 0.968099546875 0.7935587578125001 0.9288235296874999
3 0.8536585359375 0.9252262437500001 0.8239024390624999 0.9252262437500001 0.8239024390624999 0.966900453125 0.8536585359375 0.966900453125 0.8536585359375 0.9252262437500001
3 0.9096784921875001 0.9228506781249999 0.8892572062499999 0.9228506781249999 0.8892572062499999 0.968099546875 0.9096784921875001 0.968099546875 0.9096784921875001 0.9228506781249999
3 0.9732815968749999 0.4191628953125 0.9546119734375 0.4191628953125 0.9546119734375 0.5060859734375 0.9732815968749999 0.5060859734375 0.9732815968749999 0.4191628953125
3 0.9732815968749999 0.5763348421875001 0.9551884703125 0.5763348421875001 0.9551884703125 0.6668325796875 0.9732815968749999 0.6668325796875 0.9732815968749999 0.5763348421875001
3 0.97385809375 0.73825791875 0.9551884703125 0.73825791875 0.9551884703125 0.8097058828125 0.97385809375 0.8097058828125 0.97385809375 0.73825791875
3 0.9697782703125 0.0619230765625 0.947605321875 0.0619230765625 0.947605321875 0.1250452484375 0.9697782703125 0.1250452484375 0.9697782703125 0.0619230765625
4 0.6961197343750001 0.054796379687499994 0.64884700625 0.054796379687499994 0.64884700625 0.244117646875 0.6961197343750001 0.244117646875 0.6961197343750001 0.054796379687499994
2 0.683281596875 0.00597285 0.6505986703125 0.00597285 0.6505986703125 0.052398190624999993 0.683281596875 0.052398190624999993 0.683281596875 0.00597285
1 0.7713852265625001 0.24410573750000003 0.7708017265625 0.214336746875 0.7830552 0.21552750625 0.7818882015625 0.13336508593750002 0.724121834375 0.130983565625 0.7235383343749999 0.229816625 0.7305403187499999 0.24410573750000003 0.7713852265625001 0.24410573750000003
3 0.7836474499999999 0.0940497734375 0.7223835921874999 0.0940497734375 0.7223835921874999 0.12975113124999998 0.7836474499999999 0.12975113124999998 0.7836474499999999 0.0940497734375
3 0.8384811531249999 0.6251583703125 0.825643015625 0.6251583703125 0.825643015625 0.6418099546875 0.8384811531249999 0.6418099546875 0.8384811531249999 0.6251583703125
3 0.9540133031250001 0.6239819 0.8904212859375 0.6239819 0.8904212859375 0.6394570140625 0.9540133031250001 0.6394570140625 0.9540133031250001 0.6239819
3 0.649423503125 0.41199095 0.619090909375 0.41199095 0.619090909375 0.5024886875 0.649423503125 0.5024886875 0.649423503125 0.41199095
3 0.5455654109375 0.4620361984375 0.5239689578125 0.4620361984375 0.5239689578125 0.5299095015625 0.5455654109375 0.5299095015625 0.5455654109375 0.4620361984375
3 0.32617575 0.3024529640625 0.3442642078125 0.3024529640625 0.3442642078125 0.2905453671875 0.35068269375 0.28816385 0.349515696875 0.24291498125 0.31859026875 0.24291498125 0.316839771875 0.2929268875 0.32617575 0.2929268875 0.32617575 0.3024529640625
3 0.057182868750000004 0.6572993578124999 0.0799393171875 0.656108596875 0.07877231875 0.6465825203125 0.0822733109375 0.6465825203125 0.0811063125 0.6084782078125001 0.07935581875 0.6084782078125001 0.08285680937499999 0.2929268875 0.10036176875 0.2917361265625 0.0997782703125 0.24291498125 0.0525148796875 0.24291498125 0.0525148796875 0.294117646875 0.0606838609375 0.2929268875 0.057182868750000004 0.6572993578124999
3 0.2135587578125 0.61325791875 0.1231153 0.61325791875 0.1231153 0.6501809953125 0.2135587578125 0.6501809953125 0.2135587578125 0.61325791875
1 0.1237028828125 0.6513348421875 0.079356984375 0.6513348421875 0.079356984375 0.9275791859375 0.1237028828125 0.9275791859375 0.1237028828125 0.6513348421875
2 0.1231153 0.6120361984375 0.08109756093750001 0.6120361984375 0.08109756093750001 0.6489592765625 0.1231153 0.6489592765625 0.1231153 0.6120361984375
3 0.252071421875 0.66206239375 0.270159878125 0.66206239375 0.26957637968750003 0.648964040625 0.3460147046875 0.6501548015624999 0.3465982015625 0.60966896875 0.2713268765625 0.6120504890625 0.2713268765625 0.59895213125 0.257322909375 0.5965706109375 0.2561559109375 0.6120504890625 0.22989847187499998 0.6120504890625 0.2293149734375 0.648964040625 0.251487921875 0.6501548015624999 0.252071421875 0.66206239375
2 0.2544054140625 0.56084781875 0.2544054140625 0.5810907375000001 0.2637413921875 0.5787092171875 0.264908390625 0.59537985 0.27074337656249997 0.59537985 0.27074337656249997 0.57751845625 0.281246353125 0.57751845625 0.280662853125 0.5632293390625 0.271910375 0.56084781875 0.2713268765625 0.547749465625 0.2637413921875 0.5501309812499999 0.2637413921875 0.5632293390625 0.2544054140625 0.56084781875
3 0.27075387968750003 0.3465384609375 0.2561640796875 0.3465384609375 0.2561640796875 0.5477601812499999 0.27075387968750003 0.5477601812499999 0.27075387968750003 0.3465384609375
3 0.3413414640625 0.35723981875 0.325 0.35723981875 0.325 0.6120814484375 0.3413414640625 0.6120814484375 0.3413414640625 0.35723981875
6 0.6926164078125 0.344140271875 0.6809534375 0.344140271875 0.6809534375 0.3631900453125 0.6926164078125 0.3631900453125 0.6926164078125 0.344140271875
6 0.141796009375 0.29176470625 0.13363636406249998 0.29176470625 0.13363636406249998 0.42153846093749997 0.141796009375 0.42153846093749997 0.141796009375 0.29176470625
6 0.132461196875 0.6489366515625 0.1254545453125 0.6489366515625 0.1254545453125 0.6584841625 0.132461196875 0.6584841625 0.132461196875 0.6489366515625
6 0.1838026609375 0.6489819 0.177394678125 0.6489819 0.177394678125 0.6597058828125 0.1838026609375 0.6597058828125 0.1838026609375 0.6489819
6 0.23807095312499998 0.6513348421875 0.23106430156250002 0.6513348421875 0.23106430156250002 0.66323529375 0.23807095312499998 0.66323529375 0.23807095312499998 0.6513348421875
6 0.1347782703125 0.7775565609374999 0.1248669625 0.7775565609374999 0.1248669625 0.799004525 0.1347782703125 0.799004525 0.1347782703125 0.7775565609374999
6 0.34425720625 0.7096832578125001 0.333747228125 0.7096832578125001 0.333747228125 0.9299547515625 0.34425720625 0.9299547515625 0.34425720625 0.7096832578125001
6 0.345432371875 0.64776018125 0.3349223953125 0.64776018125 0.3349223953125 0.6596606328125 0.345432371875 0.6596606328125 0.345432371875 0.64776018125
6 0.4481263859375 0.71328054375 0.44287139687500005 0.71328054375 0.44287139687500005 0.7335067875 0.4481263859375 0.7335067875 0.4481263859375 0.71328054375
6 0.5654102 0.64776018125 0.5572505546875 0.64776018125 0.5572505546875 0.726357465625 0.5654102 0.726357465625 0.5654102 0.64776018125
1 0.6972838140625 0.8800000000000001 0.651186253125 0.8800000000000001 0.651186253125 0.9264253390625001 0.6972838140625 0.9264253390625001 0.6972838140625 0.8800000000000001
6 0.6990354765625 0.8525791859374999 0.64885809375 0.8525791859374999 0.64885809375 0.8763800906249999 0.6990354765625 0.8763800906249999 0.6990354765625 0.8525791859374999
1 0.6978603109375 0.740633484375 0.6488359203125 0.740633484375 0.6488359203125 0.8525791859374999 0.6978603109375 0.8525791859374999 0.6978603109375 0.740633484375
6 0.69669623125 0.7204298640625 0.648270509375 0.7204298640625 0.648270509375 0.7394796375 0.69669623125 0.7394796375 0.69669623125 0.7204298640625
0 0.7708017265625 0.38104310468749997 0.7696347296875 0.2964991671875 0.74687828125 0.294117646875 0.745711284375 0.3072160046875 0.718286846875 0.3072160046875 0.7188703453125 0.39652298125 0.7562142609375 0.3977137421875 0.7708017265625 0.38104310468749997
6 0.778381375 0.29174208125 0.7702217296875 0.29174208125 0.7702217296875 0.3786651578125 0.778381375 0.3786651578125 0.778381375 0.29174208125
6 0.753891353125 0.3977149328125 0.718880265625 0.3977149328125 0.718880265625 0.4155882359375 0.753891353125 0.4155882359375 0.753891353125 0.3977149328125
6 0.7935476718750001 0.000022625 0.7818847 0.000022625 0.7818847 0.148846153125 0.7935476718750001 0.148846153125 0.7935476718750001 0.000022625
6 0.9481929046875001 0.077375565625 0.86182926875 0.077375565625 0.86182926875 0.0988235296875 0.9481929046875001 0.0988235296875 0.9481929046875001 0.077375565625
6 0.923678375 0.377470828125 0.9248453718749999 0.366753990625 0.955187303125 0.367944746875 0.955187303125 0.3524648734375 0.9248453718749999 0.35127411249999996 0.9248453718749999 0.31436056093750003 0.9166763921875001 0.310788284375 0.9160928937499999 0.3762800671875 0.923678375 0.377470828125
6 0.7982261640625 0.41676589531249997 0.7988096625 0.3977137421875 0.7929746765625 0.40247677812499993 0.792391178125 0.419147415625 0.7982261640625 0.41676589531249997
6 0.47672949062500003 0.5918099546875 0.467971175 0.5918099546875 0.467971175 0.600135746875 0.47672949062500003 0.600135746875 0.47672949062500003 0.5918099546875
3 0.21471175156250003 0.58823529375 0.1861308203125 0.58823529375 0.1861308203125 0.6120361984375 0.21471175156250003 0.6120361984375 0.21471175156250003 0.58823529375
1 0.18905765000000002 0.7299321265625001 0.135376940625 0.7299321265625001 0.135376940625 0.924004525 0.18905765000000002 0.924004525 0.18905765000000002 0.7299321265625001
1 0.2520731703125 0.7287556562499999 0.1978159640625 0.7287556562499999 0.1978159640625 0.77875565625 0.2520731703125 0.77875565625 0.2520731703125 0.7287556562499999
1 0.176208425 0.6525339359375 0.13478935625 0.6525339359375 0.13478935625 0.7049321265625 0.176208425 0.7049321265625 0.176208425 0.6525339359375
4 0.33318181875 0.6525565609374999 0.2713414640625 0.6525565609374999 0.2713414640625 0.927624434375 0.33318181875 0.927624434375 0.33318181875 0.6525565609374999
1 0.4481263859375 0.65373303125 0.417195121875 0.65373303125 0.417195121875 0.7120588234375 0.4481263859375 0.7120588234375 0.4481263859375 0.65373303125
4 0.556662971875 0.6477828046874999 0.46914634218750007 0.6477828046874999 0.46914634218750007 0.927601809375 0.556662971875 0.927601809375 0.556662971875 0.6477828046874999
0 0.6984368078125 0.6477828046874999 0.6476829265624999 0.6477828046874999 0.6476829265624999 0.7168325796875 0.6984368078125 0.7168325796875 0.6984368078125 0.6477828046874999
0 0.577660753125 0.5477601812499999 0.53506651875 0.5477601812499999 0.53506651875 0.60373303125 0.577660753125 0.60373303125 0.577660753125 0.5477601812499999
0 0.255 0.5132126703125001 0.21648558750000002 0.5132126703125001 0.21648558750000002 0.6120361984375 0.255 0.6120361984375 0.255 0.5132126703125001
5 0.32384700624999996 0.294117646875 0.2730931265625 0.294117646875 0.2730931265625 0.610859728125 0.32384700624999996 0.610859728125 0.32384700624999996 0.294117646875
4 0.1301219515625 0.29294117656249996 0.08109756093750001 0.29294117656249996 0.08109756093750001 0.610859728125 0.1301219515625 0.610859728125 0.1301219515625 0.29294117656249996
7 0.08052106406250001 0.3715158375 0.059523281250000004 0.3715158375 0.059523281250000004 0.4429638015625 0.08052106406250001 0.4429638015625 0.08052106406250001 0.3715158375
1 0.6902771624999999 0.298868778125 0.6476829265624999 0.298868778125 0.6476829265624999 0.344117646875 0.6902771624999999 0.344117646875 0.6902771624999999 0.298868778125
1 0.6949556546875 0.000022625 0.6494345890625 0.000022625 0.6494345890625 0.0047737562499999995 0.6949556546875 0.0047737562499999995 0.6949556546875 0.000022625
1 0.7252882484375001 0 0.7252882484375001 0.09167420781249999 0.7818957875 0.09167420781249999 0.7818957875 0 0.7252882484375001 0
1 0.9528713968750001 0.3131674203125 0.92601995625 0.3131674203125 0.92601995625 0.35126696874999996 0.9528713968750001 0.35126696874999996 0.9528713968750001 0.3131674203125
1 0.9534478937499999 0.369140271875 0.925443459375 0.369140271875 0.925443459375 0.420361990625 0.9534478937499999 0.420361990625 0.9534478937499999 0.369140271875
4 0.9546119734375 0.7978054296875 0.82858093125 0.7978054296875 0.82858093125 0.9204751124999999 0.9546119734375 0.9204751124999999 0.9546119734375 0.7978054296875