3 0.8840685374999999 0.14765855781249998 0.8840685374999999 0.767824496875 0.5924170609375 0.773449584375 0.5942398843750001 0.8015750234375 0.48669339999999994 0.8001687531250001 0.48669339999999994 0.8311067375000001 0.6379876046875 0.8311067375000001 0.6379876046875 0.8015750234375 0.882245715625 0.79876248125 0.8840685374999999 0.8226691046875001 0.9442216546875001 0.8226691046875001 0.9442216546875001 0.7425116015625 0.9259934390625 0.745324146875 0.924170615625 0.18281535625 0.9478672984375001 0.1856279015625 0.9460444765625 0.04921951875 0.9642726937500001 0.047813246875 0.96062705 0.001406271875 0.8585490328125 0 0.8585490328125 0.0773449578125 0.8148013125 0.07875122968750001 0.8148013125 0.14765855781249998 0.8840685374999999 0.14765855781249998
7 0.8148104265624999 0.0773491765625 0.6252369671875 0.0773491765625 0.6252369671875 0.14765996406249998 0.8148104265624999 0.14765996406249998 0.8148104265624999 0.0773491765625
3 0.10754648124999999 0.8297004640625 0.36638716875 0.8297004640625 0.3627415234375 0.79876248125 0.10754648124999999 0.805793840625 0.1130149484375 0.1448460125 0.169522421875 0.1448460125 0.1676996 0.07875122968750001 0.111192125 0.0773449578125 0.11483776718750001 0.001406271875 0.0255195046875 0 0.0273423265625 0.8465757281249999 0.111192125 0.8493882718749999 0.10754648124999999 0.8297004640625
4 0.43018592968749997 0.1462522859375 0.111192125 0.143439740625 0.109369303125 0.497820278125 0.30987969375 0.49922655000000005 0.30987969375 0.417662775 0.4320087484375 0.417662775 0.43018592968749997 0.1462522859375
7 0.3809715640625 0.0787477140625 0.16770142187499998 0.0787477140625 0.16770142187499998 0.144835465625 0.3809715640625 0.144835465625 0.3809715640625 0.0787477140625
2 0.565074734375 0.17859654062500002 0.5814801296875001 0.17859654062500002 0.5778344875 0.14765855781249998 0.627050675 0.14906482968749998 0.627050675 0.0759386875 0.583302953125 0.0759386875 0.583302953125 0.047813246875 0.565074734375 0.047813246875 0.5632519140625 0.0773449578125 0.5176813703125 0.0759386875 0.5195041921875 0.14906482968749998 0.5614290921875 0.14906482968749998 0.565074734375 0.17859654062500002
1 0.42836310624999996 0.634228659375 0.43018592968749997 0.41906904687499996 0.3317535546875 0.41906904687499996 0.3317535546875 0.79876248125 0.5924170609375 0.79876248125 0.5924170609375 0.631416115625 0.42836310624999996 0.634228659375
2 0.4101348890625 0.5751652375 0.4119577109375 0.5864154125 0.42836310624999996 0.5864154125 0.42836310624999996 0.6075094921875 0.4520597890625 0.606103221875 0.4520597890625 0.585009140625 0.47211082656250003 0.585009140625 0.47211082656250003 0.5751652375 0.457528253125 0.568133878125 0.45570543125 0.547039796875 0.43018592968749997 0.54844606875 0.42654028437499997 0.5751652375 0.4101348890625 0.5751652375
2 0.5705432015625 0.7270426109375 0.5723660234375 0.7382927859375 0.586948596875 0.7382927859375 0.5887714171875 0.7706370421875001 0.6215822078125 0.767824496875 0.6197593890624999 0.7396990578125 0.6379876046875 0.7411053296875 0.6343419625 0.7270426109375 0.6197593890624999 0.7256363375 0.617936565625 0.6961046265624999 0.5905942390625001 0.6975108999999999 0.5905942390625001 0.7270426109375 0.5705432015625 0.7270426109375
2 0.2825373671875 0.6750105468750001 0.278891725 0.6890732671875 0.30805687187499997 0.6890732671875 0.30987969375 0.7115736171875 0.3353991984375 0.7143861625000001 0.3353991984375 0.6890732671875 0.3736784546875 0.6890732671875 0.3700328109375 0.673604275 0.33722201875 0.6750105468750001 0.3353991984375 0.6468851078125 0.30987969375 0.6496976515624999 0.3117025171875 0.67641681875 0.2825373671875 0.6750105468750001
2 0.417426175 0.859232175 0.4393000359375 0.859232175 0.43747721562499997 0.8339192796875 0.49033904531249994 0.8339192796875 0.4921618671875 0.79876248125 0.43747721562499997 0.7973562078125 0.43565439375 0.7748558578125 0.4210718203125 0.7720433124999999 0.41924899687500006 0.7973562078125 0.3627415234375 0.7973562078125 0.36638716875 0.8325130078124999 0.4210718203125 0.8297004640625 0.417426175 0.859232175
3 0.5213388625 0.0787477140625 0.3773341234375 0.0787477140625 0.3773341234375 0.1476508234375 0.5213388625 0.1476508234375 0.5213388625 0.0787477140625
6 0.10754648124999999 0.497820278125 0.1057236609375 0.80438756875 0.3117025171875 0.8029812968750001 0.3117025171875 0.7917311203125 0.12030623437500002 0.794543665625 0.11848341250000001 0.547039796875 0.3117025171875 0.5498523421875 0.3117025171875 0.6511039234375 0.3317535546875 0.6496976515624999 0.328107909375 0.41906904687499996 0.3135253359375 0.4162565046875 0.30987969375 0.49922655000000005 0.10754648124999999 0.497820278125
0 0.207801678125 0.634228659375 0.11848341250000001 0.6328223875 0.11848341250000001 0.7903248484375001 0.3117025171875 0.7917311203125 0.3135253359375 0.54844606875 0.12030623437500002 0.5456335250000001 0.11848341250000001 0.617353396875 0.20597885468750002 0.617353396875 0.207801678125 0.634228659375
6 0.20598341250000002 0.61735831875 0.1203199046875 0.61735831875 0.1203199046875 0.634232175 0.20598341250000002 0.634232175 0.20598341250000002 0.61735831875
6 0.33174170625 0.7115813531249999 0.3135189578125 0.7115813531249999 0.3135189578125 0.804396709375 0.33174170625 0.804396709375 0.33174170625 0.7115813531249999
6 0.4520497625 0.1448537484375 0.43017772499999996 0.1448537484375 0.43017772499999996 0.5484552109374999 0.4520497625 0.5484552109374999 0.4520497625 0.1448537484375
6 0.9405687203124999 0.6103290671875 0.924170615625 0.6103290671875 0.924170615625 0.6286106031250001 0.9405687203124999 0.6286106031250001 0.9405687203124999 0.6103290671875
6 0.0309952609375 0.1209323578125 0.014597156250000002 0.1209323578125 0.014597156250000002 0.14484460625 0.0309952609375 0.14484460625 0.0309952609375 0.1209323578125
6 0.4320087484375 0.6328223875 0.5924170609375 0.6328223875 0.5942398843750001 0.6989171703125 0.6161137437499999 0.6989171703125 0.6161137437499999 0.631416115625 0.8858913609375 0.631416115625 0.8840685374999999 0.6131345796875001 0.45570543125 0.6131345796875001 0.4538826109375 0.606103221875 0.43018592968749997 0.606103221875 0.4320087484375 0.6328223875
4 0.88406398125 0.632824496875 0.6142772515625 0.632824496875 0.6142772515625 0.772038390625 0.88406398125 0.772038390625 0.88406398125 0.632824496875
4 0.8822393359375 0.14765996406249998 0.4538744078125 0.14765996406249998 0.4538744078125 0.6131444234375001 0.8822393359375 0.6131444234375001 0.8822393359375 0.14765996406249998
1 0.11120853125 0 0.11120853125 0.0759414984375 0.8585545031249999 0.0759414984375 0.8585545031249999 0 0.11120853125 0