4 0.23012048125 0.1329987453125 0.10963855468749999 0.133835215625 0.11144578281249999 0.3655374328125 0.23313252968749998 0.3663739015625 0.23012048125 0.1329987453125
7 0.1981927703125 0.10288582187499999 0.134939759375 0.10288582187499999 0.134939759375 0.133835215625 0.1981927703125 0.133835215625 0.1981927703125 0.10288582187499999
4 0.3457831328125 0.1346716859375 0.241566265625 0.133835215625 0.243975903125 0.42158092812500003 0.3481927703125 0.42074445781250003 0.3457831328125 0.1346716859375
7 0.3259036140625 0.10121288125000001 0.286144578125 0.10121288125000001 0.286144578125 0.1329987453125 0.3259036140625 0.1329987453125 0.3259036140625 0.10121288125000001
3 0.4331325296875 0.1346716859375 0.457228915625 0.133835215625 0.457831325 0.4199079890625 0.3963855421875 0.4199079890625 0.39277108437499997 0.41321622812500003 0.39337349375 0.43496445 0.457831325 0.4341279796875 0.45843373437499996 0.440819740625 0.47108433749999995 0.44165621093749996 0.47228915625 0.43496445 0.55 0.43496445 0.5512048187499999 0.41823504843750003 0.471686746875 0.4199079890625 0.4680722890625 0.133835215625 0.4909638546875 0.133835215625 0.4909638546875 0.110414053125 0.49698795156250003 0.1112505234375 0.4975903609375 0.10121288125000001 0.4680722890625 0.10037641093750001 0.4674698796875 0.0359682140625 0.45602409687499995 0.0342952734375 0.45602409687499995 0.10121288125000001 0.4259036140625 0.10037641093750001 0.42771084375 0.1079046421875 0.4331325296875 0.1079046421875 0.4331325296875 0.1346716859375
4 0.45662650625 0.133835215625 0.3548192765625 0.1329987453125 0.35662650625 0.42158092812500003 0.45843373437499996 0.4199079890625 0.45662650625 0.133835215625
7 0.4331325296875 0.10121288125000001 0.39337349375 0.10121288125000001 0.39337349375 0.133835215625 0.4331325296875 0.133835215625 0.4331325296875 0.10121288125000001
4 0.5831325296875 0.133835215625 0.4674698796875 0.1329987453125 0.46927710781250004 0.306984525 0.58433735 0.306984525 0.5831325296875 0.133835215625
7 0.557228915625 0.10121288125000001 0.515060240625 0.10121288125000001 0.515060240625 0.1329987453125 0.557228915625 0.1329987453125 0.557228915625 0.10121288125000001
3 0.7819277109375 0.1095775828125 0.7855421687499999 0.1095775828125 0.7867469875 0.133835215625 0.8120481921874999 0.133835215625 0.81445783125 0.41656210781249997 0.5981927703125 0.41823504843750003 0.5981927703125 0.40568799687499996 0.58433735 0.40568799687499996 0.584939759375 0.41823504843750003 0.579518071875 0.41656210781249997 0.5789156625 0.4341279796875 0.584939759375 0.4341279796875 0.584939759375 0.44165621093749996 0.599397590625 0.440819740625 0.5987951812500001 0.4341279796875 0.813855421875 0.43078209999999995 0.812650603125 0.43663739062499995 0.82771084375 0.43663739062499995 0.8240963859375 0.133835215625 0.8518072296874999 0.133835215625 0.8518072296874999 0.1095775828125 0.8572289156249999 0.1095775828125 0.8566265062499999 0.10037641093750001 0.8234939765625 0.10037641093750001 0.8222891562499999 0.032622334375 0.8114457828124999 0.032622334375 0.8114457828124999 0.0995399421875 0.7819277109375 0.0995399421875 0.7819277109375 0.1095775828125
4 0.6740963859375 0.417398578125 0.815060240625 0.417398578125 0.812650603125 0.133835215625 0.5963855421875001 0.1329987453125 0.5975903609375 0.305311584375 0.6734939765625 0.305311584375 0.6740963859375 0.417398578125
7 0.68012048125 0.10037641093750001 0.6397590359375 0.10037641093750001 0.6397590359375 0.1329987453125 0.68012048125 0.1329987453125 0.68012048125 0.10037641093750001
7 0.787349396875 0.10037641093750001 0.7253012046875 0.10037641093750001 0.7253012046875 0.132162275 0.787349396875 0.132162275 0.787349396875 0.10037641093750001
4 0.9409638546875 0.1329987453125 0.8259036140625 0.1329987453125 0.8259036140625 0.363028021875 0.9409638546875 0.363028021875 0.9409638546875 0.1329987453125
7 0.915060240625 0.10037641093750001 0.850602409375 0.10037641093750001 0.850602409375 0.1329987453125 0.915060240625 0.1329987453125 0.915060240625 0.10037641093750001
7 0.9192771078125 0.7151819328125 0.8530120484375001 0.7151819328125 0.8530120484375001 0.7461313265625 0.9192771078125 0.7461313265625 0.9192771078125 0.7151819328125
7 0.791566265625 0.7176913421875 0.7295180718750001 0.7176913421875 0.7295180718750001 0.7486407359375 0.791566265625 0.7486407359375 0.791566265625 0.7176913421875
7 0.6837349390624999 0.7185278125 0.642771084375 0.7185278125 0.642771084375 0.7503136765625 0.6837349390624999 0.7503136765625 0.6837349390624999 0.7185278125
1 0.45903614531250003 0.7519866171875 0.24337349375 0.7519866171875 0.24337349375 0.802174821875 0.45903614531250003 0.802174821875 0.45903614531250003 0.7519866171875
7 0.43554216874999996 0.7185278125 0.3746987953125 0.7185278125 0.3746987953125 0.7511501468749999 0.43554216874999996 0.7511501468749999 0.43554216874999996 0.7185278125
7 0.3289156625 0.7193642828125 0.28795180781249996 0.7193642828125 0.28795180781249996 0.7519866171875 0.3289156625 0.7519866171875 0.3289156625 0.7193642828125
7 0.20120481875000001 0.720200753125 0.137349396875 0.720200753125 0.137349396875 0.7528230859375 0.20120481875000001 0.7528230859375 0.20120481875000001 0.720200753125
3 0.791566265625 0.739439565625 0.7867469875 0.7386030953125 0.7855421687499999 0.7486407359375 0.8156626499999999 0.7469677953125 0.815060240625 0.809703053125 0.82771084375 0.809703053125 0.8265060234374999 0.747804265625 0.8590361453125 0.7469677953125 0.858433734375 0.737766625 0.8536144578125 0.739439565625 0.8536144578125 0.7151819328125 0.82771084375 0.7168548718750001 0.8265060234374999 0.49769970781249995 0.8156626499999999 0.49686323750000005 0.8156626499999999 0.7168548718750001 0.792168675 0.7160184015625 0.791566265625 0.739439565625
3 0.6789156625 0.74947720625 0.7331325296875 0.7486407359375 0.7331325296875 0.7411125046875 0.7295180718750001 0.7411125046875 0.7295180718750001 0.7168548718750001 0.6843373500000001 0.7168548718750001 0.684939759375 0.740276034375 0.6789156625 0.740276034375 0.6789156625 0.74947720625
2 0.6439759031250001 0.7168548718750001 0.6192771078125 0.7168548718750001 0.6192771078125 0.7503136765625 0.6439759031250001 0.7503136765625 0.6439759031250001 0.7168548718750001
3 0.5746987953125 0.7168548718750001 0.5740963859375 0.741948975 0.579518071875 0.741948975 0.5789156625 0.7503136765625 0.587349396875 0.74947720625 0.587349396875 0.8122124640624999 0.6 0.8113759937499999 0.599397590625 0.7503136765625 0.6265060234375001 0.74947720625 0.6253012046875 0.7411125046875 0.620481928125 0.7411125046875 0.6210843374999999 0.7176913421875 0.5987951812500001 0.7176913421875 0.5987951812500001 0.479297365625 0.58554216875 0.47846089531249997 0.5867469875 0.7185278125 0.5746987953125 0.7168548718750001
2 0.8271084343749999 0.43580092031250006 0.81445783125 0.43580092031250006 0.81445783125 0.49686323750000005 0.8271084343749999 0.49686323750000005 0.8271084343749999 0.43580092031250006
3 0.43614457812499996 0.7411125046875 0.4289156625 0.740276034375 0.429518071875 0.7519866171875 0.4602409640625 0.7503136765625 0.45843373437499996 0.8147218734375 0.4734939765625 0.81555834375 0.4734939765625 0.7528230859375 0.5367469875 0.7528230859375 0.5367469875 0.743621915625 0.542771084375 0.7427854453125 0.542771084375 0.7176913421875 0.472891565625 0.7176913421875 0.47108433749999995 0.481806775 0.45843373437499996 0.481806775 0.45963855468750003 0.7185278125 0.43614457812499996 0.7185278125 0.43614457812499996 0.7411125046875
3 0.322891565625 0.7528230859375 0.3789156625 0.7519866171875 0.3789156625 0.743621915625 0.3753012046875 0.741948975 0.3753012046875 0.7193642828125 0.32831325312500004 0.7185278125 0.32951807187500004 0.7411125046875 0.3240963859375 0.7411125046875 0.322891565625 0.7528230859375
2 0.2897590359375 0.720200753125 0.2662650609375 0.720200753125 0.2662650609375 0.7528230859375 0.2897590359375 0.7528230859375 0.2897590359375 0.720200753125
3 0.19277108437499998 0.1095775828125 0.1981927703125 0.1095775828125 0.1975903609375 0.1346716859375 0.229518071875 0.133835215625 0.23313252968749998 0.43580092031250006 0.312650603125 0.43580092031250006 0.3114457828125 0.42074445781250003 0.243975903125 0.42158092812500003 0.24036144531249998 0.133835215625 0.26445783125 0.133835215625 0.263855421875 0.110414053125 0.2668674703125 0.110414053125 0.2662650609375 0.10121288125000001 0.24036144531249998 0.10121288125000001 0.2397590359375 0.033458803125 0.2289156625 0.0342952734375 0.23012048125 0.10121288125000001 0.19277108437499998 0.10204935156249999 0.19277108437499998 0.1095775828125
2 0.2867469875 0.10121288125000001 0.263855421875 0.10121288125000001 0.263855421875 0.1329987453125 0.2867469875 0.1329987453125 0.2867469875 0.10121288125000001
6 0.3548192765625 0.1346716859375 0.3457831328125 0.1329987453125 0.34879518125 0.42074445781250003 0.35602409687500003 0.4224173984375 0.3548192765625 0.1346716859375
2 0.39337349375 0.10204935156249999 0.37048192812499997 0.10204935156249999 0.37048192812499997 0.133835215625 0.39337349375 0.133835215625 0.39337349375 0.10204935156249999
2 0.5132530125 0.10204935156249999 0.4903614453125 0.10204935156249999 0.4903614453125 0.133835215625 0.5132530125 0.133835215625 0.5132530125 0.10204935156249999
2 0.6403614453124999 0.10121288125000001 0.6174698796875 0.10121288125000001 0.6174698796875 0.1329987453125 0.6403614453124999 0.1329987453125 0.6403614453124999 0.10121288125000001
3 0.14337349375 0.741948975 0.1379518078125 0.741948975 0.1385542171875 0.7185278125 0.1132530125 0.7210372234375 0.10963855468749999 0.133835215625 0.134939759375 0.13550815624999998 0.1337349390625 0.1095775828125 0.1379518078125 0.1087411125 0.134939759375 0.10121288125000001 0.08554216875000001 0.10204935156249999 0.0897590359375 0.7536595562499999 0.14337349375 0.7536595562499999 0.14337349375 0.741948975
3 0.23313252968749998 0.7185278125 0.2 0.720200753125 0.2 0.741948975 0.193975903125 0.741948975 0.193975903125 0.7528230859375 0.2337349390625 0.7544960265625 0.23313252968749998 0.81555834375 0.2445783125 0.81555834375 0.243975903125 0.7536595562499999 0.2710843375 0.7536595562499999 0.2710843375 0.741948975 0.2668674703125 0.741948975 0.2674698796875 0.7193642828125 0.243975903125 0.7193642828125 0.2445783125 0.5035549984375 0.2325301203125 0.5052279375000001 0.229518071875 0.5135926390625001 0.23313252968749998 0.5135926390625001 0.23313252968749998 0.7185278125
1 0.45903614531250003 0.43329150937499994 0.243975903125 0.43496445 0.2445783125 0.50439146875 0.45903614531250003 0.5027185281250001 0.45903614531250003 0.43329150937499994
3 0.36445783125000003 0.42074445781250003 0.341566265625 0.42074445781250003 0.341566265625 0.43580092031250006 0.36445783125000003 0.43580092031250006 0.36445783125000003 0.42074445781250003
3 0.3246987953125 0.133835215625 0.371686746875 0.133835215625 0.3710843375 0.1095775828125 0.3746987953125 0.1087411125 0.3746987953125 0.10121288125000001 0.3210843375 0.10037641093750001 0.31987951875 0.110414053125 0.3246987953125 0.110414053125 0.3246987953125 0.133835215625
3 0.5512048187499999 0.110414053125 0.556024096875 0.1095775828125 0.55662650625 0.1346716859375 0.5831325296875 0.133835215625 0.58433735 0.327896278125 0.5975903609375 0.3270598078125 0.5963855421875001 0.133835215625 0.6186746984375 0.133835215625 0.6174698796875 0.1087411125 0.622891565625 0.1095775828125 0.622891565625 0.0995399421875 0.5957831328125 0.0995399421875 0.5951807234375 0.032622334375 0.5819277109375001 0.032622334375 0.5831325296875 0.10037641093750001 0.55 0.0978670015625 0.5512048187499999 0.110414053125
3 0.9120481921874999 0.7469677953125 0.9674698796874999 0.7461313265625 0.9644578312500001 0.0995399421875 0.9090361453125 0.0995399421875 0.9096385546875 0.1087411125 0.91445783125 0.1095775828125 0.91445783125 0.133835215625 0.9391566265625 0.1329987453125 0.9409638546875 0.7143454625000001 0.9186746984375 0.7151819328125 0.9180722890625 0.736093684375 0.9114457828125 0.7369301546875 0.9120481921874999 0.7469677953125
1 0.5862198796875 0.7512547046875 0.5798192765625 0.7512547046875 0.5794427703125 0.7413216234375 0.537650603125 0.7428900046875 0.5372740968749999 0.7523002921875 0.47364457812499994 0.7517774984375001 0.47439759062500003 0.7993517359375 0.5869728921874999 0.7998745296875 0.5862198796875 0.7512547046875
2 0.5753012046875 0.7427854453125 0.5759036140625 0.7176913421875 0.5409638546875 0.7168548718750001 0.541566265625 0.7444583859375 0.5481927703125 0.7662066078125 0.5753012046875 0.7427854453125
2 0.5753012046875 0.8105395234375001 0.5746987953125 0.7996654125 0.542168675 0.8005018828124999 0.541566265625 0.8113759937499999 0.5512048187499999 0.8297783359375 0.5753012046875 0.8105395234375001
5 0.5867469875 0.481806775 0.47108433749999995 0.481806775 0.47108433749999995 0.7176913421875 0.5867469875 0.7176913421875 0.5867469875 0.481806775
2 0.52228915625 0.7118360515625 0.53012048125 0.712672521875 0.53012048125 0.670012546875 0.5228915656249999 0.670012546875 0.507228915625 0.67921371875 0.52228915625 0.7118360515625
4 0.9409638546875 0.5110832281250001 0.8271084343749999 0.5110832281250001 0.8271084343749999 0.7143454625000001 0.9409638546875 0.7143454625000001 0.9409638546875 0.5110832281250001
2 0.86987951875 0.5119196984375 0.8680722890625001 0.5010455875 0.8331325296875001 0.5027185281250001 0.8337349390625001 0.5110832281250001 0.8626506031250001 0.537850271875 0.86987951875 0.5119196984375
6 0.8668674703124999 0.5094102890625 0.9415662656249999 0.510246759375 0.9403614453125 0.46675031406249995 0.88012048125 0.467586784375 0.88012048125 0.455876203125 0.8753012046875 0.455876203125 0.8746987953125 0.5010455875 0.8674698796874999 0.5018820578125001 0.8668674703124999 0.5094102890625
1 0.8740963859375 0.3730656625 0.8271084343749999 0.3730656625 0.8271084343749999 0.5002091171874999 0.8740963859375 0.5002091171874999 0.8740963859375 0.3730656625
2 0.8807228921875 0.45503973281250004 0.879518071875 0.42994562968750005 0.8722891562499999 0.42994562968750005 0.8620481921875 0.455876203125 0.8807228921875 0.45503973281250004
2 0.8734939765625 0.4090338765625 0.88012048125 0.40819740624999995 0.879518071875 0.37808448281249996 0.8734939765625 0.37808448281249996 0.8620481921875 0.39983270625 0.8734939765625 0.4090338765625
6 0.8325301203125001 0.363028021875 0.8240963859375 0.363028021875 0.8240963859375 0.3722291921875 0.8325301203125001 0.3722291921875 0.8325301203125001 0.363028021875
2 0.8554216875 0.3370974484375 0.8325301203125001 0.3621915515625 0.8313253015625 0.370556253125 0.8662650609375 0.370556253125 0.86566265 0.363028021875 0.8554216875 0.3370974484375
1 0.6674698796875 0.316185696875 0.5975903609375 0.316185696875 0.5975903609375 0.417398578125 0.6674698796875 0.417398578125 0.6674698796875 0.316185696875
2 0.6162650609375 0.302802175 0.6162650609375 0.31451275624999997 0.6608433734375 0.3136762859375 0.6608433734375 0.3061480546875 0.6397590359375 0.285236303125 0.6162650609375 0.302802175
2 0.5391566265625001 0.34546215 0.5331325296875 0.3446256796875 0.5337349390624999 0.3680468421875 0.5403614453125 0.3680468421875 0.5530120484375 0.3446256796875 0.5391566265625001 0.34546215
1 0.584939759375 0.43245503906250005 0.471686746875 0.43329150937499994 0.47108433749999995 0.48013383593750003 0.5837349390625 0.48013383593750003 0.584939759375 0.43245503906250005
2 0.55 0.41656210781249997 0.549397590625 0.43245503906250005 0.5813253015625001 0.43245503906250005 0.5819277109375001 0.41656210781249997 0.577108434375 0.4006691765625 0.55 0.41656210781249997
2 0.5981927703125 0.4399832703125 0.58554216875 0.4399832703125 0.58554216875 0.48097030468749996 0.5987951812500001 0.481806775 0.6120481921875001 0.47511501406249995 0.5981927703125 0.4399832703125
2 0.45963855468750003 0.4826432453125 0.47108433749999995 0.48097030468749996 0.470481928125 0.4399832703125 0.45963855468750003 0.4399832703125 0.4457831328125 0.47511501406249995 0.45963855468750003 0.4826432453125
2 0.3632530125 0.4199079890625 0.36445783125000003 0.43329150937499994 0.39397590312499997 0.43329150937499994 0.3951807234375 0.417398578125 0.3837349390625 0.39565035625 0.3632530125 0.4199079890625
2 0.3102409640625 0.43580092031250006 0.3409638546875 0.43329150937499994 0.342771084375 0.41823504843750003 0.32228915625 0.3948138859375 0.3108433734375 0.42158092812500003 0.3102409640625 0.43580092031250006
4 0.45903614531250003 0.5135926390625001 0.24337349375 0.5135926390625001 0.2451807234375 0.720200753125 0.45963855468750003 0.7185278125 0.45903614531250003 0.5135926390625001
2 0.320481928125 0.5386867421875 0.3403614453125 0.514429109375 0.3397590359375 0.50439146875 0.2963855421875 0.5052279375000001 0.293975903125 0.514429109375 0.3108433734375 0.53617733125 0.320481928125 0.5386867421875
4 0.23313252968749998 0.5152655796875 0.112650603125 0.514429109375 0.1132530125 0.7210372234375 0.23313252968749998 0.7193642828125 0.23313252968749998 0.5152655796875
2 0.23072289218750003 0.5152655796875 0.2313253015625 0.5060644078125 0.199397590625 0.5060644078125 0.2 0.518611459375 0.207228915625 0.5403596828125 0.23072289218750003 0.5152655796875
6 0.1831325296875 0.4583856125 0.17771084374999999 0.4583856125 0.17771084374999999 0.5060644078125 0.1831325296875 0.5060644078125 0.1831325296875 0.4583856125
1 0.23313252968749998 0.3739021328125 0.1825301203125 0.3739021328125 0.1825301203125 0.50439146875 0.23313252968749998 0.50439146875 0.23313252968749998 0.3739021328125
2 0.1837349390625 0.43078209999999995 0.178313253125 0.43245503906250005 0.17771084374999999 0.4592220828125 0.1825301203125 0.46089502343750005 0.1981927703125 0.460058553125 0.1837349390625 0.43078209999999995
2 0.19879518125 0.3739021328125 0.229518071875 0.3739021328125 0.2289156625 0.3647009625 0.20903614531249998 0.3387703890625 0.1981927703125 0.3638644921875 0.19879518125 0.3739021328125
2 0.1831325296875 0.4123797578125 0.193975903125 0.40234211562500005 0.1825301203125 0.37808448281249996 0.17710843437499998 0.38059389375 0.17710843437499998 0.4123797578125 0.1831325296875 0.4123797578125
2 0.243975903125 0.43663739062499995 0.23313252968749998 0.43663739062499995 0.23313252968749998 0.5027185281250001 0.243975903125 0.5027185281250001 0.243975903125 0.43663739062499995
6 0.2957831328125 0.5052279375000001 0.243975903125 0.5052279375000001 0.243975903125 0.514429109375 0.2957831328125 0.514429109375 0.2957831328125 0.5052279375000001
6 0.4602409640625 0.5035549984375 0.3397590359375 0.5035549984375 0.3397590359375 0.514429109375 0.4602409640625 0.514429109375 0.4602409640625 0.5035549984375
4 0.815060240625 0.5119196984375 0.5981927703125 0.51275616875 0.599397590625 0.7168548718750001 0.815060240625 0.7151819328125 0.815060240625 0.5119196984375
6 0.7246987953125 0.5035549984375 0.5981927703125 0.5035549984375 0.5981927703125 0.5119196984375 0.7246987953125 0.5119196984375 0.7246987953125 0.5035549984375
6 0.8162650609375 0.5027185281250001 0.76445783125 0.5027185281250001 0.76445783125 0.5110832281250001 0.8162650609375 0.5110832281250001 0.8162650609375 0.5027185281250001
2 0.76566265 0.5027185281250001 0.722891565625 0.5027185281250001 0.722891565625 0.5119196984375 0.76566265 0.5119196984375 0.76566265 0.5027185281250001
1 0.58433735 0.3170221671875 0.5403614453125 0.3170221671875 0.5403614453125 0.417398578125 0.58433735 0.417398578125 0.58433735 0.3170221671875
2 0.5789156625 0.306984525 0.5481927703125 0.306984525 0.5481927703125 0.31534922656250003 0.5789156625 0.31534922656250003 0.5789156625 0.306984525
6 0.58554216875 0.306984525 0.5789156625 0.306984525 0.5789156625 0.316185696875 0.58554216875 0.316185696875 0.58554216875 0.306984525
2 0.5975903609375 0.3270598078125 0.584939759375 0.3270598078125 0.584939759375 0.40568799687499996 0.5975903609375 0.40568799687499996 0.5975903609375 0.3270598078125
6 0.6192771078125 0.306984525 0.5975903609375 0.306984525 0.5975903609375 0.316185696875 0.6192771078125 0.316185696875 0.6192771078125 0.306984525
6 0.834939759375 0.5010455875 0.8246987953125 0.5010455875 0.8246987953125 0.5110832281250001 0.834939759375 0.5110832281250001 0.834939759375 0.5010455875
6 0.53012048125 0.5119196984375 0.5234939765625 0.5119196984375 0.5234939765625 0.670012546875 0.53012048125 0.670012546875 0.53012048125 0.5119196984375
6 0.5313253015625 0.7101631109375 0.5234939765625 0.7101631109375 0.5234939765625 0.720200753125 0.5313253015625 0.720200753125 0.5313253015625 0.7101631109375
6 0.2 0.5052279375000001 0.11144578281249999 0.5052279375000001 0.11144578281249999 0.514429109375 0.2 0.514429109375 0.2 0.5052279375000001
6 0.2337349390625 0.3663739015625 0.228313253125 0.3663739015625 0.228313253125 0.3739021328125 0.2337349390625 0.3739021328125 0.2337349390625 0.3663739015625
6 0.1765060234375 0.38226683437500003 0.18132530156249999 0.38226683437500003 0.1819277109375 0.3739021328125 0.19879518125 0.3739021328125 0.20060240937499998 0.3655374328125 0.11084337343749999 0.3655374328125 0.11024096406249999 0.374738603125 0.1765060234375 0.3739021328125 0.1765060234375 0.38226683437500003
0 0.17771084374999999 0.429109159375 0.112650603125 0.429109159375 0.112650603125 0.5052279375000001 0.17771084374999999 0.5052279375000001 0.17771084374999999 0.429109159375
6 0.17771084374999999 0.43329150937499994 0.18132530156249999 0.4341279796875 0.1819277109375 0.4107068171875 0.178313253125 0.4107068171875 0.17710843437499998 0.41907151875000004 0.112650603125 0.41907151875000004 0.11084337343749999 0.4282726890625 0.17771084374999999 0.42743621875000004 0.17771084374999999 0.43329150937499994
0 0.5325301203125 0.3170221671875 0.470481928125 0.3170221671875 0.470481928125 0.38059389375 0.5325301203125 0.38059389375 0.5325301203125 0.3170221671875
6 0.5325301203125 0.34629862031249997 0.5391566265625001 0.34629862031249997 0.5397590359375 0.3178586359375 0.54879518125 0.316185696875 0.54879518125 0.306984525 0.46927710781250004 0.306984525 0.46927710781250004 0.316185696875 0.5325301203125 0.31534922656250003 0.5325301203125 0.34629862031249997
6 0.6674698796875 0.417398578125 0.6740963859375 0.41823504843750003 0.672891565625 0.306984525 0.6596385546875 0.305311584375 0.6602409640625 0.3136762859375 0.6662650609375 0.31451275624999997 0.6674698796875 0.417398578125
0 0.9409638546875 0.3730656625 0.88012048125 0.3730656625 0.88012048125 0.41321622812500003 0.9409638546875 0.41321622812500003 0.9409638546875 0.3730656625
6 0.8734939765625 0.378920953125 0.8783132531250001 0.378920953125 0.8783132531250001 0.3722291921875 0.9403614453125 0.370556253125 0.9403614453125 0.363028021875 0.86566265 0.36135508125000004 0.865060240625 0.370556253125 0.872891565625 0.37139272343749996 0.8734939765625 0.378920953125
0 0.9403614453125 0.42325386875 0.8807228921875 0.42325386875 0.8807228921875 0.46675031406249995 0.9403614453125 0.46675031406249995 0.9403614453125 0.42325386875
6 0.8746987953125 0.4316185703125 0.88012048125 0.43078209999999995 0.879518071875 0.42409033906250004 0.9421686749999999 0.4224173984375 0.9415662656249999 0.41405269687499996 0.88012048125 0.41405269687499996 0.88012048125 0.4090338765625 0.8734939765625 0.40819740624999995 0.8746987953125 0.4316185703125
6 0.5397590359375 0.3680468421875 0.5331325296875 0.3680468421875 0.5325301203125 0.38059389375 0.47108433749999995 0.38059389375 0.470481928125 0.41907151875000004 0.5397590359375 0.4199079890625 0.5397590359375 0.3680468421875
1 0.81445783125 0.43078209999999995 0.5987951812500001 0.4341279796875 0.5987951812500001 0.5035549984375 0.81445783125 0.5018820578125001 0.81445783125 0.43078209999999995
0 0.1765060234375 0.374738603125 0.11144578281249999 0.374738603125 0.11144578281249999 0.417398578125 0.1765060234375 0.417398578125 0.1765060234375 0.374738603125
6 0.542168675 0.7996654125 0.4734939765625 0.7996654125 0.4734939765625 0.809703053125 0.542168675 0.809703053125 0.542168675 0.7996654125
6 0.586144578125 0.7996654125 0.5759036140625 0.7996654125 0.5759036140625 0.8105395234375001 0.586144578125 0.8105395234375001 0.586144578125 0.7996654125
6 0.4608433734375 0.8038477625 0.24337349375 0.8038477625 0.24337349375 0.8088665828125 0.4608433734375 0.8088665828125 0.4608433734375 0.8038477625
6 0.8174698796875 0.7988289421875 0.599397590625 0.7988289421875 0.599397590625 0.8080301125 0.8174698796875 0.8080301125 0.8174698796875 0.7988289421875
1 0.8156626499999999 0.74947720625 0.6 0.74947720625 0.6 0.7996654125 0.8156626499999999 0.7996654125 0.8156626499999999 0.74947720625
3 0.6795933734374999 0.134880803125 0.7266566265625001 0.134358009375 0.7266566265625001 0.11030949375000001 0.7304216875 0.11030949375000001 0.7304216875 0.10037641093750001 0.6743222890625 0.09933082343750001 0.6743222890625 0.10926390625 0.6792168671875001 0.10926390625 0.6795933734374999 0.134880803125
1 0.45662650625 0.05018820625 0.2397590359375 0.05018820625 0.2397590359375 0.10121288125000001 0.45662650625 0.10121288125000001 0.45662650625 0.05018820625
6 0.45662650625 0.0418235046875 0.23915662656249997 0.0418235046875 0.23915662656249997 0.048515265625 0.45662650625 0.048515265625 0.45662650625 0.0418235046875
1 0.5825301203125 0.0493517359375 0.4674698796875 0.0493517359375 0.4674698796875 0.0995399421875 0.5825301203125 0.0995399421875 0.5825301203125 0.0493517359375
6 0.5831325296875 0.040987034374999995 0.4674698796875 0.040987034374999995 0.4674698796875 0.0476787953125 0.5831325296875 0.0476787953125 0.5831325296875 0.040987034374999995
1 0.8114457828124999 0.0476787953125 0.5951807234375 0.0476787953125 0.5951807234375 0.0995399421875 0.8114457828124999 0.0995399421875 0.8114457828124999 0.0476787953125
6 0.8120481921874999 0.040987034374999995 0.5951807234375 0.040987034374999995 0.5951807234375 0.0460058546875 0.8120481921874999 0.0460058546875 0.8120481921874999 0.040987034374999995