4 0.289990059375 0.171853034375 0.16384691875 0.171853034375 0.16384691875 0.3734504796875 0.289990059375 0.3734504796875 0.289990059375 0.171853034375
7 0.27919483125 0.1388977640625 0.210904571875 0.1388977640625 0.210904571875 0.16947284375 0.27919483125 0.16947284375 0.27919483125 0.1388977640625
4 0.38732604375 0.17297124531250002 0.300944334375 0.17297124531250002 0.300944334375 0.373482428125 0.38732604375 0.373482428125 0.38732604375 0.17297124531250002
7 0.3760039765625 0.14028754062499998 0.3103180921875 0.14028754062499998 0.3103180921875 0.172236421875 0.3760039765625 0.172236421875 0.3760039765625 0.14028754062499998
4 0.486729621875 0.171853034375 0.3976043734375 0.171853034375 0.3976043734375 0.3723642171875 0.486729621875 0.3723642171875 0.486729621875 0.171853034375
7 0.47539761406250003 0.14028754062499998 0.4079821078125 0.14028754062499998 0.4079821078125 0.172236421875 0.47539761406250003 0.172236421875 0.47539761406250003 0.14028754062499998
3 0.6025913484375 0.49135176718749995 0.4360046625 0.49135176718749995 0.43669020312500006 0.521097278125 0.6019058078125 0.5188939078125 0.6019058078125 0.5585545875 0.623843146875 0.5585545875 0.62315760625 0.5244023359375001 0.643038321875 0.5244023359375001 0.6423527796874999 0.49135176718749995 0.6211009796875 0.49135176718749995 0.619044353125 0.16965957812500002 0.6416672390625 0.16965957812500002 0.6402961546875 0.14762586875 0.6457804890625 0.14762586875 0.647151571875 0.1366090125 0.5689997953125 0.1366090125 0.572427503125 0.1729646359375 0.603276890625 0.1729646359375 0.6025913484375 0.49135176718749995
4 0.60328031875 0.1707667734375 0.49564612343750003 0.1707667734375 0.49564612343750003 0.3723642171875 0.60328031875 0.3723642171875 0.60328031875 0.1707667734375
7 0.5730914515625 0.14028754062499998 0.5048011921875 0.14028754062499998 0.5048011921875 0.172236421875 0.5730914515625 0.172236421875 0.5730914515625 0.14028754062499998
5 0.7122862828125001 0.1696485625 0.619045725 0.1696485625 0.619045725 0.49354632656249997 0.7122862828125001 0.49354632656249997 0.7122862828125001 0.1696485625
7 0.6906361828125 0.1403035140625 0.64137176875 0.1403035140625 0.64137176875 0.17087859375 0.6906361828125 0.17087859375 0.6906361828125 0.1403035140625
4 0.9343936375 0.171884984375 0.7273558640625 0.171884984375 0.7273558640625 0.4924600640625 0.9343936375 0.4924600640625 0.9343936375 0.171884984375
7 0.8168290265625 0.1389297125 0.7494135187500001 0.1389297125 0.7494135187500001 0.172252396875 0.8168290265625 0.172252396875 0.8168290265625 0.1389297125
3 0.9350791812500001 0.492453453125 0.8020840484375 0.49135176718749995 0.8027695890625001 0.52770739375 0.9570165203125001 0.52770739375 0.9563309796875 0.1355073265625 0.9103996703125 0.1355073265625 0.9110852125 0.1718629484375 0.9343936375 0.170761265625 0.9350791812500001 0.492453453125
7 0.9136481109375 0.1403035140625 0.8462326046875001 0.1403035140625 0.8462326046875001 0.17087859375 0.9136481109375 0.17087859375 0.9136481109375 0.1403035140625
7 0.073469184375 0.555638978125 0.052733598437499994 0.555638978125 0.052733598437499994 0.6639776359375 0.073469184375 0.6639776359375 0.073469184375 0.555638978125
7 0.07261431406249999 0.69733226875 0.0510039765625 0.69733226875 0.0510039765625 0.8056709265625001 0.07261431406249999 0.8056709265625001 0.07261431406249999 0.69733226875
7 0.073479125 0.21252396093749998 0.053598409375 0.21252396093749998 0.053598409375 0.3180830671875 0.073479125 0.3180830671875 0.073479125 0.21252396093749998
7 0.1780616296875 0.8417891375 0.113230615625 0.8417891375 0.113230615625 0.8737380187499999 0.1780616296875 0.8737380187499999 0.1780616296875 0.8417891375
7 0.27660039687500004 0.8431789140625 0.2100397609375 0.8431789140625 0.2100397609375 0.87375399375 0.27660039687500004 0.87375399375 0.27660039687500004 0.8431789140625
7 0.375139165625 0.8431789140625 0.3077236578125 0.8431789140625 0.3077236578125 0.87375399375 0.375139165625 0.87375399375 0.375139165625 0.8431789140625
7 0.47280318125000004 0.8431629390625 0.407117296875 0.8431629390625 0.407117296875 0.8751118203124999 0.47280318125000004 0.8751118203124999 0.47280318125000004 0.8431629390625
7 0.569622265625 0.8417731625 0.5039363812500001 0.8417731625 0.5039363812500001 0.876501596875 0.569622265625 0.876501596875 0.569622265625 0.8417731625
7 0.624075546875 0.5570287546875 0.60419483125 0.5570287546875 0.60419483125 0.6625878593750001 0.624075546875 0.6625878593750001 0.624075546875 0.5570287546875
7 0.6232107359375 0.6959265171875 0.6050596421875001 0.6959265171875 0.6050596421875001 0.8056709265625001 0.6232107359375 0.8056709265625001 0.6232107359375 0.6959265171875
2 0.0406258109375 0.43756077343750005 0.05099835781249999 0.4695096546875 0.0743365890625 0.47089873437499996 0.0743365890625 0.390331990625 0.05099835781249999 0.39172107343749996 0.0406258109375 0.42228087187499996 0.0406258109375 0.43756077343750005
3 0.211143140625 0.8394888171874999 0.17824055625 0.8394888171874999 0.17824055625 0.8758466453124999 0.211143140625 0.8758466453124999 0.211143140625 0.8394888171874999
3 0.31054672031249997 0.8372843453125001 0.27557654062500003 0.8372843453125001 0.27557654062500003 0.873642171875 0.31054672031249997 0.873642171875 0.31054672031249997 0.8372843453125001
3 0.406520875 0.8395047921875 0.374990059375 0.8395047921875 0.374990059375 0.874744409375 0.406520875 0.874744409375 0.406520875 0.8395047921875
3 0.5038767390625 0.8394888171874999 0.47302186874999996 0.8394888171874999 0.47302186874999996 0.8758466453124999 0.5038767390625 0.8758466453124999 0.5038767390625 0.8394888171874999
3 0.62384691875 0.6632268375 0.6019184890625 0.6632268375 0.6019184890625 0.6995846640625001 0.62384691875 0.6995846640625001 0.62384691875 0.6632268375
1 0.6245286906249999 0.6808416875 0.710906971875 0.678638315625 0.7115925125 0.66321471875 0.7280455203125 0.6643164031250001 0.7287310609375 0.6764349453125 0.816480428125 0.678638315625 0.816480428125 0.66321471875 0.8370466859375 0.66211303125 0.8377322265625 0.6797400031249999 0.9254815921875 0.6797400031249999 0.9254815921875 0.6643164031250001 0.9364502640625 0.6654180890625 0.9364502640625 0.52770739375 0.8329334328125 0.5288090765625 0.8343045171875 0.6147405531250001 0.6245286906249999 0.6147405531250001 0.6245286906249999 0.6808416875
3 0.9439912250000001 0.66321471875 0.9446767671874999 0.697366971875 0.9268526781249999 0.7017737125 0.9268526781249999 0.6797400031249999 0.8397888531250001 0.6808416875 0.8397888531250001 0.7138922562500001 0.819222596875 0.7149939390625 0.819222596875 0.6797400031249999 0.7294166046874999 0.6797400031249999 0.7294166046874999 0.7149939390625 0.710906971875 0.7149939390625 0.7115925125 0.6797400031249999 0.6265853156250001 0.6797400031249999 0.62727085625 0.7160956265625 0.6245286906249999 0.719400684375 0.9481044765625001 0.719400684375 0.9487900171874999 0.52660570625 0.9371358046875 0.52660570625 0.9371358046875 0.66321471875 0.9439912250000001 0.66321471875
1 0.8267693843749999 0.5255111828125 0.6231709734375 0.5255111828125 0.6231709734375 0.6048402562499999 0.8267693843749999 0.6048402562499999 0.8267693843749999 0.5255111828125
3 0.7472465203125 0.49135782812500006 0.697882703125 0.49135782812500006 0.697882703125 0.5255111828125 0.7472465203125 0.5255111828125 0.7472465203125 0.49135782812500006
3 0.8459542750000001 0.13661341875 0.8157952281249999 0.13661341875 0.8157952281249999 0.17297124531250002 0.8459542750000001 0.17297124531250002 0.8459542750000001 0.13661341875
6 0.5518612468749999 0.388895009375 0.551175703125 0.372369725 0.49496126562500004 0.372369725 0.49427572499999994 0.170761265625 0.48742030625000005 0.1718629484375 0.488105846875 0.3756747828125 0.4668540484375 0.3734714125 0.4689106734375 0.389996696875 0.5518612468749999 0.388895009375
3 0.50593439375 0.1377156546875 0.47370775312499996 0.1377156546875 0.47370775312499996 0.171869009375 0.50593439375 0.171869009375 0.50593439375 0.1377156546875
6 0.43189140937500003 0.372369725 0.39761431406250003 0.3734714125 0.39829985625000003 0.1740663234375 0.38733118437499997 0.1718629484375 0.38870226875 0.3734714125 0.36745046875 0.372369725 0.36745046875 0.388895009375 0.4305203265625 0.388895009375 0.43189140937500003 0.372369725
3 0.40926441406249997 0.13662939375 0.3756660046875 0.13662939375 0.3756660046875 0.171869009375 0.40926441406249997 0.171869009375 0.40926441406249997 0.13662939375
6 0.3345444578125 0.3734714125 0.30026736249999997 0.3745730953125 0.300952903125 0.1718629484375 0.290669775 0.1718629484375 0.290669775 0.372369725 0.27078905937500003 0.3734714125 0.27010351718750003 0.388895009375 0.3338589140625 0.388895009375 0.3345444578125 0.3734714125
3 0.3112425453125 0.1377156546875 0.2790159046875 0.1377156546875 0.2790159046875 0.171869009375 0.3112425453125 0.171869009375 0.3112425453125 0.1377156546875
3 0.072654075 0.31837060625 0.050725646874999995 0.31837060625 0.050725646874999995 0.3910862625 0.072654075 0.3910862625 0.072654075 0.31837060625
3 0.0733399609375 0.6610063890625 0.0500397609375 0.6610063890625 0.0500397609375 0.6995686906249999 0.0733399609375 0.6995686906249999 0.0733399609375 0.6610063890625
3 0.1131144171875 0.8758400343750001 0.1131144171875 0.8405860953125 0.0740385265625 0.8405860953125 0.0733529859375 0.8042304734375 0.0500445609375 0.8031287859375 0.0493590171875 0.90007711875 0.0733529859375 0.9022804890625 0.0733529859375 0.8758400343750001 0.1131144171875 0.8758400343750001
3 0.6025913484375 0.9011788046874999 0.623843146875 0.9011788046874999 0.6245286906249999 0.8031287859375 0.603276890625 0.800925415625 0.6025913484375 0.8372810421875 0.57105641875 0.838382725 0.57105641875 0.8758400343750001 0.6019058078125 0.8758400343750001 0.6025913484375 0.9011788046874999
3 0.72804175 0.6643290734375 0.7122763421875 0.6643290734375 0.7122763421875 0.6995686906249999 0.72804175 0.6995686906249999 0.72804175 0.6643290734375
3 0.8377236578125 0.6632268375 0.8192147125 0.6632268375 0.8192147125 0.7006709265625 0.8377236578125 0.7006709265625 0.8377236578125 0.6632268375
3 0.9446819078124999 0.6632268375 0.92684890625 0.6632268375 0.92684890625 0.6995846640625001 0.9446819078124999 0.6995846640625001 0.9446819078124999 0.6632268375
3 0.7102214296875 0.49135176718749995 0.7280455203125 0.49135176718749995 0.7266744359375 0.170761265625 0.7506684031249999 0.170761265625 0.7506684031249999 0.1509309234375 0.755467196875 0.1498292390625 0.755467196875 0.13771069687499998 0.6862274625 0.1388123828125 0.6917117968750001 0.1729646359375 0.710906971875 0.1718629484375 0.7102214296875 0.49135176718749995
3 0.0500445609375 0.2214388015625 0.0582710640625 0.22033711562499997 0.0582710640625 0.208218575 0.071981903125 0.21042194531249997 0.071981903125 0.1718629484375 0.211832453125 0.170761265625 0.21251799531249999 0.1498292390625 0.21663124687500002 0.1498292390625 0.21594570625 0.13771069687499998 0.029478301562499996 0.1366090125 0.0301638453125 0.1718629484375 0.0493590171875 0.1729646359375 0.0500445609375 0.2214388015625
4 0.387335984375 0.5211182109375 0.072664015625 0.5211182109375 0.072664015625 0.8416932906250001 0.387335984375 0.8416932906250001 0.387335984375 0.5211182109375
3 0.405834990625 0.49135782812500006 0.32219681875 0.49135782812500006 0.32219681875 0.5211022359374999 0.405834990625 0.5211022359374999 0.405834990625 0.49135782812500006
3 0.032220471875000004 0.51999559375 0.0500445609375 0.51999559375 0.0500445609375 0.5629613328125 0.059642146875 0.565164703125 0.0582710640625 0.559656275 0.0747240703125 0.559656275 0.0733529859375 0.521097278125 0.290669775 0.521097278125 0.291355315625 0.49025008281250004 0.0733529859375 0.49135176718749995 0.0740385265625 0.4693180578125 0.0507301015625 0.4693180578125 0.0500445609375 0.49135176718749995 0.032220471875000004 0.49135176718749995 0.032220471875000004 0.51999559375
6 0.7513518890625 0.6059105437500001 0.695129225 0.6059105437500001 0.695129225 0.614728434375 0.7513518890625 0.614728434375 0.7513518890625 0.6059105437500001
6 0.6478330015625 0.6070127796875 0.6245328031249999 0.6070127796875 0.6245328031249999 0.6136261984375 0.6478330015625 0.6136261984375 0.6478330015625 0.6070127796875
1 0.6025944328125 0.39001597499999996 0.1206660046875 0.39001597499999996 0.1206660046875 0.49356229999999995 0.6025944328125 0.49356229999999995 0.6025944328125 0.39001597499999996
2 0.587509425 0.3745730953125 0.5504901624999999 0.3745730953125 0.5498046203125 0.40542029375000005 0.58819496875 0.389996696875 0.587509425 0.3745730953125
6 0.6025944328125 0.373466453125 0.5868290265625 0.373466453125 0.5868290265625 0.3888977640625 0.6025944328125 0.3888977640625 0.6025944328125 0.373466453125
6 0.39761431406250003 0.52 0.388707753125 0.52 0.388707753125 0.8394888171874999 0.39761431406250003 0.8394888171874999 0.39761431406250003 0.52
1 0.112425446875 0.39 0.0733399609375 0.39 0.0733399609375 0.490255590625 0.112425446875 0.490255590625 0.112425446875 0.39
6 0.11928429375 0.46161341875 0.11312127187500001 0.46161341875 0.11312127187500001 0.49135782812500006 0.11928429375 0.49135782812500006 0.11928429375 0.46161341875
6 0.1137999578125 0.3988101796875 0.1185987515625 0.399911865625 0.11996983750000001 0.388895009375 0.1268252546875 0.389996696875 0.1268252546875 0.3734714125 0.0740385265625 0.3745730953125 0.0733529859375 0.389996696875 0.1131144171875 0.388895009375 0.1137999578125 0.3988101796875
6 0.2365119625 0.389996696875 0.23719750468749998 0.372369725 0.163158978125 0.3734714125 0.16247343593750002 0.170761265625 0.155618015625 0.1718629484375 0.155618015625 0.372369725 0.1494481390625 0.3734714125 0.1494481390625 0.388895009375 0.2365119625 0.389996696875
6 0.8336189765625001 0.6125371828125 0.8329334328125 0.525504021875 0.8267635562500001 0.52770739375 0.828134640625 0.6059270671875 0.8000274218750001 0.6070287546875 0.8013985046875 0.6147405531250001 0.8336189765625001 0.6125371828125
2 0.3235757875 0.492453453125 0.290669775 0.492453453125 0.2899842328125 0.5354191921875 0.322204703125 0.51999559375 0.3235757875 0.492453453125
4 0.6018986078124999 0.5199840250000001 0.3983001984375 0.5199840250000001 0.3983001984375 0.841677315625 0.6018986078124999 0.841677315625 0.6018986078124999 0.5199840250000001
2 0.404469734375 0.492453453125 0.405155275 0.51999559375 0.44080345468750004 0.5343175046875001 0.4387468296875 0.49135176718749995 0.404469734375 0.492453453125
2 0.6752587906249999 0.5453343609375 0.6965105921875 0.52770739375 0.6985672171874999 0.49135176718749995 0.6423527796874999 0.49135176718749995 0.6423527796874999 0.5244023359375001 0.6642901218749999 0.5453343609375 0.6752587906249999 0.5453343609375
2 0.7828888734375 0.5453343609375 0.8048262140625001 0.53101245 0.80345513125 0.492453453125 0.7465551515625 0.49135176718749995 0.7479262359375001 0.52660570625 0.7698635765625 0.5453343609375 0.7828888734375 0.5453343609375
2 0.6766298765625 0.6334692078125 0.6965105921875 0.6169439234375 0.6965105921875 0.6070287546875 0.647151571875 0.6059270671875 0.6457804890625 0.6169439234375 0.6670322875 0.6334692078125 0.6766298765625 0.6334692078125
2 0.7815177890625 0.6334692078125 0.8013985046875 0.6158422390625 0.8013985046875 0.6048253828125 0.7520394875 0.6048253828125 0.7513539437500001 0.6158422390625 0.771234659375 0.6323675203125 0.7815177890625 0.6334692078125
2 0.43120586875000005 0.38669163906250004 0.46822513125 0.388895009375 0.4689106734375 0.3734714125 0.4298347859375 0.355844440625 0.43120586875000005 0.38669163906250004
2 0.33248783125000003 0.35694612812500004 0.33317337343750003 0.388895009375 0.36745046875 0.388895009375 0.368821553125 0.372369725 0.33248783125000003 0.35694612812500004
2 0.23719750468749998 0.3877933234375 0.27010351718750003 0.388895009375 0.27078905937500003 0.3734714125 0.235140878125 0.355844440625 0.23719750468749998 0.3877933234375
2 0.10146020468750001 0.438470859375 0.1096867078125 0.46491131250000006 0.11996983750000001 0.4638096296875 0.1179132109375 0.399911865625 0.11174333437499999 0.3966068078125 0.10146020468750001 0.4230472625 0.10146020468750001 0.438470859375
2 0.1268252546875 0.388895009375 0.1494481390625 0.388895009375 0.1501336796875 0.372369725 0.11996983750000001 0.355844440625 0.11928429375 0.366861296875 0.1261397140625 0.3712680421875 0.1268252546875 0.388895009375
4 0.1549304171875 0.171853034375 0.072664015625 0.171853034375 0.072664015625 0.3734504796875 0.1549304171875 0.3734504796875 0.1549304171875 0.171853034375