5 0.8227622984374999 0.0769230765625 0.6473029046875001 0.07783882656249999 0.6591582703125 0.4661172140625 0.8310610546874999 0.46336996406250003 0.8227622984374999 0.0769230765625
7 0.799190871875 0.0418269234375 0.6657053937499999 0.0418269234375 0.6657053937499999 0.078044871875 0.799190871875 0.078044871875 0.799190871875 0.0418269234375
3 0.734259428125 0.880713490625 0.6999819578124999 0.882107021875 0.6999819578124999 0.9169453750000001 0.8208551328125001 0.9183389078124999 0.8190510546875001 0.875139353125 0.790185821875 0.875139353125 0.77936135625 0.5030657749999999 0.92188345625 0.501672240625 0.9200793781250001 0.45986622187500004 0.5195742359375 0.47101449375 0.521378315625 0.5100334453125 0.721630884375 0.5058528421874999 0.734259428125 0.880713490625
7 0.699979253125 0.8834935890625 0.5718879671875 0.8834935890625 0.5718879671875 0.9197115390624999 0.699979253125 0.9197115390624999 0.699979253125 0.8834935890625
7 0.44921161875 0.8876923078125 0.3175103734375 0.8876923078125 0.3175103734375 0.9239102562499999 0.44921161875 0.9239102562499999 0.44921161875 0.8876923078125
3 0.5719087140625 0.8834935890625 0.4528215765625 0.8834935890625 0.4528215765625 0.9211217953125 0.5719087140625 0.9211217953125 0.5719087140625 0.8834935890625
4 0.20391227031249998 0.885531134375 0.21813870937500002 0.885531134375 0.2133965609375 0.5631868140625 0.2726733859375 0.5613553109375 0.271487846875 0.517399265625 0 0.516483515625 0.0011855359374999999 0.883699634375 0.09839952656249999 0.9294871796875 0.20391227031249998 0.885531134375
3 0.29224066406250004 0.47519230781250005 0.0017842328125000002 0.47519230781250005 0.0017842328125000002 0.5169871796875001 0.29224066406250004 0.5169871796875001 0.29224066406250004 0.47519230781250005
4 0.2667457015625 0.35439560625 0.2074688796875 0.35439560625 0.200355659375 0.0869963359375 0.0889152328125 0.0402930421875 0.003556609375 0.0842490828125 0 0.47527472499999995 0.2667457015625 0.47527472499999995 0.2667457015625 0.35439560625
3 0.0721630875 0 0 0.0390189515625 0.003608153125 0.080824971875 0.090203859375 0.0390189515625 0.2038607265625 0.086399109375 0.26159119531249997 0.08500557343750001 0.2597871203125 0.045986621875 0.2056648015625 0.045986621875 0.0974201703125 0 0.0721630875 0
4 0.32839359687499997 0.391025640625 0.40426792968749997 0.390109890625 0.401896859375 0.0824175828125 0.22525192500000002 0.0869963359375 0.227623 0.3379120859375 0.32602252656249997 0.3369963359375 0.32839359687499997 0.391025640625
7 0.39147302968750003 0.0459935890625 0.2579875515625 0.0459935890625 0.2579875515625 0.0822115390625 0.39147302968750003 0.0822115390625 0.39147302968750003 0.0459935890625
4 0.50503853125 0.3305860796875 0.6129223484375 0.3305860796875 0.605809128125 0.0815018296875 0.41849436874999996 0.0824175828125 0.427978659375 0.3882783875 0.506224065625 0.3891941375 0.50503853125 0.3305860796875
7 0.5809336093749999 0.044615384375 0.4528423234375 0.044615384375 0.4528423234375 0.0808333328125 0.5809336093749999 0.0808333328125 0.5809336093749999 0.044615384375
6 0.427978659375 0.3882783875 0.41967990468750005 0.0824175828125 0.401896859375 0.0824175828125 0.4078245390625 0.4056776578125 0.45643153593749997 0.4056776578125 0.455246 0.3873626375 0.427978659375 0.3882783875
3 0.45462655625000004 0.0445833328125 0.3878630703125 0.0445833328125 0.3878630703125 0.0822115390625 0.45462655625000004 0.0822115390625 0.45462655625000004 0.0445833328125
3 0.6548800296875 0.4138796 0.649467796875 0.078037903125 0.66750856875 0.07664436875 0.66750856875 0.0390189515625 0.5827169421875 0.04180601875 0.5809128625 0.080824971875 0.6043658671875 0.0794314390625 0.61699440625 0.4110925328125 0.6548800296875 0.4138796
3 0.8352877515625 0.4083054609375 0.8713692953125 0.4083054609375 0.8623489093750001 0.078037903125 0.8948222984375 0.078037903125 0.8930182203125 0.037625417187499996 0.7992062078125 0.037625417187499996 0.7992062078125 0.07664436875 0.8244632859375001 0.07664436875 0.8352877515625 0.4083054609375
3 0 0.9308807140625 0.09561609062500001 0.97826086875 0.2074688796875 0.9253065765624999 0.3175175890625 0.9267001125000001 0.3175175890625 0.8890746921874999 0.2056648015625 0.8862876249999999 0.0974201703125 0.9308807140625 0 0.8876811609375 0 0.9308807140625
1 0.5251926515625 0.63095238125 0.5986959093750001 0.63095238125 0.5975103734375 0.510073259375 0.5192649671875 0.510073259375 0.516893896875 0.4688644671875 0.61529341875 0.4661172140625 0.61766449375 0.404761903125 0.29045643125 0.40842490781249996 0.29282750625 0.5595238109375 0.5216360421874999 0.5595238109375 0.5251926515625 0.63095238125
4 0.4730290453125 0.883699634375 0.4682869 0.5778388265625 0.352104328125 0.5805860796875 0.352104328125 0.625457875 0.2359217546875 0.625457875 0.24422051093750002 0.885531134375 0.4730290453125 0.883699634375
2 0.3896806765625 0.6061872921875 0.40230922031249994 0.6020066890625 0.40230922031249994 0.5811036796875 0.43297853125 0.5797101437500001 0.43297853125 0.5602006703125 0.40411329531250006 0.5588071343750001 0.39870106562499996 0.5420847281250001 0.3914847546875 0.5420847281250001 0.3896806765625 0.5615942015625001 0.35901136562499997 0.5615942015625001 0.35901136562499997 0.5769230765625 0.38787660156250003 0.5769230765625 0.3896806765625 0.6061872921875
6 0.2347362203125 0.5650183140625 0.2133965609375 0.5641025640625 0.22050977968750002 0.8864468875 0.2418494359375 0.885531134375 0.2347362203125 0.624542125 0.3509187921875 0.623626375 0.352104328125 0.6117216125 0.28689982187499996 0.6117216125 0.28808535625 0.5769230765625 0.3604030828125 0.5778388265625 0.3580320078125 0.5641025640625 0.273858921875 0.5631868140625 0.273858921875 0.6126373625 0.2347362203125 0.6126373625 0.2347362203125 0.5650183140625
1 0.27387966874999997 0.578766025 0.2347510375 0.578766025 0.2347510375 0.61264423125 0.27387966874999997 0.61264423125 0.27387966874999997 0.578766025
2 0.2454060453125 0.5906593390625 0.2584469453125 0.5897435890625 0.2572614109375 0.5787545796875 0.27504445624999996 0.5787545796875 0.27504445624999996 0.5622710609375 0.2572614109375 0.5595238109375 0.252519265625 0.5448717953125 0.2454060453125 0.5457875453125001 0.24422051093750002 0.5622710609375 0.23236514531250002 0.5613553109375 0.23236514531250002 0.5787545796875 0.24659158125 0.5787545796875 0.2454060453125 0.5906593390625
2 0.272415659375 0.5448717953125 0.27602381249999997 0.5602006703125 0.2922605109375 0.5602006703125 0.294064584375 0.5448717953125 0.3157135140625 0.5448717953125 0.3175175890625 0.532329990625 0.288652353125 0.532329990625 0.286848278125 0.5170011156250001 0.272415659375 0.5211817171875001 0.272415659375 0.532329990625 0.24174634843749998 0.533723521875 0.24355042343750002 0.5434782593749999 0.272415659375 0.5448717953125
2 0.6025617890625 0.5420847281250001 0.59714955625 0.5588071343750001 0.61699440625 0.5574136000000001 0.6187984859375 0.5406911921875001 0.6368392578125001 0.5392976609375 0.6386433312500001 0.526755853125 0.6133862531250001 0.5281493875 0.61699440625 0.5058528421874999 0.6007577140625 0.507246378125 0.6025617890625 0.5295429203124999 0.5809128625 0.5295429203124999 0.5809128625 0.5406911921875001 0.6025617890625 0.5420847281250001
2 0.57550063125 0.58807135 0.57550063125 0.60479375625 0.59714955625 0.603400225 0.59714955625 0.618729096875 0.61699440625 0.6173355640625 0.6187984859375 0.603400225 0.6458596437499999 0.603400225 0.6422514890625 0.593645484375 0.6224066390624999 0.593645484375 0.6206025609375 0.574136009375 0.598953634375 0.5769230765625 0.598953634375 0.5922519515625 0.57550063125 0.58807135
4 0.726733846875 0.6776556765625 0.6010669828124999 0.6813186828125 0.5986959093750001 0.647435896875 0.490812090625 0.646520146875 0.49199763125 0.88278388125 0.7314759921875 0.88278388125 0.726733846875 0.6776556765625
2 0.558387671875 0.6666666671875 0.5655008875 0.6666666671875 0.5666864281249999 0.647435896875 0.6010669828124999 0.647435896875 0.6010669828124999 0.63003663125 0.5678719625 0.63003663125 0.5678719625 0.6126373625 0.5572021328125001 0.6117216125 0.5572021328125001 0.63186813125 0.5240071125 0.63095238125 0.5228215765625001 0.6501831499999999 0.5572021328125001 0.648351646875 0.558387671875 0.6666666671875
6 0.4848844109375 0.6355311343750001 0.4848844109375 0.5750915734375 0.5074096015625 0.5760073265625001 0.5074096015625 0.5860805859375 0.5216360421874999 0.5860805859375 0.5228215765625001 0.5604395609374999 0.43390634375000003 0.5622710609375 0.43272080468749996 0.5778388265625 0.4694724359375 0.5787545796875 0.4730290453125 0.883699634375 0.49199763125 0.88278388125 0.48962655625 0.647435896875 0.5216360421874999 0.646520146875 0.5240071125 0.61904761875 0.5097806765625 0.61813186875 0.508595140625 0.6355311343750001 0.4848844109375 0.6355311343750001
1 0.5074066390625 0.5759935890625 0.48371369218750004 0.5759935890625 0.48371369218750004 0.633685896875 0.5074066390625 0.633685896875 0.5074066390625 0.5759935890625
2 0.48962655625 0.60439560625 0.506224065625 0.60531135625 0.50503853125 0.61813186875 0.5240071125 0.61813186875 0.5240071125 0.60622710625 0.5465323078125001 0.60439560625 0.5465323078125001 0.597069596875 0.5228215765625001 0.597069596875 0.5228215765625001 0.5851648359375 0.501481921875 0.5851648359375 0.50503853125 0.597069596875 0.490812090625 0.597069596875 0.48962655625 0.60439560625
1 0.339066390625 0.5778525640625001 0.290477178125 0.5778525640625001 0.290477178125 0.609903846875 0.339066390625 0.609903846875 0.339066390625 0.5778525640625001
2 0.3319502078125 0.5998168500000001 0.3343212828125 0.6126373625 0.352104328125 0.6126373625 0.35447539843750003 0.5998168500000001 0.3722584484375 0.5998168500000001 0.371072909375 0.5906593390625 0.352104328125 0.5897435890625 0.34973325312500003 0.5760073265625001 0.3319502078125 0.5778388265625 0.3319502078125 0.5906593390625 0.3141671625 0.5897435890625 0.315352696875 0.59798535 0.3319502078125 0.5998168500000001
2 0.3639596921875 0.42857142968749995 0.37700059375 0.42948717968750005 0.37818612812499997 0.40750915781249997 0.40426792968749997 0.40842490781249996 0.40426792968749997 0.3891941375 0.37700059375 0.390109890625 0.3793716640625 0.370879121875 0.362774153125 0.36904761875 0.362774153125 0.390109890625 0.33550681718750003 0.3891941375 0.3331357421875 0.40750915781249997 0.365145228125 0.40659340781250003 0.3639596921875 0.42857142968749995
6 0.289270896875 0.4166666671875 0.289270896875 0.40750915781249997 0.33787788750000003 0.40750915781249997 0.339063428125 0.391025640625 0.28689982187499996 0.39285714375 0.28571428593750003 0.35347985312499997 0.3236514515625 0.35256410312500003 0.3236514515625 0.3360805859375 0.22643746406249998 0.3388278390625 0.2228808546875 0.0860805859375 0.20272673437500002 0.0851648359375 0.208654415625 0.35256410312500003 0.2691167765625 0.35256410312500003 0.2703023109375 0.41575091718749996 0.289270896875 0.4166666671875
1 0.314190871875 0.35347756406249997 0.285726140625 0.35347756406249997 0.285726140625 0.3901121796875 0.314190871875 0.3901121796875 0.314190871875 0.35347756406249997
2 0.2951985765625 0.36813186875000004 0.2951985765625 0.377289378125 0.3117960875 0.376373625 0.3117960875 0.39285714375 0.32839359687499997 0.39285714375 0.3272080625 0.374542125 0.34617664375 0.373626375 0.3449911078125 0.365384615625 0.32839359687499997 0.364468865625 0.32839359687499997 0.35256410312500003 0.3141671625 0.3507326 0.3117960875 0.36904761875 0.2951985765625 0.36813186875000004
2 0.4718435109375 0.4194139203125 0.48725548124999996 0.4203296703125 0.48844102031250003 0.4056776578125 0.50503853125 0.40659340781250003 0.50503853125 0.390109890625 0.483698875 0.3891941375 0.4848844109375 0.36721611875 0.47421458124999993 0.366300365625 0.4718435109375 0.3891941375 0.4481327796875 0.390109890625 0.4540604609375 0.4056776578125 0.4730290453125 0.404761903125 0.4718435109375 0.4194139203125
2 0.23829282499999999 0.43498168593750003 0.243034975 0.4478021984375 0.2667457015625 0.4468864453125 0.2703023109375 0.473443225 0.289270896875 0.473443225 0.29045643125 0.4450549453125 0.3141671625 0.4459706953125 0.3117960875 0.43589743593749997 0.2916419671875 0.43498168593750003 0.29045643125 0.41575091718749996 0.2667457015625 0.4130036640625 0.2691167765625 0.43498168593750003 0.23829282499999999 0.43498168593750003
2 0.8049792531250001 0.42857142968749995 0.8049792531250001 0.4386446890625 0.8310610546874999 0.4386446890625 0.8346176640625 0.46336996406250003 0.8749259046875 0.46245421093749994 0.8749259046875 0.43681318593749996 0.904564315625 0.43681318593749996 0.904564315625 0.42857142968749995 0.8749259046875 0.42765567656250003 0.8749259046875 0.40842490781249996 0.8346176640625 0.40842490781249996 0.8322465937500001 0.4258241765625 0.8049792531250001 0.42857142968749995
2 0.5868405437499999 0.4331501828125 0.5856550078125 0.4450549453125 0.61529341875 0.44413919531249996 0.61529341875 0.4688644671875 0.6603438046875 0.4670329671875 0.6591582703125 0.44413919531249996 0.689982215625 0.44413919531249996 0.689982215625 0.43406593281249994 0.6567871953125 0.4322344328125 0.654416125 0.41117216093750003 0.6200355640625 0.41117216093750003 0.6200355640625 0.43406593281249994 0.5868405437499999 0.4331501828125
1 0.5583609953125 0.3461378203125 0.5263692953125 0.3461378203125 0.5263692953125 0.3891826921875 0.5583609953125 0.3891826921875 0.5583609953125 0.3461378203125
6 0.569066390625 0.344310896875 0.5595643156250001 0.344310896875 0.5595643156250001 0.3901121796875 0.569066390625 0.3901121796875 0.569066390625 0.344310896875
1 0.614107884375 0.345224359375 0.5726141078125 0.345224359375 0.5726141078125 0.3864423078125 0.614107884375 0.3864423078125 0.614107884375 0.345224359375
2 0.5832839375 0.35714285625 0.5986959093750001 0.358974359375 0.5975103734375 0.3443223421875 0.6129223484375 0.346153846875 0.6129223484375 0.3305860796875 0.5986959093750001 0.3305860796875 0.5986959093750001 0.3205128203125 0.5880260828125 0.3195970703125 0.5844694734375 0.33150182968749997 0.5690574984375 0.3287545796875 0.5702430328125 0.345238096875 0.5844694734375 0.346153846875 0.5832839375 0.35714285625
6 0.506224065625 0.40384615312500005 0.61766449375 0.40384615312500005 0.6164789578125001 0.3873626375 0.5038529921875 0.3882783875 0.506224065625 0.40384615312500005
2 0.48725548124999996 0.36996336875 0.506224065625 0.36996336875 0.506224065625 0.3891941375 0.529934796875 0.3891941375 0.5287492578124999 0.370879121875 0.5465323078125001 0.370879121875 0.548903378125 0.3617216125 0.5287492578124999 0.3617216125 0.5287492578124999 0.3489011 0.5038529921875 0.34798534999999997 0.506224065625 0.3635531125 0.48844102031250003 0.3635531125 0.48725548124999996 0.36996336875
6 0.570228215625 0.3305929484375 0.50620331875 0.3305929484375 0.50620331875 0.3443429484375 0.570228215625 0.3443429484375 0.570228215625 0.3305929484375
0 0.7219917015624999 0.568669871875 0.6176763484375 0.568669871875 0.6176763484375 0.666650640625 0.7219917015624999 0.666650640625 0.7219917015624999 0.568669871875
6 0.6164789578125001 0.5677655671874999 0.7231772359375 0.5668498171875 0.7219917015624999 0.5576923078125 0.5975103734375 0.5586080578125 0.5986959093750001 0.5769230765625 0.6164789578125001 0.5778388265625 0.6164789578125001 0.5677655671874999
6 0.6164789578125001 0.6666666671875 0.61766449375 0.61721611875 0.6022525187500001 0.61996336875 0.6022525187500001 0.6804029296875 0.7243627765625 0.6776556765625 0.726733846875 0.6666666671875 0.6164789578125001 0.6666666671875
0 0.7219917015624999 0.50733974375 0.614107884375 0.50733974375 0.614107884375 0.555865384375 0.7219917015624999 0.555865384375 0.7219917015624999 0.50733974375