4 0.361358415625 0.3957489875 0.2316011671875 0.3947368421875 0.2328428640625 0.2054655875 0.1086732484375 0.2074898796875 0.1080524 0.57287449375 0.361358415625 0.57287449375 0.361358415625 0.3957489875
7 0.20612187187500003 0.1761118421875 0.130375303125 0.1761118421875 0.130375303125 0.20546710468749999 0.20612187187500003 0.20546710468749999 0.20612187187500003 0.1761118421875
0 0.23656795156250002 0.2985829953125 0.31727820156250003 0.29757085 0.3166573546875 0.38562752968749997 0.3607375671875 0.384615384375 0.361358415625 0.20445344062499998 0.23718880000000003 0.20445344062499998 0.23656795156250002 0.2985829953125
7 0.33898305156249997 0.1761118421875 0.2626150125 0.1761118421875 0.2626150125 0.20546710468749999 0.33898305156249997 0.20546710468749999 0.33898305156249997 0.1761118421875
7 0.317873284375 0.8906842109375 0.2874535921875 0.8906842109375 0.2874535921875 0.9190263156249999 0.317873284375 0.9190263156249999 0.317873284375 0.8906842109375
4 0.5072577140625001 0.7206477734375001 0.658123796875 0.72165991875 0.6568821015624999 0.3957489875 0.3750170734375 0.3947368421875 0.3737753765625 0.6690283390625 0.506636865625 0.6690283390625 0.5072577140625001 0.7206477734375001
7 0.56186440625 0.364375 0.47184019375 0.364375 0.47184019375 0.3937302625 0.56186440625 0.3937302625 0.56186440625 0.364375
4 0.7909852859375001 0.7904858296875 0.7903644375 0.49898785468750007 0.778568325 0.4979757078125 0.778568325 0.4433198375 0.791606134375 0.4433198375 0.7909852859375001 0.2054655875 0.6717824546875 0.2054655875 0.670540759375 0.887651821875 0.730763021875 0.887651821875 0.7909852859375001 0.7904858296875
7 0.7679903140625 0.1761118421875 0.6928652140625 0.1761118421875 0.6928652140625 0.20546710468749999 0.7679903140625 0.20546710468749999 0.7679903140625 0.1761118421875
1 0.902737940625 0.3127530375 0.9083255734375 0.3127530375 0.9083255734375 0.2985829953125 0.9126715093750001 0.2985829953125 0.9126715093750001 0.3127530375 0.9170174453125 0.31376518125 0.9170174453125 0.2985829953125 0.923846775 0.2985829953125 0.923846775 0.20647773281249998 0.8052647921875 0.20445344062499998 0.8034022484375001 0.2965587046875 0.9021170921874999 0.2985829953125 0.902737940625 0.3127530375
7 0.900855528125 0.1761184203125 0.8257304281250001 0.1761184203125 0.8257304281250001 0.2044605265625 0.900855528125 0.2044605265625 0.900855528125 0.1761184203125
7 0.9418240515624999 0.33603289531249997 0.9244390640625 0.33603289531249997 0.9244390640625 0.4099144734375 0.9418240515624999 0.4099144734375 0.9418240515624999 0.33603289531249997
7 0.9412025828124999 0.45850657968749997 0.9238175953125 0.45850657968749997 0.9238175953125 0.5323881578125 0.9412025828124999 0.5323881578125 0.9412025828124999 0.45850657968749997
7 0.5891848265624999 0.8896710531249999 0.5649717515625 0.8896710531249999 0.5649717515625 0.9180131578124999 0.5891848265624999 0.9180131578124999 0.5891848265624999 0.8896710531249999
5 0.6202542375 0.9190197375 0.58859160625 0.9190197375 0.58859160625 0.989875 0.6202542375 0.989875 0.6202542375 0.9190197375
3 0.6015980625 0.88967763125 0.5891848265624999 0.88967763125 0.5891848265624999 0.9170065796875001 0.6015980625 0.9170065796875001 0.6015980625 0.88967763125
7 0.640718321875 0.8896710531249999 0.601606134375 0.8896710531249999 0.601606134375 0.9180131578124999 0.640718321875 0.9180131578124999 0.640718321875 0.8896710531249999
3 0.51157385 0.88967763125 0.49916061406249995 0.88967763125 0.49916061406249995 0.9190328953125 0.51157385 0.9190328953125 0.51157385 0.88967763125
7 0.536416465625 0.8896710531249999 0.5109604515624999 0.8896710531249999 0.5109604515624999 0.9180131578124999 0.536416465625 0.9180131578124999 0.536416465625 0.8896710531249999
7 0.49916061406249995 0.88967763125 0.4600484265625 0.88967763125 0.4600484265625 0.9190328953125 0.49916061406249995 0.9190328953125 0.49916061406249995 0.88967763125
3 0.20301856406250002 0.8896710531249999 0.1949475390625 0.8896710531249999 0.1949475390625 0.9180131578124999 0.20301856406250002 0.9180131578124999 0.20301856406250002 0.8896710531249999
7 0.24523405937499998 0.8906907890625 0.20301452812499998 0.8906907890625 0.20301452812499998 0.9180197375000001 0.24523405937499998 0.9180197375000001 0.24523405937499998 0.8906907890625
7 0.194943503125 0.8906842109375 0.1527239703125 0.8906842109375 0.1527239703125 0.9190263156249999 0.194943503125 0.9190263156249999 0.194943503125 0.8906842109375
7 0.10864810312499999 0.7419078953125 0.09064164687500001 0.7419078953125 0.09064164687500001 0.8410921046875 0.10864810312499999 0.8410921046875 0.10864810312499999 0.7419078953125
7 0.108026634375 0.5951381578125 0.090020178125 0.5951381578125 0.090020178125 0.675098684375 0.108026634375 0.675098684375 0.108026634375 0.5951381578125
7 0.1080306703125 0.41902631562500003 0.09064568125 0.41902631562500003 0.09064568125 0.49797368437499995 0.1080306703125 0.49797368437499995 0.1080306703125 0.41902631562500003
7 0.1080306703125 0.2510131578125 0.09064568125 0.2510131578125 0.09064568125 0.35019736875 0.1080306703125 0.35019736875 0.1080306703125 0.2510131578125
7 0.4134866828125 0.3653815796875 0.3880306703125 0.3653815796875 0.3880306703125 0.393723684375 0.4134866828125 0.393723684375 0.4134866828125 0.3653815796875
7 0.6438216296875 0.3653815796875 0.6189870859375 0.3653815796875 0.6189870859375 0.393723684375 0.6438216296875 0.393723684375 0.6438216296875 0.3653815796875
7 0.6705165453124999 0.2419078953125 0.6531315578125 0.2419078953125 0.6531315578125 0.30161842031249997 0.6705165453124999 0.30161842031249997 0.6705165453124999 0.2419078953125
7 0.7915813 0.82894736875 0.780406034375 0.8097165984375 0.7487427828125 0.8633603234375 0.7605388953125 0.8805668015625001 0.7915813 0.82894736875
3 0.8257304281250001 0.175098684375 0.7679903140625 0.175098684375 0.7679903140625 0.20445394687500001 0.8257304281250001 0.20445394687500001 0.8257304281250001 0.175098684375
5 0.8673496 0.5010121453124999 0.8027814 0.5010121453124999 0.8034022484375001 0.5516194328124999 0.923846775 0.5495951421874999 0.9232259265625 0.4473684203125 0.7791891734374999 0.4453441296875 0.778568325 0.4959514171875 0.8661079031250001 0.493927125 0.8673496 0.5010121453124999
3 0.8971226796874999 0.42611842031249997 0.8356618234375001 0.42611842031249997 0.8356618234375001 0.4463552625 0.8971226796874999 0.4463552625 0.8971226796874999 0.42611842031249997
3 0.9412025828124999 0.2884605265625 0.9238175953125 0.2884605265625 0.9238175953125 0.3350131578125 0.9412025828124999 0.3350131578125 0.9412025828124999 0.2884605265625
2 0.918482646875 0.3947368421875 0.9083255734375 0.40080971718749997 0.8974979828125 0.41710526249999996 0.8966908796874999 0.4447368421875 0.9209039546875 0.44342105312499996 0.9209039546875 0.4 0.918482646875 0.3947368421875
3 0.9244632765624999 0.425098684375 0.920121065625 0.425098684375 0.920121065625 0.446348684375 0.9244632765624999 0.446348684375 0.9244632765624999 0.425098684375
3 0.9412025828124999 0.41093421093750004 0.9238175953125 0.41093421093750004 0.9238175953125 0.4574868421875 0.9412025828124999 0.4574868421875 0.9412025828124999 0.41093421093750004
3 0.4606698953125 0.8886578953125 0.3166343828125 0.8886578953125 0.3166343828125 0.9190263156249999 0.4606698953125 0.9190263156249999 0.4606698953125 0.8886578953125
3 0.2880750609375 0.8896710531249999 0.244612590625 0.8896710531249999 0.244612590625 0.9180131578124999 0.2880750609375 0.9180131578124999 0.2880750609375 0.8896710531249999
3 0.108026634375 0.675098684375 0.090020178125 0.675098684375 0.090020178125 0.7419013156250001 0.108026634375 0.7419013156250001 0.108026634375 0.675098684375
3 0.1080306703125 0.4959605265625 0.09064568125 0.4959605265625 0.09064568125 0.5951447375 0.1080306703125 0.5951447375 0.1080306703125 0.4959605265625
3 0.1080306703125 0.350203946875 0.09064568125 0.350203946875 0.09064568125 0.41903289531250004 0.1080306703125 0.41903289531250004 0.1080306703125 0.350203946875
3 0.26385795 0.177125 0.20611783749999998 0.177125 0.20611783749999998 0.20445394687500001 0.26385795 0.20445394687500001 0.26385795 0.177125
3 0.4712227609375 0.3653815796875 0.4395601296875 0.3653815796875 0.4395601296875 0.393723684375 0.4712227609375 0.393723684375 0.4712227609375 0.3653815796875
3 0.5929096046875 0.3633618421875 0.5612469734375 0.3633618421875 0.5612469734375 0.3947434203125 0.5929096046875 0.3947434203125 0.5929096046875 0.3633618421875
3 0.6711367734375 0.3947368421875 0.6698950765625 0.33906882656250004 0.6537530265625 0.3410931171875 0.653132178125 0.36437247031250003 0.643198609375 0.365384615625 0.6438194578124999 0.3937246953125 0.6711367734375 0.3947368421875
3 0.6934873031250001 0.17611336093750002 0.6525113296875 0.1751012140625 0.6525113296875 0.243927125 0.6711367734375 0.2429149796875 0.6711367734375 0.20647773281249998 0.6934873031250001 0.20647773281249998 0.6934873031250001 0.17611336093750002
3 0.9232010921875 0.2155870453125 0.9412056874999999 0.2155870453125 0.9424473828125001 0.1751012140625 0.9020922578125001 0.17408906875000002 0.9020922578125001 0.20445344062499998 0.923821940625 0.20445344062499998 0.9232010921875 0.2155870453125
2 0.9499596453124999 0.243421053125 0.926553671875 0.2407894734375 0.926553671875 0.289473684375 0.967306140625 0.289473684375 0.9648227484375 0.2692307703125 0.9499596453124999 0.243421053125
7 0.9418280875 0.21558552656250002 0.9238216296875 0.21558552656250002 0.9238216296875 0.2408881578125 0.9418280875 0.2408881578125 0.9418280875 0.21558552656250002
3 0.9089215875000001 0.7408906875 0.9083007390625 0.7702429140625 0.94306823125 0.7702429140625 0.9424473828125001 0.5323886640625 0.923821940625 0.5313765187499999 0.9250636374999999 0.7408906875 0.9089215875000001 0.7408906875
3 0.7909852859375001 0.7904858296875 0.7798100203125 0.8087044546875 0.793468678125 0.8299595140625 0.8089898812499999 0.8046558703125 0.8089898812499999 0.7692307703125 0.8195442984374999 0.7702429140625 0.8201651453125001 0.7408906875 0.8034022484375001 0.7398785421875 0.8027814 0.493927125 0.791606134375 0.49493927031249996 0.7909852859375001 0.7904858296875
3 0.6692990625 0.6386639671875 0.6587446453125 0.6386639671875 0.6575029484375 0.72165991875 0.5898305078125 0.72165991875 0.5898305078125 0.743927125 0.658123796875 0.743927125 0.6575029484375 0.887651821875 0.6407400515624999 0.8886639671875001 0.6413608984375 0.9200404859375 0.7400757437500001 0.9180161953124999 0.7605637296875 0.88259109375 0.7481467687500001 0.8603238875000001 0.730142175 0.8886639671875001 0.67116160625 0.8896761124999999 0.6692990625 0.6386639671875
3 0.10743155156249999 0.8896761124999999 0.1080524 0.8410931171874999 0.090668653125 0.8400809703125001 0.09004780625 0.9180161953124999 0.1527534609375 0.9190283390625 0.1527534609375 0.890688259375 0.10743155156249999 0.8896761124999999
3 0.1316446265625 0.1751012140625 0.09004780625 0.17611336093750002 0.09004780625 0.2510121453125 0.1086732484375 0.2510121453125 0.1080524 0.20647773281249998 0.131023778125 0.20647773281249998 0.1316446265625 0.1751012140625
3 0.36011671875 0.4473684203125 0.374396225 0.446356275 0.374396225 0.3937246953125 0.3892965796875 0.3937246953125 0.38867573125 0.3633603234375 0.3799838578125 0.365384615625 0.379363009375 0.17611336093750002 0.339007884375 0.1751012140625 0.339007884375 0.20647773281249998 0.3607375671875 0.2054655875 0.36011671875 0.4473684203125
3 0.8040230953125 0.4251012140625 0.80464394375 0.20445344062499998 0.7909852859375001 0.20445344062499998 0.7909852859375001 0.4473684203125 0.8127149687499999 0.4473684203125 0.8133358171875 0.42408906875 0.8040230953125 0.4251012140625
4 0.2545722359375 0.5951447375 0.107429378125 0.5951447375 0.107429378125 0.8886710531249999 0.2545722359375 0.8886710531249999 0.2545722359375 0.5951447375
3 0.2539516984375 0.6062753046875 0.26761035624999996 0.6072874500000001 0.26761035624999996 0.5951417 0.29182343125 0.5951417 0.29182343125 0.57287449375 0.1080524 0.5738866390624999 0.1080524 0.5951417 0.25519339375 0.5951417 0.2539516984375 0.6062753046875
3 0.361358415625 0.593117409375 0.3607375671875 0.6072874500000001 0.374396225 0.6072874500000001 0.374396225 0.482793521875 0.3607375671875 0.48380566875 0.3607375671875 0.57287449375 0.312932265625 0.5738866390624999 0.312932265625 0.5941295546875 0.361358415625 0.593117409375
5 0.4029552359375 0.741902834375 0.4023343890625 0.72165991875 0.506636865625 0.7206477734375001 0.506636865625 0.6751012140625 0.374396225 0.6761133609375001 0.3737753765625 0.7925101203125 0.44889799375 0.7914979765625 0.44889799375 0.741902834375 0.4029552359375 0.741902834375
3 0.510984665625 0.7216644734375001 0.4023325265625 0.7216644734375001 0.4023325265625 0.7429144734375 0.510984665625 0.7429144734375 0.510984665625 0.7216644734375001
3 0.2676109765625 0.6497894734375 0.2558111375 0.6497894734375 0.2558111375 0.8400789468750001 0.2676109765625 0.8400789468750001 0.2676109765625 0.6497894734375
3 0.3737772390625 0.6447434203125 0.361364003125 0.6447434203125 0.361364003125 0.8259144734375001 0.3737772390625 0.8259144734375001 0.3737772390625 0.6447434203125
0 0.5072558515625001 0.7429078953125 0.4532445515625 0.7429078953125 0.4532445515625 0.8896710531249999 0.5072558515625001 0.8896710531249999 0.5072558515625001 0.7429078953125
6 0.510984665625 0.7429144734375 0.506642453125 0.7429144734375 0.506642453125 0.7985855265625 0.510984665625 0.7985855265625 0.510984665625 0.7429144734375
1 0.5879661015625001 0.743921053125 0.5115980625 0.743921053125 0.5115980625 0.8886578953125 0.5879661015625001 0.8886578953125 0.5879661015625001 0.743921053125
7 0.5364366421875 0.7226776312500001 0.5103591609375 0.7226776312500001 0.5103591609375 0.7439276312499999 0.5364366421875 0.7439276312499999 0.5364366421875 0.7226776312500001
7 0.590451978125 0.7226776312500001 0.5649959640625 0.7226776312500001 0.5649959640625 0.7439276312499999 0.590451978125 0.7439276312499999 0.590451978125 0.7226776312500001
3 0.6978611781249999 0.1578881578125 0.657506053125 0.1578881578125 0.657506053125 0.1761118421875 0.6978611781249999 0.1761118421875 0.6978611781249999 0.1578881578125
5 0.70034301875 0.09717105312499999 0.6581234859375 0.09717105312499999 0.6581234859375 0.1589078953125 0.70034301875 0.1589078953125 0.70034301875 0.09717105312499999
3 0.697239709375 0.0779342109375 0.658127521875 0.0779342109375 0.658127521875 0.09717105312499999 0.697239709375 0.09717105312499999 0.697239709375 0.0779342109375
3 0.5581678765625 0.0333947375 0.5463680390625 0.0333947375 0.5463680390625 0.09918421093749999 0.5581678765625 0.09918421093749999 0.5581678765625 0.0333947375
3 0.4861501203125 0.0323881578125 0.47373688437499994 0.0323881578125 0.47373688437499994 0.09919078906249999 0.4861501203125 0.09919078906249999 0.4861501203125 0.0323881578125
6 0.36818401875 0.096151315625 0.3613559328125 0.096151315625 0.3613559328125 0.158901315625 0.36818401875 0.158901315625 0.36818401875 0.096151315625
3 0.3737732046875 0.07692763124999999 0.3607384984375 0.07692763124999999 0.3607384984375 0.09817763125 0.3737732046875 0.09817763125 0.3737732046875 0.07692763124999999
3 0.37439870937499997 0.1578881578125 0.36074253437500003 0.1578881578125 0.36074253437500003 0.1761118421875 0.37439870937499997 0.1761118421875 0.37439870937499997 0.1578881578125
5 0.545754640625 0.029348684375 0.4855286515625 0.029348684375 0.4855286515625 0.09817763125 0.545754640625 0.09817763125 0.545754640625 0.029348684375
1 0.36818774374999996 0.156882590625 0.375637921875 0.1578947375 0.374396225 0.1730769234375 0.379363009375 0.17408906875000002 0.379363009375 0.36437247031250003 0.6525361640625 0.3633603234375 0.6525361640625 0.17611336093750002 0.6587446453125 0.1751012140625 0.6587446453125 0.08906882656250001 0.5594089531249999 0.08906882656250001 0.5606506484375 0.1002024296875 0.47311106875000003 0.0991902828125 0.47373191718749996 0.08906882656250001 0.3750170734375 0.0900809703125 0.3768796171875 0.0991902828125 0.3688085921875 0.0991902828125 0.36818774374999996 0.156882590625
6 0.47373688437499994 0.0779342109375 0.37439870937499997 0.0779342109375 0.37439870937499997 0.0890657890625 0.47373688437499994 0.0890657890625 0.47373688437499994 0.0779342109375
6 0.658748990625 0.0779342109375 0.5581678765625 0.0779342109375 0.5581678765625 0.0890657890625 0.658748990625 0.0890657890625 0.658748990625 0.0779342109375
2 0.591693053125 0.32894736875 0.5898305078125 0.3299595140625 0.5923139 0.3937246953125 0.619631215625 0.3947368421875 0.6183895203125 0.3522267203125 0.6103184953125 0.33704453437500004 0.591693053125 0.32894736875
2 0.42453591562500004 0.3368421046875 0.41323648124999995 0.360526315625 0.41164710937500004 0.3947368421875 0.4390637609375 0.3921052625 0.4390637609375 0.331578946875 0.42453591562500004 0.3368421046875
2 0.6690879734374999 0.3026315796875 0.6537530265625 0.3 0.644067796875 0.30789473749999996 0.6368038734375 0.3223684203125 0.63518966875 0.3381578953125 0.6376109765625 0.3407894734375 0.6698950765625 0.3407894734375 0.6690879734374999 0.3026315796875
2 0.8263736265625001 0.39979757031249996 0.8111380140625 0.39605263125 0.8133358171875 0.4473684203125 0.8345439875 0.44605263125 0.8356863484374999 0.42105263125 0.8263736265625001 0.39979757031249996
2 0.9083292984375 0.7408881578125001 0.819548021875 0.7408881578125001 0.819548021875 0.7702434203124999 0.9083292984375 0.7702434203124999 0.9083292984375 0.7408881578125001
2 0.5656174328125 0.783400809375 0.5657788546875 0.725 0.5359160609375 0.7236842109375 0.535108959375 0.743421053125 0.5399515734375 0.7605263156250001 0.5488297015625 0.775 0.5656174328125 0.783400809375
6 0.594798225 0.8340065796875 0.58859160625 0.8340065796875 0.58859160625 0.88967763125 0.594798225 0.88967763125 0.594798225 0.8340065796875
1 0.6575020171875 0.7419078953125 0.594798225 0.7419078953125 0.594798225 0.8886710531249999 0.6575020171875 0.8886710531249999 0.6575020171875 0.7419078953125
2 0.6171478234375 0.795546559375 0.59079903125 0.7947368421875 0.59079903125 0.8394736843749999 0.603489165625 0.8350202437500001 0.6134227359375 0.82287449375 0.6171478234375 0.795546559375
2 0.5109828015625 0.8360323875000001 0.5109828015625 0.7975708499999999 0.48506860312500005 0.7973684203125 0.48426150156250003 0.8078947375000001 0.48863227187499997 0.82287449375 0.4979449921875 0.8350202437500001 0.5109828015625 0.8360323875000001
2 0.39488421093750004 0.6052631578125001 0.3631961265625 0.60394736875 0.3623890234375 0.6447368421874999 0.3750170734375 0.648785425 0.38867573125 0.6336032390625 0.39488421093750004 0.6052631578125001
2 0.290581734375 0.6214574890625 0.2893400390625 0.6042510125 0.25585149375 0.6026315796875 0.2558142421875 0.6497975703125001 0.27692307656250004 0.648785425 0.2843732546875 0.637651821875 0.290581734375 0.6214574890625
1 0.36074253437500003 0.669026315625 0.2682324453125 0.669026315625 0.2682324453125 0.789473684375 0.36074253437500003 0.789473684375 0.36074253437500003 0.669026315625
2 0.31541565781249997 0.6761133609375001 0.3147699765625 0.6618421046875 0.28996088593749997 0.6639676125 0.28996088593749997 0.710526315625 0.30237784843750004 0.704453440625 0.3123114171875 0.6892712546875 0.31541565781249997 0.6761133609375001
3 0.26885391406250003 0.8775328953124999 0.2539548015625 0.8775328953124999 0.2539548015625 0.88967763125 0.26885391406250003 0.88967763125 0.26885391406250003 0.8775328953124999
2 0.28571428593750003 0.8684210531250001 0.279257465625 0.8486842109375001 0.267150928125 0.8381578953125001 0.2558142421875 0.8400809703125001 0.2558142421875 0.8775303640625 0.2703793375 0.8776315796875 0.2849071828125 0.8763157890625 0.28571428593750003 0.8684210531250001
2 0.561743340625 0.935526315625 0.5657788546875 0.9184210531250001 0.5657788546875 0.8921052625 0.535108959375 0.8907894734375 0.53430185625 0.9513157890624999 0.5364375734375 0.9595141703125 0.5563047125 0.946356275 0.561743340625 0.935526315625
2 0.30669895 0.5447368421875 0.2978208234375 0.5513157890625 0.28974979843750004 0.5723684203125 0.28974979843750004 0.5921052625 0.31315577031249997 0.5921052625 0.3139628734375 0.5473684203125 0.30669895 0.5447368421875
2 0.39488421093750004 0.4453441296875 0.38902340625 0.4447368421875 0.3615819203125 0.44605263125 0.36011671875 0.48481781249999994 0.3785310734375 0.481578946875 0.3898305078125 0.46710526249999995 0.39488421093750004 0.4453441296875
2 0.3381759484375 0.35 0.3315577078125 0.35020242968750004 0.31789904999999996 0.36740890625 0.3166573546875 0.3957489875 0.3396287328125 0.3947368421875 0.34059725625000004 0.35263157968750003 0.3381759484375 0.35
2 0.2865213875 0.4276315796875 0.286856646875 0.384615384375 0.2623083125 0.3868421046875 0.2620227234375 0.4048583 0.2682312046875 0.42206477812500004 0.28561495 0.43319837968749997 0.2865213875 0.4276315796875
6 0.8679741734374999 0.49494736875 0.803405971875 0.49494736875 0.803405971875 0.502026315625 0.8679741734374999 0.502026315625 0.8679741734374999 0.49494736875
6 0.5941727203125 0.7429078953125 0.5898305078125 0.7429078953125 0.5898305078125 0.7975657890625001 0.5941727203125 0.7975657890625001 0.5941727203125 0.7429078953125
6 0.5116020984375 0.8350131578125 0.5066384187499999 0.8350131578125 0.5066384187499999 0.8896710531249999 0.5116020984375 0.8896710531249999 0.5116020984375 0.8350131578125
6 0.45386198593750005 0.7439276312499999 0.4488983046875 0.7439276312499999 0.4488983046875 0.88967763125 0.45386198593750005 0.88967763125 0.45386198593750005 0.7439276312499999
0 0.448902340625 0.799598684375 0.3737772390625 0.799598684375 0.3737772390625 0.8886644734375 0.448902340625 0.8886644734375 0.448902340625 0.799598684375
6 0.440831315625 0.7904934203125 0.3737772390625 0.7904934203125 0.3737772390625 0.7985855265625 0.440831315625 0.7985855265625 0.440831315625 0.7904934203125
6 0.5016666671875 0.67105263125 0.3743946734375 0.67105263125 0.3743946734375 0.6751052625 0.5016666671875 0.6751052625 0.5016666671875 0.67105263125
6 0.3619814359375 0.66092763125 0.3129338171875 0.66092763125 0.3129338171875 0.671046053125 0.3619814359375 0.671046053125 0.3619814359375 0.66092763125
6 0.290577078125 0.66092763125 0.268228409375 0.66092763125 0.268228409375 0.6690197375 0.290577078125 0.6690197375 0.290577078125 0.66092763125
1 0.3613559328125 0.79655263125 0.2682324453125 0.79655263125 0.2682324453125 0.8886578953125 0.3613559328125 0.8886578953125 0.3613559328125 0.79655263125
6 0.3607344625 0.7884671046875 0.2676109765625 0.7884671046875 0.2676109765625 0.7965592109374999 0.3607344625 0.7965592109374999 0.3607344625 0.7884671046875
1 0.923846775 0.3218623484375 0.891562675 0.320850203125 0.8928043703125 0.3076923078125 0.80464394375 0.3087044546875 0.8040230953125 0.38562752968749997 0.923846775 0.384615384375 0.923846775 0.3218623484375
6 0.8928043703125 0.3188259109375 0.9257093187500001 0.31983805625 0.923846775 0.2995951421875 0.9163965984375 0.2985829953125 0.9163965984375 0.3127530375 0.9126715093750001 0.3127530375 0.9126715093750001 0.2985829953125 0.907704725 0.2985829953125 0.9083255734375 0.3127530375 0.9021170921874999 0.311740890625 0.902737940625 0.2985829953125 0.8040230953125 0.2985829953125 0.8027814 0.3076923078125 0.89342521875 0.305668015625 0.8928043703125 0.3188259109375
6 0.36260290624999997 0.3866447375 0.3402542375 0.3866447375 0.3402542375 0.393723684375 0.36260290624999997 0.393723684375 0.36260290624999997 0.3866447375
6 0.3123114171875 0.305668015625 0.3123114171875 0.38562752968749997 0.2843732546875 0.38562752968749997 0.2843732546875 0.3937246953125 0.31603650625 0.3937246953125 0.31727820156250003 0.2995951421875 0.2378096484375 0.2995951421875 0.23718880000000003 0.2054655875 0.23222201562499997 0.20445344062499998 0.23222201562499997 0.37449392812500004 0.23656795156250002 0.37651821875 0.23656795156250002 0.305668015625 0.3123114171875 0.305668015625
3 0.24215496406249998 0.3765131578125 0.23284100156249998 0.3765131578125 0.23284100156249998 0.393723684375 0.24215496406249998 0.393723684375 0.24215496406249998 0.3765131578125
6 0.26326472968750003 0.3886578953125 0.24215899843750002 0.3886578953125 0.24215899843750002 0.3947368421875 0.26326472968750003 0.3947368421875 0.26326472968750003 0.3886578953125
1 0.36135996718749996 0.5951447375 0.26761501249999997 0.5951447375 0.26761501249999997 0.6589078953125 0.36135996718749996 0.6589078953125 0.36135996718749996 0.5951447375
2 0.3725383375 0.8259144734375001 0.36260290624999997 0.8259144734375001 0.36260290624999997 0.8886644734375 0.3725383375 0.8886644734375 0.3725383375 0.8259144734375001
2 0.6699192890625 0.3937302625 0.6581194515625 0.3937302625 0.6581194515625 0.6386644734375 0.6699192890625 0.6386644734375 0.6699192890625 0.3937302625
1 0.92384584375 0.5516118421875 0.8034019375 0.5516118421875 0.8034019375 0.7408881578125001 0.92384584375 0.7408881578125001 0.92384584375 0.5516118421875
5 0.923224375 0.3856315796875 0.80526634375 0.3856315796875 0.80526634375 0.42510526249999997 0.923224375 0.42510526249999997 0.923224375 0.3856315796875
1 0.311073446875 0.30667763125 0.23719128281250001 0.30667763125 0.23719128281250001 0.3846118421875 0.311073446875 0.3846118421875 0.311073446875 0.30667763125
1 0.9772437453125 0.1781381578125 0.9418523000000001 0.1781381578125 0.9418523000000001 0.3147828953125 0.9772437453125 0.3147828953125 0.9772437453125 0.1781381578125