7 0.6470183890625 0.902076271875 0.52734238125 0.902076271875 0.52734238125 0.9293813562500001 0.6470183890625 0.9293813562500001 0.6470183890625 0.902076271875
7 0.4533931703125 0.9114830515625 0.3210726796875 0.9114830515625 0.3210726796875 0.9246694921874999 0.4533931703125 0.9246694921874999 0.4533931703125 0.9114830515625
7 0.44464098124999996 0.8333347453125001 0.3784763578125 0.8333347453125001 0.3784763578125 0.855936440625 0.44464098124999996 0.855936440625 0.44464098124999996 0.8333347453125001
7 0.9865761828125 0.6082881359375001 0.9515499125 0.6082881359375001 0.9515499125 0.725050846875 0.9865761828125 0.725050846875 0.9865761828125 0.6082881359375001
6 0.3145628453125 0.4152542375 0.3152364265625 0.40286831718749994 0.28357806874999997 0.40286831718749994 0.28425164999999997 0.3624511078125 0.27414791875 0.3617992171875 0.2734743359375 0.40286831718749994 0.1966859765625 0.4015645375 0.1973595578125 0.36375488906250003 0.18860299062500002 0.3650586703125 0.18860299062500002 0.40026075624999996 0.0821770171875 0.399608865625 0.08352418125 0.3076923078125 0.1906237375 0.309647978125 0.1899501546875 0.329856584375 0.198706721875 0.329856584375 0.198033140625 0.28813559375 0.1899501546875 0.28813559375 0.1899501546875 0.301173403125 0.1306749296875 0.30182529375 0.13202209375 0.24706649375 0.19129731875 0.24771838281249997 0.19197090156250002 0.256192959375 0.198706721875 0.256192959375 0.1993803046875 0.24771838281249997 0.2020746328125 0.2483702734375 0.2000538859375 0.23989569687499998 0.0848713453125 0.2385919171875 0.0922807484375 0.084093871875 0.08082985312499999 0.08344198124999999 0.068705375 0.399608865625 0.026269701562499997 0.399608865625 0.026269701562499997 0.41134289375 0.3145628453125 0.4152542375
4 0.28021015781249997 0.08735332500000001 0.09295433125 0.085397653125 0.085544928125 0.23794002656250002 0.27616866406249996 0.24185136875 0.28021015781249997 0.08735332500000001
7 0.2296190890625 0.067800846875 0.182920315625 0.067800846875 0.182920315625 0.087572034375 0.2296190890625 0.087572034375 0.2296190890625 0.067800846875
4 0.491714940625 0.0215123859375 0.29098747187499996 0.01760104375 0.2855988140625 0.309647978125 0.4863262828125 0.312255540625 0.491714940625 0.0215123859375
7 0.3327495625 0 0.3327495625 0.0188305078125 0.451453590625 0.0188305078125 0.451453590625 0 0.3327495625 0
4 0.69109524375 0.0945241203125 0.5004715078124999 0.0906127765625 0.497103596875 0.3207301171875 0.6857065875 0.3233376796875 0.69109524375 0.0945241203125
7 0.6197679515625001 0.06685593281249999 0.5487434328125 0.06685593281249999 0.5487434328125 0.0903983046875 0.6197679515625001 0.0903983046875 0.6197679515625001 0.06685593281249999
4 0.75373838125 0.3754889171875 0.874309578125 0.37614080781250003 0.8776774890624999 0.1603650578125 0.697831065625 0.15775749687500001 0.6937895734375 0.4100391140625 0.7544119625000001 0.41134289375 0.75373838125 0.3754889171875
7 0.84939141875 0.1355932203125 0.7452845890625001 0.1355932203125 0.7452845890625001 0.1572542375 0.84939141875 0.1572542375 0.84939141875 0.1355932203125
1 0.6506803171875 0.039113428125 0.60689748125 0.018252934374999998 0.5159638953125001 0.01499348125 0.5159638953125001 0.0651890484375 0.66078405 0.0684485015625 0.6506803171875 0.039113428125
7 0.651877796875 0.0395480234375 0.6596614125 0.0677966109375 0.673282740625 0.0677966109375 0.6616073171875 0.027306967187499996 0.611013815625 0.0028248578125 0.5176104296874999 0 0.5156645265625001 0.0150659140625 0.608094959375 0.017890771875 0.651877796875 0.0395480234375
1 0.09497507656250001 0.0110821375 0.09295433125 0.0651890484375 0.2586555296875 0.0677966109375 0.26067627656250003 0.028683181250000002 0.24046881406249998 0.028683181250000002 0.23777448437499998 0.012385918749999999 0.09497507656250001 0.0110821375
7 0.2626970234375 0.02919020625 0.26075111875 0.0160075328125 0.252967503125 0.016949153124999998 0.2500486484375 0.0018832390625 0.09437633749999999 0.0009416187499999999 0.09437633749999999 0.010357815624999999 0.23740027187499999 0.012241054687499999 0.24129208124999998 0.0282485875 0.2626970234375 0.02919020625
3 0.3317766109375 0.018832392187499998 0.3317766109375 0.0009416187499999999 0.2626970234375 0 0.2617240703125 0.0687382296875 0.22961665625 0.0687382296875 0.23058960781249999 0.0856873828125 0.2899396765625 0.0866290015625 0.29188558124999997 0.016949153124999998 0.3317766109375 0.018832392187499998
3 0.055458259375 0.0009416187499999999 0.05643121250000001 0.008474576562499999 0.0953492890625 0.008474576562499999 0.09437633749999999 0 0.055458259375 0.0009416187499999999
3 0.143023934375 0.065913371875 0.0505935015625 0.0649717515625 0.0496205484375 0.08380414375 0.1420509828125 0.08380414375 0.143023934375 0.065913371875
3 0.547771940625 0.0913371 0.5487448921875 0.066854990625 0.516637478125 0.0649717515625 0.5176104296874999 0.0018832390625 0.45144969843749994 0.0009416187499999999 0.45242265000000004 0.020715631249999998 0.4923136796875 0.0216572515625 0.49036777656249997 0.09039548124999999 0.547771940625 0.0913371
3 0.6898229234375 0.158192090625 0.7452811828125 0.1591337109375 0.7452811828125 0.1355932203125 0.718038528125 0.1355932203125 0.71901148125 0.0696798484375 0.65285075 0.0677966109375 0.65285075 0.0941619578125 0.6888499718750001 0.0932203390625 0.6898229234375 0.158192090625
3 0.874683790625 0.3352165734375 0.9087371078125001 0.3361581921875 0.9116559640625 0.1365348390625 0.8513329437499999 0.1365348390625 0.8513329437499999 0.1600753296875 0.8785755984374999 0.1591337109375 0.874683790625 0.3352165734375
3 0.9505740421875 0.608286253125 0.98949211875 0.608286253125 0.9914380234375001 0.5433145015624999 0.9038723484375 0.54237288125 0.9077641562500001 0.373822975 0.874683790625 0.373822975 0.8717649359375 0.5753295671875 0.9525199453125 0.57721280625 0.9505740421875 0.608286253125
3 0.680093403125 0.7457627125 0.677174546875 0.904896421875 0.6470130375 0.9030131828125001 0.6470130375 0.92937853125 0.70636310625 0.9303201515625 0.7092819609375 0.777777778125 0.9865732640625 0.78154425625 0.9885191671875001 0.72504708125 0.9496010890625 0.72504708125 0.9486281375000001 0.7485875703125 0.680093403125 0.7457627125
3 0.453395603125 0.925612053125 0.526366996875 0.9274952921875 0.5283129015625 0.9001883234375001 0.485503015625 0.9001883234375001 0.4874489203125 0.834274953125 0.4456119875 0.8323917140624999 0.44366608281250003 0.855932203125 0.45436855468750004 0.8578154421875 0.453395603125 0.925612053125
3 0.2286437046875 0.934086628125 0.3210741390625 0.9369114875 0.32302004218749997 0.8549905843750001 0.344424984375 0.8549905843750001 0.3453979375 0.830508475 0.29480443749999996 0.830508475 0.2928585328125 0.90772128125 0.2266978015625 0.9086629 0.2286437046875 0.934086628125
2 0.633840765625 0.11538461562499999 0.6378822578125 0.11603650624999999 0.6405765859375 0.0938722296875 0.6547218109374999 0.0938722296875 0.654048228125 0.06714471875 0.6425973328125 0.066492828125 0.64192375 0.045632334375 0.6358615109375 0.04498044375 0.634514346875 0.0658409390625 0.619695540625 0.0658409390625 0.620369121875 0.0964797921875 0.633840765625 0.0951760109375 0.633840765625 0.11538461562499999
2 0.1576182140625 0.1075619296875 0.1650276171875 0.1069100390625 0.1630068703125 0.086701434375 0.1825407515625 0.086701434375 0.1825407515625 0.0651890484375 0.1657011984375 0.0658409390625 0.16637478125 0.045632334375 0.160986125 0.045632334375 0.158965378125 0.0658409390625 0.144146571875 0.0658409390625 0.1434729890625 0.085397653125 0.15829179531249998 0.08604954375 0.1576182140625 0.1075619296875
1 0.27616866406249996 0.24967405468749998 0.1993803046875 0.2483702734375 0.1973595578125 0.40026075624999996 0.2734743359375 0.4015645375 0.27616866406249996 0.24967405468749998
2 0.2216085140625 0.269882659375 0.2263235890625 0.27183833125 0.2263235890625 0.2509778359375 0.246531053125 0.2509778359375 0.2485517984375 0.23924380625000002 0.2283443359375 0.2385919171875 0.2283443359375 0.217731421875 0.222955678125 0.21707953125 0.222955678125 0.23924380625000002 0.2020746328125 0.23924380625000002 0.2020746328125 0.2483702734375 0.22026135 0.2483702734375 0.2216085140625 0.269882659375
2 0.1677219453125 0.27444589375 0.18927657343749998 0.2757496734375 0.18860299062500002 0.28813559375 0.2000538859375 0.289439375 0.2020746328125 0.2757496734375 0.22228209687499997 0.27444589375 0.223629259375 0.269882659375 0.20072746874999997 0.26923076875 0.2014010515625 0.25684485 0.1899501546875 0.25554106875000004 0.18927657343749998 0.268578878125 0.16637478125 0.268578878125 0.1677219453125 0.27444589375
2 0.1683955265625 0.344198175 0.1650276171875 0.3481095171875 0.18860299062500002 0.3494132984375 0.187929409375 0.3644067796875 0.198706721875 0.3644067796875 0.1993803046875 0.3507170796875 0.22228209687499997 0.3507170796875 0.2216085140625 0.343546284375 0.198706721875 0.34289439375 0.198033140625 0.32920469375 0.18860299062500002 0.329856584375 0.18927657343749998 0.343546284375 0.1683955265625 0.344198175
1 0.4863262828125 0.3213820078125 0.286272396875 0.31747066562500004 0.28425164999999997 0.402216428125 0.48497911875 0.40612777031249997 0.4863262828125 0.3213820078125
2 0.35565135312499996 0.34289439375 0.3617135921875 0.3415906125 0.362387175 0.3200782265625 0.39606627968749997 0.3207301171875 0.3967398625 0.3109517609375 0.36306075781249997 0.3109517609375 0.362387175 0.287483703125 0.3583456828125 0.2868318125 0.3576721 0.309647978125 0.3239929953125 0.3089960890625 0.3226458296875 0.3187744453125 0.3563249359375 0.31942633593749997 0.35565135312499996 0.34289439375
2 0.3361174734375 0.44067796562500006 0.3421797125 0.44132985625 0.3421797125 0.41786179843750004 0.365081503125 0.4185136890625 0.3664286671875 0.40286831718749994 0.343526875 0.4035202078125 0.34285329375 0.3813559328125 0.33813821875 0.3800521515625 0.3374646359375 0.4035202078125 0.3152364265625 0.40286831718749994 0.3152364265625 0.41655801875 0.33813821875 0.41590612812499994 0.3361174734375 0.44067796562500006
2 0.3536306078125 0.45371577500000004 0.3516098609375 0.46023468125000006 0.374511653125 0.46023468125000006 0.374511653125 0.48239895625000007 0.388656878125 0.483050846875 0.390004040625 0.46153846249999997 0.41155866874999997 0.46284224218750003 0.4122322515625 0.455671446875 0.390004040625 0.45501955625 0.3906776234375 0.433507171875 0.3765324 0.4341590609375 0.3758588171875 0.45501955625 0.3536306078125 0.45371577500000004
1 0.4930621046875 0.5612777046875 0.6816650953125001 0.5632333765624999 0.6843594234375 0.4185136890625 0.390004040625 0.413298565625 0.388656878125 0.5026075624999999 0.49440926875 0.5045632328125 0.4930621046875 0.5612777046875
2 0.433786878125 0.43807040468749997 0.4391755359375 0.4367666234375 0.4398491171875 0.4152542375 0.4607301625 0.414602346875 0.4607301625 0.40547587968750004 0.44119628125 0.4041720984375 0.4425434453125 0.38396349375 0.435807625 0.383311603125 0.43446046093749996 0.4041720984375 0.4149265796875 0.4041720984375 0.413579415625 0.413298565625 0.43446046093749996 0.413298565625 0.433786878125 0.43807040468749997
6 0.6857065875 0.41134289375 0.5893843453125001 0.4087353328125 0.5893843453125001 0.41590612812499994 0.6850330046875001 0.4185136890625 0.683012259375 0.4524119953125 0.692442409375 0.45371577500000004 0.693115990625 0.41786179843750004 0.7038933046875 0.41786179843750004 0.703219721875 0.41199478437500003 0.693115990625 0.41069100468749997 0.6964839015625001 0.1584093875 0.6890744984375 0.1584093875 0.6870537515625 0.32398956874999996 0.582648525 0.3226857890625 0.5813013609375 0.33050847499999997 0.6863801703125 0.33181225625 0.6857065875 0.41134289375
2 0.594773003125 0.37614080781250003 0.5940994203125001 0.4087353328125 0.6021824062500001 0.40938722343749995 0.6035295703125 0.373533246875 0.6264313609375 0.3748370265625 0.6264313609375 0.37027379374999997 0.6021824062500001 0.3689700125 0.6021824062500001 0.329856584375 0.594773003125 0.33050847499999997 0.5940994203125001 0.3676662328125 0.57254479375 0.3670143421875 0.57254479375 0.3748370265625 0.594773003125 0.37614080781250003
1 0.5200053890625 0.33050847499999997 0.496430015625 0.329856584375 0.49508285 0.40677966093749995 0.5179846421875001 0.40677966093749995 0.5200053890625 0.33050847499999997
2 0.48969419375 0.3644067796875 0.4890206109375 0.371577575 0.5193318062500001 0.372229465625 0.5193318062500001 0.4074315515625 0.5267412109375 0.40808344218750003 0.5267412109375 0.373533246875 0.5489694187499999 0.373533246875 0.5503165828125 0.3670143421875 0.5267412109375 0.3676662328125 0.5280883734375 0.33050847499999997 0.520678971875 0.329856584375 0.5200053890625 0.3663624515625 0.48969419375 0.3644067796875
2 0.874309578125 0.35723598437500004 0.876330325 0.373533246875 0.907988684375 0.3748370265625 0.9106830125 0.35788787499999997 0.933584803125 0.35788787499999997 0.930890475 0.3494132984375 0.907988684375 0.3494132984375 0.9100094296875 0.3344198171875 0.8736359968749999 0.3331160359375 0.8749831609375001 0.3513689703125 0.8514077859375 0.3507170796875 0.8527549515624999 0.35593220312499996 0.874309578125 0.35723598437500004
6 0.7483497234375001 0.456975228125 0.7557591265625 0.456975228125 0.7564327093750001 0.4185136890625 0.8756567421874999 0.4204693609375 0.8756567421874999 0.41264667499999996 0.761821365625 0.41069100468749997 0.761821365625 0.3826597140625 0.765862859375 0.3826597140625 0.7651892765625 0.3748370265625 0.7544119625000001 0.373533246875 0.75373838125 0.41199478437500003 0.7483497234375001 0.41199478437500003 0.7483497234375001 0.456975228125
2 0.8062777859375 0.42764015625 0.8116664421875001 0.42698826562500003 0.8116664421875001 0.384615384375 0.8541021140625 0.384615384375 0.8534285328125 0.37614080781250003 0.8136871875 0.373533246875 0.8143607703125 0.3337679265625 0.8089721140625 0.3331160359375 0.8089721140625 0.3748370265625 0.766536440625 0.3748370265625 0.765862859375 0.384615384375 0.8076249484375 0.38396349375 0.8062777859375 0.42764015625
1 0.7564327093750001 0.515645371875 0.7463289765625001 0.51499348125 0.7483497234375001 0.4198174703125 0.6944631546875 0.4185136890625 0.6904216625 0.5645371578125 0.7564327093750001 0.5645371578125 0.7564327093750001 0.515645371875
2 0.7227536031249999 0.44132985625 0.7288158421875 0.44132985625 0.7288158421875 0.4198174703125 0.7476761421875 0.4198174703125 0.74902330625 0.41069100468749997 0.7281422609375 0.4087353328125 0.7294894249999999 0.3891786171875 0.72544793125 0.38722294687500003 0.7241007671874999 0.4100391140625 0.702546140625 0.40938722343749995 0.703219721875 0.4185136890625 0.72477435 0.4185136890625 0.7227536031249999 0.44132985625
2 0.726795096875 0.47392438124999997 0.72544793125 0.4784876140625 0.7476761421875 0.4784876140625 0.747002559375 0.49543676718749996 0.7564327093750001 0.49478487656250003 0.7571062921875 0.4797913953125 0.7793345015625001 0.48044328593749996 0.7793345015625001 0.47392438124999997 0.7571062921875 0.47392438124999997 0.7584534546875 0.45762711874999995 0.747002559375 0.45762711874999995 0.7463289765625001 0.47327248906249997 0.726795096875 0.47392438124999997
4 0.9524451031250001 0.5769230765625 0.6890744984375 0.571707953125 0.6863801703125 0.7457627125 0.9484036109374999 0.7496740546875 0.9524451031250001 0.5769230765625
2 0.7153442 0.5964797921875 0.7193856937499999 0.5971316828125001 0.720059275 0.5749674046875 0.7409403203125 0.574315515625 0.7409403203125 0.5625814859375 0.7207328578125 0.5612777046875 0.7207328578125 0.543024771875 0.7166913640625 0.541720990625 0.7153442 0.5625814859375 0.6958103203125 0.5625814859375 0.6951367375 0.571707953125 0.71467061875 0.573011734375 0.7153442 0.5964797921875
2 0.5213525531250001 0.6310299875000001 0.520678971875 0.6368970015625 0.5422335984375 0.6375488921875 0.5429071796875 0.6629726203125 0.5530109125 0.6616688390625 0.5543580765625 0.6382007828125 0.5752391218749999 0.6368970015625 0.5765862859374999 0.630378096875 0.5530109125 0.628422425 0.55368449375 0.6075619296875 0.5442543453125 0.6062581484375 0.5442543453125 0.6323337671875 0.5213525531250001 0.6310299875000001
6 0.614306884375 0.5625814859375 0.6136333015625001 0.6082138203125 0.6210427046875 0.6082138203125 0.6210427046875 0.5710560625000001 0.6816650953125001 0.571707953125 0.6796443484375 0.671447196875 0.620369121875 0.67079530625 0.620369121875 0.6642764015625 0.6136333015625001 0.6629726203125 0.6129597203125 0.669491525 0.6028559875 0.669491525 0.6008352421875001 0.6779661015625 0.6796443484375 0.6792698828125 0.6782971843750001 0.74445893125 0.6870537515625 0.7464146031250001 0.68974808125 0.5710560625000001 0.6964839015625001 0.571707953125 0.6964839015625001 0.5638852671875 0.69109524375 0.5638852671875 0.69109524375 0.514341590625 0.683012259375 0.51499348125 0.683012259375 0.5638852671875 0.614306884375 0.5625814859375
2 0.5907315109375 0.630378096875 0.5893843453125001 0.6368970015625 0.6109389734375 0.6362451109375 0.6102653921875001 0.6629726203125 0.620369121875 0.6636245109375001 0.6230634515625 0.640156453125 0.6446180781249999 0.640156453125 0.6446180781249999 0.6316818765625001 0.6210427046875 0.6310299875000001 0.6217162875 0.6095176015625 0.6116125546875 0.6075619296875 0.6122861375 0.6323337671875 0.5907315109375 0.630378096875
4 0.678970765625 0.6799217734375 0.48969419375 0.6773142109375 0.4863262828125 0.9009126468750001 0.67560285625 0.9028683171875 0.678970765625 0.6799217734375
2 0.5752391218749999 0.698826596875 0.580627778125 0.700130378125 0.582648525 0.6799217734375 0.6021824062500001 0.6792698828125 0.6021824062500001 0.670143415625 0.58332210625 0.66818774375 0.58332210625 0.6473272484375 0.5772598671875 0.6473272484375 0.5752391218749999 0.6675358546875 0.555705240625 0.6675358546875 0.556378821875 0.6792698828125 0.5772598671875 0.6779661015625 0.5752391218749999 0.698826596875
6 0.38798329531250003 0.48239895625000007 0.3765324 0.483050846875 0.3758588171875 0.49869621875 0.2458574703125 0.496740546875 0.2458574703125 0.5084745765625 0.30109120312500004 0.510430246875 0.29435538125 0.830508475 0.30378553125 0.831160365625 0.306479859375 0.641460234375 0.43109254999999996 0.64341590625 0.43041896875 0.6355932203125 0.40751717656249997 0.6349413296875001 0.40819075781249997 0.6043024765625 0.39943419062499996 0.6036505859375 0.3980870265625 0.6355932203125 0.390004040625 0.6355932203125 0.389330459375 0.6310299875000001 0.36373433906249997 0.6290743156249999 0.36306075781249997 0.6349413296875001 0.3442004578125 0.6349413296875001 0.34756836875 0.5801825296875001 0.3071534421875 0.5788787484375 0.3091741875 0.510430246875 0.40078135625 0.511734028125 0.40010777343750004 0.5638852671875 0.408864340625 0.5638852671875 0.408864340625 0.5045632328125 0.38663613125 0.5045632328125 0.38798329531250003 0.48239895625000007
2 0.37720598125000004 0.5801825296875001 0.375185234375 0.58604954375 0.3980870265625 0.585397653125 0.3974134453125 0.6043024765625 0.40953792343749995 0.6043024765625 0.40953792343749995 0.587353325 0.43311329687500005 0.585397653125 0.43311329687500005 0.5821382015625 0.408864340625 0.5814863109374999 0.408864340625 0.5638852671875 0.40010777343750004 0.5638852671875 0.3980870265625 0.5814863109374999 0.37720598125000004 0.5801825296875001
4 0.4816112078125 0.6447196875000001 0.30782702500000003 0.6421121249999999 0.30378553125 0.8318122562499999 0.47891687968749996 0.8337679265625001 0.4816112078125 0.6447196875000001
2 0.44591135625 0.669491525 0.45197359531250003 0.668839634375 0.45332075937500005 0.6460234671875 0.4715074765625 0.645371578125 0.4701603125 0.6355932203125 0.45466792343750007 0.6355932203125 0.45466792343750007 0.6140808343749999 0.4492792671875 0.6121251625 0.44860568437500004 0.6336375484375 0.42974538593749995 0.6342894390625 0.43041896875 0.644067796875 0.4472585203125 0.64341590625 0.44591135625 0.669491525
2 0.3576721 0.8780964796875 0.362387175 0.8794002609374999 0.365081503125 0.857887875 0.3785531453125 0.857887875 0.3778795640625 0.831160365625 0.36373433906249997 0.831160365625 0.364407921875 0.809647978125 0.3590192640625 0.809647978125 0.3583456828125 0.831160365625 0.3442004578125 0.829856584375 0.343526875 0.855932203125 0.3576721 0.854628421875 0.3576721 0.8780964796875
1 0.45399737343749996 0.8565889828125 0.32197460625 0.8565889828125 0.32197460625 0.9126483046875 0.45399737343749996 0.9126483046875 0.45399737343749996 0.8565889828125
7 0.9578337593749999 0.359843546875 0.9551394312499999 0.544328553125 0.9692846562499999 0.544328553125 0.9739997296875 0.358539765625 0.9665903281249999 0.33767926875 0.9544658500000001 0.32398956874999996 0.9382998796875001 0.3109517609375 0.9275225640625001 0.30638852656250004 0.9167452515625 0.303129075 0.907988684375 0.303129075 0.9100094296875 0.31551499375000003 0.9295433125000001 0.3213820078125 0.9457092812499999 0.3337679265625 0.9504243562499999 0.344198175 0.9578337593749999 0.359843546875
1 0.9578337593749999 0.3604954359375 0.9531186843749999 0.34680573593749997 0.9484036109374999 0.340938721875 0.940320625 0.329856584375 0.9295433125000001 0.3233376796875 0.9187659968749999 0.3181225546875 0.9086622656250001 0.31551499375000003 0.903273609375 0.543024771875 0.9551394312499999 0.5436766625 0.9578337593749999 0.3604954359375
6 0.0868920921875 0.010430246875 0.08352418125 0.066492828125 0.0922807484375 0.066492828125 0.09497507656250001 0.010430246875 0.0868920921875 0.010430246875
6 0.24787821562499998 0.2405475875 0.247204634375 0.24967405468749998 0.276842246875 0.24902216406250002 0.27616866406249996 0.316818775 0.3239929953125 0.3187744453125 0.3226458296875 0.309647978125 0.2849252328125 0.3089960890625 0.2896403078125 0.086701434375 0.28021015781249997 0.088005215625 0.2775158296875 0.24119947812500003 0.24787821562499998 0.2405475875
6 0.39606627968749997 0.31029986875 0.39606627968749997 0.3181225546875 0.486999865625 0.31942633593749997 0.48430553749999994 0.40677966093749995 0.45938299843749997 0.40612777031249997 0.4587094171875 0.41395045625 0.5341506125000001 0.414602346875 0.5341506125000001 0.40808344218750003 0.49508285 0.4074315515625 0.4957564328125 0.329856584375 0.531456284375 0.329856584375 0.5307827015625 0.3226857890625 0.496430015625 0.3226857890625 0.5011450890625 0.0899608859375 0.49036777656249997 0.0899608859375 0.4863262828125 0.31290743125 0.39606627968749997 0.31029986875
2 0.5604203156249999 0.38657105625 0.5597467328125 0.40808344218750003 0.5321298671875 0.40612777031249997 0.5321298671875 0.41655801875 0.5577259875 0.4172099078125 0.5577259875 0.440026075 0.56311464375 0.440026075 0.5637882265624999 0.41786179843750004 0.5893843453125001 0.4172099078125 0.5893843453125001 0.40808344218750003 0.5644618078125 0.40808344218750003 0.5644618078125 0.38787483749999996 0.5604203156249999 0.38657105625
1 0.594773003125 0.331160365625 0.5280883734375 0.331160365625 0.5274147921875 0.40677966093749995 0.5934258390625 0.40677966093749995 0.594773003125 0.331160365625
2 0.5806304734375 0.3220296609375 0.5294395796875 0.3220296609375 0.5294395796875 0.3311567796875 0.5806304734375 0.3311567796875 0.5806304734375 0.3220296609375
2 0.6910989484375001 0.451758475 0.6830166375 0.451758475 0.6830166375 0.5143432203125 0.6910989484375001 0.5143432203125 0.6910989484375001 0.451758475
2 0.28492556874999997 0.3161694921875 0.2768432578125 0.3161694921875 0.2768432578125 0.36310169531250003 0.28492556874999997 0.36310169531250003 0.28492556874999997 0.3161694921875
6 0.3758588171875 0.4341590609375 0.388656878125 0.4341590609375 0.389330459375 0.413298565625 0.414252996875 0.413298565625 0.4156001625 0.4048239890625 0.3657550859375 0.4041720984375 0.3664286671875 0.41590612812499994 0.3765324 0.4152542375 0.3758588171875 0.4341590609375
1 0.87430823125 0.3839618640625 0.763169878125 0.3839618640625 0.763169878125 0.4126483046875 0.87430823125 0.4126483046875 0.87430823125 0.3839618640625
6 0.87430823125 0.37613983125 0.8527495625 0.37613983125 0.8527495625 0.3839618640625 0.87430823125 0.3839618640625 0.87430823125 0.37613983125
1 0.6122861375 0.571707953125 0.5543580765625 0.571707953125 0.5523373296874999 0.668839634375 0.6122861375 0.669491525 0.6122861375 0.571707953125
2 0.613629596875 0.5625847453125 0.55300788125 0.5625847453125 0.55300788125 0.571059321875 0.613629596875 0.571059321875 0.613629596875 0.5625847453125
1 0.48497911875 0.514341590625 0.40953792343749995 0.51238591875 0.40684359531250003 0.6342894390625 0.48228479062499996 0.6368970015625 0.48497911875 0.514341590625
2 0.45466724999999997 0.504567796875 0.40818739062500004 0.504567796875 0.40818739062500004 0.5117372875 0.45466724999999997 0.5117372875 0.45466724999999997 0.504567796875
0 0.7827024109375 0.5651890484375001 0.7988683812499999 0.5658409390625 0.7981948 0.5612777046875 0.8278324125 0.5619295953125001 0.82715883125 0.5658409390625 0.8359153984375001 0.5658409390625 0.8359153984375001 0.54237288125 0.87228883125 0.5436766625 0.8736359968749999 0.4211212515625 0.7571062921875 0.41916558125 0.7557591265625 0.5065189046875 0.7827024109375 0.5065189046875 0.7827024109375 0.5651890484375001
6 0.7389195749999999 0.5651890484375001 0.73959315625 0.573011734375 0.87228883125 0.5756192953125 0.87161525 0.5436766625 0.8365889796875001 0.543024771875 0.835241815625 0.5677966109375 0.82715883125 0.566492828125 0.825811665625 0.5632333765624999 0.79752121875 0.5619295953125001 0.7981948 0.56714471875 0.780681665625 0.5658409390625 0.7820288296875 0.5078226859375 0.7544119625000001 0.5071707953125 0.7550855453125 0.49543676718749996 0.747002559375 0.49543676718749996 0.7463289765625001 0.514341590625 0.7557591265625 0.51499348125 0.7564327093750001 0.5651890484375001 0.7389195749999999 0.5651890484375001
6 0.48228479062499996 0.6368970015625 0.4701603125 0.6368970015625 0.4701603125 0.6447196875000001 0.4816112078125 0.6447196875000001 0.4816112078125 0.6773142109375 0.555705240625 0.67601043125 0.556378821875 0.668839634375 0.5516637484375 0.668839634375 0.550990165625 0.66232073125 0.545601509375 0.66232073125 0.5449279265625 0.668839634375 0.4890206109375 0.6675358546875 0.492388521875 0.5684485015625 0.545601509375 0.570404171875 0.5442543453125 0.6075619296875 0.5523373296874999 0.6075619296875 0.55368449375 0.5619295953125001 0.492388521875 0.5612777046875 0.4937356859375 0.5052151234375 0.45534150625 0.5045632328125 0.45466792343750007 0.51238591875 0.48497911875 0.513037809375 0.48228479062499996 0.6368970015625
2 0.48834500937499997 0.6760127125000001 0.48228546406249995 0.6760127125000001 0.48228546406249995 0.7177330515625 0.48834500937499997 0.7177330515625 0.48834500937499997 0.6760127125000001
6 0.48767513124999995 0.7170805078125 0.47959282031250006 0.7170805078125 0.47959282031250006 0.8337669484375001 0.48767513124999995 0.8337669484375001 0.48767513124999995 0.7170805078125
1 0.6863801703125 0.3331160359375 0.6021824062500001 0.331160365625 0.6028559875 0.4074315515625 0.6850330046875001 0.40938722343749995 0.6863801703125 0.3331160359375
0 0.1906237375 0.2483702734375 0.1333692578125 0.24706649375 0.130001346875 0.3005215125 0.1899501546875 0.301173403125 0.1906237375 0.2483702734375
0 0.1899501546875 0.31029986875 0.0828506 0.3076923078125 0.0821770171875 0.40026075624999996 0.187929409375 0.40026075624999996 0.1899501546875 0.31029986875
0 0.3462212046875 0.6342894390625 0.362387175 0.6342894390625 0.362387175 0.630378096875 0.388656878125 0.630378096875 0.389330459375 0.6349413296875001 0.3980870265625 0.6349413296875001 0.40078135625 0.511734028125 0.3098477703125 0.5110821375000001 0.30782702500000003 0.5788787484375 0.34756836875 0.5808344187500001 0.3462212046875 0.6342894390625
1 0.5449279265625 0.56975228125 0.492388521875 0.5691003921875 0.49036777656249997 0.66818774375 0.5435807625 0.668839634375 0.5449279265625 0.56975228125
1 0.6809915125 0.5723598437499999 0.6230634515625 0.571707953125 0.620369121875 0.669491525 0.678970765625 0.669491525 0.6809915125 0.5723598437499999