2 0.7560137453125 0.3008059875 0.7569683078125 0.31663788125000003 0.7741504390625 0.31519861875 0.7741504390625 0.3425446171875 0.7970599468749999 0.34398388125 0.799923634375 0.31088082968749997 0.8180603281250001 0.3123200921875 0.8151966406250001 0.30224525 0.798969071875 0.3008059875 0.7970599468749999 0.2662636734375 0.7760595640625 0.2677029359375 0.7760595640625 0.30224525 0.7560137453125 0.3008059875
3 0.7961111109375001 0.2389119171875 0.7770160359375 0.2389119171875 0.7770160359375 0.2691364421875 0.7961111109375001 0.2691364421875 0.7961111109375001 0.2389119171875
3 0.281596028125 0.2216465171875 0.3045055359375 0.22020725312499997 0.30355097343750004 0.1525618875 0.7751050015625001 0.1525618875 0.7751050015625001 0.1669545203125 0.798014509375 0.1683937828125 0.798014509375 0.069084628125 0.8171057656249999 0.067645365625 0.8171057656249999 0.0575705234375 0.7569683078125 0.056131260937500004 0.758877434375 0.0618883125 0.7760595640625 0.0618883125 0.7751050015625001 0.12809441562499999 0.0744558984375 0.12809441562499999 0.0754104609375 0.0662061015625 0.0906834671875 0.070523890625 0.0925925921875 0.0590097875 0.0353188234375 0.0546919984375 0.0343642609375 0.0662061015625 0.0534555171875 0.0647668390625 0.0544100796875 0.2475532515625 0.076365025 0.2461139890625 0.076365025 0.1554404140625 0.281596028125 0.1540011515625 0.281596028125 0.2216465171875
7 0.79706185625 0.1684024171875 0.7760652921875 0.1684024171875 0.7760652921875 0.238920553125 0.79706185625 0.238920553125 0.79706185625 0.1684024171875
7 0.0744558984375 0.24755613125 0.0544100796875 0.24755613125 0.0544100796875 0.348298790625 0.0744558984375 0.348298790625 0.0744558984375 0.24755613125
7 0.20617983906249998 0.6404749562500001 0.1393642609375 0.6404749562500001 0.1393642609375 0.673583765625 0.20617983906249998 0.673583765625 0.20617983906249998 0.6404749562500001
1 0.5259622 0.675017271875 0.22049828124999998 0.675017271875 0.22049828124999998 0.9369689125 0.5259622 0.9369689125 0.5259622 0.675017271875
7 0.355097365625 0.6419084625 0.315005728125 0.6419084625 0.315005728125 0.67356649375 0.355097365625 0.67356649375 0.355097365625 0.6419084625
6 0.538373425 0.9470351171875 0.538373425 0.6721358671875 0.527873234375 0.6735751296875 0.5269186718750001 0.9355210140624999 0.394234440625 0.9355210140624999 0.394234440625 0.9499136437500001 0.538373425 0.9470351171875
2 0.39709812968749997 0.6937248140625 0.4066437578125 0.698042603125 0.40855288281249996 0.67645365625 0.432416953125 0.6750143921875 0.43146239062499997 0.6419113421875 0.4066437578125 0.640472078125 0.4056891953125 0.6203223953125 0.3990072546875 0.6188831312499999 0.4018709421875 0.637593553125 0.3732340578125 0.639032815625 0.3713249328125 0.6735751296875 0.3980526921875 0.6735751296875 0.39709812968749997 0.6937248140625
3 0.4400572734375 0.640466321875 0.4314662078125 0.640466321875 0.4314662078125 0.6750086359374999 0.4400572734375 0.6750086359374999 0.4400572734375 0.640466321875
7 0.4782416953125 0.6419084625 0.43910080156250003 0.6419084625 0.43910080156250003 0.67356649375 0.4782416953125 0.67356649375 0.4782416953125 0.6419084625
7 0.712107675 0.63904145 0.646242840625 0.63904145 0.646242840625 0.675017271875 0.712107675 0.675017271875 0.712107675 0.63904145
3 0.798014509375 0.6750143921875 0.798014509375 0.5454807140625 0.7741504390625 0.5454807140625 0.7741504390625 0.639032815625 0.71305841875 0.637593553125 0.71401298125 0.6750143921875 0.798014509375 0.6750143921875
7 0.79609965625 0.4749654578125 0.7751030921875001 0.4749654578125 0.7751030921875001 0.5454835921875001 0.79609965625 0.5454835921875001 0.79609965625 0.4749654578125
3 0.3741867125 0.6419084625 0.3550916375 0.6419084625 0.3550916375 0.675017271875 0.3741867125 0.675017271875 0.3741867125 0.6419084625
3 0.797056128125 0.346865284375 0.777010309375 0.346865284375 0.777010309375 0.4778324703125 0.797056128125 0.4778324703125 0.797056128125 0.346865284375
6 0.5106872859375 0.3439896375 0.49636884375 0.3439896375 0.49636884375 0.6419170984375 0.5106872859375 0.6419170984375 0.5106872859375 0.3439896375
4 0.511168384375 0.639032815625 0.7739117984375 0.639032815625 0.7739117984375 0.3810449046875 0.565578465625 0.3799654578125 0.5662943874999999 0.535405871875 0.5126002296875 0.535405871875 0.511168384375 0.639032815625
3 0.510691103125 0.3943580875 0.509736540625 0.535405871875 0.566055746875 0.535405871875 0.566055746875 0.37564766875 0.5412371140625 0.37708693125 0.5402825515624999 0.3957973515625 0.510691103125 0.3943580875
3 0.076365025 0.6361542890624999 0.076365025 0.34830167031250003 0.0544100796875 0.34830167031250003 0.0534555171875 0.6735751296875 0.1403207328125 0.6750143921875 0.1403207328125 0.639032815625 0.076365025 0.6361542890624999
6 0.220504009375 0.9355210140624999 0.220504009375 0.6750143921875 0.2100038171875 0.6721358671875 0.21191294374999997 0.9499136437500001 0.3331424203125 0.9484743812499999 0.33218785781250004 0.9355210140624999 0.220504009375 0.9355210140624999
3 0.3159602890625 0.640472078125 0.2071401296875 0.640472078125 0.2061855671875 0.6735751296875 0.316914853125 0.67645365625 0.3159602890625 0.640472078125
3 0.6462390234375001 0.639032815625 0.4791905296875 0.640472078125 0.47728140625000004 0.6721358671875 0.6462390234375001 0.6735751296875 0.6462390234375001 0.639032815625
1 0.913516609375 0.16263385156250001 0.798969071875 0.16263385156250001 0.798969071875 0.358367875 0.913516609375 0.358367875 0.913516609375 0.16263385156250001
6 0.914471171875 0.3583765109375 0.90588010625 0.3583765109375 0.9068346703125 0.37420840625 0.9240168000000001 0.37708693125 0.9249713625 0.1482440984375 0.798014509375 0.1453655734375 0.7970599468749999 0.16119746562499998 0.914471171875 0.16263673125 0.914471171875 0.3583765109375
6 0.8514719359375 0.3655699484375 0.7980126000000001 0.3655699484375 0.7980126000000001 0.3756390328125 0.8514719359375 0.3756390328125 0.8514719359375 0.3655699484375
6 0.5087800687499999 0.1511139890625 0.49637457031250004 0.1511139890625 0.49637457031250004 0.26626079375 0.5087800687499999 0.26626079375 0.5087800687499999 0.1511139890625
2 0.27300496406249997 0.29936672343750004 0.27014127499999996 0.30944156718750004 0.28636884375 0.30944156718750004 0.28732340624999997 0.34830167031250003 0.3045055359375 0.34830167031250003 0.3054601 0.31375935625 0.32455135468749996 0.3123200921875 0.3216876671875 0.3008059875 0.3064146625 0.3008059875 0.3054601 0.2677029359375 0.28827796875 0.2677029359375 0.28827796875 0.3008059875 0.27300496406249997 0.29936672343750004
6 0.3026002296875 0.22021588906249998 0.2882817875 0.22021588906249998 0.2882817875 0.269145078125 0.3026002296875 0.269145078125 0.3026002296875 0.22021588906249998
6 0.3025945015625 0.346865284375 0.2892268046875 0.346865284375 0.2892268046875 0.6433592406249999 0.3025945015625 0.6433592406249999 0.3025945015625 0.346865284375
3 0.53980526875 0.376727115625 0.5612829328125 0.37564766875 0.5627147765625 0.35513816875000004 0.6121134015624999 0.35513816875000004 0.6128293234375 0.26338514687500003 0.579180984375 0.26230570000000003 0.579180984375 0.1543609671875 0.5126002296875 0.1532815203125 0.5104524625 0.3961571671875 0.53980526875 0.3961571671875 0.53980526875 0.376727115625
6 0.5717869421875 0.35550086406250003 0.5631958765625 0.35550086406250003 0.5631958765625 0.37852331562499997 0.5717869421875 0.37852331562499997 0.5717869421875 0.35550086406250003
5 0.712107675 0.1539982734375 0.5803780062499999 0.1539982734375 0.5803780062499999 0.2518739203125 0.712107675 0.2518739203125 0.712107675 0.1539982734375
6 0.6137838859375 0.261945884375 0.6128293234375 0.2705814625 0.6214203890625 0.272020725 0.6223749515625 0.2605066203125 0.718785796875 0.261945884375 0.7197403578125 0.1496833625 0.71210385625 0.1525618875 0.7111492937499999 0.2504317796875 0.5803741890625 0.2504317796875 0.5803741890625 0.261945884375 0.6137838859375 0.261945884375
6 0.6223749515625 0.34542314375 0.6137838859375 0.34542314375 0.6137838859375 0.3569372484375 0.6099656359375001 0.3569372484375 0.6109201984375 0.3799654578125 0.7751050015625001 0.3799654578125 0.7760595640625 0.3598157734375 0.6223749515625 0.3583765109375 0.6223749515625 0.34542314375
2 0.8743795343749999 0.3914795625 0.8820160359375 0.392918825 0.8801069109374999 0.3785261953125 0.90588010625 0.37708693125 0.9068346703125 0.3598157734375 0.8829705984375 0.3612550375 0.8839251625 0.34830167031250003 0.876288659375 0.34686240625 0.876288659375 0.3598157734375 0.8505154640624999 0.3598157734375 0.8514700265625 0.37708693125 0.8743795343749999 0.37420840625 0.8743795343749999 0.3914795625
2 0.5927835046875 0.3008059875 0.5918289421875 0.31088082968749997 0.6128293234375 0.31088082968749997 0.6128293234375 0.34686240625 0.624284078125 0.34974093281249996 0.625238640625 0.31375935625 0.6405116453125 0.3123200921875 0.643375334375 0.3051237765625 0.624284078125 0.30224525 0.6233295156249999 0.2677029359375 0.61473845 0.2662636734375 0.6137838859375 0.3036845125 0.5927835046875 0.3008059875
2 0.3608247421875 0.970063328125 0.3684612453125 0.9657455390624999 0.36655211875 0.9499136437500001 0.393279878125 0.95135290625 0.393279878125 0.93408175 0.36750668124999997 0.9355210140624999 0.36750668124999997 0.92112838125 0.3617793046875 0.91968911875 0.3617793046875 0.9326424875000001 0.334096984375 0.9326424875000001 0.3331424203125 0.9542314328125 0.3598701796875 0.9499136437500001 0.3608247421875 0.970063328125
2 0.587056128125 0.40155440468750003 0.5927835046875 0.4029936671875 0.5937380671875 0.3799654578125 0.6118747625000001 0.3799654578125 0.6128293234375 0.3569372484375 0.5946926312499999 0.355497984375 0.5946926312499999 0.3411053546875 0.587056128125 0.3396660921875 0.587056128125 0.3569372484375 0.570828559375 0.355497984375 0.5717831234374999 0.3785261953125 0.586101565625 0.37708693125 0.587056128125 0.40155440468750003
2 0.473463153125 0.29648819843749996 0.47537227968750007 0.31519861875 0.4963726609375 0.31088082968749997 0.4944635359375 0.34542314375 0.5126002296875 0.3425446171875 0.509736540625 0.31375935625 0.525964109375 0.30944156718750004 0.5269186718750001 0.3008059875 0.5116456671875 0.3008059875 0.5116456671875 0.2662636734375 0.4963726609375 0.2662636734375 0.4944635359375 0.3008059875 0.473463153125 0.29648819843749996
4 0.288276059375 0.15255613125 0.074450171875 0.15255613125 0.074450171875 0.640466321875 0.288276059375 0.640466321875 0.288276059375 0.15255613125
4 0.49446162656250003 0.1511312609375 0.303545246875 0.1511312609375 0.303545246875 0.6404749562500001 0.49446162656250003 0.6404749562500001 0.49446162656250003 0.1511312609375
1 0.62356815625 0.3583765109375 0.7760595640625 0.3562176171875 0.7746277203124999 0.151122625 0.720217640625 0.1532815203125 0.71950171875 0.26338514687500003 0.622852234375 0.26338514687500003 0.62356815625 0.3583765109375