7 0.3571428578125 0.91677865625 0.18023809531249999 0.91677865625 0.18023809531249999 0.9650790515625 0.3571428578125 0.9650790515625 0.3571428578125 0.91677865625
7 0.8201190468749999 0.9167687750000001 0.588630953125 0.9167687750000001 0.588630953125 0.9639822140625001 0.8201190468749999 0.9639822140625001 0.8201190468749999 0.9167687750000001
7 0.0892708328125 0.526996046875 0.019836309375 0.526996046875 0.019836309375 0.5873913046875 0.0892708328125 0.5873913046875 0.0892708328125 0.526996046875
0 0.33233630937499997 0.08672924843749999 0.0892708328125 0.08672924843749999 0.0892708328125 0.3216897234375 0.33233630937499997 0.3216897234375 0.33233630937499997 0.08672924843749999
7 0.27613095312499997 0.0406225296875 0.15875 0.0406225296875 0.15875 0.08783596875 0.27613095312499997 0.08783596875 0.27613095312499997 0.0406225296875
4 0.901116071875 0.0856324109375 0.3538244046875 0.0856324109375 0.3538244046875 0.32278656093749997 0.901116071875 0.32278656093749997 0.901116071875 0.0856324109375
7 0.724211309375 0.0395158109375 0.5274553578125001 0.0395158109375 0.5274553578125001 0.08672924843749999 0.724211309375 0.08672924843749999 0.724211309375 0.0395158109375
3 0.5291071421875 0.0406225296875 0.2744642859375 0.0406225296875 0.2744642859375 0.08783596875 0.5291071421875 0.08783596875 0.5291071421875 0.0406225296875
3 0.5902827375 0.9156917 0.355491071875 0.9156917 0.355491071875 0.9639920953125 0.5902827375 0.9639920953125 0.5902827375 0.9156917
3 0.08763392812500001 0.45673912968749997 0.0181994046875 0.45673912968749997 0.0181994046875 0.525909090625 0.08763392812500001 0.525909090625 0.08763392812500001 0.45673912968749997
3 0.0892857140625 0.9156785234375 0.0892857140625 0.5862977609375 0.0165343921875 0.5862977609375 0.0165343921875 0.9650856390625 0.183531746875 0.9650856390625 0.183531746875 0.9156785234375 0.0892857140625 0.9156785234375
3 0.1603835984375 0.038427754687499996 0.0165343921875 0.0395256921875 0.0165343921875 0.375494071875 0.08763227343749999 0.3765920078125 0.0892857140625 0.08893280625 0.1603835984375 0.08783487031250001 0.1603835984375 0.038427754687499996
3 0.9027777765625 0.9145805890625001 0.81845238125 0.9156785234375 0.8201058218749999 0.966183575 0.9738756609375001 0.9650856390625 0.9755291015625 0.038427754687499996 0.7225529109375 0.0395256921875 0.7225529109375 0.08893280625 0.8994708984375 0.08893280625 0.9027777765625 0.9145805890625001
1 0.5390327375 0.34145256874999996 0.0893005953125 0.34145256874999996 0.0893005953125 0.5017490125 0.5390327375 0.5017490125 0.5390327375 0.34145256874999996
2 0.2728174609375 0.36012296875 0.2827380953125 0.357927096875 0.2860449734375 0.33926218750000003 0.324074075 0.33926218750000003 0.3257275125 0.3216952140625 0.2827380953125 0.3205972765625 0.2843915359375 0.307422046875 0.2728174609375 0.3085199828125 0.2695105828125 0.3205972765625 0.2248677265625 0.3216952140625 0.2248677265625 0.34145805937499996 0.2695105828125 0.34145805937499996 0.2728174609375 0.36012296875
2 0.4794973546875 0.359025034375 0.4894179875 0.3612209046875 0.491071428125 0.340360121875 0.5423280421875 0.340360121875 0.5439814828125 0.3227931484375 0.49272486875 0.3227931484375 0.49437830624999995 0.307422046875 0.4794973546875 0.307422046875 0.4761904765625 0.3216952140625 0.4265873 0.3216952140625 0.428240740625 0.340360121875 0.4778439171875 0.340360121875 0.4794973546875 0.359025034375
4 0.0892857140625 0.9156785234375 0.9027777765625 0.9145805890625001 0.9027777765625 0.514931928125 0.29596560781250003 0.5160298640625001 0.2926587296875 0.61045235 0.0892857140625 0.61045235 0.0892857140625 0.9156785234375
6 0.2711640203125 0.5961791843750001 0.0892857140625 0.5961791843750001 0.08763227343749999 0.61045235 0.2926587296875 0.61045235 0.2926587296875 0.5171278 0.30753968125000003 0.5171278 0.310846559375 0.501756696875 0.262896825 0.5006587609375 0.2612433875 0.514931928125 0.2728174609375 0.514931928125 0.2711640203125 0.5961791843750001
1 0.2711607140625 0.5149209484374999 0.09092261874999999 0.5149209484374999 0.09092261874999999 0.5950790515625 0.2711607140625 0.5950790515625 0.2711607140625 0.5149209484374999
2 0.2099867734375 0.534694775 0.2298280421875 0.5335968375 0.2281746046875 0.5182257359375 0.2612433875 0.519323671875 0.264550265625 0.4984628890625 0.2265211640625 0.4984628890625 0.2298280421875 0.4841897234375 0.21494708906249999 0.4830917859375 0.2132936515625 0.4995608265625 0.17526455000000002 0.5006587609375 0.17526455000000002 0.5160298640625001 0.21164021093750002 0.5160298640625001 0.2099867734375 0.534694775
2 0.3637566125 0.534694775 0.37698412812500004 0.534694775 0.37698412812500004 0.5182257359375 0.434854496875 0.5182257359375 0.434854496875 0.5006587609375 0.378637565625 0.5006587609375 0.378637565625 0.48528765937499996 0.3637566125 0.48528765937499996 0.365410053125 0.4984628890625 0.30919312187500003 0.4984628890625 0.30753968125000003 0.5160298640625001 0.365410053125 0.5171278 0.3637566125 0.534694775
6 0.2281845234375 0.32389328125 0.087648809375 0.32389328125 0.087648809375 0.33926877499999997 0.2281845234375 0.33926877499999997 0.2281845234375 0.32389328125
6 0.1769047625 0.50285573125 0.0892857140625 0.50285573125 0.0892857140625 0.5149308296874999 0.1769047625 0.5149308296874999 0.1769047625 0.50285573125
6 0.9027678578125 0.50175889375 0.43318452343749997 0.50175889375 0.43318452343749997 0.51602766875 0.9027678578125 0.51602766875 0.9027678578125 0.50175889375
5 0.9027678578125 0.34036561249999997 0.5390178578125 0.34036561249999997 0.5390178578125 0.5006620546875 0.9027678578125 0.5006620546875 0.9027678578125 0.34036561249999997
6 0.9044345234375 0.32389328125 0.5406845234375 0.32389328125 0.5406845234375 0.33926877499999997 0.9044345234375 0.33926877499999997 0.9044345234375 0.32389328125
6 0.42989417812499997 0.33816425156249996 0.428240740625 0.3227931484375 0.3554894171875 0.3249890203125 0.3538359796875 0.08673693437499999 0.33399470781249996 0.0856389984375 0.3356481484375 0.3227931484375 0.324074075 0.3227931484375 0.3257275125 0.33816425156249996 0.42989417812499997 0.33816425156249996
2 0 0.42160737812500004 0.0165343921875 0.42050944218749997 0.0165343921875 0.4578392625 0.0859788359375 0.4578392625 0.0859788359375 0.4238032484375 0.11904761875 0.42160737812500004 0.11904761875 0.4139218265625 0.0859788359375 0.4139218265625 0.0892857140625 0.375494071875 0.0181878296875 0.375494071875 0.0165343921875 0.4084321484375 0 0.4084321484375 0 0.42160737812500004