0 0.3518219171875 0.07875 0.12976712343750002 0.07875 0.12976712343750002 0.313927165625 0.3518219171875 0.313927165625 0.3518219171875 0.07875
7 0.2999178078125 0.0310826765625 0.194657534375 0.0310826765625 0.194657534375 0.07974409375 0.2999178078125 0.07974409375 0.2999178078125 0.0310826765625
4 0.45998558125000005 0.39888106093750003 0.8795962515625 0.395772896875 0.8767123281250001 0.0797762125 0.37635183906249997 0.077704103125 0.37490987656249997 0.31806879375 0.45998558125000005 0.39888106093750003
7 0.713780821875 0.031043307812499997 0.530657534375 0.031043307812499997 0.530657534375 0.07974409375 0.713780821875 0.07974409375 0.713780821875 0.031043307812499997
7 0.128342465625 0.3998818890625 0.0620136984375 0.3998818890625 0.0620136984375 0.4983070859375 0.128342465625 0.4983070859375 0.128342465625 0.3998818890625
7 0.3864520546875 0.9055118109375 0.22494520625 0.9055118109375 0.22494520625 0.9521259843750001 0.3864520546875 0.9521259843750001 0.3864520546875 0.9055118109375
7 0.7656712328124999 0.9055118109375 0.6056164390625 0.9055118109375 0.6056164390625 0.9521259843750001 0.7656712328124999 0.9521259843750001 0.7656712328124999 0.9055118109375
3 0.6041917812500001 0.9044881890625 0.3850136984375 0.9044881890625 0.3850136984375 0.9511023625 0.6041917812500001 0.9511023625 0.6041917812500001 0.9044881890625
3 0.5335205484375 0.0310826765625 0.2984794515625 0.0310826765625 0.2984794515625 0.0797834640625 0.5335205484375 0.0797834640625 0.5335205484375 0.0310826765625
3 0.878154290625 0.9034397015625 0.7642393640625 0.9034397015625 0.7642393640625 0.9521342734375 0.947368421875 0.9531703265625 0.9459264609375 0.0310816421875 0.7123287671874999 0.0310816421875 0.713770728125 0.0808122671875 0.8752703671875001 0.0808122671875 0.878154290625 0.9034397015625
3 0.1312184578125 0.0797762125 0.1946647453125 0.0797762125 0.1961067046875 0.0310816421875 0.0634462875 0.0321176953125 0.0620043265625 0.401989225 0.1297764953125 0.400953171875 0.1312184578125 0.0797762125
3 0.128334534375 0.9044757562499999 0.1297764953125 0.4973062578125 0.0634462875 0.49627020312500003 0.0605623640625 0.9531703265625 0.2263878875 0.9531703265625 0.2235039640625 0.9044757562499999 0.128334534375 0.9044757562499999
5 0.878150684375 0.4113090546875 0.497465753125 0.4113090546875 0.497465753125 0.49211614218750005 0.878150684375 0.49211614218750005 0.878150684375 0.4113090546875
4 0.49460273906249996 0.587431103125 0.129780821875 0.587431103125 0.129780821875 0.9034350390625001 0.49460273906249996 0.9034350390625001 0.49460273906249996 0.587431103125
2 0.3013698625 0.6050559468750001 0.3114635921875 0.6050559468750001 0.31290555000000003 0.5905511812500001 0.35904830625 0.5895151265624999 0.36049026562500003 0.5708661421875 0.31434751250000004 0.5698300859375001 0.31290555000000003 0.5563613765625 0.2984859390625 0.5553253203125 0.3013698625 0.5708661421875 0.255227109375 0.5698300859375001 0.2537851484375 0.5895151265624999 0.3013698625 0.5895151265624999 0.3013698625 0.6050559468750001
2 0.47007930625 0.5346042265625 0.47152126875 0.5439287187499999 0.4917087234375 0.5418566109375 0.4917087234375 0.5698300859375001 0.5162220625 0.5698300859375001 0.5205479453125 0.5408205546875 0.54794520625 0.5418566109375 0.54794520625 0.529423953125 0.5205479453125 0.529423953125 0.517664021875 0.5055946953125 0.49315068437500004 0.5045586390625 0.49603460781250003 0.5346042265625 0.47007930625 0.5346042265625
1 0.4974765671875 0.41234977187500005 0.44700793125000005 0.4113137171875 0.3633741890625 0.3294653953125 0.126892571875 0.3294653953125 0.128334534375 0.571902196875 0.49603460781250003 0.571902196875 0.4974765671875 0.41234977187500005
2 0.250901225 0.341898053125 0.262436915625 0.347078325 0.262436915625 0.3305014515625 0.302811825 0.3305014515625 0.3013698625 0.3128885203125 0.26676279687500004 0.3128885203125 0.268204759375 0.2973477015625 0.2523431859375 0.2973477015625 0.249459265625 0.31392457500000004 0.2119682765625 0.3128885203125 0.210526315625 0.3305014515625 0.249459265625 0.3305014515625 0.250901225 0.341898053125
2 0.37058399375 0.3729796921875 0.38067772031249997 0.38126813125000003 0.4037490984375 0.370907584375 0.4268204765625 0.3947368421875 0.44700793125000005 0.383340240625 0.4210526328125 0.357438871875 0.4397981265625 0.34811437968750003 0.43258832031249994 0.3439701609375 0.41384282812500006 0.3522585984375 0.3864455671875 0.32532117656250004 0.367700071875 0.33568172500000004 0.393655371875 0.3615830921875 0.37058399375 0.3729796921875
6 0.2134246578125 0.313927165625 0.12690410937500002 0.313927165625 0.12690410937500002 0.3294586609375 0.2134246578125 0.3294586609375 0.2134246578125 0.313927165625
6 0.255219178125 0.5718996062499999 0.12976712343750002 0.5718996062499999 0.12976712343750002 0.587431103125 0.255219178125 0.587431103125 0.255219178125 0.5718996062499999
6 0.35616438281249996 0.571902196875 0.35616438281249996 0.5874430171875 0.4974765671875 0.5864069625 0.4974765671875 0.9075839218749999 0.5191059828125 0.9055118109375 0.5162220625 0.5698300859375001 0.49603460781250003 0.5698300859375001 0.4974765671875 0.5729382515625 0.35616438281249996 0.571902196875
4 0.8795890406250001 0.5076574796875 0.519095890625 0.5076574796875 0.519095890625 0.9044685046875 0.8795890406250001 0.9044685046875 0.8795890406250001 0.5076574796875
6 0.8796027390625 0.4941929140625 0.49749315000000005 0.4941929140625 0.49749315000000005 0.5066338578125 0.8796027390625 0.5066338578125 0.8796027390625 0.4941929140625
6 0.8810382109375 0.4102776640625 0.8810382109375 0.3968089515625 0.45854361875 0.39784500624999997 0.44844989375 0.3843762953125 0.431146359375 0.3937007875 0.44700793125000005 0.4113137171875 0.8810382109375 0.4102776640625
6 0.302811825 0.31392457500000004 0.302811825 0.3294653953125 0.36193222812500003 0.328429340625 0.3691420328125 0.33568172500000004 0.38356164375 0.3263572328125 0.373467915625 0.3149606296875 0.37635183906249997 0.0797762125 0.35472242187499997 0.07666804687499999 0.3532804609375 0.31392457500000004 0.302811825 0.31392457500000004