6 0.223331946875 0.424038190625 0.223331946875 0.44556772499999997 0.23096129843750002 0.446503790625 0.23096129843750002 0.42310212500000005 0.39464558125 0.42310212500000005 0.39395200468749997 0.46148085781250003 0.4008877796875 0.46148085781250003 0.40158135625 0.424038190625 0.43417949843750003 0.42310212500000005 0.4334859203125 0.4137414578125 0.23096129843750002 0.4128053921875 0.228880565625 0.22465599531249997 0.22194479218750002 0.2255920625 0.22194479218750002 0.4137414578125 0.1942016921875 0.4128053921875 0.195588846875 0.424038190625 0.223331946875 0.424038190625
4 0.5028464421875001 0.226529065625 0.22957553125 0.226529065625 0.22957553125 0.4118702609375 0.5028464421875001 0.4118702609375 0.5028464421875001 0.226529065625
7 0.3412390765625 0.2007877 0.27153245937500003 0.2007877 0.27153245937500003 0.2274684078125 0.3412390765625 0.2274684078125 0.3412390765625 0.2007877
7 0.478567415625 0.2021946078125 0.4109456921875 0.2021946078125 0.4109456921875 0.2260615 0.478567415625 0.2260615 0.478567415625 0.2021946078125
4 0.6706866421875 0.2883108671875 0.5132459421875 0.2883108671875 0.5132459421875 0.45960825625 0.6706866421875 0.45960825625 0.6706866421875 0.2883108671875
7 0.63462546875 0.26397219843749997 0.556598003125 0.26397219843749997 0.556598003125 0.287839090625 0.63462546875 0.287839090625 0.63462546875 0.26397219843749997
4 0.7573866 0.3912758578125 0.83645443125 0.388467659375 0.8378415875 0.2237199296875 0.6790123453125 0.226528128125 0.67831876875 0.41186932499999995 0.7580801765625 0.4128053921875 0.7573866 0.3912758578125
7 0.8010799000000001 0.1993807921875 0.7199313359375 0.1993807921875 0.7199313359375 0.2232476828125 0.8010799000000001 0.2232476828125 0.8010799000000001 0.1993807921875
4 0.939797475 0.41186932499999995 0.9647662640625001 0.41186932499999995 0.966846996875 0.22184779531249998 0.86072964375 0.22465599531249997 0.860036065625 0.389403725 0.939103896875 0.3903397921875 0.939797475 0.41186932499999995
7 0.9675374531250001 0.19797388437500002 0.8999157296875 0.19797388437500002 0.8999157296875 0.2204422921875 0.9675374531250001 0.2204422921875 0.9675374531250001 0.19797388437500002
1 0.9623408234375 0.76804128125 0.8499812734375001 0.76804128125 0.8499812734375001 0.8213942718749999 0.9623408234375 0.8213942718749999 0.9623408234375 0.76804128125
7 0.965461921875 0.7455728734375 0.9342509359375001 0.7455728734375 0.9342509359375001 0.76804128125 0.965461921875 0.76804128125 0.965461921875 0.7455728734375
1 0.845817728125 0.7652316765625 0.6928838953125 0.7652316765625 0.6928838953125 0.8199915750000001 0.845817728125 0.8199915750000001 0.845817728125 0.7652316765625
7 0.7646660421875 0.741368996875 0.718892009375 0.741368996875 0.718892009375 0.7652358890625 0.7646660421875 0.7652358890625 0.7646660421875 0.741368996875
1 0.651269246875 0.8775624828125 0.662713275 0.8649255828125 0.668955471875 0.8536927828125 0.6731169375 0.8326312828125 0.523304203125 0.8312271843750001 0.523304203125 0.8775624828125 0.651269246875 0.8775624828125
7 0.6002902625 0.8073588875000001 0.555552434375 0.8073588875000001 0.555552434375 0.8312257796875 0.6002902625 0.8312257796875 0.6002902625 0.8073588875000001
7 0.4702465671875 0.9407497890625001 0.40053995000000003 0.9407497890625001 0.40053995000000003 0.9660235890625 0.4702465671875 0.9660235890625 0.4702465671875 0.9407497890625001
7 0.3173096125 0.9421482734375 0.24864544375 0.9421482734375 0.24864544375 0.967422071875 0.3173096125 0.967422071875 0.3173096125 0.9421482734375
1 0.21431647968749998 0.9000294859375 0.012487515624999999 0.9000294859375 0.012487515624999999 0.9519839937500001 0.21431647968749998 0.9519839937500001 0.21431647968749998 0.9000294859375
7 0.18310549375000001 0.8761541703125 0.13733146093749998 0.8761541703125 0.13733146093749998 0.8986225781250001 0.18310549375000001 0.8986225781250001 0.18310549375000001 0.8761541703125
6 0.8499781515624999 0.7652316765625 0.8458146062499999 0.7652316765625 0.8458146062499999 0.824203875 0.8499781515624999 0.824203875 0.8499781515624999 0.7652316765625
1 0.1966292140625 0.0449311984375 0.1810237203125 0.0280819984375 0.1654182265625 0.0168492 0.006242196875 0.0168492 0.007282564062499999 0.08284189843749999 0.2143154390625 0.0870541984375 0.20703287499999998 0.0659926984375 0.1966292140625 0.0449311984375
1 0.22055763593750002 0.1104558640625 0.0665834375 0.1104558640625 0.0658898609375 0.1862772625 0.22125121406249998 0.1928297296875 0.22055763593750002 0.1104558640625
2 0.1643778609375 0.13011326406249998 0.169232903125 0.12824113125 0.169232903125 0.11232799687499999 0.1928145375 0.11232799687499999 0.193508115625 0.08611813125 0.16992648125 0.08611813125 0.16992648125 0.065524665625 0.16645859375 0.0636525328125 0.1650714375 0.085182065625 0.1442641140625 0.0842459984375 0.14495769218750001 0.1104558640625 0.1636842828125 0.1095197984375 0.1643778609375 0.13011326406249998
2 0.043001803125 0.140409996875 0.0423082265625 0.14602639687500002 0.057566929687500004 0.14602639687500002 0.057566929687500004 0.1647477296875 0.0665834375 0.1647477296875 0.0665834375 0.14789853125000002 0.08253571875 0.14602639687500002 0.083229296875 0.13760179687500002 0.0658898609375 0.140409996875 0.0658898609375 0.12356079843750001 0.058260507812499994 0.12262473125 0.057566929687500004 0.140409996875 0.043001803125 0.140409996875
1 0.22264045000000002 0.2031255265625 0.11305243437500001 0.2031255265625 0.11305243437500001 0.4118702609375 0.22264045000000002 0.4118702609375 0.22264045000000002 0.2031255265625
2 0.16576501562499998 0.22184779531249998 0.1706200578125 0.22278386249999999 0.16992648125 0.2031264625 0.192120959375 0.2031264625 0.1928145375 0.1947018625 0.1713136359375 0.1947018625 0.1720072140625 0.17504446406250002 0.16576501562499998 0.174108396875 0.16576501562499998 0.193765796875 0.14565126875 0.1928297296875 0.14357053749999998 0.2021903953125 0.16576501562499998 0.2031264625 0.16576501562499998 0.22184779531249998
2 0.08253571875 0.25648226093750004 0.0811485640625 0.2620986609375 0.09710084687500001 0.2620986609375 0.09710084687500001 0.2817560609375 0.1137467046875 0.28081999375 0.1137467046875 0.2649068609375 0.132473296875 0.263034728125 0.1310861421875 0.25648226093750004 0.1144402828125 0.25648226093750004 0.1144402828125 0.2358887953125 0.09640726875 0.2368248625 0.095713690625 0.2555461953125 0.08253571875 0.25648226093750004
2 0.08045498749999999 0.380043059375 0.0811485640625 0.388467659375 0.09848800156250001 0.388467659375 0.0977944234375 0.406252925 0.1151338609375 0.406252925 0.1151338609375 0.388467659375 0.133166875 0.3875315921875 0.132473296875 0.38191519218750003 0.11582743749999999 0.38285125937500003 0.1151338609375 0.3641299265625 0.0977944234375 0.36319385937500004 0.0977944234375 0.3791069921875 0.08045498749999999 0.380043059375
1 0.009710084375 0.5447907890625 0.22263836874999998 0.5429186546875 0.22194479218750002 0.4249742578125 0.11582743749999999 0.425910325 0.1144402828125 0.4568005234375 0.009710084375 0.454928390625 0.009710084375 0.5447907890625
2 0.1678457484375 0.439951325 0.1713136359375 0.44182345781250004 0.172700790625 0.425910325 0.195588846875 0.4249742578125 0.1948952703125 0.414677525 0.1740879453125 0.4128053921875 0.1740879453125 0.39314799218749996 0.169232903125 0.39314799218749996 0.16853932656249998 0.4128053921875 0.147038425 0.4128053921875 0.147038425 0.424038190625 0.1678457484375 0.424038190625 0.1678457484375 0.439951325
1 0.141491884375 0.5550884578125 0.06519975 0.5550884578125 0.06519975 0.693622578125 0.141491884375 0.693622578125 0.141491884375 0.5550884578125
2 0.1012623109375 0.5738088546875 0.10681093125 0.574744921875 0.109585240625 0.555087521875 0.12623109999999998 0.555087521875 0.12623109999999998 0.5447907890625 0.1081980859375 0.5438547234375 0.1081980859375 0.5279415890625 0.10334304375 0.52606945625 0.10264946562499999 0.5447907890625 0.083229296875 0.5438547234375 0.0839228734375 0.55415145625 0.1019558875 0.55415145625 0.1012623109375 0.5738088546875
2 0.057566929687500004 0.614059721875 0.039533915625 0.6121875875 0.0388403390625 0.6206121875 0.0554861984375 0.619676121875 0.0554861984375 0.6402695875 0.0645027046875 0.6383974546875 0.0658898609375 0.6215482546875 0.07976140937500001 0.619676121875 0.07976140937500001 0.614059721875 0.06519628281249999 0.614059721875 0.0645027046875 0.594402321875 0.056873353125000005 0.594402321875 0.057566929687500004 0.614059721875
6 0.0749063671875 0.705794253125 0.07559994375 0.6954975203125 0.06519628281249999 0.6954975203125 0.06519628281249999 0.6374613874999999 0.057566929687500004 0.6383974546875 0.056179775 0.8789665828125001 0.0638091265625 0.8770944484375001 0.06519628281249999 0.7039221203125 0.0749063671875 0.705794253125
4 0.223331946875 0.7263877187500001 0.11582743749999999 0.7263877187500001 0.11721459375000001 0.7039221203125 0.0665834375 0.7048581859375 0.0638091265625 0.8752223156250001 0.22194479218750002 0.8742862499999999 0.223331946875 0.7263877187500001
2 0.08947149374999999 0.7263877187500001 0.093632959375 0.7273237859374999 0.09502011406250001 0.70673031875 0.11027881875000001 0.705794253125 0.109585240625 0.6936253859375 0.095713690625 0.6908171859375 0.095713690625 0.674904053125 0.090165071875 0.674904053125 0.090165071875 0.691753253125 0.0735192125 0.691753253125 0.07421278906249999 0.705794253125 0.08947149374999999 0.7048581859375 0.08947149374999999 0.7263877187500001
6 0.22263836874999998 0.5438547234375 0.125537521875 0.5438547234375 0.125537521875 0.555087521875 0.219864059375 0.5532153890625 0.218476903125 0.5953383890625 0.1407962265625 0.5962744546875001 0.1401026484375 0.6290367875 0.147038425 0.6299728546875001 0.147038425 0.6046990546875 0.21917048125 0.605635121875 0.218476903125 0.7263877187500001 0.223331946875 0.7254516515625 0.22263836874999998 0.8770944484375001 0.23165487499999998 0.8770944484375001 0.23096129843750002 0.6046990546875 0.29962546875 0.6046990546875 0.29962546875 0.628100721875 0.307948396875 0.627164653125 0.3065612421875 0.5925301875 0.29962546875 0.5925301875 0.29962546875 0.597210521875 0.23165487499999998 0.5962744546875001 0.23165487499999998 0.5522793234375001 0.318352059375 0.5513432546875 0.318352059375 0.5429186546875 0.2302677203125 0.5438547234375 0.23096129843750002 0.49985958906250005 0.223331946875 0.50079565625 0.22263836874999998 0.5438547234375
2 0.125537521875 0.5728727890624999 0.12415036718750001 0.5775531218750001 0.1407962265625 0.5784891890625 0.1407962265625 0.5962744546875001 0.146344846875 0.597210521875 0.1477320015625 0.5794252546875 0.1650714375 0.5784891890625 0.1643778609375 0.5728727890624999 0.1477320015625 0.569128521875 0.1477320015625 0.555087521875 0.1414898046875 0.5532153890625 0.1401026484375 0.5728727890624999 0.125537521875 0.5728727890624999
2 0.12415036718750001 0.6430777875 0.1220696359375 0.6515023859375 0.1414898046875 0.6505663203125 0.1414898046875 0.6692876531249999 0.14911915625 0.6702237203125 0.14911915625 0.6533745203125 0.1636842828125 0.6533745203125 0.1643778609375 0.6449499203125 0.1484255796875 0.6449499203125 0.14911915625 0.6252925203124999 0.1414898046875 0.628100721875 0.1407962265625 0.6430777875 0.12415036718750001 0.6430777875
2 0.28575391875 0.5700645890625 0.28575391875 0.5775531218750001 0.2982383140625 0.5775531218750001 0.29962546875 0.5953383890625 0.307948396875 0.594402321875 0.307948396875 0.580361321875 0.3239006796875 0.5775531218750001 0.3239006796875 0.571936721875 0.309335553125 0.571936721875 0.308641975 0.5532153890625 0.30031904531250003 0.5532153890625 0.29962546875 0.569128521875 0.28575391875 0.5700645890625
1 0.344708003125 0.6449499203125 0.3537245109375 0.6440138531249999 0.3537245109375 0.6758401203125 0.4140657515625 0.6767761859375 0.414759328125 0.6440138531249999 0.502150090625 0.6449499203125 0.502150090625 0.5532153890625 0.308641975 0.5532153890625 0.3072548203125 0.6926893187500001 0.3433208484375 0.691753253125 0.344708003125 0.6449499203125
2 0.3370786515625 0.52326125625 0.33638507500000003 0.5419825890625 0.318352059375 0.5419825890625 0.3169649046875 0.5522793234375001 0.33638507500000003 0.5532153890625 0.33499791874999996 0.5728727890624999 0.3405465390625 0.5728727890624999 0.3412401171875 0.5532153890625 0.3613538640625 0.5532153890625 0.362047440625 0.5429186546875 0.3412401171875 0.5419825890625 0.3412401171875 0.5251333890625001 0.3370786515625 0.52326125625
2 0.37522541249999997 0.48301039062499995 0.3773061453125 0.4904989234375 0.39395200468749997 0.48769072343750003 0.39464558125 0.5129645234375 0.40296851250000004 0.5129645234375 0.40296851250000004 0.491434990625 0.416146484375 0.491434990625 0.41753363906249996 0.48394645625 0.40366208906249995 0.48301039062499995 0.40366208906249995 0.46148085781250003 0.39395200468749997 0.46054479062500003 0.39395200468749997 0.48301039062499995 0.37522541249999997 0.48301039062499995
1 0.5035393265625 0.4249747265625 0.4036641703125 0.4249747265625 0.4036641703125 0.54198399375 0.5035393265625 0.54198399375 0.5035393265625 0.4249747265625
2 0.44874462499999995 0.4436955921875 0.4535996671875 0.4436955921875 0.4535996671875 0.4268463921875 0.46677763906249997 0.4249742578125 0.46816479375000003 0.4128053921875 0.45429324531250004 0.4137414578125 0.4535996671875 0.395020125 0.44874462499999995 0.394084059375 0.4494382015625 0.41093325937499997 0.43417949843750003 0.41186932499999995 0.4327923421875 0.424038190625 0.4473574703125 0.42310212500000005 0.44874462499999995 0.4436955921875
6 0.67138299375 0.5447907890625 0.511860175 0.5438547234375 0.511860175 0.53449405625 0.505617978125 0.53449405625 0.5035372453125 0.5438547234375 0.40158135625 0.5429186546875 0.40158135625 0.5101563234375 0.39395200468749997 0.51202845625 0.39395200468749997 0.5419825890625 0.3613538640625 0.5438547234375 0.3613538640625 0.5532153890625 0.5035372453125 0.5532153890625 0.5042308234374999 0.5878498546875 0.511860175 0.5869137890625 0.5104730203125001 0.5532153890625 0.6699958390625 0.5522793234375001 0.67138299375 0.74323691875 0.6797059234375 0.74323691875 0.6790123453125 0.5522793234375001 0.6970453609375 0.5513432546875 0.6963517828125 0.5447907890625 0.6790123453125 0.5438547234375 0.6790123453125 0.5382383234375 0.670689415625 0.5382383234375 0.67138299375 0.5447907890625
4 0.3537245109375 0.9416830484375 0.5028436671875001 0.938874846875 0.5035372453125 0.6552466531250001 0.4237758359375 0.6533745203125 0.42238868125 0.6852007859375 0.3537245109375 0.6852007859375 0.3537245109375 0.9416830484375
2 0.44180885 0.6758401203125 0.4473574703125 0.6758401203125 0.448051046875 0.6561827203124999 0.46192259687500004 0.6561827203124999 0.4633097515625 0.6458859875 0.4494382015625 0.6449499203125 0.44874462499999995 0.6243564546875 0.4438895828125 0.6252925203124999 0.4431960046875 0.6440138531249999 0.42516299062499996 0.6440138531249999 0.42585656875 0.6543105875 0.4431960046875 0.6533745203125 0.44180885 0.6758401203125
2 0.488278540625 0.6037629875 0.4875849625 0.6131236546875 0.5028436671875001 0.6131236546875 0.5035372453125 0.6309089203125 0.511166596875 0.6318449875 0.511860175 0.6131236546875 0.5291996125 0.6121875875 0.528506034375 0.605635121875 0.5125537515625 0.6046990546875 0.511166596875 0.5850416546874999 0.505617978125 0.5869137890625 0.5049243999999999 0.6046990546875 0.488278540625 0.6037629875
1 0.6699958390625 0.485818590625 0.6103481765625001 0.4848825234375 0.6096545984375 0.4699054578125 0.5132473296875 0.47084152343749996 0.511860175 0.5419825890625 0.6699958390625 0.5419825890625 0.6699958390625 0.485818590625
2 0.5465390484375 0.4904989234375 0.5527812453125 0.491434990625 0.5520876671875 0.4699054578125 0.56803995 0.4699054578125 0.568733528125 0.457736590625 0.5527812453125 0.45586445781249996 0.5534748234375 0.43527099218750004 0.5472326265625 0.43433492500000004 0.5465390484375 0.45586445781249996 0.5326674984374999 0.4568005234375 0.5298931890625 0.468969390625 0.5479262031250001 0.468969390625 0.5465390484375 0.4904989234375
1 0.7566916359375 0.42216933437500004 0.6790137328125 0.42216933437500004 0.6790137328125 0.5410488625000001 0.7566916359375 0.5410488625000001 0.7566916359375 0.42216933437500004
2 0.7157719515625 0.44275952500000004 0.7227077265624999 0.44182345781250004 0.7227077265624999 0.425910325 0.737272853125 0.425910325 0.737272853125 0.4128053921875 0.7234013046875 0.4128053921875 0.721320571875 0.394084059375 0.717852684375 0.394084059375 0.717852684375 0.41093325937499997 0.701206825 0.41093325937499997 0.7019004015625 0.42310212500000005 0.7157719515625 0.424038190625 0.7157719515625 0.44275952500000004
2 0.7428214734374999 0.44275952500000004 0.74351505 0.452120190625 0.7573866 0.452120190625 0.7580801765625 0.47084152343749996 0.765015953125 0.4699054578125 0.767096684375 0.452120190625 0.7837425437500001 0.451184125 0.7851296984375 0.44463165781249997 0.767096684375 0.44463165781249997 0.767096684375 0.4268463921875 0.7580801765625 0.4268463921875 0.7573866 0.4436955921875 0.7428214734374999 0.44275952500000004
4 0.8357584265625 0.5541533281250001 0.6803963796875 0.5541533281250001 0.6803963796875 0.7413647859375 0.8357584265625 0.7413647859375 0.8357584265625 0.5541533281250001
6 0.8371441953125001 0.5429149109375 0.7351903875 0.5429149109375 0.7351903875 0.5513395109375 0.8371441953125001 0.5513395109375 0.8371441953125001 0.5429149109375
2 0.7428214734374999 0.5185809234375001 0.7400471640624999 0.5251333890625001 0.7580801765625 0.5251333890625001 0.7573866 0.5447907890625 0.7664031078125 0.5438547234375 0.7664031078125 0.5279415890625 0.783048965625 0.5279415890625 0.7851296984375 0.5204530562499999 0.7677902624999999 0.5204530562499999 0.767096684375 0.50360385625 0.7580801765625 0.50079565625 0.7573866 0.51764485625 0.7428214734374999 0.5185809234375001
2 0.7123040640625 0.574744921875 0.7185462609375 0.5738088546875 0.7185462609375 0.555087521875 0.735192121875 0.5532153890625 0.73449854375 0.54011045625 0.7206269937500001 0.5391743890625 0.719933415625 0.5213891234375 0.7123040640625 0.5213891234375 0.7129976421875 0.5419825890625 0.69427105 0.541046521875 0.6949646265625 0.55415145625 0.7129976421875 0.5532153890625 0.7123040640625 0.574744921875
2 0.914135109375 0.44837592343750005 0.9134415312499999 0.457736590625 0.9287002359375001 0.457736590625 0.9287002359375001 0.4764579234375 0.939103896875 0.47458579062500006 0.9384103203124999 0.4568005234375 0.9529754468749999 0.457736590625 0.9529754468749999 0.44931199062499994 0.939103896875 0.44931199062499994 0.9384103203124999 0.431526725 0.9287002359375001 0.431526725 0.9293938140625 0.44837592343750005 0.914135109375 0.44837592343750005
4 0.9626872656250001 0.5522746421875 0.8586485640625 0.5522746421875 0.8586485640625 0.7422999156250001 0.9626872656250001 0.7422999156250001 0.9626872656250001 0.5522746421875
6 0.9633770281249999 0.5447935968750001 0.8586454437500001 0.5447935968750001 0.8586454437500001 0.553218196875 0.9633770281249999 0.553218196875 0.9633770281249999 0.5447935968750001
2 0.912747953125 0.519516990625 0.9134415312499999 0.5251333890625001 0.9287002359375001 0.5270055234375 0.9287002359375001 0.5447907890625 0.9384103203124999 0.5438547234375 0.9377167421875001 0.5288776562499999 0.954362603125 0.5270055234375 0.954362603125 0.5204530562499999 0.939103896875 0.519516990625 0.9384103203124999 0.5017317234374999 0.9287002359375001 0.502667790625 0.9287002359375001 0.5204530562499999 0.912747953125 0.519516990625
2 0.9134415312499999 0.7853599171875 0.919683728125 0.7853599171875 0.92037730625 0.7675746515624999 0.93424885625 0.7675746515624999 0.93424885625 0.744172984375 0.9189901515625 0.7423008515625 0.9176029968750001 0.72357951875 0.914135109375 0.72357951875 0.912747953125 0.7423008515625 0.8988764046875 0.7413647859375 0.89956998125 0.766638584375 0.9155222640625 0.7685107171875 0.9134415312499999 0.7853599171875
2 0.7795810796875 0.7862959843749999 0.7858232765625 0.78723205 0.7851296984375 0.7647664515625 0.80108198125 0.7647664515625 0.8003884031249999 0.7413647859375 0.784436121875 0.7404287187499999 0.784436121875 0.72077131875 0.7788875015625 0.7188991859375 0.778193925 0.7404287187499999 0.764322375 0.7404287187499999 0.763628796875 0.7657025187500001 0.7795810796875 0.7647664515625 0.7795810796875 0.7862959843749999
2 0.614509640625 0.8508845828125 0.6207518375000001 0.85182065 0.621445415625 0.8330993171875001 0.6360105421875 0.8340353828125 0.6346233875 0.8068894500000001 0.6207518375000001 0.805953384375 0.621445415625 0.7881681171875 0.614509640625 0.78723205 0.61520321875 0.8068894500000001 0.5999445140625 0.805953384375 0.6006380906250001 0.8312271843750001 0.61520321875 0.83216325 0.614509640625 0.8508845828125
4 0.2302677203125 0.9426191140625001 0.34540158125 0.94074698125 0.34678873593750004 0.7029860515624999 0.29268969375 0.7020499859375 0.291996115625 0.7254516515625 0.23165487499999998 0.7245155859375 0.2302677203125 0.9426191140625001
6 0.3121098625 0.6926893187500001 0.3072548203125 0.6926893187500001 0.307948396875 0.6692876531249999 0.29962546875 0.6674155203125001 0.30031904531250003 0.6926893187500001 0.2906089609375 0.6936253859375 0.29130253906250003 0.7020499859375 0.3107227078125 0.7011139187500001 0.3121098625 0.6926893187500001
2 0.2843667640625 0.641205653125 0.2836731859375 0.6505663203125 0.298931890625 0.6505663203125 0.298931890625 0.6683515859375 0.308641975 0.6692876531249999 0.308641975 0.6515023859375 0.325287834375 0.6505663203125 0.3239006796875 0.6440138531249999 0.309335553125 0.6440138531249999 0.309335553125 0.6262285875 0.298931890625 0.6262285875 0.30031904531250003 0.6421417203125 0.2843667640625 0.641205653125
2 0.3245942578125 0.722643453125 0.3294493 0.722643453125 0.3294493 0.7020499859375 0.34540158125 0.7020499859375 0.344708003125 0.6908171859375 0.33014287656249997 0.6908171859375 0.33014287656249997 0.6730319203125 0.3259814125 0.6711597874999999 0.325287834375 0.6898811203124999 0.309335553125 0.6908171859375 0.309335553125 0.7020499859375 0.3245942578125 0.7011139187500001 0.3245942578125 0.722643453125
2 0.1186017484375 0.9192174484375 0.12484394531250001 0.9201535140624999 0.12415036718750001 0.900496115625 0.1380219171875 0.8995600484375 0.1380219171875 0.8742862499999999 0.12484394531250001 0.8742862499999999 0.12415036718750001 0.85743705 0.1186017484375 0.8536927828125 0.1186017484375 0.8742862499999999 0.10264946562499999 0.8742862499999999 0.10334304375 0.8976879156249999 0.1179081703125 0.8995600484375 0.1186017484375 0.9192174484375
2 0.2309581765625 0.4455686609375 0.22263732812499998 0.4455686609375 0.22263732812499998 0.5008003375000001 0.2309581765625 0.5008003375000001 0.2309581765625 0.4455686609375
2 0.51047440625 0.480197978125 0.504232209375 0.480197978125 0.504232209375 0.5363647859375 0.51047440625 0.5363647859375 0.51047440625 0.480197978125
3 0.103342696875 0.8780286437499999 0.0090168546875 0.8780286437499999 0.0090168546875 0.8986183656250001 0.103342696875 0.8986183656250001 0.103342696875 0.8780286437499999
3 0.4008863921875 0.9407455765625 0.3169662921875 0.9407455765625 0.3169662921875 0.9650842453124999 0.4008863921875 0.9650842453124999 0.4008863921875 0.9407455765625
3 0.411292134375 0.2021903953125 0.341242196875 0.2021903953125 0.341242196875 0.22559393437500003 0.411292134375 0.22559393437500003 0.411292134375 0.2021903953125
1 0.23096129843750002 0.5157727234375 0.3044805109375 0.5167087890625 0.3051740875 0.5419825890625 0.39464558125 0.5419825890625 0.39395200468749997 0.4249742578125 0.29962546875 0.4249742578125 0.29685115781250004 0.4362070578125 0.23165487499999998 0.43433492500000004 0.23096129843750002 0.5157727234375
3 0.3044787765625 0.5176495359375 0.23026529375 0.5176495359375 0.23026529375 0.5447935968750001 0.3044787765625 0.5447935968750001 0.3044787765625 0.5176495359375
3 0.2961610484375 0.423104465625 0.23026841406249998 0.423104465625 0.23026841406249998 0.43433445624999995 0.2961610484375 0.43433445624999995 0.2961610484375 0.423104465625
3 0.670692884375 0.45867312499999996 0.611042446875 0.45867312499999996 0.611042446875 0.48488205625 0.670692884375 0.48488205625 0.670692884375 0.45867312499999996
3 0.218476903125 0.6945619203125 0.1186017484375 0.6945619203125 0.1186017484375 0.725454928125 0.218476903125 0.725454928125 0.218476903125 0.6945619203125
3 0.29130461875 0.693622578125 0.23026841406249998 0.693622578125 0.23026841406249998 0.725450715625 0.29130461875 0.725450715625 0.29130461875 0.693622578125
3 0.8357608546874999 0.74323691875 0.8003884031249999 0.74323691875 0.80108198125 0.7657025187500001 0.8988764046875 0.766638584375 0.8981828265624999 0.74323691875 0.8593424890625 0.74323691875 0.8593424890625 0.2237199296875 0.900263559375 0.22278386249999999 0.9009571359375 0.1975100625 0.7996948265625 0.199382196875 0.8003884031249999 0.22465599531249997 0.8399223203125 0.2237199296875 0.8357608546874999 0.74323691875
3 0.6346233875 0.288308528125 0.67831876875 0.2873724609375 0.6797059234375 0.22465599531249997 0.719933415625 0.22465599531249997 0.719933415625 0.199382196875 0.65751144375 0.2003182625 0.65751144375 0.2620986609375 0.6346233875 0.263034728125 0.6346233875 0.288308528125
3 0.47856845625 0.226528128125 0.5035372453125 0.226528128125 0.5035372453125 0.288308528125 0.554861978125 0.288308528125 0.554861978125 0.26397079375 0.5236509921875 0.263034728125 0.5236509921875 0.2003182625 0.47856845625 0.2003182625 0.47856845625 0.226528128125
3 0.22125121406249998 0.2255920625 0.27118879218749997 0.2274641953125 0.2718823703125 0.199382196875 0.24275211562500001 0.2003182625 0.2420585375 0.08611813125 0.193508115625 0.085182065625 0.1928145375 0.11139193124999999 0.219864059375 0.11139193124999999 0.22125121406249998 0.2255920625
3 0.144959425 0.085181128125 0.005552434375 0.085181128125 0.005552434375 0.11045492812499999 0.144959425 0.11045492812499999 0.144959425 0.085181128125
3 0.0977944234375 0.237760928125 0.1137467046875 0.237760928125 0.11235955 0.1862772625 0.01248439375 0.1862772625 0.013177971875 0.20499859531250003 0.09640726875 0.20499859531250003 0.0977944234375 0.237760928125
3 0.01387155 0.31077412656250003 0.013177971875 0.3304315265625 0.09848800156250001 0.33136759374999997 0.099181578125 0.3641299265625 0.1144402828125 0.36319385937500004 0.1137467046875 0.27988392812499996 0.09710084687500001 0.28081999375 0.0977944234375 0.31077412656250003 0.01387155 0.31077412656250003
3 0.0083229296875 0.438079190625 0.0083229296875 0.45586445781249996 0.1144402828125 0.45586445781249996 0.1151338609375 0.4071889921875 0.09987515625 0.4071889921875 0.099181578125 0.43714312499999997 0.0083229296875 0.438079190625
3 0.21500901562500002 0.9678929140625 0.24899431249999998 0.9660207812499999 0.24899431249999998 0.9416830484375 0.23096129843750002 0.9426191140625001 0.2302677203125 0.8752223156250001 0.1837980296875 0.8752223156250001 0.1837980296875 0.8976879156249999 0.21500901562500002 0.8976879156249999 0.21500901562500002 0.9678929140625
3 0.52434456875 0.8312271843750001 0.5569427109375 0.8312271843750001 0.5569427109375 0.8068894500000001 0.5035372453125 0.8068894500000001 0.5035372453125 0.939810915625 0.468858371875 0.939810915625 0.4695519484375 0.9660207812499999 0.525038146875 0.9660207812499999 0.52434456875 0.8312271843750001
3 0.6921903171875 0.7657025187500001 0.719933415625 0.7657025187500001 0.719933415625 0.7413647859375 0.670689415625 0.7413647859375 0.670689415625 0.8078255171875 0.6360105421875 0.8078255171875 0.6360105421875 0.83216325 0.6928838953125 0.8330993171875001 0.6921903171875 0.7657025187500001
6 0.0651935078125 0.1085846671875 0.05756554375 0.1085846671875 0.05756554375 0.12356360625 0.0651935078125 0.12356360625 0.0651935078125 0.1085846671875
6 0.0645037453125 0.16381213125 0.0575686640625 0.16381213125 0.0575686640625 0.1862805390625 0.0645037453125 0.1862805390625 0.0645037453125 0.16381213125
6 0.144959425 0.193765796875 0.1116697875 0.193765796875 0.1116697875 0.2021903953125 0.144959425 0.2021903953125 0.144959425 0.193765796875
6 0.2212515609375 0.1947051390625 0.1921192265625 0.1947051390625 0.1921192265625 0.2021946078125 0.2212515609375 0.2021946078125 0.2212515609375 0.1947051390625
6 0.148426965625 0.41467565312500004 0.11444444375 0.41467565312500004 0.11444444375 0.4249705140625 0.148426965625 0.4249705140625 0.148426965625 0.41467565312500004
2 0.6776279656249999 0.49143639375000003 0.6713857671875 0.49143639375000003 0.6713857671875 0.5429191234374999 0.6776279656249999 0.5429191234374999 0.6776279656249999 0.49143639375000003
6 0.4674712171875 0.4128053921875 0.4674712171875 0.42216605781250005 0.5035372453125 0.42310212500000005 0.5035372453125 0.48113825625000006 0.511860175 0.48207432343749995 0.5125537515625 0.468969390625 0.5326674984374999 0.46803332500000006 0.5333610765625 0.459608725 0.511860175 0.459608725 0.511860175 0.28924459375 0.5042308234374999 0.2873724609375 0.5035372453125 0.4128053921875 0.4674712171875 0.4128053921875
6 0.701206825 0.42216605781250005 0.701206825 0.4128053921875 0.6803994999999999 0.4128053921875 0.67831876875 0.28643639374999996 0.670689415625 0.288308528125 0.67138299375 0.4904989234375 0.6790123453125 0.49237105625 0.67831876875 0.42216605781250005 0.701206825 0.42216605781250005
6 0.056873353125000005 0.594402321875 0.06519628281249999 0.5953383890625 0.0645027046875 0.55415145625 0.083229296875 0.55415145625 0.0839228734375 0.5447907890625 0.009710084375 0.5447907890625 0.009710084375 0.555087521875 0.056179775 0.5532153890625 0.056873353125000005 0.594402321875
6 0.1477340828125 0.6702232515625 0.141491884375 0.6702232515625 0.141491884375 0.6945619203125 0.1477340828125 0.6945619203125 0.1477340828125 0.6702232515625
6 0.42308225781250003 0.683328653125 0.42308225781250003 0.652438453125 0.42724372343750006 0.652438453125 0.42724372343750006 0.6449499203125 0.41545290625 0.6449499203125 0.414759328125 0.6777122531249999 0.353030934375 0.6767761859375 0.353030934375 0.6458859875 0.3460951578125 0.6458859875 0.34540158125 0.9416830484375 0.3537245109375 0.9426191140625001 0.353030934375 0.6852007859375 0.42308225781250003 0.683328653125
6 0.5042308234374999 0.805953384375 0.5125537515625 0.805953384375 0.511166596875 0.6309089203125 0.5049243999999999 0.6299728546875001 0.5049243999999999 0.6468220546875 0.46261617343749994 0.6458859875 0.46261617343749994 0.652438453125 0.5035372453125 0.652438453125 0.5042308234374999 0.805953384375
6 0.9293938140625 0.432462790625 0.9384103203124999 0.4333988578125 0.9384103203124999 0.42216605781250005 0.96268553125 0.42216605781250005 0.9619919546875 0.4128053921875 0.9384103203124999 0.4099971921875 0.9377167421875001 0.3903397921875 0.860036065625 0.3903397921875 0.860036065625 0.397828325 0.93078096875 0.39970045781249997 0.9293938140625 0.432462790625
6 0.8593424890625 0.49237105625 0.8586489109375 0.5017317234374999 0.9370231656250001 0.50079565625 0.9363295875000001 0.4736497234375 0.930087390625 0.4764579234375 0.9293938140625 0.491434990625 0.8593424890625 0.49237105625
6 0.7365792765625 0.4212299921875 0.7594673328125 0.42216605781250005 0.7587737546875 0.428718525 0.7657095296875001 0.4277824578125 0.767096684375 0.39876439218750004 0.8378415875 0.39970045781249997 0.8385351640625001 0.389403725 0.7580801765625 0.3912758578125 0.7580801765625 0.4128053921875 0.7365792765625 0.4128053921875 0.7365792765625 0.4212299921875
0 0.837147315625 0.5017312546875 0.7657116109375 0.5017312546875 0.7657116109375 0.5429191234374999 0.837147315625 0.5429191234374999 0.837147315625 0.5017312546875
6 0.7587737546875 0.5045399234375 0.767096684375 0.5045399234375 0.767096684375 0.50079565625 0.8378415875 0.49985958906250005 0.83645443125 0.491434990625 0.765015953125 0.4904989234375 0.7664031078125 0.46803332500000006 0.7573866 0.468969390625 0.7587737546875 0.5045399234375
6 0.6110393265625 0.4586773375 0.5666510609375 0.4586773375 0.5666510609375 0.4689721984375 0.6110393265625 0.4689721984375 0.6110393265625 0.4586773375
4 0.670692884375 0.5532139843749999 0.511167290625 0.5532139843749999 0.511167290625 0.8068871109375 0.670692884375 0.8068871109375 0.670692884375 0.5532139843749999
1 0.9626872656250001 0.422165121875 0.9397971281249999 0.422165121875 0.9397971281249999 0.54197978125 0.9626872656250001 0.54197978125 0.9626872656250001 0.422165121875
0 0.9287016234375001 0.3997009265625 0.8600374531250001 0.3997009265625 0.8600374531250001 0.49143639375000003 0.9287016234375001 0.49143639375000003 0.9287016234375001 0.3997009265625
0 0.8357615484375 0.3997009265625 0.767097378125 0.3997009265625 0.767097378125 0.49143639375000003 0.8357615484375 0.49143639375000003 0.8357615484375 0.3997009265625
0 0.930780275 0.5017312546875 0.8593445687499999 0.5017312546875 0.8593445687499999 0.5429191234374999 0.930780275 0.5429191234374999 0.930780275 0.5017312546875
0 0.21778089843749998 0.554149115625 0.1484238453125 0.554149115625 0.1484238453125 0.595336984375 0.21778089843749998 0.595336984375 0.21778089843749998 0.554149115625
0 0.30031523125000004 0.554149115625 0.2309581765625 0.554149115625 0.2309581765625 0.595336984375 0.30031523125000004 0.595336984375 0.30031523125000004 0.554149115625
0 0.218476903125 0.6047009265625001 0.14704119843750002 0.6047009265625001 0.14704119843750002 0.6936310031249999 0.218476903125 0.6936310031249999 0.218476903125 0.6047009265625001
0 0.3003183515625 0.603765796875 0.23026841406249998 0.603765796875 0.23026841406249998 0.692695871875 0.3003183515625 0.692695871875 0.3003183515625 0.603765796875
6 0.006242196875 0.1104558640625 0.00901650625 0.438079190625 0.0159522828125 0.4390152578125 0.01248439375 0.10858373125000001 0.006242196875 0.1104558640625
1 0.05756554375 0.110459140625 0.0110986265625 0.110459140625 0.0110986265625 0.1853454078125 0.05756554375 0.1853454078125 0.05756554375 0.110459140625
4 0.05548689062499999 0.5550842453125 0.009019975 0.5550842453125 0.009019975 0.8761541703125 0.05548689062499999 0.8761541703125 0.05548689062499999 0.5550842453125