5 0.9090919281250001 0.7789373609375 0.8591591921875 0.7789373609375 0.8591591921875 0.839944071875 0.9090919281250001 0.839944071875 0.9090919281250001 0.7789373609375
1 0.90705156875 0.7433333328125 0.8530381171875 0.7433333328125 0.8530381171875 0.7799328859375 0.90705156875 0.7799328859375 0.90705156875 0.7433333328125
4 0.32049591093749996 0.513225425 0.26642046875 0.513225425 0.26642046875 0.3895249375 0.32049591093749996 0.3895249375 0.3198364546875 0.3250427703125 0.0626483765625 0.3243847875 0.060670009375 0.607974734375 0.3198364546875 0.607974734375 0.32049591093749996 0.513225425
3 0.33122706874999996 0.6375838921875 0.3302079078125 0.6091112453124999 0.060130453125000004 0.6091112453124999 0.060130453125000004 0.4423428921875 0.0305748078125 0.4413260109375 0.031593965625 0.6375838921875 0.33122706874999996 0.6375838921875
5 0.32205156874999996 0.38946308749999997 0.2670067265625 0.38946308749999997 0.2670067265625 0.5125055921875 0.32205156874999996 0.5125055921875 0.32205156874999996 0.38946308749999997
4 0.6541816140625001 0.31845637656250003 0.5704372203125 0.31845637656250003 0.5704372203125 0.5941610734375 0.6541816140625001 0.5941610734375 0.6541816140625001 0.31845637656250003
7 0.6461434984375 0.304060403125 0.6013004484375 0.304060403125 0.6013004484375 0.320324384375 0.6461434984375 0.320324384375 0.6461434984375 0.304060403125
6 0.73175703125 0.5308114703125 0.73175703125 0.4931869015625 0.81838565 0.4942037828125 0.81838565 0.4850518609375 0.6644924578125 0.4850518609375 0.6644924578125 0.31726662656250004 0.6563391765625 0.31828350625 0.6563391765625 0.5521659546875 0.6665307781250001 0.553182834375 0.6665307781250001 0.5318283515625 0.73175703125 0.5308114703125
4 0.888284753125 0.3197762859375 0.6653923765624999 0.3197762859375 0.6653923765624999 0.48362416093749994 0.888284753125 0.48362416093749994 0.888284753125 0.3197762859375
7 0.747040359375 0.3040492171875 0.702197309375 0.3040492171875 0.702197309375 0.3193064875 0.747040359375 0.3193064875 0.747040359375 0.3040492171875
3 0.78883408125 0.3040492171875 0.7480717484375 0.3040492171875 0.7480717484375 0.3182774046875 0.78883408125 0.3182774046875 0.78883408125 0.3040492171875
7 0.831636771875 0.3040492171875 0.786793721875 0.3040492171875 0.786793721875 0.3193064875 0.831636771875 0.3193064875 0.831636771875 0.3040492171875
5 0.9707287000000001 0.4421588359375 0.90214125625 0.4421588359375 0.90214125625 0.590861296875 0.9707287000000001 0.590861296875 0.9707287000000001 0.4421588359375
6 0.970240521875 0.4982713046875 0.9794129640625 0.49928818281250004 0.9794129640625 0.43420785000000006 0.9029759484375001 0.4331909703125 0.9019567875 0.4423428921875 0.970240521875 0.4423428921875 0.970240521875 0.4982713046875
3 0.90093049375 0.3955704703125 0.8887107625 0.3955704703125 0.8887107625 0.5104697984375 0.90093049375 0.5104697984375 0.90093049375 0.3955704703125
7 0.9029820624999999 0.34880313125 0.8887219734375 0.34880313125 0.8887219734375 0.39558165624999997 0.9029820624999999 0.39558165624999997 0.9029820624999999 0.34880313125
2 0.3128821859375 0.3498067921875 0.3139013453125 0.360992475 0.3200163078125 0.36302623437500003 0.3200163078125 0.3803131984375 0.3302079078125 0.381330078125 0.3302079078125 0.3589587140625 0.3403995109375 0.3589587140625 0.3403995109375 0.351840553125 0.3302079078125 0.3508236734375 0.33122706874999996 0.3294691875 0.32103546562499996 0.3274354265625 0.3200163078125 0.3498067921875 0.3128821859375 0.3498067921875
1 0.5150336328125 0.3237360171875 0.3303923765625 0.3237360171875 0.3303923765625 0.43559284062500003 0.5150336328125 0.43559284062500003 0.5150336328125 0.3237360171875
7 0.3913565015625 0.295906040625 0.3403923765625 0.295906040625 0.3403923765625 0.32234899375000003 0.3913565015625 0.32234899375000003 0.3913565015625 0.295906040625
7 0.2874103140625 0.295906040625 0.23644618906249998 0.295906040625 0.23644618906249998 0.32234899375000003 0.2874103140625 0.32234899375000003 0.2874103140625 0.295906040625
7 0.17734305 0.295906040625 0.12637892343749998 0.295906040625 0.12637892343749998 0.32234899375000003 0.17734305 0.32234899375000003 0.17734305 0.295906040625
7 0.06012331875 0.388445190625 0.0326121078125 0.388445190625 0.0326121078125 0.44233780781250004 0.06012331875 0.44233780781250004 0.06012331875 0.388445190625
7 0.371995515625 0.60911633125 0.33020179375 0.60911633125 0.33020179375 0.6365659953125 0.371995515625 0.6365659953125 0.371995515625 0.60911633125
3 0.4035762328125 0.6955480984375 0.376065021875 0.6955480984375 0.376065021875 0.7148769578125 0.4035762328125 0.7148769578125 0.4035762328125 0.6955480984375
7 0.40256726406250004 0.660984340625 0.37810538125000004 0.660984340625 0.37810538125000004 0.6975838921874999 0.40256726406250004 0.6975838921874999 0.40256726406250004 0.660984340625
7 0.80310538125 0.736230425 0.760302690625 0.736230425 0.760302690625 0.7606375843750001 0.80310538125 0.7606375843750001 0.80310538125 0.736230425
3 0.702197309375 0.3040492171875 0.6461434984375 0.3040492171875 0.6461434984375 0.3182774046875 0.702197309375 0.3182774046875 0.702197309375 0.3040492171875
3 0.44639013437499997 0.295906040625 0.3903363234375 0.295906040625 0.3903363234375 0.32234899375000003 0.44639013437499997 0.32234899375000003 0.44639013437499997 0.295906040625
3 0.3404035875 0.29489932812499997 0.28843049375 0.29489932812499997 0.28843049375 0.3243847875 0.3404035875 0.3243847875 0.3404035875 0.29489932812499997
3 0.2374663671875 0.29488814375 0.178363228125 0.29488814375 0.178363228125 0.3223378078125 0.2374663671875 0.3223378078125 0.2374663671875 0.29488814375
3 0.402556053125 0.6365771812500001 0.3770852015625 0.6365771812500001 0.3770852015625 0.6619910515625 0.402556053125 0.6619910515625 0.402556053125 0.6365771812500001
3 0.41072870000000006 0.6080872484375 0.3709753359375 0.6080872484375 0.3709753359375 0.6365659953125 0.41072870000000006 0.6365659953125 0.41072870000000006 0.6080872484375
1 0.5004147984375 0.055939596875 0.4015582953125 0.055939596875 0.4015582953125 0.11287472031250001 0.5004147984375 0.11287472031250001 0.5004147984375 0.055939596875
1 0.5354820625000001 0.12304250624999999 0.40886771250000004 0.12304250624999999 0.40886771250000004 0.2947651 0.5354820625000001 0.2947651 0.5354820625000001 0.12304250624999999
6 0.536078271875 0.28981086093749997 0.5075417843750001 0.28981086093749997 0.5085609468750001 0.295912140625 0.544231553125 0.296929021875 0.544231553125 0.11389058437499999 0.5330207921875 0.11490746249999999 0.5330207921875 0.12100874531250001 0.5370974328125 0.1220256265625 0.536078271875 0.28981086093749997
6 0.4076640859375 0.1220256265625 0.41377904687499995 0.1220256265625 0.410721565625 0.11490746249999999 0.399510803125 0.11490746249999999 0.4005299640625 0.296929021875 0.4076640859375 0.296929021875 0.4076640859375 0.1220256265625
2 0.4341622515625 0.1342281875 0.44537301406249996 0.1342281875 0.44435385156249996 0.124059384375 0.47085201718749997 0.12304250624999999 0.4718711765625 0.11389058437499999 0.446392171875 0.11490746249999999 0.44537301406249996 0.1047386625 0.43721973125 0.1047386625 0.438238890625 0.11490746249999999 0.410721565625 0.112873703125 0.40868324375 0.12304250624999999 0.43518141093749996 0.12304250624999999 0.4341622515625 0.1342281875
6 0.47492152499999996 0.11388143125000001 0.46983183906250003 0.11388143125000001 0.46983183906250003 0.124060403125 0.47492152499999996 0.124060403125 0.47492152499999996 0.11388143125000001
7 0.5330156953125 0.114899328125 0.47492152499999996 0.114899328125 0.47492152499999996 0.12201342343749999 0.5330156953125 0.12201342343749999 0.5330156953125 0.114899328125
3 0.5156950671875 0.6091112453124999 0.46167957656249997 0.6070774859375 0.4626987359375 0.6375838921875 0.5187525468749999 0.6375838921875 0.5187525468749999 0.7758796015625 0.458622096875 0.77689648125 0.458622096875 0.8185885703125001 0.5126375875 0.8185885703125001 0.5126375875 0.80130160625 0.546269875 0.8023184875 0.5452507125 0.2948952625 0.4942927015625 0.2948952625 0.4942927015625 0.3243847875 0.5156950671875 0.3243847875 0.5156950671875 0.6091112453124999
2 0.4677945375 0.3355704703125 0.474928659375 0.3365873484375 0.47390949843749997 0.3243847875 0.497350184375 0.3254016671875 0.496331021875 0.295912140625 0.474928659375 0.295912140625 0.47390949843749997 0.27964205781249996 0.4657562171875 0.2786251796875 0.46473705625 0.29184462031249997 0.44231553124999995 0.29184462031249997 0.44435385156249996 0.3264185484375 0.4657562171875 0.3233679078125 0.4677945375 0.3355704703125
6 0.33938035 0.44437665312499997 0.33938035 0.43420785000000006 0.33122706874999996 0.43420785000000006 0.3302079078125 0.3803131984375 0.32103546562499996 0.3803131984375 0.32103546562499996 0.6091112453124999 0.3302079078125 0.6091112453124999 0.3302079078125 0.44437665312499997 0.33938035 0.44437665312499997
4 0.5156950671875 0.444138703125 0.3317040359375 0.444138703125 0.3317040359375 0.6079865765625 0.5156950671875 0.6079865765625 0.5156950671875 0.444138703125
2 0.354667753125 0.45454545468749996 0.3638401953125 0.45556233593749995 0.36282103593750004 0.44641041406250004 0.3791275984375 0.44641041406250004 0.380146759375 0.437258490625 0.3638401953125 0.4311572109375 0.35976355312499997 0.4270896890625 0.35568691406249997 0.43522473125000005 0.33836119062500003 0.4331909703125 0.33836119062500003 0.44437665312499997 0.354667753125 0.44437665312499997 0.354667753125 0.45454545468749996
2 0.43212393125000004 0.648769575 0.44027721093750005 0.6508033359375001 0.44027721093750005 0.6365670140625 0.4626987359375 0.6365670140625 0.46167957656249997 0.6080943671875 0.44027721093750005 0.6091112453124999 0.43925805156250003 0.5938580421874999 0.4331430890625 0.5928411640625 0.43110476875000003 0.605043725 0.410721565625 0.605043725 0.4127598859375 0.638600771875 0.43110476875000003 0.638600771875 0.43212393125000004 0.648769575
3 0.40358744375000005 0.7758796015625 0.40358744375000005 0.7596095187499999 0.37708927812500004 0.761643278125 0.37810843906249997 0.8196054500000001 0.41377904687499995 0.8206223312500001 0.41377904687499995 0.7758796015625 0.40358744375000005 0.7758796015625
2 0.36485935625 0.7321537515625 0.365878515625 0.7433394343749999 0.3740317984375 0.7443563156249999 0.3740317984375 0.7606263984375 0.40664492343749997 0.761643278125 0.40562576406249995 0.7413056734375 0.41479820624999997 0.7423225546875 0.41479820624999997 0.7321537515625 0.40664492343749997 0.731136871875 0.40460660312499996 0.7138499078125 0.37708927812500004 0.7138499078125 0.37607011875 0.7341875124999999 0.36485935625 0.7321537515625
2 0.43212393125000004 0.83079113125 0.4433346921875 0.8328248921875 0.44231553124999995 0.8196054500000001 0.46066041406249997 0.8206223312500001 0.45964125625 0.7758796015625 0.44231553124999995 0.77689648125 0.44129637187500004 0.7606263984375 0.4331430890625 0.7606263984375 0.4341622515625 0.772828959375 0.41377904687499995 0.772828959375 0.41377904687499995 0.8196054500000001 0.4331430890625 0.8185885703125001 0.43212393125000004 0.83079113125
1 0.8487206546875001 0.7336491640625 0.9720390406250001 0.7336491640625 0.9694012125 0.5915252015625 0.9140068593749999 0.5902092375 0.9140068593749999 0.611922621875 0.849380109375 0.6099486781250001 0.8487206546875001 0.7336491640625
6 0.8591591921875 0.7341834453125 0.8489573984375 0.7341834453125 0.8489573984375 0.7412975390625001 0.8591591921875 0.7412975390625001 0.8591591921875 0.7341834453125
2 0.8866693828125 0.75249135625 0.8876885453125001 0.7423225546875 0.9080717484375 0.7433394343749999 0.906033428125 0.7321537515625 0.8866693828125 0.7321537515625 0.8856502234375 0.7230018296875 0.8754586203124999 0.7219849515625001 0.8764777828125 0.7331706328125 0.8591520578124999 0.7331706328125 0.8581328984375001 0.7453731953125 0.8785161031250001 0.7453731953125 0.8795352624999999 0.75249135625 0.8866693828125 0.75249135625
2 0.8265389328125 0.6731747 0.8275580921874999 0.6945291828125 0.8520179375 0.6945291828125 0.850998778125 0.6741915796875 0.8622095406250001 0.6721578187499999 0.8622095406250001 0.66707341875 0.8499796171874999 0.6660565390625 0.8499796171874999 0.64266829375 0.8234814500000001 0.6416514140625 0.8214431296875 0.663005896875 0.8102323671875 0.6619890171875 0.8112515296874999 0.6731747 0.8265389328125 0.6731747
1 0.664732259375 0.5948151078125 0.8882880515625 0.5954730890625 0.8882880515625 0.4961179109375 0.7339752046875 0.4948019484375 0.7326562921875001 0.53230688125 0.6653917171875 0.53230688125 0.664732259375 0.5948151078125
3 0.893811659375 0.595906040625 0.8489686093750001 0.595906040625 0.8489686093750001 0.610134228125 0.893811659375 0.610134228125 0.893811659375 0.595906040625
3 0.9029820624999999 0.54911633125 0.8887219734375 0.54911633125 0.8887219734375 0.5928523484375 0.9029820624999999 0.5928523484375 0.9029820624999999 0.54911633125
2 0.8795352624999999 0.5226764296875 0.8805544234375 0.5328452296874999 0.8866693828125 0.5328452296874999 0.8866693828125 0.5491153125 0.9009376281250001 0.5501321953125 0.9019567875 0.5318283515625 0.9101100687500001 0.5328452296874999 0.9101100687500001 0.523693309375 0.9039951078125 0.523693309375 0.9039951078125 0.5094569859375 0.890746025 0.5084401046875 0.890746025 0.5226764296875 0.8795352624999999 0.5226764296875
2 0.835711375 0.4779337 0.835711375 0.4850518609375 0.81838565 0.4850518609375 0.81838565 0.49522066249999996 0.835711375 0.4942037828125 0.835711375 0.5033557046875 0.8418263343750001 0.504372584375 0.844883815625 0.49522066249999996 0.8601712203125 0.49623754375000007 0.8601712203125 0.48301809999999995 0.8438646546875 0.4850518609375 0.8418263343750001 0.4779337 0.835711375 0.4779337
3 0.5432123921875001 0.595891803125 0.544231553125 0.7606263984375 0.7602935171875 0.7606263984375 0.7602935171875 0.73520439375 0.5656339171875 0.73520439375 0.5656339171875 0.596908684375 0.5432123921875001 0.595891803125
4 0.8269506718749999 0.6093064874999999 0.56515695 0.6093064874999999 0.56515695 0.736286353125 0.8269506718749999 0.736286353125 0.8269506718749999 0.6093064874999999
2 0.6135344484374999 0.6223306890625 0.6216877281250001 0.6243644500000001 0.62066856875 0.61114500625 0.6400326125 0.61114500625 0.6400326125 0.595891803125 0.6216877281250001 0.595891803125 0.6227068906250001 0.5857230015625 0.61557276875 0.5847061203125 0.6135344484374999 0.5938580421874999 0.5951895625 0.5938580421874999 0.5951895625 0.61114500625 0.6125152875000001 0.6121618875 0.6135344484374999 0.6223306890625
6 0.8275560531249999 0.595906040625 0.6410538109374999 0.595906040625 0.6410538109374999 0.610134228125 0.8275560531249999 0.610134228125 0.8275560531249999 0.595906040625
2 0.644109253125 0.5653853984375 0.6420709328124999 0.5735204390625 0.6532816953125 0.5735204390625 0.6522625359374999 0.5897905234375 0.66551161875 0.591824284375 0.66551161875 0.5755541984375 0.677741540625 0.5745373203125 0.677741540625 0.5694529187499999 0.6644924578125 0.567419159375 0.66551161875 0.5511490734375 0.65430085625 0.553182834375 0.655320015625 0.566402278125 0.644109253125 0.5653853984375
3 0.062168773437500005 0.3233679078125 0.126375865625 0.3233679078125 0.126375865625 0.2948952625 0.031593965625 0.2948952625 0.031593965625 0.3904820015625 0.06114961249999999 0.3894651203125 0.062168773437500005 0.3233679078125
3 0.8030982468750001 0.7362212734375 0.8030982468750001 0.761643278125 0.8489604578125001 0.7606263984375 0.8489604578125001 0.6924954249999999 0.8265389328125 0.69147854375 0.8265389328125 0.7362212734375 0.8030982468750001 0.7362212734375
3 0.9141816140625 0.5907941828125 0.8927690578125 0.5907941828125 0.8927690578125 0.6121588359375 0.9141816140625 0.6121588359375 0.9141816140625 0.5907941828125
3 0.849977578125 0.5958948546875 0.8275560531249999 0.5958948546875 0.8275560531249999 0.642673378125 0.849977578125 0.642673378125 0.849977578125 0.5958948546875
3 0.8876885453125001 0.3487899125 0.9050142687499999 0.34777303125 0.9029759484375001 0.3030303015625 0.8326538921875001 0.3040471828125 0.8316347328125 0.3193003875 0.8876885453125001 0.3193003875 0.8876885453125001 0.3487899125
3 0.5717488796875 0.3193003875 0.601304525 0.3193003875 0.601304525 0.3040471828125 0.5544231546875 0.3040471828125 0.5534039953125001 0.5979255640625001 0.5697105578125 0.5948749234374999 0.5717488796875 0.3193003875
6 0.516715246875 0.436252796875 0.380145740625 0.436252796875 0.380145740625 0.445402684375 0.516715246875 0.445402684375 0.516715246875 0.436252796875
6 0.8887107625 0.48402684531249995 0.8601681609374999 0.48402684531249995 0.8601681609374999 0.495212528125 0.8887107625 0.495212528125 0.8887107625 0.48402684531249995
6 0.59520179375 0.5948769578124999 0.5646188343749999 0.5948769578124999 0.5646188343749999 0.610134228125 0.59520179375 0.610134228125 0.59520179375 0.5948769578124999
6 0.9654444734375 0.7422029218749999 0.9799525203125 0.742860903125 0.9799525203125 0.7290432953125 0.9700606703125001 0.7277273328125 0.9713795828125 0.7336491640625 0.9641255609374999 0.7329911828125 0.9654444734375 0.7422029218749999
7 0.97995515625 0.4980760625 0.9707174890625 0.4980760625 0.9707174890625 0.72903803125 0.97995515625 0.72903803125 0.97995515625 0.4980760625
7 0.9654484312499999 0.7336465328124999 0.90939461875 0.7336465328124999 0.90939461875 0.74219239375 0.9654484312499999 0.74219239375 0.9654484312499999 0.7336465328124999
6 0.38248483125 0.946835109375 0.38182537656250004 0.809317015625 0.3679767875 0.808001053125 0.3679767875 0.96657455 0.524927459375 0.9672325296875 0.5242680015625 0.8191867359374999 0.526246371875 0.8185287546875 0.5269058296875 0.804053165625 0.5123977843749999 0.8014212390625 0.5097599578125 0.946177128125 0.38248483125 0.946835109375
1 0.5110874437499999 0.817863534375 0.3818273546875 0.817863534375 0.3818273546875 0.9461633109375001 0.5110874437499999 0.9461633109375001 0.5110874437499999 0.817863534375
4 0.5183408078125 0.6382550328125001 0.40358744375000005 0.6382550328125001 0.40358744375000005 0.77642058125 0.5183408078125 0.77642058125 0.5183408078125 0.6382550328125001