4 0.3089258328125 0.255860490625 0.0707463734375 0.2672955984375 0.0754627984375 0.560320184375 0.31482136562499996 0.5503144671875 0.3089258328125 0.255860490625
7 0.2594163421875 0.185825471875 0.143852140625 0.185825471875 0.143852140625 0.2572877359375 0.2594163421875 0.2572877359375 0.2594163421875 0.185825471875
4 0.5695083109375 0.24442538749999998 0.3325079578125 0.2530017171875 0.338403490625 0.65608919375 0.5789411640625 0.6446540890625 0.5695083109375 0.24442538749999998
7 0.4940466921875 0.17724056562499999 0.3678988328125 0.17724056562499999 0.3678988328125 0.25011792499999996 0.4940466921875 0.25011792499999996 0.4940466921875 0.17724056562499999
6 0.60370239375 0.7475700375 0.6013441828125 0.7232704390625 0.5860158015625 0.7232704390625 0.5871949062499999 0.7933104625 0.6025232875000001 0.7918810749999999 0.6013441828125 0.7690108625 0.6874189375 0.766152084375 0.6897771484375 0.8404802734375 0.60370239375 0.8404802734375 0.6025232875000001 0.8319039437500001 0.5883740109375 0.8304745562500001 0.5871949062499999 0.8433390515625 0.42801556406249996 0.8433390515625 0.42801556406249996 0.8776443671875 0.4468812640625 0.8733562031250001 0.4480603703125 0.896226415625 0.42919466875 0.8947970281250001 0.42683645937500003 0.9133790749999999 0.49522461875 0.919096628125 0.4975828328125 0.9005145796875 0.47635891875 0.8990851937500001 0.47517981249999997 0.8733562031250001 0.7168965921875 0.8676386515625 0.7168965921875 0.9205260140625 0.7322249734375 0.9233847921875 0.7298667625 0.8704974296874999 0.740478715625 0.8547741562500001 0.7275085484375 0.849056603125 0.7275085484375 0.789022296875 0.7192548046875 0.789022296875 0.7168965921875 0.8390508875 0.70274731875 0.8390508875 0.701568209375 0.766152084375 0.867822190625 0.757575759375 0.8690012953125 0.7704402499999999 0.8524938093750001 0.7790165796874999 0.8807923578124999 0.7947398484375 0.918523759375 0.7804459671874999 0.913807334375 0.7675814765625 0.8925834203124999 0.7704402499999999 0.8690012953125 0.23441967031250002 0.8477773859375001 0.23441967031250002 0.8690012953125 0.7418524859375 0.60370239375 0.7475700375
7 0.7958949421875 0.1643632078125 0.66854085625 0.1643632078125 0.66854085625 0.235825471875 0.7958949421875 0.235825471875 0.7958949421875 0.1643632078125
1 0.8383445328124999 0.064322471875 0.326612428125 0.08290451875 0.32543332343750003 0.17867352812499998 0.8418818515625001 0.16009148125 0.8383445328124999 0.064322471875
6 0.8383445328124999 0.0357347078125 0.8430609609375 0.15437392968750002 0.8654639765625 0.155803315625 0.8619266609375 0.0357347078125 0.8383445328124999 0.0357347078125
1 0.913807334375 0.27873070312500003 0.9279566062500001 0.27873070312500003 0.9208819734375 0.061463693750000006 0.864284871875 0.061463693750000006 0.8690012953125 0.1529445375 0.9090909109374999 0.1515151515625 0.913807334375 0.27873070312500003
6 0.9208754859375 0.0428773578125 0.8607587546875 0.0428773578125 0.8607587546875 0.06146226406250001 0.9208754859375 0.06146226406250001 0.9208754859375 0.0428773578125
6 0.840702746875 0.0471698109375 0.321896003125 0.064322471875 0.323075109375 0.08290451875 0.8418818515625001 0.06289307968749999 0.840702746875 0.0471698109375
2 0.6390755796875001 0.2644368203125 0.6520457515625 0.2644368203125 0.65322485625 0.24442538749999998 0.6697323421875 0.242996 0.6685532375000001 0.16580903281249998 0.6473293234375 0.16580903281249998 0.6473293234375 0.1472269859375 0.637896475 0.1472269859375 0.6343591562500001 0.164379646875 0.6190307749999999 0.164379646875 0.6213889890625001 0.2415666078125 0.6367173703125 0.2415666078125 0.6390755796875001 0.2644368203125
1 0.3207168953125 0.7847341328125 0.3431199140625 0.7833047453125 0.34429901875 0.846197825 0.5860158015625 0.8376215 0.5824784828125 0.673241853125 0.3407617046875 0.67895940625 0.341940809375 0.7004002265625 0.3160004703125 0.7004002265625 0.3171795796875 0.6646655234375001 0.291239240625 0.6660949109375001 0.28888102656250003 0.5731846796875 0.207522696875 0.5803316171875 0.21341822968750002 0.797598628125 0.319537790625 0.797598628125 0.3207168953125 0.7847341328125
2 0.249970521875 0.5946255 0.260582478125 0.5960548875 0.260582478125 0.5731846796875 0.280627284375 0.5703259015625 0.2818063890625 0.5546026328125 0.2594033734375 0.551743853125 0.2594033734375 0.5245854765625 0.248791415625 0.5245854765625 0.2464332015625 0.5474556890625 0.22874661093749998 0.5488850750000001 0.2311048203125 0.5717552875 0.2476123109375 0.5731846796875 0.249970521875 0.5946255
6 0.311284046875 0.7933104625 0.3124631515625 0.8090337359375 0.321896003125 0.810463121875 0.3242542140625 0.849056603125 0.27591085937500004 0.849056603125 0.2747317546875 0.8147512875 0.28534370781249996 0.811892509375 0.28534370781249996 0.796169240625 0.249970521875 0.796169240625 0.249970521875 0.8147512875 0.257045159375 0.8147512875 0.2582242640625 0.8519153828125001 0.21341822968750002 0.8533447687500001 0.21223912500000003 0.8176100609375 0.2240301875 0.816180675 0.222851078125 0.80045740625 0.21341822968750002 0.7990280140625 0.21223912500000003 0.7918810749999999 0.19691074375 0.7918810749999999 0.1980898484375 0.8533447687500001 0.0790001171875 0.8590623203125001 0.0778210109375 0.688965121875 0.057776206249999996 0.6875357359375001 0.06013441562500001 0.8590623203125001 0.04598514375 0.8619210984375 0.044806039062500004 0.8033161796874999 0.0377314 0.80045740625 0.0365522921875 0.8619210984375 0.028298548437499998 0.871926815625 0.0412687203125 0.8819325328125001 0.03891050625 0.93053173125 0.049522462499999996 0.9348198968749999 0.049522462499999996 0.8862206984375 0.3784931015625 0.8776443671875 0.379672209375 0.8476272171874999 0.3407617046875 0.8476272171874999 0.3431199140625 0.7875929109375 0.323075109375 0.7861635234375 0.321896003125 0.7933104625 0.311284046875 0.7933104625
0 0.1945525296875 0.6875235843749999 0.0778210109375 0.6875235843749999 0.0778210109375 0.853325471875 0.1945525296875 0.853325471875 0.1945525296875 0.6875235843749999
6 0.10022403124999998 0.6689536890625 0.10258224062500002 0.6875357359375001 0.1945525296875 0.6832475703124999 0.1945525296875 0.727558603125 0.2087018046875 0.727558603125 0.2087018046875 0.6575185796875 0.19573163437500002 0.65465980625 0.1933734234375 0.6646655234375001 0.10022403124999998 0.6689536890625
2 0.16625398125 0.620354490625 0.165074871875 0.6303602078125 0.192194315625 0.63178959375 0.1933734234375 0.65608919375 0.2063435921875 0.65608919375 0.2087018046875 0.63321898125 0.229925715625 0.63178959375 0.22874661093749998 0.621783878125 0.2063435921875 0.621783878125 0.207522696875 0.5960548875 0.191015209375 0.5960548875 0.1898361046875 0.6189250984375 0.16625398125 0.620354490625
2 0.192194315625 0.7718696421875 0.1945525296875 0.7933104625 0.21341822968750002 0.7904516890625 0.21341822968750002 0.7690108625 0.229925715625 0.7675814765625 0.229925715625 0.7518582031250001 0.21223912500000003 0.75328759375 0.2098809109375 0.7261292171875 0.1933734234375 0.7304173828125 0.191015209375 0.75471698125 0.1792241484375 0.757575759375 0.180403253125 0.7704402499999999 0.192194315625 0.7718696421875
1 0.25706225625 0.8204481124999999 0.21461089531250002 0.8204481124999999 0.21461089531250002 0.8519103781249999 0.25706225625 0.8519103781249999 0.25706225625 0.8204481124999999
2 0.229925715625 0.77758719375 0.2311048203125 0.797598628125 0.22167197343749998 0.797598628125 0.22167197343749998 0.816180675 0.23228392968749997 0.816180675 0.23228392968749997 0.833333334375 0.23935856875 0.833333334375 0.2405376734375 0.8176100609375 0.2511496296875 0.8176100609375 0.2511496296875 0.796169240625 0.24171677812499998 0.7947398484375 0.23935856875 0.7790165796874999 0.229925715625 0.77758719375
1 0.3230739296875 0.814740565625 0.275914396875 0.814740565625 0.275914396875 0.847617925 0.3230739296875 0.847617925 0.3230739296875 0.814740565625
2 0.29477656093750004 0.833333334375 0.3042094078125 0.833333334375 0.3042094078125 0.8176100609375 0.31482136562499996 0.8176100609375 0.31482136562499996 0.797598628125 0.303030303125 0.797598628125 0.30185119843749997 0.7718696421875 0.29595566562500003 0.7718696421875 0.29477656093750004 0.7947398484375 0.2829854984375 0.7947398484375 0.2829854984375 0.811892509375 0.2935974515625 0.813321896875 0.29477656093750004 0.833333334375
2 0.399717015625 0.9062321328125 0.4126871828125 0.9062321328125 0.41150807812499995 0.8790737546875 0.430373778125 0.8790737546875 0.42919466875 0.849056603125 0.40797075937500005 0.8476272171874999 0.406791653125 0.8261863921874999 0.39853790624999996 0.8261863921874999 0.3973588015625 0.846197825 0.3784931015625 0.8447684390625 0.3784931015625 0.8776443671875 0.39853790624999996 0.8776443671875 0.399717015625 0.9062321328125
2 0.5305978046875001 0.681818184375 0.5412097625000001 0.6803887921875 0.5412097625000001 0.6689536890625 0.5600754625000001 0.6689536890625 0.5624336765625 0.6460834765625 0.5400306578125 0.6460834765625 0.5388515484374999 0.6246426515625 0.53295601875 0.6246426515625 0.5317769140624999 0.6460834765625 0.508194790625 0.6446540890625 0.508194790625 0.6689536890625 0.5282395953125001 0.6660949109375001 0.5305978046875001 0.681818184375
4 0.8501355953124999 0.23584905625000002 0.5883740109375 0.2487135515625 0.6025232875000001 0.7475700375 0.8666430859375 0.7389937125 0.8501355953124999 0.23584905625000002
2 0.5671501015625 0.7004002265625 0.5695083109375 0.711835334375 0.5812993734375 0.711835334375 0.5824784828125 0.7246998296875 0.6013441828125 0.7232704390625 0.6025232875000001 0.711835334375 0.6343591562500001 0.7104059484375 0.6367173703125 0.7004002265625 0.6025232875000001 0.7004002265625 0.6013441828125 0.67753001875 0.5836575875000001 0.6803887921875 0.5824784828125 0.7004002265625 0.5671501015625 0.7004002265625
2 0.571866525 0.8047455703124999 0.5695083109375 0.8176100609375 0.5836575875000001 0.816180675 0.5860158015625 0.8290451703124999 0.6013441828125 0.8319039437500001 0.60370239375 0.819039453125 0.6296427312499999 0.8204688390625 0.6272845171875 0.8076043437499999 0.6048814984375 0.8076043437499999 0.6072397125 0.7875929109375 0.5883740109375 0.789022296875 0.5883740109375 0.8018867921874999 0.571866525 0.8047455703124999
3 0.6202140078125 0.1686792453125 0.49169260625 0.1686792453125 0.49169260625 0.24584905625000003 0.6202140078125 0.24584905625000003 0.6202140078125 0.1686792453125
3 0.3690661484375 0.18011792499999998 0.25824902656250004 0.18011792499999998 0.25824902656250004 0.2529952828125 0.3690661484375 0.2529952828125 0.3690661484375 0.18011792499999998
3 0.146206225 0.184410378125 0.018852140625 0.184410378125 0.018852140625 0.264457546875 0.146206225 0.264457546875 0.146206225 0.184410378125
3 0.10023346250000001 0.5617688671875001 0.0294941640625 0.5617688671875001 0.0294941640625 0.6889858484375 0.10023346250000001 0.6889858484375 0.10023346250000001 0.5617688671875001
3 0.8737177234375 0.36163522187499997 0.9444640968750001 0.36163522187499997 0.9432849890625 0.28301886718749997 0.9149864390625 0.28158948125 0.910270015625 0.155803315625 0.794717603125 0.15866209375 0.7958967125 0.23727844375 0.8690012953125 0.23584905625000002 0.8737177234375 0.36163522187499997
6 0.30185119843749997 0.06289307968749999 0.3006720890625 0.180102915625 0.326612428125 0.17867352812499998 0.326612428125 0.061463693750000006 0.30185119843749997 0.06289307968749999
6 0.049522462499999996 0.26157804218749997 0.0542388875 0.5631789578124999 0.071925478125 0.5646083484375 0.0683881640625 0.263007434375 0.049522462499999996 0.26157804218749997
6 0.192194315625 0.598913665625 0.2051644859375 0.598913665625 0.2051644859375 0.5760434531249999 0.23464214062500002 0.574614065625 0.23464214062500002 0.5560320187500001 0.10140313593750001 0.5588907921875 0.099044921875 0.5789022312500001 0.191015209375 0.5774728390625 0.192194315625 0.598913665625
6 0.5129112140625 0.6718124624999999 0.5129112140625 0.6503716421875 0.338403490625 0.65608919375 0.330149746875 0.25157232500000004 0.3101049421875 0.254431103125 0.319537790625 0.6989708390625 0.3407617046875 0.6989708390625 0.3407617046875 0.676100628125 0.5129112140625 0.6718124624999999
3 0.32071984375 0.5517452828125 0.29243190625 0.5517452828125 0.29243190625 0.6632547171875001 0.32071984375 0.6632547171875001 0.32071984375 0.5517452828125
6 0.293599221875 0.5531839625 0.2806420234375 0.5531839625 0.2806420234375 0.568891509375 0.293599221875 0.568891509375 0.293599221875 0.5531839625
6 0.5577172484374999 0.6460834765625 0.5588963578125 0.6703830749999999 0.5812993734375 0.6689536890625 0.5824784828125 0.6846769578125 0.59898596875 0.6832475703124999 0.590732225 0.2472841609375 0.5695083109375 0.24442538749999998 0.58012026875 0.6446540890625 0.5577172484374999 0.6460834765625
1 0.1933852140625 0.5789150937499999 0.101400778125 0.5789150937499999 0.101400778125 0.6660849062499999 0.1933852140625 0.6660849062499999 0.1933852140625 0.5789150937499999
1 0.68743190625 0.7704245281250001 0.6036964984375001 0.7704245281250001 0.6036964984375001 0.8361792453125 0.68743190625 0.8361792453125 0.68743190625 0.7704245281250001