3 0.25316455625 0.23569023437499997 0.254336615625 0.20202020156249997 0.8860759500000001 0.0883838390625 0.918893578125 0.3338945 0.9399906250000001 0.32968574687499996 0.9060009359375 0.0575196421875 0.1898734171875 0.1893939390625 0.196905765625 0.252525253125 0.25316455625 0.23569023437499997
3 0.319971871875 0.740740740625 0.27777777812500004 0.406846240625 0.2355836859375 0.4180695859375 0.22972339375 0.406846240625 0.21800281250000003 0.409652075 0.262541021875 0.76038159375 0.28012189374999996 0.7589786765625 0.28129395156250003 0.7505611671875 0.319971871875 0.740740740625
3 0.7653539625 0.8515712671875001 0.34575714999999996 0.9301346796875001 0.3410689171875 0.9189113359375 0.301218940625 0.92732884375 0.298874825 0.9175084171875 0.2789498359375 0.920314253125 0.2848101265625 0.9666105500000001 0.795827471875 0.8698092015625001 0.7583216125 0.5836139171875 0.9669479593749999 0.5443322125 0.9552273796874999 0.45454545468749996 0.9341303328125001 0.458754209375 0.94467885625 0.5246913578125 0.7278481015625 0.5667788984375 0.7653539625 0.8515712671875001
4 0.713783403125 0.469977553125 0.5848570078125 0.4994388328125 0.543834975 0.1543209875 0.25316455625 0.203423121875 0.344585090625 0.92732884375 0.7653539625 0.8515712671875001 0.713783403125 0.469977553125
1 0.7395686828125 0.5611672265625 0.9435067968749999 0.5232884390625 0.9095171125 0.28900112187500004 0.5801687765625 0.34932659843749997 0.596577590625 0.47979797968750004 0.7255039859375 0.4559483734375 0.7395686828125 0.5611672265625
2 0.700421940625 0.378787878125 0.7102672296875 0.353535353125 0.71308016875 0.325757575 0.7067510546875 0.31313131250000004 0.635021096875 0.325757575 0.6516643234374999 0.419472503125 0.6833098921875 0.406846240625 0.700421940625 0.378787878125
2 0.8028598234375 0.3689674515625 0.8216127515625 0.378787878125 0.8450539156250001 0.3815937140625 0.8556024390625 0.377384959375 0.841537740625 0.291806959375 0.7747304265625 0.30162738437500003 0.7770745421874999 0.32267115625 0.7864510078125 0.34932659843749997 0.8028598234375 0.3689674515625
2 0.8579465546874999 0.377384959375 0.8427097968749999 0.402637484375 0.83567745 0.43490460156250005 0.8368495078124999 0.4685746359375 0.841537740625 0.4783950609375 0.9575714953125001 0.45454545468749996 0.9399906250000001 0.33108866406250004 0.9036568203125 0.34090909062499997 0.8778715421875001 0.3549382734375 0.8579465546874999 0.377384959375
2 0.643459915625 0.5611672265625 0.670417253125 0.573793490625 0.6938584156250001 0.58080808125 0.717299578125 0.5780022453125 0.7020628234374999 0.46156004531250006 0.6071261140625 0.4783950609375 0.6176746375 0.5120650953125 0.6293952171874999 0.5401234578125 0.643459915625 0.5611672265625
2 0.23206751093750003 0.40824915937500006 0.2367557421875 0.4180695859375 0.27660571875 0.4110549953125 0.26605719687499996 0.326879909375 0.20979840468750002 0.3367003359375 0.219174871875 0.40824915937500006 0.23206751093750003 0.40824915937500006
2 0.262541021875 0.7617845125 0.2824660109375 0.9231200906250001 0.30004688125 0.9175084171875 0.3023909984375 0.9287317625 0.342240975 0.921717171875 0.319971871875 0.742143659375 0.28012189374999996 0.74915825 0.27777777812500004 0.7589786765625 0.262541021875 0.7617845125
2 0.2566807328125 0.23428731875 0.195733709375 0.2497194171875 0.2086263484375 0.33529741875 0.26722925468750003 0.3240740734375 0.2566807328125 0.23428731875
6 0.239099859375 0.5723905734375 0.1312705109375 0.59343434375 0.0832161265625 0.2244668921875 0.19104547656249998 0.2048260375 0.18870135937500002 0.1893939390625 0.0668073140625 0.21464646406250001 0.1207219875 0.613075196875 0.2402719171875 0.5906285078125 0.239099859375 0.5723905734375
0 0.8837318328125001 0.08978675781249999 0.7090951703124999 0.12205387187500001 0.7301922171874999 0.31004489375 0.9095171125 0.2735690234375 0.8837318328125001 0.08978675781249999
6 0.7817627765624999 0.3128507296875 0.7794186578125 0.3002244671875 0.7301922171874999 0.31144781093749996 0.7067510546875 0.12205387187500001 0.697374590625 0.1248597078125 0.720815753125 0.3128507296875 0.7067510546875 0.317059484375 0.7079231140625 0.328282828125 0.7817627765624999 0.3128507296875
6 0.9106891703125 0.2749719421875 0.841537740625 0.28900112187500004 0.84388185625 0.303030303125 0.9130332875 0.28900112187500004 0.9106891703125 0.2749719421875
6 0.596577590625 0.48120089843749997 0.5801687765625 0.34932659843749997 0.643459915625 0.3381032546875 0.6411158 0.3240740734375 0.6270511015625 0.3254769921875 0.6012658234375 0.1402918078125 0.54500703125 0.1529180703125 0.587201125 0.496632996875 0.616502578125 0.48961840624999997 0.615330521875 0.47418630781250004 0.596577590625 0.48120089843749997
0 0.69620253125 0.1248597078125 0.6047819984375 0.141694725 0.6270511015625 0.33108866406250004 0.7184716375 0.3128507296875 0.69620253125 0.1248597078125
6 0.7266760421875 0.5681818187500001 0.7372245656249999 0.5639730625 0.7255039859375 0.458754209375 0.69971870625 0.46156004531250006 0.7020628234374999 0.47418630781250004 0.7149554625000001 0.469977553125 0.7266760421875 0.5681818187500001
1 0.19104547656249998 0.2048260375 0.0867323015625 0.2244668921875 0.1324425703125 0.592031425 0.2367557421875 0.5695847374999999 0.19104547656249998 0.2048260375