7 0.20151426875 0.25787566093750003 0.1456027953125 0.26763311875 0.154921375 0.3456927796875 0.214327315625 0.33732924375 0.20151426875 0.25787566093750003
4 0.6220151421875 0.47393365000000004 0.5998835171875 0.47393365000000004 0.49970879375 0.499024253125 0.456610365625 0.1812099234375 0.200349446875 0.2286032890625 0.288875946875 0.8851407874999999 0.662783925 0.8098689718750001 0.6220151421875 0.47393365000000004
7 0.263249853125 0.7095065515625001 0.2050087359375 0.7178700859375 0.2271403609375 0.8823529406249999 0.28305183437500003 0.8670197937499999 0.263249853125 0.7095065515625001
6 0.0943506125 0.5798717578125 0.052417006249999995 0.24951212812499998 0.14327315000000002 0.2299972125 0.14094350625000002 0.203512684375 0.050087362499999996 0.2230276 0.029120557812499996 0.0808475046875 0.00815375625 0.085029271875 0.0780430984375 0.6021745187499999 0.1910308671875 0.5840535265625 0.1875364 0.557569 0.0943506125 0.5798717578125
3 0.1467676171875 0.264845275 0.202679090625 0.2536938953125 0.186371578125 0.1129077234375 0.1269656375 0.1254530234375 0.1467676171875 0.264845275
7 0.1817122890625 0.08363535 0.12114152656249999 0.08363535 0.125800815625 0.1254530234375 0.1828771109375 0.1143016453125 0.1817122890625 0.08363535
3 0.170064065625 0.42375243906250004 0.2061735578125 0.719264009375 0.263249853125 0.7095065515625001 0.2259755390625 0.41399498125 0.170064065625 0.42375243906250004
3 0.228305184375 0.8823529406249999 0.2399534078125 0.9604126015625001 0.298194525 0.9590186781250001 0.2853814796875 0.8698076390624999 0.228305184375 0.8823529406249999
6 0.49970879375 0.499024253125 0.5369831109375001 0.49066072031249996 0.5323238203125 0.47114580312500004 0.5125218390625 0.47532757031250006 0.49737915 0.366601615625 0.556785090625 0.35266239062500004 0.5521258 0.3331474765625 0.5404775765625 0.3345414 0.51718113125 0.16448285468749999 0.592894584375 0.15054362968749999 0.6173558531250001 0.32339001875 0.6045428078125 0.326177865625 0.608037275 0.342904934375 0.675596971875 0.3275717875 0.6732673265625 0.3150264828125 0.6348281874999999 0.3192082515625 0.611531740625 0.15054362968749999 0.7757716953125 0.119877334375 0.79790331875 0.2885419578125 0.7338380890625 0.29969333593749997 0.7350029124999999 0.3192082515625 0.8002329640625 0.3052690265625 0.804892253125 0.3470867015625 0.8258590578125 0.342904934375 0.7920792078125001 0.08363535 0.7699475828125 0.085029271875 0.772277228125 0.0933928078125 0.61036691875 0.1282408703125 0.6045428078125 0.085029271875 0.5859056500000001 0.0822414265625 0.59405940625 0.12963479218750001 0.5136866640625 0.1435740171875 0.50786255 0.08363535 0.44379732031249997 0.0808475046875 0.4554455453125 0.1575132421875 0.19685497968750001 0.2007248390625 0.1991846234375 0.2272093671875 0.4554455453125 0.17981600312499998 0.49970879375 0.499024253125
6 0.8200349453125 0.45581265625 0.8281887015624999 0.517145246875 0.6464764125 0.5533872328125 0.6359930125 0.45581265625 0.5987186953125 0.454418734375 0.5987186953125 0.47114580312500004 0.6220151421875 0.472539728125 0.6651135703125 0.81126289375 0.5917297609375 0.82520211875 0.595224228125 0.8516866468750001 0.6744321484375 0.836353496875 0.6884100171875 0.9618065234375001 0.7186953984375 0.9604126015625001 0.7000582421875 0.81126289375 0.8573092593749999 0.781990521875 0.8782760640625 0.9478672984375001 0.8235294124999999 0.9478672984375001 0.8223645906250001 0.9604126015625001 0.8969132203125 0.9618065234375001 0.8631333718749999 0.761081684375 0.788584740625 0.775020909375 0.7850902734375 0.751324228125 0.77111240625 0.75271815 0.7746068734375 0.7805966 0.696563775 0.7889601328125 0.6744321484375 0.631446890625 0.7489807796875 0.6161137437499999 0.7571345359375 0.6816281015625 0.7746068734375 0.6802341796875 0.7676179390625 0.6161137437499999 0.796738496875 0.6105380546875 0.7909143859375 0.5478115421875 0.8654630171875001 0.5366601609375 0.86196855 0.5059938671875 0.8468258593750001 0.514357403125 0.8410017468750001 0.4530248125 0.8200349453125 0.45581265625
4 0.6732673265625 0.8377474218750001 0.29353523593749997 0.9130192375 0.3005241703125 0.9604126015625001 0.6860803718749999 0.9604126015625001 0.6732673265625 0.8377474218750001
6 0.3599301109375 0.8725954828125 0.263249853125 0.8893225546875 0.2644146765625 0.91580708125 0.363424578125 0.896292165625 0.3599301109375 0.8725954828125
2 0.595224228125 0.8544744906249999 0.5894001171875 0.8293838859375 0.3610949328125 0.8753833296875 0.3669190453125 0.896292165625 0.595224228125 0.8544744906249999
1 0.6371578343750001 0.454418734375 0.6488060578125 0.5505993859375 0.8281887015624999 0.515751325 0.796738496875 0.30666295 0.500873615625 0.367995540625 0.5125218390625 0.47393365000000004 0.5987186953125 0.4530248125 0.6371578343750001 0.454418734375
2 0.5975538734375 0.4530248125 0.5311589984375 0.46696403750000004 0.5358182874999999 0.487872875 0.5975538734375 0.46975188125 0.5975538734375 0.4530248125
2 0.6045428078125 0.326177865625 0.5532906234375 0.3317535546875 0.556785090625 0.35126846875 0.608037275 0.3442988578125 0.6045428078125 0.326177865625
1 0.7746068734375 0.119877334375 0.6138613859375 0.1533314734375 0.6348281874999999 0.3178143296875 0.796738496875 0.2885419578125 0.7746068734375 0.119877334375
2 0.7326732671875 0.3010872609375 0.6732673265625 0.3122386390625 0.67676179375 0.3275717875 0.7338380890625 0.3178143296875 0.7326732671875 0.3010872609375
2 0.77111240625 0.3972679125 0.7699475828125 0.41399498125 0.8130460093749999 0.4056314484375 0.8165404765625001 0.4530248125 0.8444962140625 0.4516308890625 0.8375072796874999 0.4042375234375 0.8759464171875001 0.394480065625 0.873616775 0.38054084062500004 0.8351776359375 0.38611653125 0.8281887015624999 0.3415110125 0.8060570765625 0.3456927796875 0.810716365625 0.3875104546875 0.77111240625 0.3972679125
1 0.7920792078125001 0.7736269859375 0.8654630171875001 0.7582938390625 0.9004076875000001 0.9604126015625001 0.94234129375 0.9576247562500001 0.941176471875 0.52550878125 0.7920792078125001 0.5492054640624999 0.79790331875 0.6133258984375 0.7676179390625 0.6161137437499999 0.7920792078125001 0.7736269859375
2 0.9132207343750001 0.572902146875 0.9260337796875 0.5701143015625 0.9190448453125001 0.5227209359375 0.9435061156250001 0.5227209359375 0.9400116468749999 0.48926679687499997 0.9178800234375 0.49205464218749995 0.9097262671875 0.44605519843749997 0.89807804375 0.4502369671875 0.9027373328125 0.4934485640625 0.86196855 0.50459994375 0.8677926609375 0.5366601609375 0.907396621875 0.52969055 0.9132207343750001 0.572902146875
2 0.7582993578125 0.6802341796875 0.7699475828125 0.7541120703125 0.786255096875 0.751324228125 0.7746068734375 0.6802341796875 0.7582993578125 0.6802341796875
1 0.14094350625000002 0.23278505625 0.054746651562500005 0.24951212812499998 0.0943506125 0.5784778359375 0.1840419328125 0.557569 0.14094350625000002 0.23278505625
1 0.029120557812499996 0.0794535828125 0.051252184374999996 0.22163367812499998 0.13628421562499998 0.203512684375 0.12114152656249999 0.0822414265625 0.029120557812499996 0.0794535828125
1 0.59405940625 0.1533314734375 0.519510775 0.1658767765625 0.542807221875 0.3317535546875 0.6138613859375 0.321996096875 0.59405940625 0.1533314734375
1 0.50553290625 0.08363535 0.5148514843750001 0.1393922484375 0.592894584375 0.1282408703125 0.5859056500000001 0.0808475046875 0.50553290625 0.08363535
1 0.7699475828125 0.0822414265625 0.6022131625 0.0822414265625 0.608037275 0.1240591015625 0.77111240625 0.091998884375 0.7699475828125 0.0822414265625
4 0.44379732031249997 0.0808475046875 0.1817122890625 0.0808475046875 0.194525334375 0.1993309171875 0.4519510765625 0.1547253984375 0.44379732031249997 0.0808475046875
2 0.16307513125 0.3972679125 0.16656959843750002 0.42514636250000004 0.228305184375 0.4153889046875 0.2259755390625 0.381934765625 0.25859056406250003 0.3763590734375 0.255096096875 0.3596320046875 0.22248107187500002 0.366601615625 0.2154921359375 0.3345414 0.1572510203125 0.3442988578125 0.161910309375 0.377752996875 0.12230634843749999 0.38611653125 0.12463599218750002 0.398661834375 0.16307513125 0.3972679125
1 0.7478159578125 0.617507665625 0.6744321484375 0.63005296875 0.6977285953125001 0.79035405625 0.772277228125 0.775020909375 0.7478159578125 0.617507665625
1 0.8223645906250001 0.9464733765625001 0.8771112390625 0.9464733765625001 0.854979615625 0.781990521875 0.7012230640625 0.8140507390625 0.719860221875 0.9604126015625001 0.8223645906250001 0.9618065234375001 0.8223645906250001 0.9464733765625001