4 0.1997554015625 0.06432246875 0.0686234546875 0.06432246875 0.066585134375 0.361277871875 0.197037640625 0.3634219546875 0.1997554015625 0.06432246875
7 0.1925710015625 0.0263561328125 0.1011210765625 0.0263561328125 0.1011210765625 0.065200471875 0.1925710015625 0.065200471875 0.1925710015625 0.0263561328125
4 0.360103275 0.06753859375 0.209947003125 0.06753859375 0.20722924375 0.3634219546875 0.3580649546875 0.3634219546875 0.360103275 0.06753859375
7 0.34028400625 0.0291391515625 0.2444394625 0.0291391515625 0.2444394625 0.065200471875 0.34028400625 0.065200471875 0.34028400625 0.0291391515625
5 0.5639353171875 0.06753859375 0.3804864796875 0.07075471718750001 0.37640983906250003 0.3987993140625 0.56121755625 0.40415951874999995 0.5639353171875 0.06753859375
7 0.523161434375 0.0319221703125 0.42996263125 0.0319221703125 0.42996263125 0.067983490625 0.523161434375 0.067983490625 0.523161434375 0.0319221703125
4 0.81124813125 0.06647405625 0.5829521671875 0.06647405625 0.5829521671875 0.370931603125 0.81124813125 0.370931603125 0.81124813125 0.06647405625
7 0.70342301875 0.03329009375 0.60318385625 0.03329009375 0.60318385625 0.067983490625 0.70342301875 0.067983490625 0.70342301875 0.03329009375
7 0.800142003125 0.034681603125 0.7350747390625 0.034681603125 0.7350747390625 0.070742925 0.800142003125 0.070742925 0.800142003125 0.034681603125
0 0.9158853109375 0.30124356875 0.8669656203124999 0.3001715265625 0.8662861812499999 0.13614922812500002 0.918603071875 0.13722126875000001 0.9158853109375 0.07075471718750001 0.82144313125 0.0718267578125 0.820763690625 0.373070325 0.9172441906250001 0.373070325 0.9158853109375 0.30124356875
7 0.88366965625 0.0374528296875 0.82915545625 0.0374528296875 0.82915545625 0.0679716984375 0.88366965625 0.0679716984375 0.88366965625 0.0374528296875
7 0.9399476828125 0.41066037812499995 0.9170926749999999 0.41066037812499995 0.9170926749999999 0.48141509375 0.9399476828125 0.48141509375 0.9399476828125 0.41066037812499995
7 0.93818385625 0.6492806609375 0.9179596406250001 0.6492806609375 0.9179596406250001 0.808832546875 0.93818385625 0.808832546875 0.93818385625 0.6492806609375
7 0.898609865625 0.93647405625 0.8062929750000001 0.93647405625 0.8062929750000001 0.972535378125 0.898609865625 0.972535378125 0.898609865625 0.93647405625
7 0.7588191328125 0.9336792453125 0.65681614375 0.9336792453125 0.65681614375 0.9669811328125 0.7588191328125 0.9669811328125 0.7588191328125 0.9336792453125
7 0.6040582953125 0.9295165093750001 0.513490284375 0.9295165093750001 0.513490284375 0.9655778296875 0.6040582953125 0.9655778296875 0.6040582953125 0.9295165093750001
7 0.4704035875 0.926757075 0.37808669687499996 0.926757075 0.37808669687499996 0.9628183968749999 0.4704035875 0.9628183968749999 0.4704035875 0.926757075
7 0.3077429 0.922582546875 0.215426009375 0.922582546875 0.215426009375 0.9586438671874999 0.3077429 0.9586438671874999 0.3077429 0.922582546875
7 0.18201046406250002 0.921214621875 0.084417040625 0.921214621875 0.084417040625 0.95727594375 0.18201046406250002 0.95727594375 0.18201046406250002 0.921214621875
7 0.0650747390625 0.6423466984374999 0.043086696875000004 0.6423466984374999 0.043086696875000004 0.782464621875 0.0650747390625 0.782464621875 0.0650747390625 0.6423466984374999
7 0.06682361718749999 0.3939976421875 0.043968609375 0.3939976421875 0.043968609375 0.46336084843750003 0.06682361718749999 0.46336084843750003 0.06682361718749999 0.3939976421875
4 0.3417583921875 0.522084046875 0.0672645734375 0.5199399640625 0.0652262546875 0.9176672375000001 0.33904063125 0.9240994859375 0.3417583921875 0.522084046875
2 0.2615844546875 0.5445969125000001 0.26837885625 0.5445969125000001 0.26837885625 0.5242281296875 0.2874031796875 0.5231560890625 0.2880826203125 0.5017152671875 0.267699415625 0.499571184375 0.2690582953125 0.4738421953125 0.2615844546875 0.4738421953125 0.26226389375000003 0.499571184375 0.2445984515625 0.49849914218749997 0.2439190109375 0.5210120078125 0.260905015625 0.5210120078125 0.2615844546875 0.5445969125000001
1 0.9158853109375 0.40094339687499997 0.582959640625 0.3945111484375 0.582959640625 0.4063036015625 0.3580649546875 0.39987135625 0.3580649546875 0.38915094375 0.0679440140625 0.388078903125 0.06590569375000001 0.4974271015625 0.91656475 0.50600343125 0.9158853109375 0.40094339687499997
2 0.1379263484375 0.4095197265625 0.1433618703125 0.4105917671875 0.14607963125 0.38915094375 0.16238619375000002 0.3902229828125 0.163065634375 0.36234991562499996 0.1467590703125 0.361277871875 0.14607963125 0.33447684375 0.13996467031249998 0.33447684375 0.139285228125 0.3602058328125 0.1209403453125 0.3569897078125 0.12026090468749999 0.38486277812499997 0.1386057890625 0.38915094375 0.1379263484375 0.4095197265625
2 0.2962359015625 0.41487993124999994 0.3009919828125 0.41487993124999994 0.3023508625 0.392367065625 0.3186574265625 0.39129502656250004 0.3179779859375 0.3634219546875 0.303030303125 0.364493996875 0.30167142343750003 0.3334048015625 0.2948770203125 0.3323327625 0.2948770203125 0.36234991562499996 0.2758526984375 0.3602058328125 0.2758526984375 0.392367065625 0.2962359015625 0.3902229828125 0.2962359015625 0.41487993124999994
2 0.6740046203125 0.4180960546875 0.6828373421875 0.41595197187500005 0.6841962234375 0.3987993140625 0.7032205453125 0.39987135625 0.7032205453125 0.369854203125 0.6869139828125 0.3677101203125 0.685555103125 0.343053171875 0.6767223812500001 0.3409090921875 0.6787607015625 0.369854203125 0.658377496875 0.3677101203125 0.658377496875 0.39558319062499997 0.676042940625 0.39665523125 0.6740046203125 0.4180960546875
2 0.8499796171874999 0.4095197265625 0.8547356984375 0.4095197265625 0.8554151375 0.40094339687499997 0.86968338125 0.4020154359375 0.869003940625 0.369854203125 0.856094578125 0.3687821609375 0.8574534593750001 0.3451972546875 0.8499796171874999 0.34198113281250003 0.8499796171874999 0.3677101203125 0.83435249375 0.3677101203125 0.833673053125 0.39772727343750003 0.8499796171874999 0.39987135625 0.8499796171874999 0.4095197265625
4 0.91656475 0.5338765000000001 0.35398831406250003 0.5263722125 0.3519499921875 0.92624356875 0.91656475 0.9369639781249999 0.91656475 0.5338765000000001
2 0.733795353125 0.5542452828125 0.7385514328125 0.5542452828125 0.740589753125 0.530660378125 0.7575757578125 0.5285162953125 0.758255196875 0.50600343125 0.741948634375 0.50278730625 0.742628075 0.47705831875 0.7344747921875 0.4749142359375 0.7331159125 0.5038593484375 0.7120532671875 0.5049313890625 0.7120532671875 0.5295883375 0.7344747921875 0.5285162953125 0.733795353125 0.5542452828125
3 0.9179236312500001 0.3719982859375 0.8703628203125 0.37092624218750003 0.869003940625 0.39987135625 0.9158853109375 0.40094339687499997 0.9158853109375 0.41166380937499997 0.9403451546875001 0.4105917671875 0.9437423562499999 0.0364493984375 0.8846310640624999 0.03430531875 0.8839516234374999 0.07075471718750001 0.9179236312500001 0.0718267578125 0.9179236312500001 0.3719982859375
2 0.891425465625 0.320540309375 0.8968609859375001 0.320540309375 0.8968609859375001 0.30124356875 0.9090909093749999 0.3001715265625 0.9111292296875 0.28945111562500003 0.89889930625 0.286234990625 0.8982198671875 0.271226415625 0.8927843453125 0.270154375 0.891425465625 0.28516295 0.8805544234375 0.286234990625 0.8798749828125001 0.29802744375 0.8921049062499999 0.2990994859375 0.891425465625 0.320540309375
6 0.8812338640625 0.2873070328125 0.8751189015625 0.2873070328125 0.8751189015625 0.22834476874999998 0.918603071875 0.22941680937500003 0.918603071875 0.22084048125 0.8757983421875 0.21869639843750002 0.8757983421875 0.1468696390625 0.8812338640625 0.14794168125 0.8785161031250001 0.1382933109375 0.8669656203124999 0.1382933109375 0.8669656203124999 0.3001715265625 0.8798749828125001 0.3001715265625 0.8812338640625 0.2873070328125
0 0.918603071875 0.15008576406250002 0.87647778125 0.149013721875 0.8757983421875 0.21762435624999998 0.9179236312500001 0.21869639843750002 0.918603071875 0.15008576406250002
2 0.891425465625 0.160806175 0.8961815468750001 0.160806175 0.8975404265625 0.15008576406250002 0.907732028125 0.1511578046875 0.90977035 0.134005146875 0.8975404265625 0.1350771859375 0.8995787468750001 0.110420240625 0.890066584375 0.10720411562500001 0.8880282640624999 0.13614922812500002 0.8785161031250001 0.134005146875 0.8805544234375 0.149013721875 0.8921049062499999 0.14794168125 0.891425465625 0.160806175
3 0.8975404265625 0.9348198968749999 0.8982198671875 0.9723413375 0.9403451546875001 0.9734133796875 0.9410245968750001 0.808319040625 0.9172441906250001 0.8093910796875001 0.9172441906250001 0.9369639781249999 0.8975404265625 0.9348198968749999
3 0.9396711515625 0.48028301874999996 0.9172496265625 0.48028301874999996 0.9172496265625 0.6496698109375 0.9396711515625 0.6496698109375 0.9396711515625 0.48028301874999996
3 0.7344768312500001 0.033242925 0.703221225 0.033242925 0.703221225 0.069681603125 0.7344768312500001 0.069681603125 0.7344768312500001 0.033242925
3 0.8289237671875 0.034304245312499995 0.8010612859374999 0.034304245312499995 0.8010612859374999 0.070742925 0.8289237671875 0.070742925 0.8289237671875 0.034304245312499995
3 0.2153886390625 0.920884434375 0.18141255625 0.920884434375 0.18141255625 0.9584080187499999 0.2153886390625 0.9584080187499999 0.2153886390625 0.920884434375
3 0.379133034375 0.924115565625 0.307115096875 0.924115565625 0.307115096875 0.9605542453125 0.379133034375 0.9605542453125 0.379133034375 0.924115565625
3 0.5143273546875 0.928384434375 0.468811659375 0.928384434375 0.468811659375 0.9659080187500001 0.5143273546875 0.9659080187500001 0.5143273546875 0.928384434375
3 0.6570179375 0.9305306609375 0.6053736921875 0.9305306609375 0.6053736921875 0.9669693390624999 0.6570179375 0.9669693390624999 0.6570179375 0.9305306609375
3 0.8071748875000001 0.9326886796875 0.7575784750000001 0.9326886796875 0.7575784750000001 0.971273584375 0.8071748875000001 0.971273584375 0.8071748875000001 0.9326886796875
3 0.561896996875 0.408447684375 0.582959640625 0.4063036015625 0.582959640625 0.3945111484375 0.65769805625 0.39665523125 0.6590569375 0.369854203125 0.5822802015625 0.3687821609375 0.584318521875 0.0696826765625 0.6047017265625 0.0696826765625 0.6047017265625 0.03108919375 0.523168909375 0.0321612359375 0.52248946875 0.06861063437500001 0.561896996875 0.06861063437500001 0.561896996875 0.408447684375
3 0.359423834375 0.0696826765625 0.3573855140625 0.3634219546875 0.3186574265625 0.36234991562499996 0.3186574265625 0.39129502656250004 0.3580649546875 0.39129502656250004 0.356026634375 0.40094339687499997 0.37776871875 0.39987135625 0.3798070390625 0.0696826765625 0.430085609375 0.0696826765625 0.43076505000000004 0.030017153125 0.3403995109375 0.0289451109375 0.33904063125 0.06861063437500001 0.359423834375 0.0696826765625
3 0.24595665156250002 0.026792453124999997 0.192279521875 0.026792453124999997 0.192279521875 0.0664622640625 0.24595665156250002 0.0664622640625 0.24595665156250002 0.026792453124999997
3 0.83366965625 0.3709198109375 0.703221225 0.3709198109375 0.703221225 0.39771226406250004 0.83366965625 0.39771226406250004 0.83366965625 0.3709198109375
3 0.2765321375 0.36341981093750003 0.1617040359375 0.36341981093750003 0.1617040359375 0.3870047171875 0.2765321375 0.3870047171875 0.2765321375 0.36341981093750003
3 0.0665844546875 0.46204009375000005 0.043490284375 0.46204009375000005 0.043490284375 0.6410731125 0.0665844546875 0.6410731125 0.0665844546875 0.46204009375000005
3 0.0679440140625 0.388078903125 0.122978665625 0.38915094375 0.12365810625 0.3602058328125 0.0679440140625 0.359133790625 0.0686234546875 0.06432246875 0.10123658124999999 0.06432246875 0.10123658124999999 0.0257289875 0.0428047296875 0.023584906250000003 0.0428047296875 0.39665523125 0.0672645734375 0.39558319062499997 0.0679440140625 0.388078903125
3 0.0856094578125 0.9584048015625 0.0856094578125 0.9176672375000001 0.06590569375000001 0.9176672375000001 0.0645468125 0.7825900515625 0.04008696875 0.7815180093749999 0.0414458484375 0.9584048015625 0.0856094578125 0.9584048015625
6 0.2452765328125 0.4974292453125 0.065904334375 0.4974292453125 0.065904334375 0.5210141515625 0.2452765328125 0.5210141515625 0.2452765328125 0.4974292453125
6 0.3417583921875 0.9283876515625 0.3519499921875 0.92624356875 0.35262943281250003 0.5242281296875 0.7134121484375 0.5263722125 0.7127327078125 0.50600343125 0.2874031796875 0.5006432234375 0.286723740625 0.5231560890625 0.34243783125 0.5231560890625 0.3417583921875 0.9283876515625
6 0.9185949171875001 0.50920990625 0.75689088125 0.50920990625 0.75689088125 0.531733490625 0.9185949171875001 0.531733490625 0.9185949171875001 0.50920990625
6 0.8207623312500001 0.06969339687500001 0.813288490625 0.06969339687500001 0.813288490625 0.3720047171875 0.8207623312500001 0.3720047171875 0.8207623312500001 0.06969339687500001
6 0.917922271875 0.139351415625 0.9084155453125 0.139351415625 0.9084155453125 0.150082546875 0.917922271875 0.150082546875 0.917922271875 0.139351415625
0 0.9179236312500001 0.2304888515625 0.8757983421875 0.22941680937500003 0.8751189015625 0.28516295 0.91656475 0.2883790734375 0.9179236312500001 0.2304888515625
6 0.9172496265625 0.2894457546875 0.909775784375 0.2894457546875 0.909775784375 0.3001768875 0.9172496265625 0.3001768875 0.9172496265625 0.2894457546875