3 0.30525787968749996 0.293369271875 0.27439828125 0.293369271875 0.27439828125 0.3327762796875 0.30525787968749996 0.3327762796875 0.30525787968749996 0.293369271875
7 0.3063753578125 0.25710242656250004 0.274426934375 0.25710242656250004 0.274426934375 0.2944339625 0.3063753578125 0.2944339625 0.3063753578125 0.25710242656250004
3 0.18183821718749998 0.4447439359375 0.18294026875 0.4271200484375 0.1542869734375 0.42608335 0.1542869734375 0.44370723749999996 0.083755784375 0.44370723749999996 0.083755784375 0.47377151250000005 0.164205421875 0.47377151250000005 0.164205421875 0.48413850468749997 0.1994710171875 0.483101803125 0.1994710171875 0.4748082109375 0.30636984843750004 0.47377151250000005 0.307471896875 0.371138296875 0.275512453125 0.37010159531250003 0.2744104046875 0.44370723749999996 0.18183821718749998 0.4447439359375
7 0.30525787968749996 0.3327897578125 0.27439828125 0.3327897578125 0.27439828125 0.37114555312499997 0.30525787968749996 0.37114555312499997 0.30525787968749996 0.3327897578125
7 0.1443839546875 0.9174663078125 0.030859598437500003 0.9174663078125 0.030859598437500003 0.9485714281250001 0.1443839546875 0.9485714281250001 0.1443839546875 0.9174663078125
7 0.29755014375 0.9195417796875001 0.229212034375 0.9195417796875001 0.229212034375 0.9506469 0.29755014375 0.9506469 0.29755014375 0.9195417796875001
7 0.7736246421875 0.92060646875 0.6799570203124999 0.92060646875 0.6799570203124999 0.950660378125 0.7736246421875 0.950660378125 0.7736246421875 0.92060646875
1 0.16340122343750002 0.714649959375 0.1626268109375 0.8027974062500001 0.2849841234375 0.8027974062500001 0.2865329515625 0.8552487796875001 0.6179818796875 0.857434253125 0.6172074640625 0.8996867500000001 0.6729652296874999 0.9018722234375 0.6737396421875 0.9200845046874999 0.775187796875 0.9200845046874999 0.775962209375 0.9018722234375 0.86114768125 0.9018722234375 0.86114768125 0.85816274375 0.8836056671874999 0.8588912375 0.8843800828124999 0.8020689171875001 0.86114768125 0.8006119328124999 0.8626965078125 0.6745829375 0.8340432124999999 0.673854446875 0.8340432124999999 0.648357253125 0.645086346875 0.6476287593750001 0.645086346875 0.7896845640625 0.3182839 0.7904130546875 0.2966003265625 0.7707437890625 0.2966003265625 0.6476287593750001 0.031750948437499996 0.6461717796875 0.0309765359375 0.6942522046875 0.144815303125 0.6927952203125 0.16340122343750002 0.714649959375
3 0.43972779375000004 0.705983828125 0.41436962812499994 0.705983828125 0.41436962812499994 0.785822103125 0.43972779375000004 0.785822103125 0.43972779375000004 0.705983828125
3 0.40664756406249997 0.527681940625 0.244641834375 0.527681940625 0.244641834375 0.555660378125 0.40664756406249997 0.555660378125 0.40664756406249997 0.527681940625
5 0.1454727796875 0.0311185984375 0.001117478125 0.0311185984375 0.001117478125 0.088126684375 0.1454727796875 0.088126684375 0.1454727796875 0.0311185984375
3 0.0308573953125 0.6448268703125 0.0363676453125 0.6448268703125 0.0363676453125 0.6157992937500001 0.0308573953125 0.6157992937500001 0.029755343750000003 0.47273481093749997 0.049592240625 0.47377151250000005 0.049592240625 0.44578063281249997 0.03195944375 0.4447439359375 0.0330614953125 0.08915612656250001 0 0.08915612656250001 0.0022041 0.9506531218750001 0.0308573953125 0.9506531218750001 0.0308573953125 0.6448268703125
2 0.0683270890625 0.12751399531250002 0.0694291375 0.117147003125 0.091470134375 0.11611030468750001 0.0903680859375 0.087082728125 0.0672250375 0.087082728125 0.0661229890625 0.0756790375 0.0562045421875 0.0767157359375 0.0562045421875 0.088119428125 0.03195944375 0.087082728125 0.03195944375 0.118183703125 0.057306590625 0.1192204015625 0.058408639062500003 0.12751399531250002 0.0683270890625 0.12751399531250002
3 0.2744104046875 0.25606469062500004 0.30636984843750004 0.25606469062500004 0.3052678 0.087082728125 0.091470134375 0.088119428125 0.0903680859375 0.118183703125 0.273308353125 0.120257103125 0.2744104046875 0.25606469062500004
2 0.1994555875 0.5639622640625 0.1697134671875 0.5639622640625 0.1697134671875 0.599218328125 0.1994555875 0.599218328125 0.1994555875 0.5639622640625
3 0.200573065625 0.55567074375 0.20938946406249997 0.5567074453124999 0.208287415625 0.52560646875 0.1994710171875 0.52560646875 0.1994710171875 0.5152394765625 0.1675115703125 0.516276178125 0.166409521875 0.5639643375000001 0.202777165625 0.5639643375000001 0.200573065625 0.55567074375
3 0.0727352859375 0.6469002703125 0.40886048124999996 0.6469002703125 0.41106457812499997 0.675927846875 0.4419219734375 0.675927846875 0.44302402656249995 0.6469002703125 0.6502093890625 0.6469002703125 0.649107340625 0.6168359953125 0.55543310625 0.6157992937500001 0.5543310546875 0.5929919140625 0.5201675125 0.5929919140625 0.5212695609375 0.6157992937500001 0.26559400625 0.6209827890625 0.2666960546875 0.639643375 0.2369407109375 0.639643375 0.23473661093749998 0.6209827890625 0.200573065625 0.61890939375 0.200573065625 0.598175409375 0.1675115703125 0.5971387109374999 0.1675115703125 0.613725896875 0.0705311890625 0.613725896875 0.0727352859375 0.6469002703125
3 0.8618029546875 0.8013684421875 0.894864446875 0.8003317437499999 0.8915582984375 0.6469002703125 0.9102931468750001 0.64897366875 0.906986996875 0.6178726921875 0.8684152515625 0.61890939375 0.8684152515625 0.5753680265625001 0.833149659375 0.5753680265625001 0.833149659375 0.6168359953125 0.684372934375 0.6147625953125 0.6854749828125 0.64897366875 0.862905003125 0.6479369671875 0.8618029546875 0.8013684421875
6 0.8948710609375 0.8013746625 0.8860458453125 0.8013746625 0.8860458453125 0.8594339625 0.8948710609375 0.8594339625 0.8948710609375 0.8013746625
6 0.9433381093750001 0.6178571421875 0.906977078125 0.6178571421875 0.906977078125 0.6282345015625 0.9433381093750001 0.6282345015625 0.9433381093750001 0.6178571421875
6 0.9091833812499999 0.671778975 0.8926504296875001 0.671778975 0.8926504296875001 0.681105121875 0.9091833812499999 0.681105121875 0.9091833812499999 0.671778975
6 0.8651146125 0.6469002703125 0.8342550140625 0.6469002703125 0.8342550140625 0.6728301890624999 0.8651146125 0.6728301890624999 0.8651146125 0.6469002703125
3 0.77363896875 0.9174787468750001 0.77363896875 0.95168981875 0.9102931468750001 0.9527265171874999 0.9091910953125 0.9195521453125 0.897068546875 0.918515446875 0.8959664984375 0.8583868953125 0.862905003125 0.8594235953125 0.8640070546875 0.9174787468750001 0.77363896875 0.9174787468750001
3 0.5157593125 0.8583868953125 0.5135552125 0.9236989437500001 0.5245757109375 0.9444329249999999 0.5389023578125001 0.95168981875 0.682168834375 0.95168981875 0.6799647328125 0.9195521453125 0.5366982578124999 0.9205888468750001 0.537800309375 0.8583868953125 0.5157593125 0.8583868953125
3 0.29534935 0.9174787468750001 0.29534935 0.9506531218750001 0.4375137765625 0.95168981875 0.448534275 0.948579721875 0.46065682187499996 0.93613933125 0.46286092187500005 0.9205888468750001 0.45955477031249997 0.8573501968749999 0.4176768796875 0.8563134984375 0.4176768796875 0.9195521453125 0.29534935 0.9174787468750001
3 0.672249284375 0.9050269546875 0.6127363890625 0.9050269546875 0.6127363890625 0.9205795140624999 0.672249284375 0.9205795140624999 0.672249284375 0.9050269546875
1 0.5490590890625 0.9193560140624999 0.6141098109375001 0.9193560140624999 0.6148842265625001 0.900415240625 0.5924262375 0.900415240625 0.59320065 0.868361621875 0.5374428875 0.8669046421875001 0.5382173015625 0.8996867500000001 0.5490590890625 0.8996867500000001 0.5490590890625 0.9193560140624999
3 0.6138395421875 0.8677088953125001 0.5951002859375001 0.8677088953125001 0.5951002859375001 0.8998382749999999 0.6138395421875 0.8998382749999999 0.6138395421875 0.8677088953125001
4 0.2307751890625 0.9186275234375 0.2927282578125 0.9171705390625 0.2942770859375 0.9040576953125001 0.3686207703125 0.9040576953125001 0.37016959531250004 0.9186275234375 0.41740881406249997 0.9186275234375 0.4181832265625 0.8676331328125 0.272593509375 0.8661761484375001 0.271819096875 0.8151817578125 0.1618523953125 0.8129962859375001 0.1626268109375 0.9040576953125001 0.2307751890625 0.9047861890625001 0.2307751890625 0.9186275234375
3 0.3702865328125 0.90504043125 0.2942406875 0.90504043125 0.2942406875 0.9195417796875001 0.3702865328125 0.9195417796875001 0.3702865328125 0.90504043125
3 0.22922636093749998 0.9205795140624999 0.143266475 0.9205795140624999 0.143266475 0.9496091640625 0.22922636093749998 0.9496091640625 0.22922636093749998 0.9205795140624999
3 0.22922636093749998 0.90504043125 0.14217765 0.90504043125 0.14217765 0.9195417796875001 0.22922636093749998 0.9195417796875001 0.22922636093749998 0.90504043125
2 0.685458453125 0.6168463609375 0.649097421875 0.6168463609375 0.649097421875 0.6479514828124999 0.685458453125 0.6479514828124999 0.685458453125 0.6168463609375
2 0.07272206249999999 0.615808625 0.034154728125 0.615808625 0.034154728125 0.645862534375 0.07272206249999999 0.645862534375 0.07272206249999999 0.615808625
2 0.200573065625 0.48309972968750003 0.16641833749999999 0.48309972968750003 0.16641833749999999 0.5142048515625001 0.200573065625 0.5142048515625001 0.200573065625 0.48309972968750003
1 0.23774490781250002 0.63961535625 0.267172615625 0.63961535625 0.26794703124999997 0.6184891078125 0.3082165265625 0.6192176015624999 0.3082165265625 0.5580243312500001 0.20134747812499998 0.5572958406249999 0.1990242375 0.6170321265625 0.23697049531249997 0.6184891078125 0.23774490781250002 0.63961535625
6 0.32070200625 0.5546226421875 0.3096704875 0.5546226421875 0.3096704875 0.61890835625 0.32070200625 0.61890835625 0.32070200625 0.5546226421875
1 0.08595988593750001 0.1755664015625 0.0332997765625 0.1748379109375 0.031750948437499996 0.44510818125 0.0875087140625 0.44437969062500005 0.08595988593750001 0.1755664015625
6 0.048782234375 0.16390835625 0.02863896875 0.16390835625 0.02863896875 0.174097034375 0.048782234375 0.174097034375 0.048782234375 0.16390835625
2 0.059510690624999994 0.18142235 0.0705311890625 0.1824590515625 0.0705311890625 0.17416545781249998 0.0826537359375 0.17416545781249998 0.0826537359375 0.163798465625 0.0672250375 0.163798465625 0.0694291375 0.154468171875 0.0606127390625 0.153431475 0.058408639062500003 0.162761765625 0.0462860921875 0.163798465625 0.0462860921875 0.1710553578125 0.057306590625 0.172092059375 0.059510690624999994 0.18142235
4 0.27257879687500003 0.23966307343749998 0.09911174843750001 0.23966307343749998 0.09911174843750001 0.3737062 0.27257879687500003 0.3737062 0.27257879687500003 0.23966307343749998
6 0.27491675 0.2382166515625 0.272593509375 0.2265607921875 0.0983504984375 0.2272892828125 0.0975760859375 0.2032490703125 0.08828312656250001 0.20397756406249998 0.0890575390625 0.28702556874999996 0.0998993265625 0.286297078125 0.0998993265625 0.2382166515625 0.27491675 0.2382166515625
2 0.0774413375 0.1923217015625 0.0867342984375 0.19305019375000002 0.0875087140625 0.2032490703125 0.0991249140625 0.2047060546875 0.10067373906249999 0.195964159375 0.1084178734375 0.194507175 0.1084178734375 0.184308296875 0.0998993265625 0.18357980625 0.0983504984375 0.17338092656249998 0.08595988593750001 0.1726524359375 0.0867342984375 0.18212282500000002 0.07821575 0.184308296875 0.0774413375 0.1923217015625
2 0.073569271875 0.297224446875 0.07202044375 0.3059663453125 0.08828312656250001 0.3059663453125 0.0875087140625 0.323450134375 0.0983504984375 0.323450134375 0.0983504984375 0.3066948359375 0.1138387671875 0.3066948359375 0.1138387671875 0.30086690625 0.10067373906249999 0.30086690625 0.0998993265625 0.28556858749999997 0.0890575390625 0.286297078125 0.08828312656250001 0.29868143125 0.073569271875 0.297224446875
2 0.068922790625 0.4064981421875 0.07124603125 0.414511546875 0.0875087140625 0.41596852812499996 0.0867342984375 0.427624390625 0.0998993265625 0.427624390625 0.0998993265625 0.4152400375 0.11538759375 0.414511546875 0.11461318125 0.4072266328125 0.0991249140625 0.4064981421875 0.10067373906249999 0.3941137890625 0.0890575390625 0.391928315625 0.08828312656250001 0.40576965156250006 0.068922790625 0.4064981421875
2 0.2207078140625 0.5733226499999999 0.23000077343749997 0.574051140625 0.23000077343749997 0.5558388578125 0.24394021562499998 0.5558388578125 0.24471462812500003 0.5259707140625001 0.23154960156249998 0.5252422234375 0.23154960156249998 0.5084869249999999 0.2222566421875 0.50775843125 0.2222566421875 0.5252422234375 0.20909161250000002 0.523785240625 0.2098660265625 0.5551103671875001 0.2214822265625 0.5551103671875001 0.2207078140625 0.5733226499999999
1 0.076666925 0.5259707140625001 0.1664988765625 0.5245137328125 0.1672732890625 0.47424783281250005 0.0302021234375 0.47279084843749997 0.031750948437499996 0.6170321265625 0.076666925 0.6155751421875 0.076666925 0.5259707140625001
6 0.0898319515625 0.5252422234375 0.0774413375 0.5259707140625001 0.0774413375 0.6163036359375 0.0890575390625 0.6170321265625 0.0898319515625 0.5252422234375
1 0.1130802296875 0.53398921875 0.08984240624999999 0.53398921875 0.08984240624999999 0.6148517515624999 0.1130802296875 0.6148517515624999 0.1130802296875 0.53398921875
2 0.0975760859375 0.5135863640625 0.0975760859375 0.5252422234375 0.0898319515625 0.5252422234375 0.0898319515625 0.534712609375 0.0975760859375 0.5354411031249999 0.0975760859375 0.5441829968749999 0.10532022031249999 0.5441829968749999 0.10686904531250001 0.5354411031249999 0.1138387671875 0.5361695937500001 0.1138387671875 0.523785240625 0.1060946328125 0.5259707140625001 0.10764346093749999 0.5143148546874999 0.0975760859375 0.5135863640625
1 0.1672636109375 0.5755121296875 0.12700573125 0.5755121296875 0.12700573125 0.614838275 0.1672636109375 0.614838275 0.1672636109375 0.5755121296875
6 0.113064353125 0.5849785093750001 0.12622938125 0.5842500187499999 0.12545496875 0.5755081234375 0.16804770468750002 0.57477963125 0.16572446406250002 0.5645807515625 0.12468055625 0.5660377359375001 0.12313172812499999 0.5631237703124999 0.1122899390625 0.5638522609375001 0.113064353125 0.5849785093750001
2 0.10299697968749999 0.545639978125 0.10299697968749999 0.5543818765624999 0.1099666984375 0.5543818765624999 0.1107411140625 0.5638522609375001 0.12468055625 0.5653092453124999 0.12390614062500001 0.5551103671875001 0.135522340625 0.5536533828125 0.135522340625 0.5470969625000001 0.12545496875 0.5470969625000001 0.12700379374999998 0.5398120484375 0.1122899390625 0.5383550671874999 0.1122899390625 0.5463684718749999 0.10299697968749999 0.545639978125
2 0.10067373906249999 0.5915349296875 0.1014481515625 0.599548334375 0.1122899390625 0.6002768281249999 0.113064353125 0.6075617390625 0.12468055625 0.609018721875 0.12468055625 0.5988198437500001 0.135522340625 0.6002768281249999 0.13629675624999998 0.5908064390625001 0.12545496875 0.5900779484374999 0.12622938125 0.5820645437499999 0.1122899390625 0.5813360546874999 0.1122899390625 0.5908064390625001 0.10067373906249999 0.5915349296875
4 0.41276233281249997 0.7773002109375 0.4135367453125 0.7190209078125 0.31208859375000003 0.717563925 0.310539765625 0.76564435 0.325253621875 0.7773002109375 0.41276233281249997 0.7773002109375
6 0.41276233281249997 0.778028703125 0.325253621875 0.7765717203125 0.310539765625 0.76418736875 0.310539765625 0.717563925 0.3647487015625 0.716835434375 0.3639742890625 0.70445108125 0.30976535312500003 0.7059080640625 0.30899093906249997 0.6971661703125 0.2989235640625 0.6971661703125 0.2981491515625 0.7700152984375 0.3190583125 0.7896845640625 0.4143111609375 0.7882275796875 0.41276233281249997 0.778028703125
2 0.2873073640625 0.6767684125 0.2888561921875 0.6862388 0.2973747390625 0.6862388 0.2966003265625 0.6971661703125 0.31131418125 0.6971661703125 0.310539765625 0.68769578125 0.319832728125 0.6847818171875 0.320607140625 0.678225396875 0.310539765625 0.67531143125 0.31208859375000003 0.6672980265625 0.2981491515625 0.66584104375 0.2973747390625 0.6767684125 0.2873073640625 0.6767684125
6 0.273367921875 0.8137247765625 0.2741423375 0.82173818125 0.2826608859375 0.821009690625 0.28343529843750004 0.8042543875 0.1618523953125 0.803525896875 0.16340122343750002 0.794784003125 0.1517850234375 0.7969694765625001 0.15023619531250001 0.9047861890625001 0.16340122343750002 0.9047861890625001 0.1626268109375 0.8122677921875001 0.273367921875 0.8137247765625
2 0.15023619531250001 0.7860421078125001 0.1494617828125 0.79551249375 0.16340122343750002 0.79551249375 0.1626268109375 0.7867705984375 0.17269418281249999 0.7867705984375 0.17269418281249999 0.7773002109375 0.1626268109375 0.7773002109375 0.16107798281250002 0.7649158593750001 0.1494617828125 0.76564435 0.1494617828125 0.7758432296875 0.140168821875 0.7758432296875 0.140943234375 0.7845851234375 0.15023619531250001 0.7860421078125001
1 0.1494617828125 0.7233918546875 0.13629675624999998 0.7059080640625 0.0309765359375 0.7051795734375 0.0302021234375 0.7437896125 0.15023619531250001 0.7437896125 0.1494617828125 0.7233918546875
6 0.1618523953125 0.71537845 0.1440408875 0.6949806953125 0.061953071875 0.6964376765625 0.061953071875 0.7051795734375 0.13784558125 0.7051795734375 0.15101061093749998 0.7219348734375 0.15023619531250001 0.744518103125 0.031750948437499996 0.7437896125 0.031750948437499996 0.7539884906250001 0.15023619531250001 0.75471698125 0.15023619531250001 0.76564435 0.1618523953125 0.766372840625 0.1618523953125 0.71537845
6 0.0379512890625 0.695700809375 0.0294412609375 0.695700809375 0.0294412609375 0.705161725 0.0379512890625 0.705161725 0.0379512890625 0.695700809375
2 0.048788043749999996 0.713192978125 0.05885541875 0.71392146875 0.05885541875 0.70445108125 0.065050725 0.7051795734375 0.064276309375 0.6949806953125 0.058081003124999996 0.6949806953125 0.057306590625 0.68769578125 0.04956245625 0.688424271875 0.048788043749999996 0.6942522046875 0.0379462546875 0.6949806953125 0.0379462546875 0.70445108125 0.050336870312500004 0.7051795734375 0.048788043749999996 0.713192978125
2 0.37946255624999997 0.731405259375 0.387981103125 0.731405259375 0.38875551875 0.7161069437500001 0.40192054375 0.716835434375 0.403469371875 0.7051795734375 0.38875551875 0.70445108125 0.387206690625 0.6913382375 0.37791373125 0.6913382375 0.37713931875 0.70445108125 0.3639742890625 0.70445108125 0.3639742890625 0.716835434375 0.37868814375 0.716835434375 0.37946255624999997 0.731405259375
6 0.5544799828125 0.716835434375 0.5544799828125 0.6993516421875 0.5451870203125 0.6993516421875 0.5436381953125 0.7051795734375 0.5366684734375 0.70445108125 0.535119646875 0.717563925 0.5420893671875 0.717563925 0.5428637796875 0.778028703125 0.43986680156249996 0.778028703125 0.440641215625 0.7882275796875 0.5544799828125 0.7889560734375001 0.5544799828125 0.72849129375 0.584682103125 0.72849129375 0.583907690625 0.7904130546875 0.644311934375 0.7896845640625 0.644311934375 0.7714722796875 0.634244559375 0.7714722796875 0.6334701468749999 0.77875719375 0.596298303125 0.77875719375 0.594749478125 0.7292197875 0.6319213203125 0.7292197875 0.6334701468749999 0.738690171875 0.644311934375 0.74014715625 0.643537521875 0.648357253125 0.6334701468749999 0.648357253125 0.634244559375 0.7161069437500001 0.5544799828125 0.716835434375
4 0.440641215625 0.7773002109375 0.5428637796875 0.7765717203125 0.5436381953125 0.718292415625 0.468520096875 0.716835434375 0.468520096875 0.737233190625 0.440641215625 0.738690171875 0.440641215625 0.7773002109375
2 0.51033841875 0.7321337515625 0.52118020625 0.7335907328125 0.52040579375 0.718292415625 0.535119646875 0.718292415625 0.5358940609375 0.7066365546875 0.5235034468750001 0.7059080640625 0.5235034468750001 0.688424271875 0.513436071875 0.688424271875 0.513436071875 0.7051795734375 0.4979478046875 0.70445108125 0.4971733921875 0.716835434375 0.51033841875 0.717563925 0.51033841875 0.7321337515625
2 0.5645473546875001 0.7976979671875 0.573065903125 0.7976979671875 0.573840315625 0.7896845640625 0.583907690625 0.7889560734375001 0.583907690625 0.778028703125 0.573840315625 0.778028703125 0.57461473125 0.7700152984375 0.5645473546875001 0.767101334375 0.5629985265624999 0.778028703125 0.5537055671875 0.77875719375 0.5537055671875 0.7896845640625 0.5622241140625001 0.7904130546875 0.5645473546875001 0.7976979671875
1 0.6334670484375 0.7306738546875 0.5955300859375 0.7306738546875 0.5955300859375 0.7773045828125 0.6334670484375 0.7773045828125 0.6334670484375 0.7306738546875
2 0.6319213203125 0.7620018953125001 0.6311469046875 0.7729292640625001 0.648184 0.7736577546875 0.646635175 0.7612734015625 0.6559281343750001 0.7620018953125001 0.65437930625 0.753259996875 0.644311934375 0.751803015625 0.643537521875 0.74014715625 0.6311469046875 0.740875646875 0.6311469046875 0.75253150625 0.6241771859374999 0.753259996875 0.6218539453124999 0.7627303859375 0.6319213203125 0.7620018953125001
1 0.4119879203125 0.6469002703125 0.310539765625 0.6469002703125 0.30976535312500003 0.7051795734375 0.5428637796875 0.7059080640625 0.5428637796875 0.648357253125 0.44296445625 0.648357253125 0.44296445625 0.67531143125 0.4119879203125 0.67531143125 0.4119879203125 0.6469002703125
2 0.531247578125 0.6833248359375 0.53202199375 0.6913382375 0.5428637796875 0.6913382375 0.5420893671875 0.702265609375 0.5537055671875 0.702265609375 0.5544799828125 0.6927952203125 0.5645473546875001 0.68988125625 0.5637729421875 0.6840533265625 0.5560288078125 0.6818678515625 0.5560288078125 0.6702119921875 0.5405405421875 0.6702119921875 0.5413149546875 0.6833248359375 0.531247578125 0.6833248359375
2 0.568419421875 0.8800174828125 0.57693796875 0.8792889921875 0.577712384375 0.870547096875 0.58855416875 0.86981860625 0.589328584375 0.857434253125 0.580035621875 0.857434253125 0.578486796875 0.8501493390625001 0.56996825 0.8501493390625001 0.568419421875 0.8552487796875001 0.5568032203125 0.8545202890624999 0.5583520484375 0.8690901125 0.567645009375 0.8676331328125 0.568419421875 0.8800174828125
6 0.272593509375 0.8669046421875001 0.4181832265625 0.8669046421875001 0.41740881406249997 0.857434253125 0.2849841234375 0.8567057625000001 0.2842097109375 0.8508778328125001 0.272593509375 0.8516063234375 0.272593509375 0.8669046421875001
2 0.2873073640625 0.8414074453125 0.2935026703125 0.8392219703125001 0.2919538453125 0.83412253125 0.2865329515625 0.83266555 0.2842097109375 0.81955270625 0.271819096875 0.821009690625 0.26794703124999997 0.8348510250000001 0.2741423375 0.8516063234375 0.28808177968750004 0.8523348140625 0.2873073640625 0.8414074453125
6 0.616446990625 0.8574528296875 0.5893409734375 0.8574528296875 0.5893409734375 0.868369271875 0.616446990625 0.868369271875 0.616446990625 0.8574528296875
1 0.5149849 0.8690901125 0.46077596249999997 0.8676331328125 0.461550375 0.9186275234375 0.5149849 0.9178990328125 0.5149849 0.8690901125
6 0.5157736390625 0.85818059375 0.4592406875 0.85818059375 0.4592406875 0.8676415093750001 0.5157736390625 0.8676415093750001 0.5157736390625 0.85818059375
6 0.517306590625 0.9186388140625 0.45999999999999996 0.9186388140625 0.45999999999999996 0.9280997296875 0.517306590625 0.9280997296875 0.517306590625 0.9186388140625
6 0.553696275 0.64617250625 0.5428653296875 0.64617250625 0.5428653296875 0.6702156328125 0.553696275 0.6702156328125 0.553696275 0.64617250625
6 0.30977077343750004 0.6469002703125 0.29739255 0.6469002703125 0.29739255 0.6665768187500001 0.30977077343750004 0.6665768187500001 0.30977077343750004 0.6469002703125
6 0.12312320937500001 0.6075741234375001 0.1138395421875 0.6075741234375001 0.1138395421875 0.6163072781250001 0.12312320937500001 0.6163072781250001 0.12312320937500001 0.6075741234375001
6 0.3004723921875 0.5252422234375 0.3175094875 0.5259707140625001 0.31673507500000003 0.4771617984375 0.339967475 0.4771617984375 0.338418646875 0.46186347968749997 0.30744211250000003 0.46186347968749997 0.30744211250000003 0.47279084843749997 0.3004723921875 0.4720623578125 0.3004723921875 0.5252422234375
6 0.1138387671875 0.1748379109375 0.11461318125 0.1682814875 0.273367921875 0.1682814875 0.271819096875 0.156625628125 0.1138387671875 0.15735411875 0.113064353125 0.11874408125 0.1022225671875 0.119472571875 0.1022225671875 0.1639105421875 0.08208781875 0.1646390328125 0.08131340468750001 0.1741094203125 0.1138387671875 0.1748379109375
6 0.27491675 0.386828878125 0.2741423375 0.375173015625 0.0991249140625 0.375173015625 0.0983504984375 0.323450134375 0.0875087140625 0.324178625 0.08828312656250001 0.391199825 0.0975760859375 0.39265680937499997 0.0983504984375 0.3853718953125 0.27491675 0.386828878125
2 0.08363896875 0.44439353125 0.0487965609375 0.44439353125 0.0487965609375 0.472803234375 0.08363896875 0.472803234375 0.08363896875 0.44439353125
4 0.15333385156249998 0.42616740625 0.182761559375 0.42616740625 0.18353597187499998 0.44292270624999996 0.27646557656250004 0.44365119999999997 0.2756911640625 0.38755736875 0.0998993265625 0.386828878125 0.10067373906249999 0.44292270624999996 0.15255943593750002 0.44292270624999996 0.15333385156249998 0.42616740625
6 0.09911174843750001 0.4283557953125 0.0882808015625 0.4283557953125 0.0882808015625 0.44366576875 0.09911174843750001 0.44366576875 0.09911174843750001 0.4283557953125
1 0.1665042984375 0.5390835578125001 0.12547277968749998 0.5390835578125001 0.12547277968749998 0.5645822109374999 0.1665042984375 0.5645822109374999 0.1665042984375 0.5390835578125001
6 0.1672636109375 0.5252560640625 0.113825215625 0.5252560640625 0.113825215625 0.5369002703125 0.1672636109375 0.5369002703125 0.1672636109375 0.5252560640625
1 0.101446990625 0.11947439374999999 0.0340830953125 0.11947439374999999 0.0340830953125 0.1639218328125 0.101446990625 0.1639218328125 0.101446990625 0.11947439374999999
1 0.27336676249999997 0.1202156328125 0.114598853125 0.1202156328125 0.114598853125 0.155902965625 0.27336676249999997 0.155902965625 0.27336676249999997 0.1202156328125
4 0.0975760859375 0.2251038109375 0.273367921875 0.2251038109375 0.272593509375 0.17046696249999999 0.11461318125 0.16900998125 0.11538759375 0.1755664015625 0.0983504984375 0.1748379109375 0.0975760859375 0.2251038109375
1 0.3004727796875 0.4742452828125 0.20136103125 0.4742452828125 0.20136103125 0.524514825 0.3004727796875 0.524514825 0.3004727796875 0.4742452828125
4 0.044141560937500005 0.9178990328125 0.141717646875 0.9178990328125 0.141717646875 0.9055146796875 0.14868737031249998 0.9040576953125001 0.1494617828125 0.756173965625 0.0325253609375 0.755445471875 0.034074189062499996 0.9018722234375 0.0433671484375 0.9011437296875 0.044141560937500005 0.9178990328125
3 0.0433524359375 0.9033153640625 0.032521490624999996 0.9033153640625 0.032521490624999996 0.9171698109375 0.0433524359375 0.9171698109375 0.0433524359375 0.9033153640625
1 0.8650143265624999 0.90987870625 0.7836962749999999 0.90987870625 0.7836962749999999 0.919339621875 0.8650143265624999 0.919339621875 0.8650143265624999 0.90987870625
6 0.776736621875 0.9018722234375 0.776736621875 0.9208129968750001 0.781383103125 0.9178990328125 0.782157515625 0.9091571343749999 0.8650197484375 0.90842864375 0.8642453359375001 0.9018722234375 0.776736621875 0.9018722234375
1 0.5838968484375 0.7299326140625 0.555243553125 0.7299326140625 0.555243553125 0.7772911046875 0.5838968484375 0.7772911046875 0.5838968484375 0.7299326140625
4 0.6327077359375 0.6483557953125 0.5552578796875001 0.6483557953125 0.5552578796875001 0.7153638812499999 0.6327077359375 0.7153638812499999 0.6327077359375 0.6483557953125
3 0.46696275 0.7153773578125 0.4398567328125 0.7153773578125 0.4398567328125 0.738692721875 0.46696275 0.738692721875 0.46696275 0.7153773578125
6 0.41276504375 0.7051752015625 0.4011604578125 0.7051752015625 0.4011604578125 0.71681940625 0.41276504375 0.71681940625 0.41276504375 0.7051752015625
6 0.49640401093750003 0.7051752015625 0.44141833750000004 0.7051752015625 0.44141833750000004 0.7153638812499999 0.49640401093750003 0.7153638812499999 0.49640401093750003 0.7051752015625
3 0.5482808015625 0.8996900265625 0.538997134375 0.8996900265625 0.538997134375 0.9215498656250001 0.5482808015625 0.9215498656250001 0.5482808015625 0.8996900265625