3 0.602582496875 0.27879901875 0.602582496875 0.466707515625 0.6334841625000001 0.46568627500000004 0.6334841625000001 0.330882353125 0.8707648156250001 0.330882353125 0.8707648156250001 0.377859478125 0.916013684375 0.37888071874999996 0.9149100546875 0.2930964046875 0.643416840625 0.2920751625 0.6456241031250001 0.27777777812500004 0.602582496875 0.27879901875
7 0.91379925 0.3778645828125 0.8718667921875 0.3778645828125 0.8718667921875 0.44015624999999997 0.91379925 0.44015624999999997 0.91379925 0.3778645828125
7 0.07834896875 0.4912239578125 0.0375234515625 0.4912239578125 0.0375234515625 0.5841579859375 0.07834896875 0.5841579859375 0.07834896875 0.4912239578125
7 0.3542682921875 0.83741319375 0.25162288906249997 0.83741319375 0.25162288906249997 0.8772395828124999 0.3542682921875 0.8772395828124999 0.3542682921875 0.83741319375
7 0.8001313328125 0.73835069375 0.7008067546875 0.73835069375 0.7008067546875 0.7781770828125001 0.8001313328125 0.7781770828125001 0.8001313328125 0.73835069375
4 0.43924015 0.214453125 0.17546904375 0.214453125 0.17546904375 0.41155381875 0.43924015 0.41155381875 0.43924015 0.214453125
7 0.3531613515625 0.175659721875 0.2549437140625 0.175659721875 0.2549437140625 0.2154861109375 0.3531613515625 0.2154861109375 0.3531613515625 0.175659721875
2 0.643414634375 0.107222221875 0.627954971875 0.107222221875 0.627954971875 0.1613541671875 0.643414634375 0.1613541671875 0.643414634375 0.107222221875
4 0.174216028125 0.625 0.1708657203125 0.8358134906249999 0.43889037656249996 0.8382936515624999 0.43889037656249996 0.44146825312500004 0.0797373359375 0.4396081359375 0.0790672734375 0.6237599203124999 0.174216028125 0.625
2 0.359784240625 0.41360243125 0.2140994375 0.41360243125 0.2140994375 0.44014756874999994 0.359784240625 0.44014756874999994 0.359784240625 0.41360243125
2 0.46903377187500006 0.4912239578125 0.4403470921875 0.4912239578125 0.4403470921875 0.589262153125 0.46903377187500006 0.589262153125 0.46903377187500006 0.4912239578125
2 0.6445204734375001 0.22875817031249998 0.603686128125 0.22977941093749998 0.603686128125 0.2767565359375 0.643416840625 0.27573529375 0.6643858296875 0.23182189531250003 0.6445204734375001 0.22875817031249998
1 0.7339211999999999 0.46671874999999996 0.6323827390625001 0.46671874999999996 0.6323827390625001 0.5514756937499999 0.7339211999999999 0.5514756937499999 0.7339211999999999 0.46671874999999996
2 0.6985983890624999 0.469771240625 0.6974947578124999 0.44934640468750003 0.6445204734375001 0.44934640468750003 0.6445204734375001 0.469771240625 0.647831365625 0.49836601406250003 0.6985983890624999 0.469771240625
6 0.872972078125 0.5514705890625 0.74826178125 0.5524918296875 0.74826178125 0.510620915625 0.7339145796875 0.510620915625 0.735018209375 0.5524918296875 0.7030129125 0.5514705890625 0.705220175 0.5627042484375 0.871868446875 0.5627042484375 0.872972078125 0.5514705890625
2 0.74826178125 0.466707515625 0.735018209375 0.469771240625 0.736121840625 0.51164215625 0.74715815 0.510620915625 0.7758525546875 0.5065359484374999 0.74826178125 0.466707515625
3 0.6003752343750001 0.550449346875 0.6014788656250001 0.736315359375 0.5705771984375 0.7373366 0.5727844609375 0.7761437921875001 0.7019092812500001 0.778186275 0.7008056515625001 0.7373366 0.6334841625000001 0.7373366 0.6334841625000001 0.5524918296875 0.6003752343750001 0.550449346875
4 0.8696529078124999 0.5637239578125001 0.6323733578125 0.5637239578125001 0.6323733578125 0.738359375 0.8696529078124999 0.738359375 0.8696529078124999 0.5637239578125001
2 0.7063238046875 0.5637254890625 0.705220175 0.5545343140625 0.6456241031250001 0.5524918296875 0.6423132093749999 0.5637254890625 0.69970201875 0.593341503125 0.7063238046875 0.5637254890625
1 0.6147279546875 0.775112846875 0.48118198906250004 0.775112846875 0.48118198906250004 0.8700954859375001 0.6147279546875 0.8700954859375001 0.6147279546875 0.775112846875
2 0.5716808296875 0.7761437921875001 0.5716808296875 0.73835784375 0.49994481874999996 0.73835784375 0.49884118749999995 0.773080065625 0.5485045796875 0.8016748375 0.5716808296875 0.7761437921875001
3 0.44145237968749995 0.41156045781249995 0.3586800578125 0.41258169999999994 0.36088731875 0.44117647031249996 0.439245115625 0.4401552296875 0.440348746875 0.49325980312500006 0.4701467828125 0.49223856250000003 0.47125041406249996 0.21650326718750001 0.6058933890625 0.21650326718750001 0.603686128125 0.23080065312500003 0.643416840625 0.22977941093749998 0.643416840625 0.1766748375 0.352058271875 0.174632353125 0.3542655328125 0.21650326718750001 0.44145237968749995 0.2175245109375 0.44145237968749995 0.41156045781249995
3 0.035316189062499996 0.490196078125 0.0805650578125 0.490196078125 0.0805650578125 0.44117647031249996 0.21520803437499997 0.4401552296875 0.21520803437499997 0.41258169999999994 0.1743736890625 0.41258169999999994 0.1765809515625 0.21650326718750001 0.25383511875 0.21650326718750001 0.2549387484375 0.174632353125 0.1313320828125 0.17361111093749998 0.1302284515625 0.3982843140625 0.0375234515625 0.40032679687500006 0.035316189062499996 0.490196078125
3 0.2549387484375 0.8782679734375 0.25383511875 0.8363970593750001 0.172166428125 0.8374183000000001 0.1743736890625 0.623978759375 0.081668690625 0.622957515625 0.0805650578125 0.58210784375 0.035316189062499996 0.58210784375 0.034212559375 0.6658496734375 0.12802118906249998 0.666870915625 0.125813928125 0.8782679734375 0.2549387484375 0.8782679734375
3 0.4822867234375 0.7761437921875001 0.49994481874999996 0.7751225484375001 0.49994481874999996 0.736315359375 0.4701467828125 0.736315359375 0.4701467828125 0.58823529375 0.439245115625 0.58823529375 0.4382203171875 0.6529017859375 0.4308496375 0.6529017859375 0.43151970000000006 0.7018849203124999 0.4382203171875 0.7018849203124999 0.439245115625 0.8384395421875 0.355369165625 0.8374183000000001 0.3542655328125 0.8772467328125 0.47897583125 0.8752042484375 0.4822867234375 0.7761437921875001
3 0.871868446875 0.4401552296875 0.871868446875 0.73835784375 0.8023396984375 0.73835784375 0.803443328125 0.779207515625 0.9149100546875 0.780228759375 0.9138064234375 0.4401552296875 0.871868446875 0.4401552296875
6 0.643414634375 0.08680555625 0.6268667921875 0.08680555625 0.6268667921875 0.107222221875 0.643414634375 0.107222221875 0.643414634375 0.08680555625
3 0.6555440906250001 0.0622916671875 0.6268574109375 0.0622916671875 0.6268574109375 0.08680555625 0.6555440906250001 0.08680555625 0.6555440906250001 0.0622916671875
6 0.9160225140625 0.08680555625 0.8972607874999999 0.08680555625 0.8972607874999999 0.2951388890625 0.9160225140625 0.2951388890625 0.9160225140625 0.08680555625
3 0.917120075 0.061276042187500004 0.8862195125 0.061276042187500004 0.8862195125 0.08782118125 0.917120075 0.08782118125 0.917120075 0.061276042187500004
6 0.6445215765625 0.16032986093749999 0.62575985 0.16032986093749999 0.62575985 0.177690971875 0.6445215765625 0.177690971875 0.6445215765625 0.16032986093749999
1 0.8998968109375 0.07811631875 0.64393058125 0.07811631875 0.64393058125 0.29327256875 0.8998968109375 0.29327256875 0.8998968109375 0.07811631875
6 0.88621013125 0.062300346875 0.6533395875 0.062300346875 0.6533395875 0.078637153125 0.88621013125 0.078637153125 0.88621013125 0.062300346875
5 0.627964353125 0.08271701406250001 0.5198030015625 0.08271701406250001 0.5198030015625 0.177699653125 0.627964353125 0.177699653125 0.627964353125 0.08271701406250001
3 0.6279737328125 0.062300346875 0.5264352718749999 0.062300346875 0.5264352718749999 0.08374131875 0.6279737328125 0.08374131875 0.6279737328125 0.062300346875
2 0.631285178125 0.463637153125 0.6036866796875 0.463637153125 0.6036866796875 0.5514670140625 0.631285178125 0.5514670140625 0.631285178125 0.463637153125
6 0.6445215765625 0.4483333328125 0.63348968125 0.4483333328125 0.63348968125 0.46569444375 0.6445215765625 0.46569444375 0.6445215765625 0.4483333328125
6 0.6456191375 0.5514670140625 0.6312664171875 0.5514670140625 0.6312664171875 0.5626996531249999 0.6456191375 0.5626996531249999 0.6456191375 0.5514670140625
5 0.45359231875 0.9681372546875 0.6323805328125001 0.9681372546875 0.6312769 0.934436275 0.6058933890625 0.935457515625 0.60920428125 0.8700980406250001 0.47897583125 0.87111928125 0.47897583125 0.935457515625 0.4524886890625 0.934436275 0.45359231875 0.9681372546875
3 0.47677298281249997 0.875199653125 0.452495309375 0.875199653125 0.452495309375 0.9334114578125 0.47677298281249997 0.9334114578125 0.47677298281249997 0.875199653125
3 0.6401059499999999 0.7771650328125 0.6158260671875 0.7771650328125 0.6158260671875 0.8700980406250001 0.6058933890625 0.8700980406250001 0.6058933890625 0.934436275 0.6312769 0.934436275 0.6323805328125001 0.879289215625 0.6401059499999999 0.8772467328125 0.6401059499999999 0.7771650328125
6 0.7824743421875 0.44934640468750003 0.6963911281249999 0.44832516250000004 0.6974947578124999 0.46875 0.732810946875 0.466707515625 0.735018209375 0.47283496718749995 0.74715815 0.470792484375 0.7493654125 0.466707515625 0.871868446875 0.467728759375 0.871868446875 0.44934640468750003 0.8475885671875 0.44832516250000004 0.8464849359375 0.44117647031249996 0.7824743421875 0.4381127453125 0.7824743421875 0.44934640468750003
1 0.6014821765625 0.2185416671875 0.47015009374999994 0.2185416671875 0.47015009374999994 0.7373263890625 0.6014821765625 0.7373263890625 0.6014821765625 0.2185416671875
1 0.87075985 0.46875 0.7482645406249999 0.46875 0.7482645406249999 0.5504513890625 0.87075985 0.5504513890625 0.87075985 0.46875
4 0.783972125 0.44084821406249997 0.8482980437500001 0.440228175 0.8489681046875001 0.450148809375 0.8704100765625 0.450148809375 0.8717501999999999 0.3304811515625 0.6325381937500001 0.3304811515625 0.63186813125 0.450148809375 0.7833020640624999 0.44890873124999997 0.783972125 0.44084821406249997