6 0.33154121718749996 0.5366985796875 0.330047790625 0.548302871875 0.349462365625 0.549753409375 0.3464755078125 0.5163910656249999 0.330047790625 0.5178416 0.330047790625 0.526544821875 0.1090203125 0.5250942843749999 0.1090203125 0.1058891796875 0.0866188765625 0.107339715625 0.08811230625000001 0.8210037703124999 0.11051373906249999 0.8239048453125 0.11200716875000001 0.539599653125 0.33154121718749996 0.5366985796875
4 0.32854838750000004 0.10734986875000001 0.111989246875 0.10734986875000001 0.111989246875 0.522206265625 0.32854838750000004 0.522206265625 0.32854838750000004 0.10734986875000001
7 0.3061559140625 0.0551305484375 0.143360215625 0.0551305484375 0.143360215625 0.104451696875 0.3061559140625 0.104451696875 0.3061559140625 0.0551305484375
1 0.3345161296875 0.8659791125 0.09408602187500001 0.8659791125 0.09408602187500001 0.9297911234375 0.3345161296875 0.9297911234375 0.3345161296875 0.8659791125
7 0.24192204374999998 0.8224543078125001 0.131411290625 0.8224543078125001 0.131411290625 0.8674151437500001 0.24192204374999998 0.8674151437500001 0.24192204374999998 0.8224543078125001
7 0.5406317203125 0.8209921671875 0.403239246875 0.8209921671875 0.403239246875 0.8674151437500001 0.5406317203125 0.8674151437500001 0.5406317203125 0.8209921671875
3 0.40322580625000004 0.8224543078125001 0.295698925 0.8224543078125001 0.295698925 0.8674151437500001 0.40322580625000004 0.8674151437500001 0.40322580625000004 0.8224543078125001
3 0.6362007171874999 0.8906295328124999 0.6914575859375 0.8340586 0.7123655906249999 0.8326080656249999 0.7123655906249999 0.8210037703124999 0.543010753125 0.8224543078125001 0.548387096875 0.8668407312499999 0.625746715625 0.8703220187499999 0.6167861390625 0.8848273859375 0.6362007171874999 0.8906295328124999
6 0.3479689359375 0.47867710937499997 0.3479689359375 0.46997389062500006 0.5675029859375 0.468523353125 0.5689964171875 0.477226575 0.5869175624999999 0.47867710937499997 0.585424134375 0.468523353125 0.713859021875 0.4670728171875 0.6810035828125 0.4830287203125 0.6914575859375 0.4946330125 0.7676224625 0.46272120625 0.791517321875 0.47432550156250003 0.8049581828125 0.4612706703125 0.8885902046874999 0.46272120625 0.88560334375 0.45111691406250004 0.3479689359375 0.4525674484375 0.349462365625 0.1058891796875 0.3270609328125 0.1029881046875 0.3270609328125 0.477226575 0.3479689359375 0.47867710937499997
3 0.41367980937500004 0.107339715625 0.42712066875000004 0.1203945453125 0.43160095624999995 0.10443864218750001 0.43906809999999996 0.0870322015625 0.43160095624999995 0.0739773703125 0.44354838750000003 0.049318248437500004 0.309139784375 0.055120393749999996 0.306152928125 0.1029881046875 0.4121863796875 0.10443864218750001 0.41367980937500004 0.107339715625
3 0.053763440625000006 0.1363504484375 0.0672043015625 0.107339715625 0.1463560328125 0.107339715625 0.143369175 0.056570932812499995 0.0657108703125 0.056570932812499995 0.050776582812500005 0.0899332734375 0.04480286875 0.13054830312500001 0.053763440625000006 0.1363504484375
3 0.0522700109375 0.896431678125 0.0627240140625 0.9022338281250001 0.0806451609375 0.8688714828125 0.1299283140625 0.8674209453125 0.1299283140625 0.8210037703124999 0.058243728125000005 0.8195532343749999 0.053763440625000006 0.8413112843749999 0.06421744375 0.8659704093749999 0.0522700109375 0.896431678125
2 0.2718040625 0.7818392796875 0.2628434890625 0.7818392796875 0.261350059375 0.8195532343749999 0.24193548437499998 0.8195532343749999 0.24193548437499998 0.8674209453125 0.2971923546875 0.8659704093749999 0.29868578281249997 0.8210037703124999 0.27479091875 0.818102696875 0.2718040625 0.7818392796875
4 0.5675029859375 0.69335654375 0.41069295156249996 0.694807078125 0.40770609375 0.66434580625 0.349462365625 0.662895271875 0.349462365625 0.8195532343749999 0.5675029859375 0.8195532343749999 0.5675029859375 0.69335654375
6 0.3614097953125 0.66434580625 0.36439665625 0.648389903125 0.349462365625 0.6454888296875 0.3464755078125 0.593269509375 0.3285543609375 0.594720046875 0.3285543609375 0.8210037703124999 0.349462365625 0.8224543078125001 0.3464755078125 0.66434580625 0.3614097953125 0.66434580625
2 0.3718637984375 0.6919060046875 0.389784946875 0.6919060046875 0.3867980890625 0.66434580625 0.4017323765625 0.662895271875 0.39874551875 0.6440382953125 0.35244922343749996 0.6425877578125 0.3569295109375 0.66434580625 0.368876940625 0.66434580625 0.3718637984375 0.6919060046875
2 0.306152928125 0.562808240625 0.3031660703125 0.5773136062499999 0.325567503125 0.5773136062499999 0.324074075 0.594720046875 0.3464755078125 0.5961705828125 0.349462365625 0.5744125328125 0.36290322656249996 0.5729619953125 0.3673835140625 0.562808240625 0.3509557953125 0.562808240625 0.34498207812500004 0.5439512609375 0.3270609328125 0.5410501875 0.3270609328125 0.562808240625 0.306152928125 0.562808240625
6 0.5047789734375 0.53234696875 0.5047789734375 0.5512039453125 0.5689964171875 0.549753409375 0.5719832734375 0.6803017125 0.42413381250000004 0.6788511749999999 0.42413381250000004 0.594720046875 0.41069295156249996 0.6063243390624999 0.4121863796875 0.69335654375 0.5675029859375 0.6904554671875001 0.5660095593750001 0.8224543078125001 0.5884109921875 0.8224543078125001 0.5884109921875 0.5250942843749999 0.57048984375 0.5221932109375 0.57048984375 0.5337975046875 0.5047789734375 0.53234696875
2 0.5451015531250001 0.49028140468750003 0.5451015531250001 0.50913838125 0.5645161296875 0.50913838125 0.5660095593750001 0.52364375 0.5884109921875 0.52364375 0.5884109921875 0.5047867703125 0.604838709375 0.5062373078125 0.6033452796875001 0.4960835515625 0.59139785 0.491731940625 0.58990441875 0.4757760359375 0.5675029859375 0.47867710937499997 0.5675029859375 0.491731940625 0.5451015531250001 0.49028140468750003
2 0.3121266421875 0.49318247812499993 0.3121266421875 0.5062373078125 0.3285543609375 0.5062373078125 0.3285543609375 0.5163910656249999 0.353942653125 0.5178416 0.353942653125 0.477226575 0.330047790625 0.4757760359375 0.330047790625 0.49318247812499993 0.3121266421875 0.49318247812499993
0 0.46744325 0.57876414375 0.42712066875000004 0.6077748765625001 0.4256272390625 0.6788511749999999 0.46744325 0.6774006375 0.46744325 0.57876414375
1 0.409199521875 0.603423265625 0.5062724000000001 0.53234696875 0.5675029859375 0.5337975046875 0.5675029859375 0.47432550156250003 0.3509557953125 0.47287496406249996 0.3479689359375 0.6440382953125 0.40770609375 0.6440382953125 0.409199521875 0.603423265625
2 0.43906809999999996 0.616478096875 0.4465352453125 0.617928634375 0.4495221015625 0.594720046875 0.46146953437500005 0.5903684359375 0.45848267812500004 0.5686103859375 0.44802867500000004 0.5744125328125 0.4450418171875 0.5599071640625 0.4345878140625 0.564258775 0.43757467187500004 0.580214678125 0.42114695468749996 0.5889179015625 0.42861409687499996 0.6063243390624999 0.4360812421875 0.5990716546875 0.43906809999999996 0.616478096875
6 0.46893667812500006 0.6774006375 0.47939067968750004 0.6803017125 0.477897253125 0.5526544828125 0.45848267812500004 0.5686103859375 0.45848267812500004 0.5831157515625 0.46893667812500006 0.5773136062499999 0.46893667812500006 0.6774006375
0 0.5689964171875 0.6803017125 0.5675029859375 0.5512039453125 0.50776583125 0.5512039453125 0.4808841109375 0.5686103859375 0.4823775375 0.6759501015625 0.5689964171875 0.6803017125
2 0.4808841109375 0.5221932109375 0.47939067968750004 0.5439512609375 0.47192353750000005 0.5584566296875 0.4823775375 0.5657093140625 0.4838709671875 0.5831157515625 0.49731182812499997 0.580214678125 0.4943249703125 0.561357703125 0.50776583125 0.55410501875 0.5062724000000001 0.53234696875 0.492831540625 0.5410501875 0.4913381125 0.5207426734375 0.4808841109375 0.5221932109375
4 0.3270430109375 0.5424934718750001 0.11349462343750001 0.5424934718750001 0.11349462343750001 0.821005221875 0.3270430109375 0.821005221875 0.3270430109375 0.5424934718750001