4 0.3161956515625 0.16708722812500001 0.1027608703125 0.16708722812500001 0.1027608703125 0.7887383171875 0.3161956515625 0.7887383171875 0.3161956515625 0.16708722812500001
7 0.21145652187500003 0.101947040625 0.113630434375 0.101947040625 0.113630434375 0.16285046718750001 0.21145652187500003 0.16285046718750001 0.21145652187500003 0.101947040625
4 0.5444664015625 0.6881903140625 0.6304347828125 0.6867742828125001 0.6343873515625 0.1685075046875 0.3557312265625 0.1656754453125 0.3547430828125 0.8920985546875 0.5434782609375 0.8906825265625 0.5444664015625 0.6881903140625
7 0.5701521734375 0.10478193124999999 0.461456521875 0.10478193124999999 0.461456521875 0.1656853578125 0.5701521734375 0.1656853578125 0.5701521734375 0.10478193124999999
4 0.7035573125 0.6131407531249999 0.8458498015625 0.6117247234375001 0.848814228125 0.1656754453125 0.6472332015625 0.1670914765625 0.6472332015625 0.6896063421874999 0.7035573125 0.6881903140625 0.7035573125 0.6131407531249999
7 0.8250869562500001 0.1047975078125 0.669956521875 0.1047975078125 0.669956521875 0.167102803125 0.8250869562500001 0.167102803125 0.8250869562500001 0.1047975078125
2 0.2450592890625 0.20674029843750003 0.25395257031249996 0.20674029843750003 0.25395257031249996 0.1685075046875 0.2796442703125 0.1685075046875 0.2786561265625 0.0991220625 0.2529644265625 0.09770603125 0.25494071093750004 0.0608892671875 0.249011859375 0.0594732375 0.2470355734375 0.09770603125 0.2203557296875 0.09770603125 0.2183794453125 0.1670914765625 0.2460474296875 0.1670914765625 0.2450592890625 0.20674029843750003
3 0.2203586953125 0.10052959531250001 0.21146739062500003 0.10052959531250001 0.21146739062500003 0.162834890625 0.2203586953125 0.162834890625 0.2203586953125 0.10052959531250001
2 0.41501976249999994 0.20815632968750003 0.42391304375 0.20815632968750003 0.42391304375 0.1656754453125 0.44960474375 0.1670914765625 0.4486166 0.100538090625 0.424901184375 0.101954121875 0.42391304375 0.0594732375 0.41699604843750004 0.0608892671875 0.4179841890625 0.0991220625 0.3893280625 0.0991220625 0.39031620624999996 0.1670914765625 0.41699604843750004 0.1670914765625 0.41501976249999994 0.20815632968750003
3 0.4624456515625 0.103348909375 0.4495978265625 0.103348909375 0.4495978265625 0.1642523359375 0.4624456515625 0.1642523359375 0.4624456515625 0.103348909375
3 0.669967390625 0.101947040625 0.57016304375 0.101947040625 0.57016304375 0.16565420625 0.669967390625 0.16565420625 0.669967390625 0.101947040625
3 0.9110760875 0.10338006250000001 0.8250978265625 0.10338006250000001 0.8250978265625 0.16708722812500001 0.9110760875 0.16708722812500001 0.9110760875 0.10338006250000001
3 0.1156086953125 0.101947040625 0.0424782609375 0.101947040625 0.0424782609375 0.16285046718750001 0.1156086953125 0.16285046718750001 0.1156086953125 0.101947040625
3 0.3903043484375 0.1019626171875 0.2786521734375 0.1019626171875 0.2786521734375 0.1642679125 0.3903043484375 0.1642679125 0.3903043484375 0.1019626171875
1 0.34091304375 0.018411215624999998 0.09091304375 0.018411215624999998 0.09091304375 0.1019626171875 0.34091304375 0.1019626171875 0.34091304375 0.018411215624999998
1 0.6432717390625 0.018426790625 0.34881521718749997 0.018426790625 0.34881521718749997 0.10338006250000001 0.6432717390625 0.10338006250000001 0.6432717390625 0.018426790625
6 0.3478260875 0.01699376875 0.34091304375 0.01699376875 0.34091304375 0.10338006250000001 0.3478260875 0.10338006250000001 0.3478260875 0.01699376875
2 0.3181818171875 0.3851600125 0.3162055328125 0.43047295312499995 0.303359684375 0.429056925 0.30039525624999996 0.44463325 0.3162055328125 0.441801190625 0.31719367656249997 0.48428207187499994 0.3300395265625 0.48286604375 0.3320158109375 0.5069385453125 0.3527667984375 0.5069385453125 0.3557312265625 0.3653355984375 0.3310276671875 0.3653355984375 0.3300395265625 0.386576040625 0.3181818171875 0.3851600125
2 0.6057312265625 0.2577173609375 0.6324110671875001 0.25630132968749997 0.6324110671875001 0.3228547171875 0.6492094875000001 0.3228547171875 0.6492094875000001 0.2577173609375 0.6808300390625 0.2605494203125 0.6788537546875 0.244973096875 0.6492094875000001 0.244973096875 0.64822134375 0.1784197109375 0.6324110671875001 0.1798357421875 0.6343873515625 0.24355706562499999 0.6067193671875 0.24355706562499999 0.6057312265625 0.2577173609375
3 0.07608695625 0.7901444359375 0.07608695625 0.8312092890624999 0.1837944671875 0.8326253171875001 0.1837944671875 0.91617105625 0.3527667984375 0.921835175 0.3547430828125 0.5069385453125 0.3320158109375 0.5083545734375 0.3310276671875 0.485698103125 0.3162055328125 0.48428207187499994 0.315217390625 0.87227414375 0.21245059375 0.870858115625 0.21245059375 0.7915604640625 0.07608695625 0.7901444359375
1 0.316206521875 0.8071495328125 0.2134456515625 0.8071495328125 0.2134456515625 0.8722897203125 0.316206521875 0.8722897203125 0.316206521875 0.8071495328125
2 0.26284585 0.8326253171875001 0.2697628453125 0.8340413484375 0.2697628453125 0.8099688468749999 0.299407115625 0.8099688468749999 0.3013834 0.7901444359375 0.27173912968749997 0.7858963453125 0.2707509890625 0.763239875 0.26185770625 0.763239875 0.260869565625 0.7873123765625001 0.2322134390625 0.7858963453125 0.2322134390625 0.80855281875 0.263833990625 0.80855281875 0.26284585 0.8326253171875001
6 0.5592885375 0.7080147265625001 0.56422925 0.7065986984375 0.5592885375 0.6881903140625 0.5464426875 0.6910223734375001 0.5444664015625 0.8949306140625 0.5573122515625 0.8906825265625 0.5592885375 0.7080147265625001
1 0.7035434781250001 0.706588784375 0.5592826093750001 0.706588784375 0.5592826093750001 0.892102803125 0.7035434781250001 0.892102803125 0.7035434781250001 0.706588784375
2 0.5909090906250001 0.7335032546875 0.6027667984375 0.7363353140625 0.6027667984375 0.7108467843749999 0.6304347828125 0.70943075625 0.629446640625 0.6881903140625 0.599802371875 0.6867742828125001 0.6007905124999999 0.6598697265625 0.58893280625 0.6641178125 0.5909090906250001 0.6867742828125001 0.561264821875 0.6867742828125001 0.562252965625 0.70943075625 0.5909090906250001 0.70943075625 0.5909090906250001 0.7335032546875
2 0.6778656125 0.7519116390625 0.6768774703125 0.7065986984375 0.7035573125 0.7065986984375 0.7045454546875 0.6881903140625 0.674901184375 0.6867742828125001 0.67391304375 0.6499575203125 0.6660079046875 0.6513735484375001 0.6679841890625 0.683942228125 0.6472332015625 0.6867742828125001 0.6492094875000001 0.7108467843749999 0.6679841890625 0.70943075625 0.6689723328125 0.7533276703125 0.6778656125 0.7519116390625
2 0.6798418984375 0.8312092890624999 0.6798418984375 0.8510337015625 0.7025691703125 0.8482016421875 0.701581028125 0.8765222312500001 0.7173913046875 0.8779382609375 0.7183794453125001 0.8439535546875 0.7341897234375 0.8425375234375 0.7341897234375 0.8312092890624999 0.7183794453125001 0.8312092890624999 0.7193675890625 0.805720759375 0.701581028125 0.8014726703124999 0.7035573125 0.8326253171875001 0.6798418984375 0.8312092890624999
2 0.6798418984375 0.7377513453125 0.6788537546875 0.770320021875 0.6996047437499999 0.770320021875 0.6986166 0.7816482578125 0.7183794453125001 0.7830642859375 0.7183794453125001 0.770320021875 0.7430830046875 0.7674879625 0.7420948609375 0.7391673734374999 0.7183794453125001 0.7349192859375 0.7173913046875 0.7065986984375 0.7055335984375 0.7051826671875 0.7055335984375 0.7377513453125 0.6798418984375 0.7377513453125
2 0.6324110671875001 0.9487397359375 0.6432806328125 0.9473237046874999 0.6413043484375 0.924667234375 0.6689723328125 0.924667234375 0.6679841890625 0.8920985546875 0.6413043484375 0.8906825265625 0.6422924890624999 0.866610025 0.6314229234375001 0.866610025 0.633399209375 0.8906825265625 0.6027667984375 0.8892664953124999 0.6027667984375 0.924667234375 0.6343873515625 0.924667234375 0.6324110671875001 0.9487397359375
3 0.88537549375 0.924667234375 0.88537549375 0.7377513453125 0.9515810281249999 0.7363353140625 0.9515810281249999 0.6796941375000001 0.8863636375 0.678278109375 0.8863636375 0.1656754453125 0.848814228125 0.1656754453125 0.8478260875 0.923251203125 0.88537549375 0.924667234375
3 0.353754940625 0.3639195703125 0.3557312265625 0.16425941718749998 0.3181818171875 0.16425941718749998 0.31719367656249997 0.386576040625 0.3300395265625 0.3851600125 0.3310276671875 0.3625035390625 0.353754940625 0.3639195703125
6 0.6472282609375 0.1656853578125 0.635380434375 0.1656853578125 0.635380434375 0.18409657343750002 0.6472282609375 0.18409657343750002 0.6472282609375 0.1656853578125
6 0.1027608703125 0.1656853578125 0.0770652171875 0.1656853578125 0.0770652171875 0.7901401875 0.1027608703125 0.7901401875 0.1027608703125 0.1656853578125
6 0.6027717390625 0.8935046734375 0.351793478125 0.8935046734375 0.351793478125 0.9232554515625001 0.6027717390625 0.9232554515625001 0.6027717390625 0.8935046734375
6 0.333 0.9119158875 0.3073043484375 0.9119158875 0.3073043484375 0.9402336453125001 0.333 0.9402336453125001 0.333 0.9119158875
6 0.23122826093749999 0.7901401875 0.210467390625 0.7901401875 0.210467390625 0.8071183796874999 0.23122826093749999 0.8071183796874999 0.23122826093749999 0.7901401875
6 0.3181739125 0.7901401875 0.3003913046875 0.7901401875 0.3003913046875 0.8085514015624999 0.3181739125 0.8085514015624999 0.3181739125 0.7901401875
6 0.6462391296875001 0.321433021875 0.63241304375 0.321433021875 0.63241304375 0.7066043609375 0.6462391296875001 0.7066043609375 0.6462391296875001 0.321433021875
6 0.7154150203125 0.627301046875 0.8409090906250001 0.627301046875 0.8399209484375 0.7844803171875 0.7035573125 0.7830642859375 0.7035573125 0.8028887015624999 0.8399209484375 0.8014726703124999 0.8389328062500001 0.8821863484374999 0.7035573125 0.8793542890625 0.7055335984375 0.8949306140625 0.848814228125 0.8963466453125 0.8478260875 0.6131407531249999 0.7035573125 0.6117247234375001 0.7055335984375 0.7065986984375 0.7154150203125 0.7065986984375 0.7154150203125 0.627301046875
6 0.8488152171875001 0.8935046734375 0.668967390625 0.8935046734375 0.668967390625 0.9232554515625001 0.8488152171875001 0.9232554515625001 0.8488152171875001 0.8935046734375
0 0.8389347828125 0.8028971968749999 0.71641304375 0.8028971968749999 0.71641304375 0.880778815625 0.8389347828125 0.880778815625 0.8389347828125 0.8028971968749999
0 0.8409021734375 0.6301401875 0.7154021734375 0.6301401875 0.7154021734375 0.7830685359375 0.8409021734375 0.7830685359375 0.8409021734375 0.6301401875