4 0.6027572015625 0.1199631453125 0.3267901234375 0.1199631453125 0.3267901234375 0.57812039375 0.6027572015625 0.57812039375 0.6027572015625 0.1199631453125
7 0.5252880656250001 0.08382063906250001 0.40788065781249994 0.08382063906250001 0.40788065781249994 0.1199631453125 0.5252880656250001 0.1199631453125 0.5252880656250001 0.08382063906250001
4 0.6184943109375001 0.5781182265625 0.894456546875 0.575227634375 0.887194384375 0.11995953125 0.62212539375 0.11851423593749999 0.623335753125 0.1806619453125 0.614863228125 0.186443128125 0.6184943109375001 0.5781182265625
7 0.8266769546875 0.0823832921875 0.7080555562499999 0.0823832921875 0.7080555562499999 0.1170761671875 0.8266769546875 0.1170761671875 0.8266769546875 0.0823832921875
4 0.23965141562499997 0.505853446875 0.311062696875 0.505853446875 0.3098523359375 0.121404828125 0.06656983749999999 0.11851423593749999 0.060518034374999995 0.41479982499999996 0.23965141562499997 0.41479982499999996 0.23965141562499997 0.505853446875
7 0.251759259375 0.08382063906250001 0.203343621875 0.08382063906250001 0.203343621875 0.11706388281249999 0.251759259375 0.11706388281249999 0.251759259375 0.08382063906250001
2 0.8847736625 0.635930046875 0.8847736625 0.6532735953125 0.8956669093749999 0.6532735953125 0.8956669093749999 0.6937418703125 0.9283466484374999 0.6922965750000001 0.9271362859375 0.6532735953125 0.9380295328124999 0.6518283 0.9380295328124999 0.640265934375 0.9259259265625 0.635930046875 0.9259259265625 0.6041335453125 0.8980876296875 0.605578840625 0.8956669093749999 0.6344847515625001 0.8847736625 0.635930046875
2 0.17066085625 0.1344124859375 0.1779230203125 0.1344124859375 0.1791333828125 0.11851423593749999 0.20334059531249998 0.11706894062499999 0.20455095625 0.0823818484375 0.1791333828125 0.0823818484375 0.1779230203125 0.060702412500000004 0.167029775 0.060702412500000004 0.167029775 0.08093655 0.1391914796875 0.07949125625 0.13798111875000002 0.115623646875 0.17066085625 0.11706894062499999 0.17066085625 0.1344124859375
1 0.894456546875 0.6908512796874999 0.8932461875 0.5983523640625 0.31227305781250003 0.601242953125 0.31227305781250003 0.526087584375 0.23965141562499997 0.524642290625 0.23844105624999998 0.7385460312500001 0.6051803437500001 0.7327648499999999 0.6051803437500001 0.6951871640625 0.894456546875 0.6908512796874999
2 0.269910434375 0.544876428125 0.277172596875 0.5463217218749999 0.27959331875000004 0.526087584375 0.3025901734375 0.526087584375 0.3013798109375 0.5072987421875 0.278382959375 0.5072987421875 0.278382959375 0.489955196875 0.268700071875 0.4942910828125 0.269910434375 0.5029628546875 0.2469135796875 0.5029628546875 0.24570322031249997 0.524642290625 0.26748971250000003 0.526087584375 0.269910434375 0.544876428125
6 0.23844105624999998 0.61714120625 0.22633744843749998 0.6142506140624999 0.22512708906249998 0.7399913296875 0.0580973125 0.7385460312500001 0.0544662296875 0.7529989875 0.268700071875 0.7558895796875 0.269910434375 0.7399913296875 0.2372306953125 0.7399913296875 0.23844105624999998 0.61714120625
2 0.2166545640625 0.5781182265625 0.2142338421875 0.5940164765625 0.2239167265625 0.5954617718749999 0.2239167265625 0.6142506140624999 0.23965141562499997 0.6142506140624999 0.24086177812499998 0.5940164765625 0.256596465625 0.5954617718749999 0.2553861046875 0.5824541125 0.23965141562499997 0.5795635203125 0.24086177812499998 0.5622199734375 0.227547809375 0.5622199734375 0.22633744843749998 0.5795635203125 0.2166545640625 0.5781182265625
2 0.415153715625 0.61714120625 0.42604696249999996 0.6185865015625 0.42604696249999996 0.5983523640625 0.4514645375 0.5983523640625 0.45267489687499995 0.5781182265625 0.3848947 0.576672928125 0.3873154203125 0.5954617718749999 0.415153715625 0.5969070656250001 0.415153715625 0.61714120625
2 0.6959573953125 0.61714120625 0.7056402796875 0.6185865015625 0.7044299203125 0.5954617718749999 0.73105785625 0.5954617718749999 0.73105785625 0.576672928125 0.6669087390625 0.575227634375 0.665698378125 0.5969070656250001 0.6923263125 0.5983523640625 0.6959573953125 0.61714120625
6 0.39699830468749997 0.9408874109375001 0.9029290718749999 0.9379968203125 0.9005083515625 0.924989159375 0.41273299375 0.923543865625 0.4103122734375 0.757334875 0.46235778125 0.7558895796875 0.46356814375 0.7371007374999999 0.3316388296875 0.7399913296875 0.3328491890625 0.757334875 0.39699830468749997 0.7587801703125 0.39699830468749997 0.9408874109375001
0 0.6874848703125 0.9206532734374999 0.8496732015624999 0.9206532734374999 0.8496732015624999 0.8454979046875 0.8980876296875 0.844052609375 0.894456546875 0.7168666 0.6390704421875 0.7139760078124999 0.636649721875 0.8411620171875 0.6862745109375 0.8426073125 0.6874848703125 0.9206532734374999
2 0.75889615 0.7371007374999999 0.767368675 0.7385460312500001 0.7661583140625 0.7096401203125 0.807310578125 0.7110854171875001 0.807310578125 0.6951871640625 0.767368675 0.6937418703125 0.767368675 0.6735077328125 0.757685790625 0.6720624374999999 0.75889615 0.6937418703125 0.720164609375 0.6937418703125 0.72137496875 0.7110854171875001 0.75889615 0.7110854171875001 0.75889615 0.7371007374999999
4 0.624547325 0.75589680625 0.41273662499999997 0.75589680625 0.41273662499999997 0.9177641281250001 0.624547325 0.9177641281250001 0.624547325 0.75589680625
2 0.4950375203125 0.7717878296875 0.5059307671875 0.7717878296875 0.5083514890624999 0.7558895796875 0.5337690640625 0.7558895796875 0.5349794234374999 0.7342101453125001 0.5059307671875 0.7342101453125001 0.5059307671875 0.7197571890625001 0.4950375203125 0.7212024859375 0.49261679999999997 0.7356554421875 0.4647785046875 0.7327648499999999 0.4647785046875 0.7529989875 0.4962478828125 0.7529989875 0.4950375203125 0.7717878296875
2 0.2953280078125 0.7717878296875 0.30622125312500004 0.7717878296875 0.30501089375 0.757334875 0.3328491890625 0.7587801703125 0.3328491890625 0.7385460312500001 0.3025901734375 0.7327648499999999 0.27112079375000003 0.7342101453125001 0.27112079375000003 0.7587801703125 0.2941176453125 0.7558895796875 0.2953280078125 0.7717878296875
1 0.9840232390624999 0.586789996875 0.9222948437499999 0.585344703125 0.9295570078125 0.9177626828125 0.9912854031249999 0.9134267953125 0.9840232390624999 0.586789996875
1 0.0835148875 0.01445295625 0.0835148875 0.08382714218750001 0.289276203125 0.08527243749999999 0.289276203125 0.01589825 0.0835148875 0.01445295625
6 0.6669087390625 0.5969070656250001 0.665698378125 0.5781182265625 0.61728395 0.5781182265625 0.61365286875 0.182107240625 0.62212539375 0.177771353125 0.6197046734375 0.11706894062499999 0.6003389015625 0.11851423593749999 0.602759621875 0.581008815625 0.45267489687499995 0.5795635203125 0.45267489687499995 0.5997976578124999 0.6669087390625 0.5969070656250001
3 0.7092798359375 0.0852825546875 0.52409465 0.0852825546875 0.52409465 0.1170761671875 0.7092798359375 0.1170761671875 0.7092798359375 0.0852825546875
3 0.40788065781249994 0.0838329234375 0.251748971875 0.0838329234375 0.251748971875 0.1185257984375 0.40788065781249994 0.1185257984375 0.40788065781249994 0.0838329234375
3 0.6862860078125 0.8440540546875 0.6233436218749999 0.8440540546875 0.6233436218749999 0.9206633906249999 0.6862860078125 0.9206633906249999 0.6862860078125 0.8440540546875
3 0.90171810625 0.8455036859374999 0.8496810703125 0.8455036859374999 0.8496810703125 0.9235380828125 0.90171810625 0.9235380828125 0.90171810625 0.8455036859374999
3 0.8968772703125 0.6966324625 0.9029290718749999 0.9394421156250001 0.93076736875 0.9408874109375001 0.9247155656249999 0.6922965750000001 0.8968772703125 0.6966324625
3 0.887194384375 0.11995953125 0.8956669093749999 0.6041335453125 0.923505203125 0.605578840625 0.9150326796874999 0.08093655 0.82667635 0.08093655 0.82667635 0.11995953125 0.887194384375 0.11995953125
3 0.13798111875000002 0.115623646875 0.13798111875000002 0.0823818484375 0.0338900984375 0.08382714218750001 0.026627934375000002 0.757334875 0.0544662296875 0.757334875 0.06656983749999999 0.115623646875 0.13798111875000002 0.115623646875
6 0.8956687249999999 0.6937346437499999 0.8061008234375 0.6937346437499999 0.8061008234375 0.7139803437500001 0.8956687249999999 0.7139803437500001 0.8956687249999999 0.6937346437499999
6 0.8956790124999999 0.5781081078125 0.728641975 0.5781081078125 0.728641975 0.5954545453125 0.8956790124999999 0.5954545453125 0.8956790124999999 0.5781081078125
6 0.3134834171875 0.5275328796875 0.3134834171875 0.5983523640625 0.386105059375 0.5983523640625 0.3848947 0.581008815625 0.32558702500000003 0.5824541125 0.3243766640625 0.11995953125 0.3098523359375 0.11995953125 0.31227305781250003 0.5072987421875 0.3013798109375 0.5072987421875 0.30016945 0.5289781765625 0.3134834171875 0.5275328796875
0 0.22512708906249998 0.43936985 0.061728395312499997 0.4321433734375 0.0580973125 0.7385460312500001 0.22633744843749998 0.7399913296875 0.22512708906249998 0.43936985
6 0.2239167265625 0.566555859375 0.23844105624999998 0.5636652703125 0.23844105624999998 0.524642290625 0.24812394062499998 0.5231969921874999 0.25054466249999996 0.5072987421875 0.23844105624999998 0.5087440390625 0.23965141562499997 0.41624512343750003 0.061728395312499997 0.41479982499999996 0.060518034374999995 0.430698078125 0.22633744843749998 0.4364792609375 0.2239167265625 0.566555859375
6 0.5313483421874999 0.7558895796875 0.623335753125 0.7529989875 0.62212539375 0.8454979046875 0.636649721875 0.8426073125 0.636649721875 0.7125307125 0.72137496875 0.7125307125 0.72137496875 0.6966324625 0.606390703125 0.6966324625 0.606390703125 0.7356554421875 0.5325587015625 0.7371007374999999 0.5313483421874999 0.7558895796875