7 0.9082870375000001 0.354658753125 0.8891820984375001 0.354658753125 0.8891820984375001 0.4592284859375 0.9082870375000001 0.4592284859375 0.9082870375000001 0.354658753125
7 0.9082870375000001 0.6245697328125 0.8891820984375001 0.6245697328125 0.8891820984375001 0.729139465625 0.9082870375000001 0.729139465625 0.9082870375000001 0.6245697328125
7 0.1734413578125 0.6075964390624999 0.1543364203125 0.6075964390624999 0.1543364203125 0.7771513359375 0.1734413578125 0.7771513359375 0.1734413578125 0.6075964390624999
7 0.1719598765625 0.1992284859375 0.1543364203125 0.1992284859375 0.1543364203125 0.473353115625 0.1719598765625 0.473353115625 0.1719598765625 0.1992284859375
3 0.264550265625 0.20630210624999998 0.8891828328125 0.2048890765625 0.8891828328125 0.35467005937499996 0.9097589656249999 0.35467005937499996 0.908289240625 0.1851066828125 0.249853028125 0.18369365625 0.248383303125 0.2727144265625 0.26748971250000003 0.271301396875 0.264550265625 0.20630210624999998
4 0.681999203125 0.3780989765625 0.4559936265625 0.37714176250000003 0.456989246875 0.205800709375 0.2678215859375 0.205800709375 0.264834728125 0.47860630000000004 0.6810035828125 0.47669187187500006 0.681999203125 0.3780989765625
7 0.2645370375 0.27271513281250004 0.24984567968750002 0.27271513281250004 0.24984567968750002 0.37304154375 0.2645370375 0.37304154375 0.2645370375 0.27271513281250004
3 0.1719598765625 0.18369436249999999 0.1543364203125 0.18369436249999999 0.1543364203125 0.203486646875 0.1719598765625 0.203486646875 0.1719598765625 0.18369436249999999
1 0.24591049375 0.203887240625 0.173225309375 0.203887240625 0.173225309375 0.47189910937499996 0.24591049375 0.47189910937499996 0.24591049375 0.203887240625
7 0.251311728125 0.18511869375 0.1719598765625 0.18511869375 0.1719598765625 0.20206231406250003 0.251311728125 0.20206231406250003 0.251311728125 0.18511869375
4 0.5694907406249999 0.4920178046875 0.17223765468750002 0.4920178046875 0.17223765468750002 0.8940356078124999 0.5694907406249999 0.8940356078124999 0.5694907406249999 0.4920178046875
3 0.152851265625 0.47195139218750004 0.152851265625 0.6076020921875 0.17195767343749999 0.6076020921875 0.17195767343749999 0.49173378593750006 0.264550265625 0.49314681250000003 0.26308054062499997 0.44369083125 0.2469135796875 0.4422778015625 0.2469135796875 0.46912533593749994 0.152851265625 0.47195139218750004
3 0.8877131109375 0.7305355375 0.8891828328125 0.8916207421875001 0.17195767343749999 0.8944467984375001 0.1734273953125 0.777165465625 0.1543209875 0.777165465625 0.1543209875 0.912816165625 0.908289240625 0.9114031359375 0.9097589656249999 0.72770948125 0.8877131109375 0.7305355375
3 0.9068209875000001 0.46066765624999995 0.8906481484375 0.46066765624999995 0.8906481484375 0.6259792281250001 0.9068209875000001 0.6259792281250001 0.9068209875000001 0.46066765624999995
2 0.2279968140625 0.402029290625 0.2279968140625 0.411601415625 0.243926721875 0.4125586296875 0.2469135796875 0.4422322203125 0.2678215859375 0.4422322203125 0.268817203125 0.4125586296875 0.2867383515625 0.41447305312499994 0.2867383515625 0.40298650468749997 0.268817203125 0.404900928125 0.2678215859375 0.3723557 0.2479092 0.3713984859375 0.2469135796875 0.4010720765625 0.2279968140625 0.402029290625
2 0.6620868171875001 0.42691681875 0.6620868171875001 0.43744615781249996 0.681999203125 0.43840336718749995 0.6829948234375001 0.464248109375 0.6979291109375 0.466162534375 0.69892473125 0.43744615781249996 0.715850259375 0.43744615781249996 0.715850259375 0.4259596046875 0.69892473125 0.4259596046875 0.69892473125 0.4001148671875 0.681999203125 0.4001148671875 0.6829948234375001 0.42691681875 0.6620868171875001 0.42691681875
2 0.6690561546875 0.54273954375 0.6670649140625 0.5542260953125 0.681999203125 0.55326888125 0.681999203125 0.5819852578125 0.6979291109375 0.5819852578125 0.6979291109375 0.55518330625 0.7188371171875 0.55614051875 0.719832734375 0.5408251187500001 0.6979291109375 0.54273954375 0.69693349375 0.5168948015625 0.6849860624999999 0.5168948015625 0.6849860624999999 0.54273954375 0.6690561546875 0.54273954375
1 0.6829783953125 0.49391691406250005 0.5854166671875001 0.49391691406250005 0.5854166671875001 0.604005934375 0.6829783953125 0.604005934375 0.6829783953125 0.49391691406250005
2 0.6162883296875 0.5092371015625 0.630227 0.511151528125 0.6272401421875 0.4939217 0.666069296875 0.4948789140625 0.666069296875 0.47860630000000004 0.6272401421875 0.47764908593750005 0.6272401421875 0.46137647187499997 0.6192751875 0.459462046875 0.6192751875 0.47764908593750005 0.584428515625 0.47764908593750005 0.5834328953125001 0.4939217 0.6182795703124999 0.4948789140625 0.6162883296875 0.5092371015625
2 0.515730784375 0.513065953125 0.525686978125 0.513065953125 0.525686978125 0.4939217 0.5545599359375 0.4948789140625 0.5535643171875 0.47764908593750005 0.5266825953125001 0.47669187187500006 0.525686978125 0.46233368593749996 0.5167264046875 0.4604192578125 0.515730784375 0.47764908593750005 0.48685782343749995 0.47669187187500006 0.48586220625000004 0.4948789140625 0.5147351671875 0.4939217 0.515730784375 0.513065953125
4 0.8900771609374999 0.6231305640625 0.5864043203125 0.6231305640625 0.5864043203125 0.8930712171874999 0.8900771609374999 0.8930712171874999 0.8900771609374999 0.6231305640625
2 0.6262445249999999 0.6394180140625 0.6352050984375001 0.6394180140625 0.6342094781250001 0.6221881875 0.666069296875 0.6221881875 0.666069296875 0.6059155734375 0.6332138578125 0.6049583625 0.6342094781250001 0.587728534375 0.6232576671875 0.587728534375 0.6242532875 0.603043934375 0.5953803265625 0.603043934375 0.5973715640624999 0.6221881875 0.6252489046874999 0.6221881875 0.6262445249999999 0.6394180140625
6 0.6969290125 0.2029228484375 0.6839969140625 0.2029228484375 0.6839969140625 0.399154303125 0.6969290125 0.399154303125 0.6969290125 0.2029228484375
6 0.485848765625 0.478605340625 0.2658179015625 0.478605340625 0.2658179015625 0.49391691406250005 0.485848765625 0.49391691406250005 0.485848765625 0.478605340625
1 0.88908950625 0.49391691406250005 0.6989351859374999 0.49391691406250005 0.6989351859374999 0.604005934375 0.88908950625 0.604005934375 0.88908950625 0.49391691406250005
6 0.681999203125 0.47669187187500006 0.6670649140625 0.47764908593750005 0.6650736765625 0.4939217 0.6839904406249999 0.4939217 0.6829948234375001 0.5188092281250001 0.69693349375 0.5188092281250001 0.6979291109375 0.49296448593750003 0.8900836328124999 0.49296448593750003 0.89107925 0.47764908593750005 0.6979291109375 0.47860630000000004 0.69693349375 0.4652053234375 0.6829948234375001 0.4652053234375 0.681999203125 0.47669187187500006
6 0.5704898453125 0.8940365671875 0.5834328953125001 0.894993778125 0.584428515625 0.6221881875 0.59637594375 0.6231454000000001 0.59637594375 0.6049583625 0.5834328953125001 0.6049583625 0.5834328953125001 0.47764908593750005 0.5535643171875 0.47764908593750005 0.5535643171875 0.4939217 0.569494225 0.49296448593750003 0.5704898453125 0.8940365671875
6 0.6979291109375 0.5819852578125 0.6839904406249999 0.5819852578125 0.6839904406249999 0.6049583625 0.6640780562499999 0.6049583625 0.6640780562499999 0.6202737625 0.8920748703125 0.6202737625 0.8920748703125 0.6049583625 0.6979291109375 0.6049583625 0.6979291109375 0.5819852578125
4 0.8900925921875 0.2029376859375 0.698919753125 0.2029376859375 0.698919753125 0.4776557859375 0.8900925921875 0.4776557859375 0.8900925921875 0.2029376859375
5 0.6839969140625 0.20387240312500002 0.4579783953125 0.20387240312500002 0.4579783953125 0.37713649843749997 0.6839969140625 0.37713649843749997 0.6839969140625 0.20387240312500002