6 0.32846938125 0.7468344828125 0.32846938125 0.793085146875 0.1996458875 0.7923269390625001 0.19903535 0.7483508984375 0.192929971875 0.7491091062499999 0.192929971875 0.8014254296875001 0.3351852984375 0.8006672234375 0.3351852984375 0.7483508984375 0.32846938125 0.7468344828125
7 0.3111708078125 0.7404318421875 0.3111708078125 0.72004448125 0.27065144375 0.71893244375 0.2679650765625 0.7206005 0.2672934859375 0.733110925 0.2632639359375 0.7356130109375 0.2632639359375 0.7472894078125 0.30423102812499997 0.7472894078125 0.303708678125 0.7413585390625 0.3111708078125 0.7404318421875
7 0.3644911171875 0.747592690625 0.4188289890625 0.747592690625 0.4188289890625 0.7384942 0.42615544375000003 0.7384942 0.42798705625 0.7202972171875001 0.356554125 0.7180225953125 0.356554125 0.736977784375 0.3644911171875 0.736977784375 0.3644911171875 0.747592690625
7 0.48049331406249995 0.7483508984375 0.5366628 0.747592690625 0.5360522624999999 0.7377359921875 0.542768178125 0.7384942 0.5433787171875 0.7202972171875001 0.47438793593749995 0.719539009375 0.47255632187499996 0.7377359921875 0.48049331406249995 0.7377359921875 0.48049331406249995 0.7483508984375
3 0.973807925 0.411706725 0.9725868484375001 0.402608234375 0.9817449171874999 0.39805898906250003 0.9750289999999999 0.3942679515625 0.973807925 0.388960496875 0.9554917890624999 0.388960496875 0.9542707125 0.08491925156249999 0.9731973875 0.08491925156249999 0.9731973875 0.0538327390625 0.9127541359375 0.0538327390625 0.9127541359375 0.065205853125 0.9206911296875001 0.065205853125 0.920080590625 0.08416104375 0.9365651140625 0.08416104375 0.9371756515625 0.388960496875 0.56780023125 0.3882022890625 0.5696318453125 0.381378421875 0.5562000125 0.3806202140625 0.55681055 0.3882022890625 0.5397154890625 0.3882022890625 0.5391049515625 0.413223140625 0.5562000125 0.41246493281249996 0.5562000125 0.42080521718749997 0.5684107703125 0.42080521718749997 0.56780023125 0.411706725 0.9365651140625 0.41246493281249996 0.9371756515625 0.7187808015625 0.920080590625 0.7187808015625 0.920080590625 0.7377359921875 0.9127541359375 0.7377359921875 0.9121435984374999 0.747592690625 0.9725868484375001 0.7491091062499999 0.9725868484375001 0.719539009375 0.9554917890624999 0.7187808015625 0.9554917890624999 0.411706725 0.973807925 0.411706725
7 0.5989376640625 0.7483508984375 0.6532755359375 0.747592690625 0.6532755359375 0.736977784375 0.6618230656249999 0.736977784375 0.660601990625 0.719539009375 0.591000671875 0.7180225953125 0.591611209375 0.736977784375 0.5983271265625 0.736977784375 0.5989376640625 0.7483508984375
1 0.8162928140625001 0.7483486234375001 0.6874681 0.7483486234375001 0.6874681 0.7930859046875 0.8162928140625001 0.7930859046875 0.8162928140625001 0.7483486234375001
6 0.6874656578125 0.793085146875 0.6874656578125 0.7468344828125 0.680749740625 0.747592690625 0.679528665625 0.8006672234375 0.8230050671875 0.8014254296875001 0.8236156046875 0.7483508984375 0.8168996890625 0.747592690625 0.81628915 0.793085146875 0.6874656578125 0.793085146875
7 0.7137187859375 0.7483508984375 0.7527932109375 0.7468344828125 0.7527932109375 0.73925240625 0.7466878328125001 0.7377359921875 0.7472983703125 0.7202972171875001 0.7070028703125 0.7187808015625 0.7070028703125 0.736977784375 0.7137187859375 0.7377359921875 0.7137187859375 0.7483508984375
7 0.8584162640624999 0.7468344828125 0.9133646750000001 0.7460762765625 0.9127541359375 0.736977784375 0.920080590625 0.7377359921875 0.9213016671875 0.7187808015625 0.849868734375 0.7187808015625 0.849868734375 0.736977784375 0.8571951890625 0.7377359921875 0.8584162640624999 0.7468344828125
7 0.163624153125 0.5739631515625 0.164234690625 0.642201834375 0.1715611453125 0.6414436265625 0.1715611453125 0.6528167421875 0.18621405468750002 0.6520585343749999 0.1874351296875 0.564864659375 0.1721716828125 0.5656228671875 0.1709506078125 0.574721359375 0.163624153125 0.5739631515625
7 0.163624153125 0.1584653875 0.164234690625 0.2282204875 0.1715611453125 0.2282204875 0.1715611453125 0.23731897812499997 0.18621405468750002 0.23731897812499997 0.1874351296875 0.1501251046875 0.17278222031249998 0.1501251046875 0.1721716828125 0.15998180312500002 0.163624153125 0.1584653875
1 0.3217534640625 0.30934870000000003 0.3657121921875 0.307832284375 0.3657121921875 0.2107817125 0.322364003125 0.2115399203125 0.322364003125 0.08491925156249999 0.1868245921875 0.0834028359375 0.1868245921875 0.38971870468750003 0.3211429265625 0.388960496875 0.3217534640625 0.30934870000000003
7 0.26924720625 0.0834028359375 0.30893216875 0.08491925156249999 0.30954270781250004 0.065205853125 0.30160571406250003 0.0644476453125 0.302216253125 0.054590946875000004 0.263752365625 0.054590946875000004 0.262531290625 0.0644476453125 0.26863666875000003 0.0636894375 0.26924720625 0.0834028359375
4 0.43897918125 0.084916596875 0.33152451250000003 0.084916596875 0.33152451250000003 0.1994036703125 0.43897918125 0.1994036703125 0.43897918125 0.084916596875
7 0.356554125 0.0834028359375 0.42615544375000003 0.0834028359375 0.42615544375000003 0.06672226875000001 0.41821845 0.0644476453125 0.4188289890625 0.0553491546875 0.362659503125 0.054590946875000004 0.3638805796875 0.0644476453125 0.3571646625 0.0659640609375 0.356554125 0.0834028359375
5 0.555591 0.083398665625 0.45973472187500003 0.083398665625 0.45973472187500003 0.320721434375 0.555591 0.320721434375 0.555591 0.083398665625
7 0.47255632187499996 0.0834028359375 0.542768178125 0.0834028359375 0.5439892546875 0.0659640609375 0.5348311859375 0.065205853125 0.5354417234375 0.0553491546875 0.4811038515625 0.054590946875000004 0.4811038515625 0.0636894375 0.47316686093750004 0.0644476453125 0.47255632187499996 0.0834028359375
7 0.590390134375 0.08416104375 0.659991453125 0.0834028359375 0.660601990625 0.065205853125 0.6520544593750001 0.065205853125 0.6532755359375 0.0553491546875 0.59710605 0.054590946875000004 0.5989376640625 0.0659640609375 0.590390134375 0.0659640609375 0.590390134375 0.08416104375
1 0.6490017703125 0.3085904921875 0.6960131875 0.3070740765625 0.69540265 0.3874440828125 0.82605775625 0.3882022890625 0.82605775625 0.08416104375 0.6960131875 0.08491925156249999 0.6960131875 0.2115399203125 0.650222846875 0.21229812812499999 0.6490017703125 0.3085904921875
7 0.70639233125 0.0834028359375 0.74607729375 0.0834028359375 0.74607729375 0.065205853125 0.7521826734375 0.065205853125 0.7527932109375 0.0553491546875 0.714329325 0.054590946875000004 0.7149398625 0.0644476453125 0.7082239453125 0.0644476453125 0.70639233125 0.0834028359375
4 0.9371759562499999 0.08415763125 0.8346037609374999 0.08415763125 0.8346037609374999 0.3214804 0.9371759562499999 0.3214804 0.9371759562499999 0.08415763125
7 0.849258196875 0.082644628125 0.920080590625 0.0834028359375 0.920080590625 0.065205853125 0.9139752124999999 0.0644476453125 0.9133646750000001 0.054590946875000004 0.8571951890625 0.054590946875000004 0.8584162640624999 0.065205853125 0.849258196875 0.0636894375 0.849258196875 0.082644628125
3 0.7943097875 0.7483508984375 0.8571951890625 0.7483508984375 0.8578057265625001 0.7377359921875 0.849868734375 0.7384942 0.849868734375 0.7180225953125 0.8010257031249999 0.7172643875 0.8010257031249999 0.7377359921875 0.794920325 0.736977784375 0.7943097875 0.7483508984375
3 0.6526649984375 0.736977784375 0.6520544593750001 0.7491091062499999 0.7149398625 0.7483508984375 0.7149398625 0.7362195765624999 0.7076134078125 0.7377359921875 0.7070028703125 0.7187808015625 0.660601990625 0.7187808015625 0.6593809140625 0.736977784375 0.6526649984375 0.736977784375
3 0.5348311859375 0.7491091062499999 0.5983271265625 0.7491091062499999 0.5989376640625 0.7362195765624999 0.591611209375 0.736977784375 0.591611209375 0.7187808015625 0.542768178125 0.7180225953125 0.5433787171875 0.7362195765624999 0.5348311859375 0.7377359921875 0.5348311859375 0.7491091062499999
3 0.4188289890625 0.7491091062499999 0.4811038515625 0.7483508984375 0.481714390625 0.7377359921875 0.47438793593749995 0.7377359921875 0.47438793593749995 0.7187808015625 0.42676598125 0.7187808015625 0.42615544375000003 0.7377359921875 0.4188289890625 0.7377359921875 0.4188289890625 0.7491091062499999
3 0.30099517656249997 0.7483508984375 0.3644911171875 0.7483508984375 0.3651016546875 0.7362195765624999 0.35777519999999996 0.73546136875 0.35777519999999996 0.7180225953125 0.30832163125 0.7180225953125 0.30771109375 0.736977784375 0.3003846390625 0.736977784375 0.30099517656249997 0.7483508984375
3 0.18804566875 0.6513003265624999 0.17278222031249998 0.65054211875 0.17278222031249998 0.6429600421874999 0.163013615625 0.642201834375 0.163013615625 0.7491091062499999 0.222846328125 0.7483508984375 0.22223578906250002 0.7377359921875 0.21551987343749998 0.736977784375 0.214909334375 0.7187808015625 0.18804566875 0.7180225953125 0.18804566875 0.6513003265624999
3 0.44813480625 0.42080521718749997 0.4609561015625 0.4215634234375 0.46156664062499997 0.41246493281249996 0.47683008750000005 0.41246493281249996 0.47621955 0.388960496875 0.4597350265625 0.388960496875 0.46034556406249993 0.3806202140625 0.44752426874999995 0.3806202140625 0.44752426874999995 0.388960496875 0.1874351296875 0.388960496875 0.1874351296875 0.23731897812499997 0.1721716828125 0.23731897812499997 0.1715611453125 0.2282204875 0.163624153125 0.2282204875 0.163013615625 0.575479565625 0.1721716828125 0.575479565625 0.1721716828125 0.566381075 0.1868245921875 0.566381075 0.18804566875 0.4139813484375 0.44813480625 0.413223140625 0.44813480625 0.42080521718749997
3 0.5562000125 0.5102737125 0.5653580812500001 0.5095155046875 0.5653580812500001 0.5246796578125 0.5562000125 0.5254378656250001 0.5562000125 0.7187808015625 0.5763477625 0.7202972171875001 0.5763477625 0.46478125625000005 0.5684107703125 0.46478125625000005 0.5684107703125 0.458715596875 0.55681055 0.458715596875 0.5562000125 0.5102737125
3 0.214909334375 0.08491925156249999 0.214909334375 0.065205853125 0.22223578906250002 0.0659640609375 0.22223578906250002 0.054590946875000004 0.1624030765625 0.0530745328125 0.163013615625 0.15922359531250002 0.1709506078125 0.15998180312500002 0.1715611453125 0.149366896875 0.18804566875 0.1501251046875 0.1874351296875 0.08416104375 0.214909334375 0.08491925156249999
3 0.30832163125 0.085677459375 0.356554125 0.08491925156249999 0.3571646625 0.065205853125 0.3651016546875 0.0644476453125 0.3644911171875 0.0538327390625 0.30160571406250003 0.0538327390625 0.3003846390625 0.065205853125 0.30832163125 0.0659640609375 0.30832163125 0.085677459375
3 0.42615544375000003 0.0834028359375 0.43958727656249996 0.08416104375 0.4383662015625 0.2911517171875 0.44813480625 0.2911517171875 0.44813480625 0.30555766093750003 0.4389767390625 0.30555766093750003 0.43958727656249996 0.33436955 0.4493558828125 0.335885965625 0.44874534375 0.3434680421875 0.4609561015625 0.34422625 0.4609561015625 0.0834028359375 0.47316686093750004 0.08491925156249999 0.47255632187499996 0.0659640609375 0.48049331406249995 0.065205853125 0.4811038515625 0.0530745328125 0.41821845 0.0538327390625 0.4176079125 0.0659640609375 0.42554490468750006 0.065205853125 0.42615544375000003 0.0834028359375
3 0.542768178125 0.08416104375 0.5543683984375 0.08491925156249999 0.5549789359374999 0.3419516265625 0.56718969375 0.342709834375 0.56780023125 0.33436955 0.5775688375 0.33436955 0.5769583 0.304799453125 0.5684107703125 0.30555766093750003 0.56780023125 0.291909925 0.5769583 0.2911517171875 0.5769583 0.08416104375 0.590390134375 0.08491925156249999 0.590390134375 0.0644476453125 0.5983271265625 0.0659640609375 0.5989376640625 0.054590946875000004 0.5354417234375 0.0538327390625 0.5348311859375 0.0644476453125 0.5421576406249999 0.065205853125 0.542768178125 0.08416104375
7 0.540940228125 0.580029190625 0.5061383484374999 0.580029190625 0.5061383484374999 0.5891284406249999 0.540940228125 0.5891284406249999 0.540940228125 0.580029190625
4 0.68685359375 0.5906422015625 0.5763431828125001 0.5906422015625 0.5763431828125001 0.71878231875 0.68685359375 0.71878231875 0.68685359375 0.5906422015625
7 0.6294627265625 0.580029190625 0.59343855 0.580029190625 0.59343855 0.590646371875 0.6294627265625 0.590646371875 0.6294627265625 0.580029190625
1 0.43958727656249996 0.30555766093750003 0.44996642031249995 0.30631586875 0.4493558828125 0.2896353015625 0.4383662015625 0.2896353015625 0.4383662015625 0.21229812812499999 0.374259721875 0.2107817125 0.3748702609375 0.3085904921875 0.43958727656249996 0.307832284375 0.43958727656249996 0.30555766093750003
7 0.4237139015625 0.2009216015625 0.388912021875 0.2009216015625 0.388912021875 0.2115387828125 0.4237139015625 0.2115387828125 0.4237139015625 0.2009216015625
1 0.56718969375 0.304041246875 0.5751266859374999 0.304041246875 0.5763477625 0.3085904921875 0.6392331640625 0.3070740765625 0.6392331640625 0.21229812812499999 0.5763477625 0.21229812812499999 0.5763477625 0.2896353015625 0.56718969375 0.2896353015625 0.56718969375 0.304041246875
6 0.5922196109375 0.200925771875 0.57695433125 0.200925771875 0.57695433125 0.21230191875 0.5922196109375 0.21230191875 0.5922196109375 0.200925771875
7 0.627021490625 0.2009216015625 0.5916084625 0.2009216015625 0.5916084625 0.2115387828125 0.627021490625 0.2115387828125 0.627021490625 0.2009216015625
2 0.7466878328125001 0.08491925156249999 0.7588985890625 0.093259534375 0.8028573171875 0.086435665625 0.8010257031249999 0.0644476453125 0.7943097875 0.0644476453125 0.7936992484375 0.0553491546875 0.7546248249999999 0.0553491546875 0.7534037484375 0.065205853125 0.7466878328125001 0.0644476453125 0.7466878328125001 0.08491925156249999
3 0.8016362421875 0.08491925156249999 0.849868734375 0.08416104375 0.849868734375 0.065205853125 0.8578057265625001 0.0636894375 0.8584162640624999 0.0538327390625 0.7943097875 0.0538327390625 0.7930887109375 0.0644476453125 0.800415165625 0.065205853125 0.8016362421875 0.08491925156249999
3 0.6587703765625 0.08416104375 0.70639233125 0.08491925156249999 0.7070028703125 0.0659640609375 0.714329325 0.0659640609375 0.714329325 0.054590946875000004 0.6526649984375 0.0538327390625 0.6520544593750001 0.0636894375 0.6593809140625 0.0644476453125 0.6587703765625 0.08416104375
6 0.8352149093750001 0.08340700625 0.826665546875 0.08340700625 0.826665546875 0.1796955796875 0.8352149093750001 0.1796955796875 0.8352149093750001 0.08340700625
1 0.56780023125 0.388960496875 0.6868551203125 0.388960496875 0.6868551203125 0.3192053984375 0.5763477625 0.31844719062500004 0.5763477625 0.33436955 0.56657915625 0.33436955 0.56780023125 0.388960496875
6 0.609926125 0.3093452875 0.576346540625 0.3093452875 0.576346540625 0.3184445375 0.609926125 0.3184445375 0.609926125 0.3093452875
1 0.4493558828125 0.33436955 0.4383662015625 0.33436955 0.4389767390625 0.3207218140625 0.33091153281249996 0.3192053984375 0.33091153281249996 0.3882022890625 0.4493558828125 0.3882022890625 0.4493558828125 0.33436955
6 0.439586971875 0.308586321875 0.4053962390625 0.308586321875 0.4053962390625 0.319203503125 0.439586971875 0.319203503125 0.439586971875 0.308586321875
6 0.439586971875 0.20016680625 0.42249496249999996 0.20016680625 0.42249496249999996 0.21154295312500002 0.439586971875 0.21154295312500002 0.439586971875 0.20016680625
6 0.9371759562499999 0.3214804 0.9054298187500001 0.3214804 0.9054298187500001 0.33209758125 0.9371759562499999 0.33209758125 0.9371759562499999 0.3214804
4 0.936564809375 0.48145955 0.8352149093750001 0.48145955 0.8352149093750001 0.718023353125 0.936564809375 0.718023353125 0.936564809375 0.48145955
6 0.936564809375 0.47008757343749996 0.9048186703125 0.47008757343749996 0.9048186703125 0.4807047546875 0.936564809375 0.4807047546875 0.936564809375 0.47008757343749996
1 0.6496123078125 0.4890439 0.6496123078125 0.5792706046875 0.6960131875 0.578512396875 0.6960131875 0.7187808015625 0.8266682953125001 0.7180225953125 0.82605775625 0.411706725 0.6960131875 0.4109485171875 0.69540265 0.4890439 0.6496123078125 0.4890439
2 0.8126259234375001 0.44961710468750005 0.8254472187499999 0.46478125625000005 0.8346052875 0.4632648421875 0.8346052875 0.4215634234375 0.8266682953125001 0.420047009375 0.8156786125 0.434452953125 0.8126259234375001 0.44961710468750005
6 0.8358263640624999 0.469330503125 0.8358263640624999 0.4632648421875 0.8266682953125001 0.46250663437500006 0.82605775625 0.5716885281249999 0.8346052875 0.5724467359375 0.835215825 0.4814618234375 0.8633005671875 0.4814618234375 0.8639111046875 0.47160512499999996 0.85658465 0.47160512499999996 0.8578057265625001 0.41246493281249996 0.849258196875 0.41019031093749997 0.848647659375 0.47008871093750004 0.8358263640624999 0.469330503125
6 0.8346071187499999 0.4101918265625 0.8266689046875 0.4101918265625 0.8266689046875 0.42156797343749997 0.8346071187499999 0.42156797343749997 0.8346071187499999 0.4101918265625
2 0.8132364609374999 0.3684888921875 0.8236156046875 0.38365304375 0.8346052875 0.381378421875 0.8346052875 0.3404352109375 0.82605775625 0.33740238125 0.8156786125 0.35180832500000003 0.8132364609374999 0.3684888921875
6 0.8339947499999999 0.34119341875 0.8339947499999999 0.33209492812499997 0.849258196875 0.33209492812499997 0.848647659375 0.3912351203125 0.8578057265625001 0.3904769125 0.8578057265625001 0.33436955 0.8633005671875 0.3336113421875 0.8633005671875 0.32223822812499997 0.835215825 0.3214800203125 0.8358263640624999 0.23125331718750003 0.82605775625 0.23125331718750003 0.82605775625 0.34119341875 0.8339947499999999 0.34119341875
6 0.8346037609374999 0.3821351125 0.8260543984375 0.3821351125 0.8260543984375 0.3889574640625 0.8346037609374999 0.3889574640625 0.8346037609374999 0.3821351125
1 0.6410611140625 0.48979983281250006 0.576346540625 0.48979983281250006 0.576346540625 0.5785070890624999 0.6410611140625 0.5785070890624999 0.6410611140625 0.48979983281250006
6 0.61054063125 0.4776730609375 0.5763499000000001 0.4776730609375 0.5763499000000001 0.4890492078125 0.61054063125 0.4890492078125 0.61054063125 0.4776730609375
1 0.3303009953125 0.5261960718750001 0.4505769578125 0.5261960718750001 0.451187496875 0.5807870187499999 0.48537761718750005 0.5800288109375 0.4847670796875 0.47994540937499997 0.43592404843750004 0.47994540937499997 0.4365345875 0.46402304843750003 0.44752426874999995 0.4632648421875 0.4493558828125 0.413223140625 0.363270040625 0.413223140625 0.362048965625 0.48070361562499997 0.33091153281249996 0.47994540937499997 0.3303009953125 0.5261960718750001
2 0.4847670796875 0.5284706953125 0.49209353437500003 0.5277124875 0.492704071875 0.4913185234375 0.48537761718750005 0.4898021078125 0.47072470781250003 0.5193722046875 0.4847670796875 0.5284706953125
6 0.4933176625 0.47842785625 0.48537945000000005 0.47842785625 0.48537945000000005 0.49283152656249996 0.4933176625 0.49283152656249996 0.4933176625 0.47842785625
6 0.5940496984375 0.580029190625 0.576346540625 0.580029190625 0.576346540625 0.590646371875 0.5940496984375 0.590646371875 0.5940496984375 0.580029190625
6 0.5568132968749999 0.580029190625 0.540325721875 0.580029190625 0.540325721875 0.590646371875 0.5568132968749999 0.590646371875 0.5568132968749999 0.580029190625
6 0.8352182671874999 0.623999165625 0.82605775625 0.623999165625 0.82605775625 0.7195371140625 0.8352182671874999 0.7195371140625 0.8352182671874999 0.623999165625
1 0.35350234999999997 0.41398665625 0.32969442656250003 0.41398665625 0.32969442656250003 0.4693327765625 0.35350234999999997 0.4693327765625 0.35350234999999997 0.41398665625
2 0.3748702609375 0.4329365375 0.362659503125 0.4192888015625 0.353501434375 0.42080521718749997 0.354111971875 0.46174842656250004 0.3651016546875 0.46174842656250004 0.3748702609375 0.44658427500000003 0.3748702609375 0.4329365375
6 0.363270040625 0.48070361562499997 0.362659503125 0.46099021875 0.354111971875 0.46099021875 0.353501434375 0.46857229531250005 0.3296904578125 0.47008871093750004 0.3296904578125 0.4139813484375 0.322364003125 0.4139813484375 0.32297454062500003 0.486769278125 0.3303009953125 0.486769278125 0.3303009953125 0.47994540937499997 0.363270040625 0.48070361562499997
6 0.362659503125 0.4132235203125 0.35349899218749997 0.4132235203125 0.35349899218749997 0.4208048375 0.362659503125 0.4208048375 0.362659503125 0.4132235203125
2 0.8626900296875 0.3214800203125 0.8626900296875 0.33209492812499997 0.9060382203125 0.3305785125 0.9066487578125001 0.32223822812499997 0.870627021875 0.2979755859375 0.8626900296875 0.3214800203125
2 0.8346052875 0.17893699375 0.8272788328124999 0.1781787859375 0.8266682953125001 0.23201152500000002 0.8382685140625 0.23125331718750003 0.8578057265625001 0.1933429375 0.8346052875 0.17893699375
2 0.6532755359375 0.2009250140625 0.6544966125 0.2100235046875 0.680749740625 0.2107817125 0.680749740625 0.198650390625 0.656328225 0.184244446875 0.6532755359375 0.2009250140625
2 0.681970815625 0.3192053984375 0.681360278125 0.3085904921875 0.6544966125 0.3085904921875 0.6538860734374999 0.3192053984375 0.662433603125 0.3381605875 0.681970815625 0.3192053984375
2 0.6367910125 0.3192053984375 0.6349593984374999 0.30934870000000003 0.6087062703125 0.30934870000000003 0.6093168078125 0.316930775 0.611758959375 0.3389187953125 0.6367910125 0.3192053984375
2 0.56780023125 0.3419516265625 0.5555894734375 0.3419516265625 0.5562000125 0.381378421875 0.5702423828125001 0.382136628125 0.5848952921875 0.353324740625 0.56780023125 0.3419516265625
2 0.44569265625 0.382136628125 0.4597350265625 0.381378421875 0.4597350265625 0.3434680421875 0.44813480625 0.342709834375 0.42615544375000003 0.3578739859375 0.44569265625 0.382136628125
2 0.40661822968749994 0.31844719062500004 0.40661822968749994 0.30934870000000003 0.3803651015625 0.3085904921875 0.3797545640625 0.3207218140625 0.401733928125 0.339677003125 0.40661822968749994 0.31844719062500004
6 0.3364063734375 0.3085904921875 0.3211429265625 0.3085904921875 0.3217534640625 0.38971870468750003 0.3303009953125 0.3904769125 0.3303009953125 0.31996360625000003 0.3357958359375 0.3214800203125 0.3364063734375 0.3085904921875
2 0.362048965625 0.31844719062500004 0.362048965625 0.30934870000000003 0.3357958359375 0.307832284375 0.3351852984375 0.31996360625000003 0.3553330484375 0.3381605875 0.362048965625 0.31844719062500004
6 0.3303009953125 0.20016680625 0.33091153281249996 0.0834028359375 0.3217534640625 0.0834028359375 0.322364003125 0.2115399203125 0.3370169125 0.21229812812499999 0.3370169125 0.2009250140625 0.3303009953125 0.20016680625
2 0.3351852984375 0.20016680625 0.3364063734375 0.209265296875 0.362048965625 0.2100235046875 0.362048965625 0.2009250140625 0.3614384265625 0.184244446875 0.3351852984375 0.20016680625
2 0.21368825937499997 0.0834028359375 0.24604676718750002 0.0962923640625 0.26863666875000003 0.0834028359375 0.26863666875000003 0.0644476453125 0.262531290625 0.0636894375 0.26314182812500003 0.0553491546875 0.2216252515625 0.054590946875000004 0.2216252515625 0.0629312296875 0.214909334375 0.0636894375 0.21368825937499997 0.0834028359375
2 0.44813480625 0.458715596875 0.45912448906250003 0.458715596875 0.4585139515625 0.420047009375 0.44813480625 0.41853059375 0.42981867031250004 0.4481006890625 0.44813480625 0.458715596875
2 0.5684107703125 0.41853059375 0.5574210875000001 0.420047009375 0.55681055 0.45947380468750004 0.56780023125 0.45947380468750004 0.591000671875 0.4458260671875 0.5684107703125 0.41853059375
1 0.5769583 0.47767078593749995 0.6868551203125 0.47767078593749995 0.6868551203125 0.41246493281249996 0.56780023125 0.411706725 0.5684107703125 0.46402304843750003 0.5763477625 0.46402304843750003 0.5769583 0.47767078593749995
2 0.6093168078125 0.47767078593749995 0.6111484218750001 0.48601107031249996 0.6349593984374999 0.486769278125 0.636180475 0.47539616406249996 0.6129800359375001 0.46174842656250004 0.6093168078125 0.47767078593749995
2 0.6532755359375 0.476154371875 0.6538860734374999 0.486769278125 0.681360278125 0.48752748593749995 0.680139203125 0.476154371875 0.6587703765625 0.46099021875 0.6532755359375 0.476154371875
2 0.9060382203125 0.48222003124999996 0.90542768125 0.47008871093750004 0.8620794921874999 0.47084691875000007 0.8626900296875 0.4814618234375 0.870627021875 0.5057244671875 0.9060382203125 0.48222003124999996
2 0.8358263640624999 0.5701721140625 0.82605775625 0.5701721140625 0.8278893703125 0.624763059375 0.835215825 0.624004853125 0.8578057265625001 0.6111153234375 0.8358263640624999 0.5701721140625
2 0.6532755359375 0.5792706046875 0.6544966125 0.5898855109375 0.679528665625 0.5898855109375 0.6789181265625001 0.5807870187499999 0.6789181265625001 0.564864659375 0.6532755359375 0.5792706046875
6 0.442029428125 0.7202972171875001 0.4505769578125 0.719539009375 0.4505769578125 0.59064371875 0.45668233750000004 0.59064371875 0.45607179843749995 0.5807870187499999 0.44996642031249995 0.5807870187499999 0.4505769578125 0.5261960718750001 0.4353135109375 0.5261960718750001 0.4353135109375 0.536052771875 0.442639965625 0.536052771875 0.442029428125 0.7202972171875001
2 0.45424018593750004 0.5792706046875 0.4554612609375 0.5898855109375 0.481714390625 0.5898855109375 0.4811038515625 0.5800288109375 0.4749984734375 0.5633482437499999 0.45424018593750004 0.5792706046875
4 0.441420415625 0.5368098421874999 0.329083278125 0.5368098421874999 0.329083278125 0.7180191828125 0.441420415625 0.7180191828125 0.441420415625 0.5368098421874999
2 0.43592404843750004 0.53832739375 0.4347029734375 0.5269542796875 0.391965321875 0.5277124875 0.391965321875 0.53832739375 0.40661822968749994 0.5633482437499999 0.43592404843750004 0.53832739375
6 0.39379693437499996 0.5277124875 0.3296904578125 0.5269542796875 0.33091153281249996 0.5208886203125 0.3217534640625 0.5193722046875 0.322364003125 0.719539009375 0.33091153281249996 0.7187808015625 0.33091153281249996 0.5375691875 0.393186396875 0.5375691875 0.39379693437499996 0.5277124875
2 0.331522071875 0.4852528625 0.3217534640625 0.48449465468749997 0.322364003125 0.5208886203125 0.33396422187499997 0.5208886203125 0.3498382078125 0.4928349390625 0.331522071875 0.4852528625
2 0.2704682828125 0.7187808015625 0.24848891874999998 0.7134733484375 0.214298796875 0.7202972171875001 0.21368825937499997 0.7384942 0.222846328125 0.7384942 0.22223578906250002 0.7468344828125 0.26314182812500003 0.7468344828125 0.263752365625 0.7377359921875 0.2698577453125 0.7377359921875 0.2704682828125 0.7187808015625
2 0.7534037484375 0.7377359921875 0.7534037484375 0.7468344828125 0.7955308624999999 0.7483508984375 0.794920325 0.7384942 0.8028573171875 0.7384942 0.8022467796875 0.7180225953125 0.7582880515625 0.708924103125 0.7472983703125 0.719539009375 0.7472983703125 0.7377359921875 0.7534037484375 0.7377359921875
6 0.680139203125 0.20016680625 0.679528665625 0.2107817125 0.69540265 0.2115399203125 0.6960131875 0.085677459375 0.6868551203125 0.0834028359375 0.68624458125 0.20016680625 0.680139203125 0.20016680625
6 0.639843703125 0.3085904921875 0.6337383234375 0.3085904921875 0.6343488609375 0.31844719062500004 0.6538860734374999 0.3192053984375 0.6544966125 0.3085904921875 0.6483912328125 0.3085904921875 0.6490017703125 0.2115399203125 0.6544966125 0.2115399203125 0.6544966125 0.2009250140625 0.62641186875 0.20016680625 0.6270224062499999 0.2107817125 0.639843703125 0.2115399203125 0.639843703125 0.3085904921875
6 0.68624458125 0.38971870468750003 0.69540265 0.38971870468750003 0.69540265 0.30934870000000003 0.680139203125 0.3085904921875 0.680749740625 0.31844719062500004 0.6874656578125 0.31844719062500004 0.68624458125 0.38971870468750003
6 0.680749740625 0.47842899375 0.680749740625 0.48828569218749995 0.69540265 0.4890439 0.6960131875 0.411706725 0.6868551203125 0.4109485171875 0.68624458125 0.47842899375 0.680749740625 0.47842899375
6 0.641675315625 0.5807870187499999 0.6276329453125 0.5792706046875 0.6276329453125 0.5898855109375 0.6532755359375 0.591401925 0.6532755359375 0.5800288109375 0.6490017703125 0.5800288109375 0.650222846875 0.4890439 0.6551071484375 0.48828569218749995 0.6551071484375 0.47842899375 0.6337383234375 0.476912578125 0.6343488609375 0.48828569218749995 0.641675315625 0.48828569218749995 0.641675315625 0.5807870187499999
6 0.6868551203125 0.7187808015625 0.6960131875 0.7202972171875001 0.6960131875 0.5800288109375 0.6783075890625 0.5792706046875 0.6783075890625 0.5898855109375 0.6868551203125 0.59064371875 0.6868551203125 0.7187808015625
6 0.48537761718750005 0.5815452265625 0.48049331406249995 0.5800288109375 0.4798827765625 0.59064371875 0.50613590625 0.59064371875 0.50735698125 0.5807870187499999 0.49331461093750006 0.5800288109375 0.49453568593749997 0.5277124875 0.48537761718750005 0.5269542796875 0.48537761718750005 0.5815452265625
6 0.5238415046875 0.46402304843750003 0.491482996875 0.46478125625000005 0.49209353437500003 0.45719918125000003 0.4798827765625 0.45795738906250005 0.4798827765625 0.46402304843750003 0.4597350265625 0.46402304843750003 0.4597350265625 0.45795738906250005 0.44752426874999995 0.458715596875 0.44752426874999995 0.46478125625000005 0.4365345875 0.46402304843750003 0.43714512499999997 0.47994540937499997 0.5574210875000001 0.47842899375 0.5562000125 0.4655394640625 0.5354417234375 0.4655394640625 0.5342206484375 0.45795738906250005 0.522620428125 0.45795738906250005 0.5238415046875 0.46402304843750003
6 0.36693326718749997 0.3085904921875 0.362048965625 0.3085904921875 0.3614384265625 0.31844719062500004 0.382196715625 0.3192053984375 0.3809756390625 0.30934870000000003 0.3748702609375 0.30934870000000003 0.37548079843750004 0.21229812812499999 0.3895231703125 0.2115399203125 0.3895231703125 0.20016680625 0.3614384265625 0.20016680625 0.362048965625 0.2100235046875 0.36693326718749997 0.2107817125 0.36693326718749997 0.3085904921875
5 0.5555876421875 0.320721434375 0.4603425125 0.320721434375 0.4603425125 0.38820266875 0.5555876421875 0.38820266875 0.5555876421875 0.320721434375
4 0.686245803125 0.0834028359375 0.576346540625 0.0834028359375 0.576346540625 0.20016680625 0.686245803125 0.20016680625 0.686245803125 0.0834028359375
1 0.9377871046875 0.41322768906249996 0.857807253125 0.41322768906249996 0.857807253125 0.47009174375 0.9377871046875 0.47009174375 0.9377871046875 0.41322768906249996
1 0.9371759562499999 0.3328607171875 0.8571961046875 0.3328607171875 0.8571961046875 0.3897247703125 0.9371759562499999 0.3897247703125 0.9371759562499999 0.3328607171875
1 0.8486501000000001 0.332856546875 0.8352182671874999 0.332856546875 0.8352182671874999 0.390479565625 0.8486501000000001 0.390479565625 0.8486501000000001 0.332856546875
1 0.8486467421875 0.4124687234375 0.8358260578125 0.4124687234375 0.8358260578125 0.4693327765625 0.8486467421875 0.4693327765625 0.8486467421875 0.4124687234375
1 0.4798827765625 0.45795738906250005 0.49209353437500003 0.458715596875 0.49209353437500003 0.46402304843750003 0.5232309671875 0.46478125625000005 0.5232309671875 0.45795738906250005 0.5348311859375 0.45719918125000003 0.5360522624999999 0.4632648421875 0.5562000125 0.46402304843750003 0.5562000125 0.411706725 0.4597350265625 0.411706725 0.46034556406249993 0.46478125625000005 0.4798827765625 0.46478125625000005 0.4798827765625 0.45795738906250005
2 0.5403223640625 0.38971642968750003 0.47560779062499997 0.38971642968750003 0.47560779062499997 0.4117014171875 0.5403223640625 0.4117014171875 0.5403223640625 0.38971642968750003
1 0.5562000125 0.5254378656250001 0.56596861875 0.5261960718750001 0.5653580812500001 0.5102737125 0.5562000125 0.5102737125 0.5562000125 0.47994540937499997 0.492704071875 0.47842899375 0.4939251484375 0.578512396875 0.5562000125 0.5792706046875 0.5562000125 0.5254378656250001
4 0.5568132968749999 0.5914011671875 0.45057421093750005 0.5914011671875 0.45057421093750005 0.719541284375 0.5568132968749999 0.719541284375 0.5568132968749999 0.5914011671875
4 0.3217562125 0.41398248593750003 0.1868267296875 0.41398248593750003 0.1868267296875 0.7180275234375 0.3217562125 0.7180275234375 0.3217562125 0.41398248593750003
6 0.32785884374999996 0.009098490625 0.32846938125 0.054590946875000004 0.3357958359375 0.0530745328125 0.3357958359375 0.001516415625 0.192929971875 0.001516415625 0.1923194328125 0.051558117187499995 0.19903535 0.0538327390625 0.1996458875 0.0098566984375 0.32785884374999996 0.009098490625
6 0.8230050671875 0.054590946875000004 0.8230050671875 0.001516415625 0.680139203125 0.0022746234375 0.680749740625 0.0553491546875 0.6868551203125 0.0538327390625 0.6874656578125 0.009098490625 0.81628915 0.0098566984375 0.8168996890625 0.054590946875000004 0.8230050671875 0.054590946875000004
1 0.32724983281250003 0.7491034187500001 0.20025856250000001 0.7491034187500001 0.20025856250000001 0.7930817343750001 0.32724983281250003 0.7930817343750001 0.32724983281250003 0.7491034187500001
1 0.8156783078125001 0.009849875 0.6874647421875 0.009849875 0.6874647421875 0.053069225 0.8156783078125001 0.053069225 0.8156783078125001 0.009849875
1 0.3284721296875 0.009090909375000001 0.20025856250000001 0.009090909375000001 0.20025856250000001 0.052310257812500004 0.3284721296875 0.052310257812500004 0.3284721296875 0.009090909375000001