7 0.07437630468749999 0.12094333125000001 0.0593710859375 0.12094333125000001 0.0593710859375 0.17191085 0.07437630468749999 0.17191085 0.07437630468749999 0.12094333125000001
7 0.0737239046875 0.21769523125 0.060023485937499996 0.21769523125 0.060023485937499996 0.292850725 0.0737239046875 0.292850725 0.0737239046875 0.21769523125
7 0.0743736953125 0.34208707656250004 0.060020876562500006 0.34208707656250004 0.060020876562500006 0.4163787140625 0.0743736953125 0.4163787140625 0.0743736953125 0.34208707656250004
7 0.0737239046875 0.46129923906250003 0.060023485937499996 0.46129923906250003 0.060023485937499996 0.5355908781250001 0.0737239046875 0.5355908781250001 0.0737239046875 0.46129923906250003
7 0.07372129375 0.582239115625 0.05936847656250001 0.582239115625 0.05936847656250001 0.630615065625 0.07372129375 0.630615065625 0.07372129375 0.582239115625
7 0.0743736953125 0.680722184375 0.060020876562500006 0.680722184375 0.060020876562500006 0.731689703125 0.0743736953125 0.731689703125 0.0743736953125 0.680722184375
7 0.0737239046875 0.7852453359375 0.060023485937499996 0.7852453359375 0.060023485937499996 0.8595369734375 0.0737239046875 0.8595369734375 0.0737239046875 0.7852453359375
7 0.1389639875 0.913963371875 0.10177714062500001 0.913963371875 0.10177714062500001 0.933832065625 0.1389639875 0.933832065625 0.1389639875 0.913963371875
7 0.28509916562500004 0.9130960609375001 0.24856471875000002 0.9130960609375001 0.24856471875000002 0.9338286109375 0.28509916562500004 0.9338286109375 0.28509916562500004 0.9130960609375001
7 0.36860908124999997 0.830169315625 0.331422234375 0.830169315625 0.331422234375 0.850038009375 0.36860908124999997 0.850038009375 0.36860908124999997 0.830169315625
7 0.4534185796875 0.830169315625 0.41688413437499994 0.830169315625 0.41688413437499994 0.850038009375 0.4534185796875 0.850038009375 0.4534185796875 0.830169315625
7 0.5558481203125 0.8301658609375 0.48604123125000004 0.8301658609375 0.48604123125000004 0.8508984109375 0.5558481203125 0.8508984109375 0.5558481203125 0.8301658609375
7 0.625002609375 0.8310331718749999 0.5878157625 0.8310331718749999 0.5878157625 0.849174153125 0.625002609375 0.849174153125 0.625002609375 0.8310331718749999
7 0.7085099171875 0.830169315625 0.6726278703124999 0.830169315625 0.6726278703124999 0.850038009375 0.7085099171875 0.850038009375 0.7085099171875 0.830169315625
7 0.7926696234375 0.913099515625 0.7554827765625001 0.913099515625 0.7554827765625001 0.932968209375 0.7926696234375 0.932968209375 0.7926696234375 0.913099515625
7 0.9427218156249999 0.913963371875 0.9068397703125 0.913963371875 0.9068397703125 0.933832065625 0.9427218156249999 0.933832065625 0.9427218156249999 0.913963371875
7 0.9844754703125 0.753282653125 0.9707750515625 0.753282653125 0.9707750515625 0.8033863171875 0.9844754703125 0.8033863171875 0.9844754703125 0.753282653125
7 0.9851278703125 0.8534899796875001 0.9701226515625001 0.8534899796875001 0.9701226515625001 0.9018659296875 0.9851278703125 0.9018659296875 0.9851278703125 0.8534899796875001
3 0.9851252609375001 0.6254353828125 0.9707724421874999 0.6254353828125 0.9707724421874999 0.754149965625 0.9851252609375001 0.754149965625 0.9851252609375001 0.6254353828125
7 0.9844728593750001 0.5882895640625 0.9701200421875 0.5882895640625 0.9701200421875 0.6254353828125 0.9844728593750001 0.6254353828125 0.9844728593750001 0.5882895640625
3 0.9844728593750001 0.801662059375 0.9701200421875 0.801662059375 0.9701200421875 0.8543572906250001 0.9844728593750001 0.8543572906250001 0.9844728593750001 0.801662059375
3 0.07437630468749999 0.1684519703125 0.0593710859375 0.1684519703125 0.0593710859375 0.2202833453125 0.07437630468749999 0.2202833453125 0.07437630468749999 0.1684519703125
4 0.207463465625 0.20300967499999997 0.0743736953125 0.20300967499999997 0.0743736953125 0.5597823078124999 0.207463465625 0.5597823078124999 0.207463465625 0.20300967499999997
7 0.197677453125 0.1874602625 0.17810542812500002 0.1874602625 0.17810542812500002 0.20214581874999998 0.197677453125 0.20214581874999998 0.197677453125 0.1874602625
7 0.10438674375000001 0.18745680781250001 0.08546711875 0.18745680781250001 0.08546711875 0.20127850781249998 0.10438674375000001 0.20127850781249998 0.10438674375000001 0.18745680781250001
1 0.292278184375 0.08984450625 0.21333768281249998 0.08984450625 0.21333768281249998 0.4794436765625 0.292278184375 0.4794436765625 0.292278184375 0.08984450625
7 0.27009394531250003 0.0708362125 0.241388309375 0.0708362125 0.241388309375 0.0915687625 0.27009394531250003 0.0915687625 0.27009394531250003 0.0708362125
3 0.0743736953125 0.2893953 0.060020876562500006 0.2893953 0.060020876562500006 0.3455459578125 0.0743736953125 0.3455459578125 0.0743736953125 0.2893953
3 0.0743736953125 0.41292328906250003 0.060020876562500006 0.41292328906250003 0.060020876562500006 0.4664823765625 0.0743736953125 0.4664823765625 0.0743736953125 0.41292328906250003
3 0.07372129375 0.532135453125 0.05936847656250001 0.532135453125 0.05936847656250001 0.583966828125 0.07372129375 0.583966828125 0.07372129375 0.532135453125
3 0.07437630468749999 0.6297546640625 0.0593710859375 0.6297546640625 0.0593710859375 0.684177609375 0.07437630468749999 0.684177609375 0.07437630468749999 0.6297546640625
3 0.07502870625 0.728230821875 0.060023485937499996 0.728230821875 0.060023485937499996 0.7887007609375 0.07502870625 0.7887007609375 0.07502870625 0.728230821875
3 0.1017745296875 0.9139599171875 0.0750260953125 0.9139599171875 0.0743736953125 0.8586731171875 0.060020876562500006 0.8560815484375001 0.05936847656250001 0.9346924671875 0.1037317328125 0.9346924671875 0.104384134375 0.9251900484375 0.1017745296875 0.9139599171875
3 0.22377348593750002 0.9416033171875 0.24725991718749998 0.9416033171875 0.24725991718749998 0.9346924671875 0.24856471875000002 0.9346924671875 0.2498695203125 0.9139599171875 0.13830897656250002 0.9148237734375 0.13765657656250002 0.9346924671875 0.22377348593750002 0.9338286109375 0.22377348593750002 0.9416033171875
3 0.2870563671875 0.9424671734375 0.31054279687499997 0.9416033171875 0.31054279687499997 0.9122322046875 0.30793319375 0.9122322046875 0.30728079375 0.8543538359375 0.3235908140625 0.8543538359375 0.3229384140625 0.8500345546875 0.334029228125 0.8508984109375 0.334029228125 0.8301658609375 0.30793319375 0.8301658609375 0.30728079375 0.6789910156250001 0.31706680625 0.679854871875 0.31771920625 0.662577746875 0.29358037656249997 0.662577746875 0.2922755734375 0.9148237734375 0.28509916562500004 0.9139599171875 0.2831419625 0.9355563234375 0.28770876875 0.9355563234375 0.2870563671875 0.9424671734375
4 0.4018789140625 0.667760884375 0.4012265140625 0.681582584375 0.38752609531250004 0.679854871875 0.38752609531250004 0.668624740625 0.319676409375 0.668624740625 0.3190240078125 0.6824464406249999 0.30793319375 0.681582584375 0.3092379953125 0.8284381484375001 0.4645093953125 0.8293020046875 0.46385699375 0.668624740625 0.4018789140625 0.667760884375
3 0.4005741125 0.667764340625 0.38752609531250004 0.667764340625 0.38752609531250004 0.680722184375 0.4005741125 0.680722184375 0.4005741125 0.667764340625
6 0.4645093953125 0.8301658609375 0.46907620000000005 0.8293020046875 0.46907620000000005 0.666897028125 0.5036534453125 0.666897028125 0.5036534453125 0.661713890625 0.44950417500000006 0.662577746875 0.44950417500000006 0.667760884375 0.4651617953125 0.667760884375 0.4645093953125 0.8301658609375
4 0.57150313125 0.680718728125 0.5551931109375 0.680718728125 0.5558455109375 0.668624740625 0.486038621875 0.668624740625 0.486038621875 0.680718728125 0.47038100156249996 0.680718728125 0.4697286015625 0.8301658609375 0.5721555328125 0.8301658609375 0.57150313125 0.680718728125
3 0.48538883125 0.6669004843749999 0.469078809375 0.6669004843749999 0.469078809375 0.679858328125 0.48538883125 0.679858328125 0.48538883125 0.6669004843749999
6 0.5721555328125 0.8301658609375 0.5767223375 0.8301658609375 0.5773747390625 0.668624740625 0.5917275578125001 0.668624740625 0.5917275578125001 0.661713890625 0.5375782874999999 0.660850034375 0.5369258875 0.667760884375 0.5721555328125 0.667760884375 0.5721555328125 0.8301658609375
3 0.5721555328125 0.667760884375 0.5551931109375 0.667760884375 0.5551931109375 0.679854871875 0.5721555328125 0.679854871875 0.5721555328125 0.667760884375
4 0.7339509390625001 0.680718728125 0.7215553234375001 0.680718728125 0.7215553234375001 0.667760884375 0.6537056375 0.668624740625 0.6537056375 0.681582584375 0.63935281875 0.680718728125 0.63935281875 0.667760884375 0.5780271406249999 0.668624740625 0.5773747390625 0.8301658609375 0.7339509390625001 0.8301658609375 0.7339509390625001 0.680718728125
3 0.6530532359375 0.667764340625 0.64000521875 0.667764340625 0.64000521875 0.680722184375 0.6530532359375 0.680722184375 0.6530532359375 0.667764340625
3 0.378392484375 0.8552176921875001 0.3901357 0.8543538359375 0.3901357 0.8664478234375 0.4142745296875 0.8673116796875 0.41296972812500005 0.8500345546875 0.41688413437499994 0.8517622671874999 0.41688413437499994 0.8310297171875 0.368606471875 0.8310297171875 0.368606471875 0.8508984109375 0.378392484375 0.8508984109375 0.378392484375 0.8552176921875001
3 0.45668058437500003 0.8673116796875 0.4801670140625 0.8664478234375 0.48147181562499997 0.8491706984375 0.48799582499999994 0.8500345546875 0.48669102343750004 0.8301658609375 0.4527661796875 0.8301658609375 0.45211377812500003 0.8508984109375 0.45602818437500003 0.8508984109375 0.45668058437500003 0.8673116796875
3 0.5604123171875 0.8673116796875 0.583246346875 0.8664478234375 0.583898746875 0.8500345546875 0.5897703546875 0.8491706984375 0.588465553125 0.8293020046875 0.5551931109375 0.8301658609375 0.5532359078125 0.8491706984375 0.5604123171875 0.8500345546875 0.5604123171875 0.8673116796875
3 0.6282620046875 0.8664478234375 0.651748434375 0.8673116796875 0.651748434375 0.8543538359375 0.6628392484375001 0.8543538359375 0.66414405 0.8500345546875 0.6732776625 0.8500345546875 0.6732776625 0.8301658609375 0.623042796875 0.8301658609375 0.6236951984375 0.8491706984375 0.626957203125 0.8500345546875 0.6282620046875 0.8664478234375
3 0.7332985390625 0.8301658609375 0.70850730625 0.8293020046875 0.7072025046875 0.8500345546875 0.71829331875 0.8500345546875 0.7169885171875 0.8543538359375 0.7339509390625001 0.8534899796875001 0.7332985390625 0.9113683484375 0.7306889359375 0.9105044921875001 0.7306889359375 0.9416033171875 0.7535229640625001 0.9416033171875 0.7535229640625001 0.9329647546875 0.7593945718749999 0.9329647546875 0.7561325671875 0.9269177609374999 0.7561325671875 0.9130960609375001 0.7483037578125 0.9139599171875 0.748956159375 0.660850034375 0.722207725 0.660850034375 0.7215553234375001 0.680718728125 0.7339509390625001 0.680718728125 0.7332985390625 0.8301658609375
3 0.7926670140625001 0.9416033171875 0.8161534453125 0.9416033171875 0.8168058453124999 0.9338286109375 0.9061847593750001 0.9346924671875 0.9068371609374999 0.9139599171875 0.7920146140625001 0.9130960609375001 0.7907098125 0.9321008984375 0.7926670140625001 0.9338286109375 0.7926670140625001 0.9416033171875
3 0.7339509390625001 0.18313752656249999 0.30793319375 0.1822736703125 0.30793319375 0.0708362125 0.2694415453125 0.0708362125 0.26878914374999996 0.0915687625 0.2916231734375 0.09243261875 0.2916231734375 0.20214236406250002 0.74765135625 0.20300622031249999 0.748956159375 0.0915687625 0.969467640625 0.0915687625 0.9701200421875 0.551140290625 0.8004958249999999 0.551140290625 0.801148225 0.494989634375 0.78614300625 0.49585349062499995 0.78614300625 0.551140290625 0.3027139875 0.550276434375 0.3027139875 0.570145128125 0.9701200421875 0.570145128125 0.9701200421875 0.588286109375 0.9857776625 0.589149965625 0.9851252609375001 0.07170006875 0.7339509390625001 0.07170006875 0.7339509390625001 0.18313752656249999
4 0.78614300625 0.49585349062499995 0.8004958249999999 0.49585349062499995 0.801148225 0.551140290625 0.9701200421875 0.551140290625 0.969467640625 0.20300622031249999 0.8018006265625001 0.20300622031249999 0.801148225 0.25915687656249997 0.7867954078125 0.2574291640625 0.78614300625 0.20387007656249997 0.3040187890625 0.20214236406250002 0.3040187890625 0.548548721875 0.78614300625 0.551140290625 0.78614300625 0.49585349062499995
3 0.8004984343749999 0.20127850781249998 0.7867980171875 0.20127850781249998 0.7867980171875 0.2582930203125 0.8004984343749999 0.2582930203125 0.8004984343749999 0.20127850781249998
6 0.969467640625 0.18832411875 0.74765135625 0.18832411875 0.74765135625 0.20300967499999997 0.969467640625 0.20300967499999997 0.969467640625 0.18832411875
3 0.0743736953125 0.09070490625 0.212030271875 0.08984105 0.21268267187499998 0.10798203125000001 0.21855427968750002 0.10711817500000001 0.21920668124999998 0.0915687625 0.241388309375 0.09070490625 0.2433455109375 0.07170006875 0.060020876562500006 0.07170006875 0.05936847656250001 0.1226675875 0.0743736953125 0.1226675875 0.0743736953125 0.09070490625
6 0.208115865625 0.20300622031249999 0.208115865625 0.493261921875 0.2133350734375 0.49239806562500005 0.2133350734375 0.486351071875 0.21920668124999998 0.486351071875 0.21920668124999998 0.479440221875 0.212030271875 0.479440221875 0.212030271875 0.08984105 0.208115865625 0.08984105 0.208115865625 0.1883206640625 0.1970250515625 0.18745680781250001 0.197677453125 0.20214236406250002 0.208115865625 0.20300622031249999
3 0.21855427968750002 0.1736351078125 0.2133350734375 0.1736351078125 0.2133350734375 0.21164478281250002 0.21855427968750002 0.21164478281250002 0.21855427968750002 0.1736351078125
3 0.219209290625 0.30148928750000004 0.21072807968750001 0.30148928750000004 0.21072807968750001 0.33172425781250003 0.219209290625 0.33172425781250003 0.219209290625 0.30148928750000004
3 0.21855427968750002 0.4241568765625 0.212030271875 0.4241568765625 0.212030271875 0.45439184531250004 0.21855427968750002 0.45439184531250004 0.21855427968750002 0.4241568765625
1 0.20811847656250002 0.566689703125 0.07437630468749999 0.566689703125 0.07437630468749999 0.663441603125 0.20811847656250002 0.663441603125 0.20811847656250002 0.566689703125
6 0.208115865625 0.6029716656249999 0.21268267187499998 0.603835521875 0.212030271875 0.537318590625 0.20876826718750002 0.5381824468749999 0.207463465625 0.558914996875 0.0750260953125 0.559778853125 0.0743736953125 0.5658258468749999 0.208115865625 0.566689703125 0.208115865625 0.6029716656249999
1 0.2916231734375 0.48548721562499997 0.21398747343750002 0.486351071875 0.21398747343750002 0.544229440625 0.21855427968750002 0.545093296875 0.21855427968750002 0.583966828125 0.212030271875 0.583966828125 0.2133350734375 0.651347615625 0.21920668124999998 0.649619903125 0.21985908125 0.661713890625 0.2916231734375 0.662577746875 0.2922755734375 0.651347615625 0.30467119062500003 0.649619903125 0.30467119062500003 0.660850034375 0.73721294375 0.660850034375 0.7365605421875 0.570145128125 0.30467119062500003 0.5710089843749999 0.3040187890625 0.579647546875 0.2916231734375 0.5805114031249999 0.2916231734375 0.48548721562499997
3 0.21855688906249998 0.545957153125 0.21138047968749998 0.545957153125 0.21138047968749998 0.583966828125 0.21855688906249998 0.583966828125 0.21855688906249998 0.545957153125
6 0.21855688906249998 0.727366965625 0.207466075 0.727366965625 0.207466075 0.9139599171875 0.21855688906249998 0.9139599171875 0.21855688906249998 0.727366965625
5 0.29293058437499997 0.728230821875 0.219209290625 0.728230821875 0.219209290625 0.9130960609375001 0.29293058437499997 0.9130960609375001 0.29293058437499997 0.728230821875
2 0.17810542812500002 0.18745680781250001 0.105036534375 0.18745680781250001 0.105036534375 0.20127850781249998 0.17810542812500002 0.20127850781249998 0.17810542812500002 0.18745680781250001
2 0.212030271875 0.4924015203125 0.208115865625 0.4924015203125 0.208115865625 0.5381859015625 0.212030271875 0.5381859015625 0.212030271875 0.4924015203125
2 0.24139091875 0.480304078125 0.21855688906249998 0.480304078125 0.21855688906249998 0.48548721562499997 0.24139091875 0.48548721562499997 0.24139091875 0.480304078125
6 0.207463465625 0.678127159375 0.2061586640625 0.685901865625 0.21985908125 0.685038009375 0.21920668124999998 0.678127159375 0.23877870625000003 0.678127159375 0.2381263046875 0.663441603125 0.21855427968750002 0.663441603125 0.2179018796875 0.6522114718750001 0.21268267187499998 0.653075328125 0.2133350734375 0.6323427781250001 0.207463465625 0.6323427781250001 0.208115865625 0.663441603125 0.1578810015625 0.664305459375 0.1578810015625 0.678127159375 0.207463465625 0.678127159375
2 0.212030271875 0.6021112640624999 0.208115865625 0.6021112640624999 0.208115865625 0.6323462328125 0.212030271875 0.6323462328125 0.212030271875 0.6021112640624999
1 0.292278184375 0.6789944718750001 0.21855688906249998 0.6789944718750001 0.21855688906249998 0.728234278125 0.292278184375 0.728234278125 0.292278184375 0.6789944718750001
2 0.272706159375 0.665172771875 0.23812891406249997 0.665172771875 0.23812891406249997 0.678130615625 0.272706159375 0.678130615625 0.272706159375 0.665172771875
4 0.207466075 0.679854871875 0.07502870625 0.679854871875 0.07502870625 0.9130960609375001 0.207466075 0.9130960609375001 0.207466075 0.679854871875
2 0.1578810015625 0.665169315625 0.123956159375 0.665169315625 0.123956159375 0.6772633031249999 0.1578810015625 0.6772633031249999 0.1578810015625 0.665169315625
2 0.21855688906249998 0.685041465625 0.207466075 0.685041465625 0.207466075 0.727370421875 0.21855688906249998 0.727370421875 0.21855688906249998 0.685041465625
2 0.4501591859375 0.661717346875 0.4155819421875 0.661717346875 0.4155819421875 0.667764340625 0.4501591859375 0.667764340625 0.4501591859375 0.661717346875
2 0.5375782874999999 0.661713890625 0.5036534453125 0.661713890625 0.5036534453125 0.666897028125 0.5375782874999999 0.666897028125 0.5375782874999999 0.661713890625
2 0.6256550109375 0.661717346875 0.5923825671875 0.661717346875 0.5923825671875 0.667764340625 0.6256550109375 0.667764340625 0.6256550109375 0.661717346875
2 0.7483063671875 0.578783690625 0.7385203546875 0.578783690625 0.7385203546875 0.653075328125 0.7483063671875 0.653075328125 0.7483063671875 0.578783690625
2 0.832463465625 0.584830684375 0.8220250515625 0.584830684375 0.8220250515625 0.629751209375 0.832463465625 0.629751209375 0.832463465625 0.584830684375
4 0.8207202499999999 0.765380096875 0.748956159375 0.765380096875 0.748956159375 0.913099515625 0.8207202499999999 0.913099515625 0.8207202499999999 0.765380096875
6 0.7730949890625001 0.757601934375 0.7483037578125 0.757601934375 0.7483037578125 0.764512784375 0.7730949890625001 0.764512784375 0.7730949890625001 0.757601934375
2 0.79592901875 0.7584657906250001 0.7750521921875 0.7584657906250001 0.7750521921875 0.7636489281250001 0.79592901875 0.7636489281250001 0.79592901875 0.7584657906250001
6 0.79592901875 0.757601934375 0.79592901875 0.7636489281250001 0.8207202499999999 0.7636489281250001 0.8207202499999999 0.9139599171875 0.8331158656250001 0.9139599171875 0.832463465625 0.755010365625 0.822677453125 0.754146509375 0.8220250515625 0.7584657906250001 0.79592901875 0.757601934375
2 0.8324660749999999 0.7118175531250001 0.8213752609375 0.7118175531250001 0.8213752609375 0.755010365625 0.8324660749999999 0.755010365625 0.8324660749999999 0.7118175531250001
5 0.9701226515625001 0.5692847265625 0.8324660749999999 0.5692847265625 0.8324660749999999 0.6444402218749999 0.9701226515625001 0.6444402218749999 0.9701226515625001 0.5692847265625
4 0.9707750515625 0.660850034375 0.8331184765625 0.660850034375 0.8331184765625 0.9130960609375001 0.9707750515625 0.9130960609375001 0.9707750515625 0.660850034375
6 0.8213726515625 0.710953696875 0.832463465625 0.710953696875 0.832463465625 0.659122321875 0.9701200421875 0.6599861781249999 0.9701200421875 0.6453006218749999 0.832463465625 0.6453006218749999 0.832463465625 0.6323427781250001 0.8207202499999999 0.630615065625 0.8213726515625 0.710953696875
6 0.8324660749999999 0.5701485828124999 0.8213752609375 0.5701485828124999 0.8213752609375 0.5848341390625 0.8324660749999999 0.5848341390625 0.8324660749999999 0.5701485828124999
6 0.7483037578125 0.570145128125 0.73786534375 0.570145128125 0.73786534375 0.578783690625 0.7483037578125 0.578783690625 0.7483037578125 0.570145128125
6 0.749608559375 0.652214928125 0.73786534375 0.652214928125 0.73786534375 0.661717346875 0.749608559375 0.661717346875 0.749608559375 0.652214928125
6 0.722862734375 0.662577746875 0.6256550109375 0.662577746875 0.6256550109375 0.667760884375 0.722862734375 0.667760884375 0.722862734375 0.662577746875
6 0.4155819421875 0.660850034375 0.317069415625 0.660850034375 0.317069415625 0.667760884375 0.4155819421875 0.667760884375 0.4155819421875 0.660850034375
6 0.292927975 0.663445059375 0.27335595 0.663445059375 0.27335595 0.678130615625 0.292927975 0.678130615625 0.292927975 0.663445059375
6 0.3040213984375 0.6522114718750001 0.29293058437499997 0.6522114718750001 0.29293058437499997 0.662577746875 0.3040213984375 0.662577746875 0.3040213984375 0.6522114718750001
6 0.123956159375 0.664305459375 0.0743736953125 0.664305459375 0.0743736953125 0.678127159375 0.123956159375 0.678127159375 0.123956159375 0.664305459375
6 0.24073590781249998 0.479440221875 0.24073590781249998 0.486351071875 0.2922755734375 0.48548721562499997 0.2922755734375 0.578783690625 0.3033663890625 0.578783690625 0.3040187890625 0.20300622031249999 0.292927975 0.20214236406250002 0.2922755734375 0.479440221875 0.24073590781249998 0.479440221875
4 0.207466075 0.0915687625 0.07502870625 0.0915687625 0.07502870625 0.1865929515625 0.207466075 0.1865929515625 0.207466075 0.0915687625
1 0.8207228593749999 0.570145128125 0.74961116875 0.570145128125 0.74961116875 0.7567380781249999 0.8207228593749999 0.7567380781249999 0.8207228593749999 0.570145128125
3 0.9433716078125001 0.9130960609375001 0.9427192062499999 0.9346924671875 0.9851252609375001 0.9338286109375 0.9857776625 0.9018659296875 0.9701200421875 0.9027297859375001 0.9701200421875 0.9139599171875 0.9433716078125001 0.9130960609375001
1 0.969467640625 0.0907083625 0.748956159375 0.0907083625 0.748956159375 0.18832411875 0.969467640625 0.18832411875 0.969467640625 0.0907083625
1 0.36991388281250004 0.08984105 0.307935803125 0.08984105 0.307935803125 0.18313752656249999 0.36991388281250004 0.18313752656249999 0.36991388281250004 0.08984105
1 0.7333011484374999 0.08984105 0.67132306875 0.08984105 0.67132306875 0.18313752656249999 0.7333011484374999 0.18313752656249999 0.7333011484374999 0.08984105
6 0.3666518796875 0.07688320625 0.30858820468750003 0.07688320625 0.30858820468750003 0.08897719375 0.3666518796875 0.08897719375 0.3666518796875 0.07688320625
6 0.7339509390625001 0.07688320625 0.6739300625 0.07688320625 0.6739300625 0.08897719375 0.7339509390625001 0.08897719375 0.7339509390625001 0.07688320625