3 0.6940044578125 0.16452074375 0.686964684375 0.162931171875 0.686964684375 0.1851851859375 0.709257303125 0.1851851859375 0.7098439515625 0.070735971875 0.7602956703125 0.070735971875 0.76088231875 0.05007153125 0.69459110625 0.049276745312499995 0.6940044578125 0.0548402484375 0.686964684375 0.0548402484375 0.6863780359375 0.0699411859375 0.6940044578125 0.070735971875 0.6940044578125 0.16452074375
4 0.8547465687500001 0.070733190625 0.709846884375 0.070733190625 0.709846884375 0.1700822609375 0.8547465687500001 0.1700822609375 0.8547465687500001 0.070733190625
7 0.79638595625 0.049653076562499995 0.7600132 0.049653076562499995 0.7600132 0.07031831250000001 0.79638595625 0.07031831250000001 0.79638595625 0.049653076562499995
5 0.3120960921875 0.069942775 0.26340549062499996 0.069942775 0.26340549062499996 0.16452074375 0.3120960921875 0.16452074375 0.3120960921875 0.069942775
2 0.3056467796875 0.0548426328125 0.2704461453125 0.0548426328125 0.2704461453125 0.07073676718750001 0.3056467796875 0.07073676718750001 0.3056467796875 0.0548426328125
4 0.6945881734375 0.1851859796875 0.2604699046875 0.1851859796875 0.2604699046875 0.5460157375 0.6945881734375 0.5460157375 0.6945881734375 0.1851859796875
2 0.3056441390625 0.16531473593749998 0.2710295671875 0.16531473593749998 0.2710295671875 0.1851859796875 0.3056441390625 0.1851859796875 0.3056441390625 0.16531473593749998
4 0.039305409375 0.1851851859375 0.028745746875 0.18597997187499998 0.028159098437500002 0.66205690625 0.16191481875 0.6612621203125 0.16308811406249998 0.649340328125 0.174234425 0.6501351140625 0.174234425 0.6612621203125 0.248152059375 0.6612621203125 0.2469787640625 0.18597997187499998 0.174234425 0.1851851859375 0.174234425 0.19472261875000002 0.1613281703125 0.19472261875000002 0.1613281703125 0.18597997187499998 0.15135515625 0.1851851859375 0.15135515625 0.16849467499999998 0.16308811406249998 0.1669051015625 0.1625014671875 0.070735971875 0.028745746875 0.070735971875 0.028159098437500002 0.16849467499999998 0.039305409375 0.16849467499999998 0.039305409375 0.1851851859375
3 0.15135515625 0.1851851859375 0.2710313265625 0.1851851859375 0.2710313265625 0.166110315625 0.2639915515625 0.16531552968750002 0.2634049046875 0.1621363859375 0.24873870625 0.162931171875 0.2493253546875 0.1692894609375 0.150768509375 0.1676998890625 0.15135515625 0.1851851859375
2 0.26281679062499996 0.1319384828125 0.2487354796875 0.1319384828125 0.2487354796875 0.16213877031249999 0.26281679062499996 0.16213877031249999 0.26281679062499996 0.1319384828125
1 0.6940021125 0.070733190625 0.645311509375 0.070733190625 0.645311509375 0.1645171671875 0.6940021125 0.1645171671875 0.6940021125 0.070733190625
2 0.6863753953125 0.055633046875 0.6529382265625 0.055633046875 0.6529382265625 0.0691452078125 0.6863753953125 0.0691452078125 0.6863753953125 0.055633046875
3 0.9333568 0.5452233343749999 0.7632289109375 0.5460181203125 0.7626422625 0.48879351406250005 0.7473894171875 0.48879351406250005 0.7473894171875 0.5460181203125 0.6300598374999999 0.5460181203125 0.6306464859375 0.565092990625 0.9333568 0.5666825625 0.9333568 0.5849626453125001 0.9486096453125 0.587347003125 0.9486096453125 0.1637259578125 0.9333568 0.162931171875 0.9333568 0.18597997187499998 0.9333568 0.5452233343749999
2 0.6869640968749999 0.16531473593749998 0.652349525 0.16531473593749998 0.652349525 0.1851859796875 0.6869640968749999 0.1851859796875 0.6869640968749999 0.16531473593749998
6 0.870585475 0.18597997187499998 0.870585475 0.17008424687499998 0.8641323484375001 0.17008424687499998 0.8647189953125001 0.070735971875 0.8559192765624999 0.070735971875 0.8553326296874999 0.17087903437500002 0.8494661499999999 0.17087903437500002 0.8488795031249999 0.18597997187499998 0.870585475 0.18597997187499998
1 0.9321805703124999 0.18597997187499998 0.7620538546875 0.18597997187499998 0.7620538546875 0.5452217453125 0.9321805703124999 0.5452217453125 0.9321805703124999 0.18597997187499998
2 0.8905332625 0.170879828125 0.8705860609375 0.170879828125 0.8705860609375 0.1851859796875 0.8905332625 0.1851859796875 0.8905332625 0.170879828125
2 0.8500554375 0.170879828125 0.7925633578125 0.170879828125 0.7925633578125 0.1851859796875 0.8500554375 0.1851859796875 0.8500554375 0.170879828125
2 0.2592977828125 0.20108369062499998 0.2487381203125 0.20108369062499998 0.2487381203125 0.24638412031249998 0.2592977828125 0.24638412031249998 0.2592977828125 0.20108369062499998
2 0.259300421875 0.48402002812499995 0.2481546984375 0.48402002812499995 0.2481546984375 0.53091559375 0.259300421875 0.53091559375 0.259300421875 0.48402002812499995
2 0.1730623015625 0.0874248921875 0.1636747625 0.0874248921875 0.1636747625 0.154978540625 0.1730623015625 0.154978540625 0.1730623015625 0.0874248921875
2 0.2587143609375 0.5746316171875 0.2487407609375 0.5746316171875 0.2487407609375 0.6509334765625 0.2587143609375 0.6509334765625 0.2587143609375 0.5746316171875
2 0.1730596625 0.6843133046875 0.1630860609375 0.6843133046875 0.1630860609375 0.7288197421875 0.1730596625 0.7288197421875 0.1730596625 0.6843133046875
6 0.1613252375 0.6779542203125 0.028157339062499998 0.6779542203125 0.028157339062499998 0.783662375 0.1613252375 0.783662375 0.1613252375 0.6779542203125
2 0.11263727500000001 0.6620565093749999 0.07920010625 0.6620565093749999 0.07920010625 0.6771566531250001 0.11263727500000001 0.6771566531250001 0.11263727500000001 0.6620565093749999
1 0.160741815625 0.8480400578125 0.12847676875 0.8480400578125 0.12847676875 0.919570815625 0.160741815625 0.919570815625 0.160741815625 0.8480400578125
6 0.1736483625 0.9052610874999999 0.161916578125 0.9052610874999999 0.161916578125 0.9219492125000001 0.1736483625 0.9219492125000001 0.1736483625 0.9052610874999999
2 0.1730623015625 0.87267525 0.162502640625 0.87267525 0.162502640625 0.9044635187500001 0.1730623015625 0.9044635187500001 0.1730623015625 0.87267525
6 0.1196761703125 0.921157209375 0.127889240625 0.921157209375 0.12847588906250001 0.8472420921875001 0.131409128125 0.8472420921875001 0.131409128125 0.8408838031249999 0.127889240625 0.8408838031249999 0.127889240625 0.7947862031249999 0.1625014671875 0.7939914156250001 0.1636747625 0.78524876875 0.054558254687499995 0.7844539828125 0.054558254687499995 0.7947862031249999 0.12026281875 0.7947862031249999 0.1196761703125 0.921157209375
2 0.15018479375 0.8416809734375 0.13140971562499998 0.8416809734375 0.13140971562499998 0.847246065625 0.15018479375 0.847246065625 0.15018479375 0.8416809734375
6 0.1730596625 0.729613734375 0.1630860609375 0.729613734375 0.1630860609375 0.87267525 0.1730596625 0.87267525 0.1730596625 0.729613734375
6 0.162502640625 0.8408834046875 0.1495987328125 0.8408834046875 0.1495987328125 0.8472424890625 0.162502640625 0.8472424890625 0.162502640625 0.8408834046875
4 0.2487381203125 0.8472424890625 0.1748204859375 0.8472424890625 0.1748204859375 0.9211552218750001 0.2487381203125 0.9211552218750001 0.2487381203125 0.8472424890625
6 0.17716737031250002 0.8384978546875 0.1736457234375 0.8384978546875 0.1736457234375 0.8456509296875 0.17716737031250002 0.8456509296875 0.17716737031250002 0.8384978546875
2 0.21119324218750002 0.8400894140625 0.17657866875 0.8400894140625 0.17657866875 0.844860515625 0.21119324218750002 0.844860515625 0.21119324218750002 0.8400894140625
3 0.012906253125 0.94182165 0.05573155 0.9426164359375001 0.054558254687499995 0.921157209375 0.028159098437500002 0.921157209375 0.0275724515625 0.7319980921875 0.012906253125 0.7327928781249999 0.012906253125 0.94182165
4 0.11967792968749999 0.7955793984375 0.0287486796875 0.7955793984375 0.0287486796875 0.9203576531250001 0.11967792968749999 0.9203576531250001 0.11967792968749999 0.7955793984375
6 0.034025871875 0.7844492125 0.026987856249999997 0.7844492125 0.026987856249999997 0.7955793984375 0.034025871875 0.7955793984375 0.034025871875 0.7844492125
2 0.0551425546875 0.7852503578125 0.03402323125 0.7852503578125 0.03402323125 0.7939914156250001 0.0551425546875 0.7939914156250001 0.0551425546875 0.7852503578125
1 0.3431890171875 0.65410904375 0.363135046875 0.65410904375 0.36254839843750003 0.6819265609375 0.3519887359375 0.682721346875 0.3519887359375 0.8337307265625 0.4305995546875 0.8345255125 0.4311862015625 0.796375775 0.442919159375 0.7971705609375 0.442919159375 0.8345255125 0.5150768515624999 0.8337307265625 0.5150768515624999 0.796375775 0.526809809375 0.7971705609375 0.526809809375 0.8345255125 0.6065939218749999 0.8345255125 0.6065939218749999 0.6819265609375 0.5954476125 0.682721346875 0.5948609640625 0.65490383125 0.615393640625 0.65410904375 0.6148069921875 0.6747734859375 0.6511791625 0.6739786999999999 0.6511791625 0.5658877765625 0.2751378625 0.5658877765625 0.275724509375 0.6747734859375 0.34260237031249996 0.6747734859375 0.3431890171875 0.65410904375
4 0.345535903125 0.68193133125 0.264580253125 0.68193133125 0.264580253125 0.8353218890624999 0.345535903125 0.8353218890624999 0.345535903125 0.68193133125
2 0.3355623015625 0.67556509375 0.3150290390625 0.67556509375 0.3150290390625 0.6811301859375 0.3355623015625 0.6811301859375 0.3355623015625 0.67556509375
2 0.5139017953125 0.8353218890624999 0.4452639921875 0.8353218890624999 0.4452639921875 0.8551931328125001 0.5139017953125 0.8551931328125001 0.5139017953125 0.8353218890624999
3 0.615393346875 0.6548998562499999 0.594860084375 0.6548998562499999 0.594860084375 0.681924178125 0.615393346875 0.681924178125 0.615393346875 0.6548998562499999
2 0.610699578125 0.71053648125 0.6071779296875001 0.71053648125 0.6071779296875001 0.8003505000000001 0.610699578125 0.8003505000000001 0.610699578125 0.71053648125
6 0.6118717 0.6819277546875 0.6071779296875001 0.6819277546875 0.6071779296875001 0.709746065625 0.6118717 0.709746065625 0.6118717 0.6819277546875
4 0.6940073921875001 0.6819277546875 0.611874340625 0.6819277546875 0.611874340625 0.8345243203124999 0.6940073921875001 0.8345243203124999 0.6940073921875001 0.6819277546875
6 0.6230200640625 0.67556866875 0.6153959875 0.67556866875 0.6153959875 0.6819277546875 0.6230200640625 0.6819277546875 0.6230200640625 0.67556866875
2 0.6441393875 0.67556866875 0.6241921859375 0.67556866875 0.6241921859375 0.6819277546875 0.6441393875 0.6819277546875 0.6441393875 0.67556866875
2 0.49630411875 0.5460157375 0.4616895453125 0.5460157375 0.4616895453125 0.5642989984375 0.49630411875 0.5642989984375 0.49630411875 0.5460157375
2 0.63006071875 0.5460157375 0.5966235484375 0.5460157375 0.5966235484375 0.5642989984375 0.63006071875 0.5642989984375 0.63006071875 0.5460157375
2 0.7098442453125 0.5865522171875 0.698698521875 0.5865522171875 0.698698521875 0.6334477828125 0.7098442453125 0.6334477828125 0.7098442453125 0.5865522171875
2 0.7943215421875001 0.5809871249999999 0.78317581875 0.5809871249999999 0.78317581875 0.6270815453125 0.7943215421875001 0.6270815453125 0.7943215421875001 0.5809871249999999
3 0.94802534375 0.622317596875 0.933357971875 0.622317596875 0.933357971875 0.7550500718750001 0.94802534375 0.7550500718750001 0.94802534375 0.622317596875
2 0.9480227031249999 0.5857546499999999 0.93394139375 0.5857546499999999 0.93394139375 0.6223140203125 0.9480227031249999 0.6223140203125 0.9480227031249999 0.5857546499999999
1 0.7814149953125 0.7677610875 0.7104329468749999 0.7677610875 0.7104329468749999 0.8233977109374999 0.7814149953125 0.8233977109374999 0.7814149953125 0.7677610875
6 0.722162090625 0.761402003125 0.7098442453125 0.761402003125 0.7098442453125 0.7669670953125001 0.722162090625 0.7669670953125001 0.722162090625 0.761402003125
2 0.742695353125 0.7606080109375 0.722162090625 0.7606080109375 0.722162090625 0.7677610875 0.742695353125 0.7677610875 0.742695353125 0.7606080109375
1 0.7825871171875 0.8321387703124999 0.711013728125 0.8321387703124999 0.711013728125 0.9195636625000001 0.7825871171875 0.9195636625000001 0.7825871171875 0.8321387703124999
6 0.7227507921874999 0.8249892703124999 0.709846884375 0.8249892703124999 0.709846884375 0.8313483546875 0.7227507921874999 0.8313483546875 0.7227507921874999 0.8249892703124999
2 0.7421119328125 0.8241917031250001 0.72216473125 0.8241917031250001 0.72216473125 0.831344778125 0.7421119328125 0.831344778125 0.7421119328125 0.8241917031250001
2 0.7937354796875 0.712128040625 0.7837618796875 0.712128040625 0.7837618796875 0.7558404859375 0.7937354796875 0.7558404859375 0.7937354796875 0.712128040625
7 0.9486087640624999 0.7542560796875 0.9333553328124999 0.7542560796875 0.9333553328124999 0.80591559375 0.9486087640624999 0.80591559375 0.9486087640624999 0.7542560796875
7 0.9486087640624999 0.8583762515625001 0.9333553328124999 0.8583762515625001 0.9333553328124999 0.9100357656250001 0.9486087640624999 0.9100357656250001 0.9486087640624999 0.8583762515625001
7 0.9057840546874999 0.9211587984375 0.8682391765625 0.9211587984375 0.8682391765625 0.942618025 0.9057840546874999 0.942618025 0.9057840546874999 0.9211587984375
7 0.753255015625 0.9211587984375 0.7157101375 0.9211587984375 0.7157101375 0.942618025 0.753255015625 0.942618025 0.753255015625 0.9211587984375
7 0.6693637796874999 0.834527896875 0.6318189015625 0.834527896875 0.6318189015625 0.8559871250000001 0.6693637796874999 0.8559871250000001 0.6693637796874999 0.834527896875
7 0.584300421875 0.834527896875 0.54675554375 0.834527896875 0.54675554375 0.8559871250000001 0.584300421875 0.8559871250000001 0.584300421875 0.834527896875
7 0.41123812031250007 0.834527896875 0.3736932421875 0.834527896875 0.3736932421875 0.8559871250000001 0.41123812031250007 0.8559871250000001 0.41123812031250007 0.834527896875
7 0.32558870156249997 0.834527896875 0.288043821875 0.834527896875 0.288043821875 0.8559871250000001 0.32558870156249997 0.8559871250000001 0.32558870156249997 0.834527896875
7 0.241697465625 0.9211587984375 0.2041525875 0.9211587984375 0.2041525875 0.942618025 0.241697465625 0.942618025 0.241697465625 0.9211587984375
7 0.0932761359375 0.9211587984375 0.05573125625000001 0.9211587984375 0.05573125625000001 0.942618025 0.0932761359375 0.942618025 0.0932761359375 0.9211587984375
7 0.028159978125000002 0.6811301859375 0.012906546875 0.6811301859375 0.012906546875 0.7327897 0.028159978125000002 0.7327897 0.028159978125000002 0.6811301859375
7 0.028159978125000002 0.57860515 0.012906546875 0.57860515 0.012906546875 0.6302646640625 0.028159978125000002 0.6302646640625 0.028159978125000002 0.57860515
7 0.028159978125000002 0.4665379109375 0.012906546875 0.4665379109375 0.012906546875 0.518197425 0.028159978125000002 0.518197425 0.028159978125000002 0.4665379109375
7 0.028159978125000002 0.34175965625 0.012906546875 0.34175965625 0.012906546875 0.3934191703125 0.028159978125000002 0.3934191703125 0.028159978125000002 0.34175965625
7 0.028159978125000002 0.21379828281250002 0.012906546875 0.21379828281250002 0.012906546875 0.265457796875 0.028159978125000002 0.265457796875 0.028159978125000002 0.21379828281250002
7 0.028159978125000002 0.1025250359375 0.012906546875 0.1025250359375 0.012906546875 0.15418455 0.028159978125000002 0.15418455 0.028159978125000002 0.1025250359375
7 0.949194825 0.11206008593750001 0.93394139375 0.11206008593750001 0.93394139375 0.16371960000000002 0.949194825 0.16371960000000002 0.949194825 0.11206008593750001
4 0.2481546984375 0.0715307578125 0.174823125 0.0715307578125 0.174823125 0.1684978546875 0.2481546984375 0.1684978546875 0.2481546984375 0.0715307578125
7 0.22527191093750001 0.0492775390625 0.197114571875 0.0492775390625 0.197114571875 0.07073676718750001 0.22527191093750001 0.07073676718750001 0.22527191093750001 0.0492775390625
7 0.41886747656249995 0.1645171671875 0.3707629359375 0.1645171671875 0.3707629359375 0.185182403125 0.41886747656249995 0.185182403125 0.41886747656249995 0.1645171671875
7 0.5033447734375 0.1645171671875 0.4552402328125 0.1645171671875 0.4552402328125 0.185182403125 0.5033447734375 0.185182403125 0.5033447734375 0.1645171671875
7 0.5872360078125001 0.1645171671875 0.5391314671874999 0.1645171671875 0.5391314671874999 0.185182403125 0.5872360078125001 0.185182403125 0.5872360078125001 0.1645171671875
3 0.9333568 0.11285964062500001 0.949782940625 0.11285964062500001 0.9486096453125 0.05007153125 0.7972544874999999 0.05007153125 0.796667840625 0.070735971875 0.9327701515625 0.0715307578125 0.9333568 0.11285964062500001
3 0.7620538546875 0.18597997187499998 0.747386484375 0.18597997187499998 0.747386484375 0.24161659531250002 0.7620538546875 0.24161659531250002 0.7620538546875 0.18597997187499998
6 0.9333553328124999 0.1700822609375 0.8905306234375001 0.1700822609375 0.8905306234375001 0.185182403125 0.9333553328124999 0.185182403125 0.9333553328124999 0.1700822609375
6 0.7919746562500001 0.1700858375 0.7098416046875 0.1700858375 0.7098416046875 0.18597997187499998 0.7919746562500001 0.18597997187499998 0.7919746562500001 0.1700858375
6 0.7943215421875001 0.565092990625 0.78317581875 0.565092990625 0.78317581875 0.5809871249999999 0.7943215421875001 0.5809871249999999 0.7943215421875001 0.565092990625
6 0.709258184375 0.565092990625 0.6992845828124999 0.565092990625 0.6992845828124999 0.5865522171875 0.709258184375 0.5865522171875 0.709258184375 0.565092990625
3 0.6793382609374999 0.65410904375 0.6793382609374999 0.6819265609375 0.69459110625 0.6819265609375 0.6934178109375 0.8337307265625 0.6687786 0.8337307265625 0.6687786 0.8543951671875 0.6787516140625 0.8551899546874999 0.6793382609374999 0.8599586703125001 0.69459110625 0.8599586703125001 0.6940044578125 0.9187728500000001 0.6916578671875 0.9187728500000001 0.6916578671875 0.9497695125 0.7151237828125 0.9497695125 0.71571043125 0.9219519953124999 0.7098439515625 0.9203624234375001 0.7098439515625 0.65490383125 0.6793382609374999 0.65410904375
6 0.709258184375 0.6342417734375 0.6992845828124999 0.6342417734375 0.6992845828124999 0.6557010015625 0.709258184375 0.6557010015625 0.709258184375 0.6342417734375
6 0.67933738125 0.67556866875 0.6429646250000001 0.67556866875 0.6429646250000001 0.6819277546875 0.67933738125 0.6819277546875 0.67933738125 0.67556866875
3 0.4147600609375 0.8718804640625001 0.4382259765625 0.8718804640625001 0.438812625 0.8551899546874999 0.44585239843749996 0.8551899546874999 0.4452657515625 0.8353202984375001 0.4112401734375 0.8345255125 0.41065352656250004 0.8559847406250001 0.4147600609375 0.8559847406250001 0.4147600609375 0.8718804640625001
6 0.442919746875 0.79638054375 0.4311879625 0.79638054375 0.4311879625 0.8353218890624999 0.442919746875 0.8353218890624999 0.442919746875 0.79638054375
3 0.519770034375 0.8734700359375 0.5432359499999999 0.8718804640625001 0.5432359499999999 0.8551899546874999 0.5473424859375 0.8559847406250001 0.5473424859375 0.8345255125 0.5139035546875 0.8345255125 0.5133169078125001 0.8551899546874999 0.5191833859375 0.8551899546874999 0.519770034375 0.8734700359375
6 0.5268083421875 0.796373390625 0.51566261875 0.796373390625 0.51566261875 0.8337267531249999 0.5268083421875 0.8337267531249999 0.5268083421875 0.796373390625
3 0.651766103125 0.1645171671875 0.5866499468749999 0.1645171671875 0.5866499468749999 0.185182403125 0.651766103125 0.185182403125 0.651766103125 0.1645171671875
3 0.539128828125 0.1645171671875 0.5033421328125 0.1645171671875 0.5033421328125 0.185182403125 0.539128828125 0.185182403125 0.539128828125 0.1645171671875
3 0.45582629375000006 0.1645171671875 0.418281415625 0.1645171671875 0.418281415625 0.185182403125 0.45582629375000006 0.185182403125 0.45582629375000006 0.1645171671875
3 0.5966209078125 0.5460157375 0.49630411875 0.5460157375 0.49630411875 0.56588698125 0.5966209078125 0.56588698125 0.5966209078125 0.5460157375
3 0.53091605 0.6548998562499999 0.5103827875 0.6548998562499999 0.5103827875 0.681924178125 0.53091605 0.681924178125 0.53091605 0.6548998562499999
3 0.447024815625 0.6548998562499999 0.42649155156249996 0.6548998562499999 0.42649155156249996 0.681924178125 0.447024815625 0.681924178125 0.447024815625 0.6548998562499999
3 0.949197465625 0.80591559375 0.933357971875 0.80591559375 0.933357971875 0.859163090625 0.949197465625 0.859163090625 0.949197465625 0.80591559375
4 0.932769271875 0.6580793984375 0.794907603125 0.6580793984375 0.794907603125 0.9203612296875001 0.932769271875 0.9203612296875001 0.932769271875 0.6580793984375
6 0.7837615859375 0.7121284375 0.7954945437500001 0.7129232234375 0.7949078968750001 0.6588777625 0.933943446875 0.658082975 0.9327701515625 0.6421872515625 0.7949078968750001 0.641392465625 0.7943212484375 0.6278811 0.7831749375 0.6278811 0.7837615859375 0.7121284375
6 0.742696234375 0.76219996875 0.742696234375 0.767763471875 0.782588290625 0.767763471875 0.782588290625 0.8241932921874999 0.744456178125 0.8241932921874999 0.742696234375 0.83055158125 0.782588290625 0.8313463671875001 0.7831749375 0.921157209375 0.7949078968750001 0.921157209375 0.7943212484375 0.7574312515625 0.784348234375 0.755841678125 0.7837615859375 0.76140518125 0.742696234375 0.76219996875
3 0.90695764375 0.9219519953124999 0.9075442921875 0.94182165 0.9486096453125 0.9410268640625 0.948022996875 0.9108249875000001 0.933943446875 0.9100302015624999 0.933943446875 0.9227467812500001 0.90695764375 0.9219519953124999
3 0.7550158390624999 0.94182165 0.7550158390624999 0.9497695125 0.7790684031249999 0.9497695125 0.7784817546875 0.94182165 0.8688255312500001 0.9426164359375001 0.8682388828125 0.9203624234375001 0.75384254375 0.9203624234375001 0.7532558953125 0.9426164359375001 0.7550158390624999 0.94182165
3 0.5884078374999999 0.8718804640625001 0.6107004578125 0.87267525 0.6107004578125 0.8591638843749999 0.6230200640625 0.8607534578125 0.6236067109375 0.8543951671875 0.63181978125 0.8543951671875 0.6324064296875 0.8337307265625 0.5837146546875001 0.8353202984375001 0.58312800625 0.8567795265625 0.5872345421875 0.8551899546874999 0.5884078374999999 0.8718804640625001
6 0.610699578125 0.7971745343750001 0.6071779296875001 0.7971745343750001 0.6071779296875001 0.834527896875 0.610699578125 0.834527896875 0.610699578125 0.7971745343750001
6 0.344361140625 0.67556866875 0.3349736015625 0.67556866875 0.3349736015625 0.6819277546875 0.344361140625 0.6819277546875 0.344361140625 0.67556866875
2 0.3508183734375 0.7105400578125 0.34671066562499997 0.7105400578125 0.34671066562499997 0.7971709578125 0.3508183734375 0.7971709578125 0.3508183734375 0.7105400578125
6 0.35140179531250004 0.6811337625 0.346708025 0.6811337625 0.346708025 0.7105400578125 0.35140179531250004 0.7105400578125 0.35140179531250004 0.6811337625
3 0.36313622031250004 0.654105865625 0.3431890171875 0.654105865625 0.3431890171875 0.6811301859375 0.36313622031250004 0.6811301859375 0.36313622031250004 0.654105865625
3 0.3338026515625 0.8599586703125001 0.34670890625 0.8607534578125 0.34670890625 0.87267525 0.37076146875 0.87267525 0.37017482031250004 0.8559847406250001 0.3754546515625 0.8551899546874999 0.3736947078125 0.8345255125 0.32558958125 0.8353202984375001 0.32617622968750004 0.8559847406250001 0.3338026515625 0.8559847406250001 0.3338026515625 0.8599586703125001
3 0.27631115781250004 0.65490383125 0.25929836875 0.65490383125 0.258711721875 0.6509299000000001 0.248152059375 0.6509299000000001 0.24873870625 0.66205690625 0.2475654109375 0.8623430296875 0.2645782 0.8623430296875 0.2639915515625 0.8591638843749999 0.27924439687499997 0.8591638843749999 0.27924439687499997 0.8551899546874999 0.288044115625 0.8559847406250001 0.2874574671875 0.8337307265625 0.2639915515625 0.8337307265625 0.2639915515625 0.682721346875 0.27631115781250004 0.6819265609375 0.27631115781250004 0.65490383125
3 0.24111228437499999 0.9219519953124999 0.2405256375 0.943411221875 0.24287222812499998 0.9426164359375001 0.2422855796875 0.9497695125 0.2669247921875 0.9505642984374999 0.2669247921875 0.9155937046875 0.24873870625 0.9140041328124999 0.2469787640625 0.921157209375 0.24111228437499999 0.9219519953124999
3 0.180100903125 0.9497695125 0.20298017031249999 0.9505642984374999 0.2041534671875 0.921157209375 0.0926903671875 0.921157209375 0.093277015625 0.9426164359375001 0.17951425625 0.9426164359375001 0.180100903125 0.9497695125
3 0.027571278124999998 0.6294742484375 0.0129039078125 0.6294742484375 0.0129039078125 0.680339771875 0.027571278124999998 0.680339771875 0.027571278124999998 0.6294742484375
3 0.027571278124999998 0.5174070093750001 0.0129039078125 0.5174070093750001 0.0129039078125 0.57940271875 0.027571278124999998 0.57940271875 0.027571278124999998 0.5174070093750001
3 0.027571278124999998 0.392625178125 0.0129039078125 0.392625178125 0.0129039078125 0.467331903125 0.027571278124999998 0.467331903125 0.027571278124999998 0.392625178125
3 0.028157339062499998 0.264660228125 0.0123178453125 0.264660228125 0.0123178453125 0.3409620890625 0.028157339062499998 0.3409620890625 0.028157339062499998 0.264660228125
3 0.3707629359375 0.1645171671875 0.3056467796875 0.1645171671875 0.3056467796875 0.185182403125 0.3707629359375 0.185182403125 0.3707629359375 0.1645171671875
3 0.22468614374999998 0.0484819578125 0.22527279218750001 0.070735971875 0.248152059375 0.0715307578125 0.2475654109375 0.1311397234375 0.2639915515625 0.131934509375 0.2639915515625 0.0548402484375 0.2639915515625 0.049276745312499995 0.22468614374999998 0.0484819578125
3 0.028745746875 0.0699411859375 0.1971136921875 0.070735971875 0.197700340625 0.049276745312499995 0.012906253125 0.049276745312499995 0.012906253125 0.10252742031249999 0.028159098437500002 0.10252742031249999 0.028745746875 0.0699411859375
3 0.03989205625 0.1843903984375 0.03989205625 0.16849467499999998 0.028745746875 0.16849467499999998 0.028159098437500002 0.1541885234375 0.012906253125 0.15339373750000002 0.012906253125 0.214592275 0.028159098437500002 0.214592275 0.0299190421875 0.1851851859375 0.03989205625 0.1843903984375
6 0.312683328125 0.1637259578125 0.324416284375 0.1637259578125 0.3238296375 0.0548402484375 0.3062302 0.0548402484375 0.305643553125 0.070735971875 0.3120966796875 0.070735971875 0.312683328125 0.1637259578125
6 0.6453126828125 0.16531552968750002 0.6447260359375 0.0715307578125 0.6529391062500001 0.070735971875 0.6529391062500001 0.0548402484375 0.6341663734375 0.055635034375 0.6341663734375 0.16452074375 0.6453126828125 0.16531552968750002
6 0.259300421875 0.185182403125 0.2481546984375 0.185182403125 0.2481546984375 0.20028254687499997 0.259300421875 0.20028254687499997 0.259300421875 0.185182403125
6 0.1736457234375 0.1851859796875 0.1625 0.1851859796875 0.1625 0.1939270390625 0.1736457234375 0.1939270390625 0.1736457234375 0.1851859796875
6 0.1736483625 0.1565701 0.1630887015625 0.1565701 0.1630887015625 0.168494278125 0.1736483625 0.168494278125 0.1736483625 0.1565701
6 0.1736483625 0.07073676718750001 0.1630887015625 0.07073676718750001 0.1630887015625 0.0866309015625 0.1736483625 0.0866309015625 0.1736483625 0.07073676718750001
5 0.2475633578125 0.6787482125000001 0.174231784375 0.6787482125000001 0.174231784375 0.8377038625000001 0.2475633578125 0.8377038625000001 0.2475633578125 0.6787482125000001
6 0.2487381203125 0.6620565093749999 0.22879091875 0.6620565093749999 0.22879091875 0.6771566531250001 0.2487381203125 0.6771566531250001 0.2487381203125 0.6620565093749999
6 0.3150316796875 0.6747711015625 0.2769007390625 0.6747711015625 0.2769007390625 0.681924178125 0.3150316796875 0.681924178125 0.3150316796875 0.6747711015625
6 0.3508183734375 0.7963769671875001 0.34671066562499997 0.7963769671875001 0.34671066562499997 0.8345243203124999 0.3508183734375 0.8345243203124999 0.3508183734375 0.7963769671875001
6 0.248152059375 0.8392954218750001 0.21119324218750002 0.8392954218750001 0.21119324218750002 0.84565450625 0.248152059375 0.84565450625 0.248152059375 0.8392954218750001
6 0.07861404375 0.6620600859375 0.0275739171875 0.6620600859375 0.0275739171875 0.6779542203125 0.07861404375 0.6779542203125 0.07861404375 0.6620600859375
6 0.16191481875 0.68510570625 0.1736477765625 0.68510570625 0.174234425 0.6779526312499999 0.1930071578125 0.6779526312499999 0.1947671015625 0.66205690625 0.1736477765625 0.66205690625 0.1736477765625 0.6501351140625 0.1625014671875 0.649340328125 0.16308811406249998 0.66285169375 0.1126363953125 0.66205690625 0.1126363953125 0.6779526312499999 0.16191481875 0.6779526312499999 0.16191481875 0.68510570625
2 0.26340813125 0.86075465 0.249326821875 0.86075465 0.249326821875 0.91559728125 0.26340813125 0.91559728125 0.26340813125 0.86075465
2 0.22879355937499998 0.6628540765625 0.193592925 0.6628540765625 0.193592925 0.677160228125 0.22879355937499998 0.677160228125 0.22879355937499998 0.6628540765625
1 0.161916578125 0.794788984375 0.12906547031249999 0.794788984375 0.12906547031249999 0.8400894140625 0.161916578125 0.8400894140625 0.161916578125 0.794788984375
5 0.6793382609374999 0.65490383125 0.6981109937500001 0.65490383125 0.6986976421875 0.565092990625 0.6511791625 0.565092990625 0.6511791625 0.6747734859375 0.6793382609374999 0.6747734859375 0.6793382609374999 0.65490383125
5 0.275139915625 0.56588698125 0.2587143609375 0.56588698125 0.2587143609375 0.6557010015625 0.275139915625 0.6557010015625 0.275139915625 0.56588698125
3 0.174231784375 0.2853290421875 0.1630860609375 0.2853290421875 0.1630860609375 0.3210944203125 0.174231784375 0.3210944203125 0.174231784375 0.2853290421875
3 0.174231784375 0.410908440625 0.1630860609375 0.410908440625 0.1630860609375 0.44667382031249997 0.174231784375 0.44667382031249997 0.174231784375 0.410908440625
3 0.174231784375 0.5396638046875 0.1630860609375 0.5396638046875 0.1630860609375 0.5794062953125 0.174231784375 0.5794062953125 0.174231784375 0.5396638046875
3 0.4622756078125 0.5460157375 0.2592977828125 0.5460157375 0.2592977828125 0.56588698125 0.4622756078125 0.56588698125 0.4622756078125 0.5460157375
6 0.2592977828125 0.5309191703125 0.2487381203125 0.5309191703125 0.2487381203125 0.5746316171875 0.2592977828125 0.5746316171875 0.2592977828125 0.5309191703125
6 0.25988384375 0.24717811093750003 0.248152059375 0.24717811093750003 0.248152059375 0.4840236046875 0.25988384375 0.4840236046875 0.25988384375 0.24717811093750003
5 0.7473917640625001 0.1851859796875 0.695765575 0.1851859796875 0.695765575 0.54681688125 0.7473917640625001 0.54681688125 0.7473917640625001 0.1851859796875
2 0.7620564937500001 0.24082260312499998 0.747975184375 0.24082260312499998 0.747975184375 0.489592275 0.7620564937500001 0.489592275 0.7620564937500001 0.24082260312499998
5 0.9333553328124999 0.564295421875 0.7954936640625 0.564295421875 0.7954936640625 0.6421852640625 0.9333553328124999 0.6421852640625 0.9333553328124999 0.564295421875
1 0.783173178125 0.5650965671875 0.70925554375 0.5650965671875 0.70925554375 0.7606115875 0.783173178125 0.7606115875 0.783173178125 0.5650965671875
4 0.932769271875 0.07073676718750001 0.8647175296875 0.07073676718750001 0.8647175296875 0.1692918453125 0.932769271875 0.1692918453125 0.932769271875 0.07073676718750001