7 0.413401459375 0.733475378125 0.36230656875 0.733475378125 0.36230656875 0.7532670453125 0.413401459375 0.7532670453125 0.413401459375 0.733475378125
7 0.20372262812500003 0.6766477265625 0.1526277375 0.6766477265625 0.1526277375 0.698162878125 0.20372262812500003 0.698162878125 0.20372262812500003 0.6766477265625
6 0.3178500328125 0.7498278234375 0.2355673515625 0.748966940625 0.219641671875 0.727444903125 0.22030524218749997 0.69817493125 0.21566025312499998 0.6990358125 0.21499668125000002 0.7291666671875 0.2315859328125 0.75327135 0.3191771734375 0.7549931140624999 0.3178500328125 0.7498278234375
1 0.3171864625 0.6990358125 0.22030524218749997 0.700757575 0.22030524218749997 0.725723140625 0.236230921875 0.7481060609375 0.3178500328125 0.7481060609375 0.3171864625 0.6990358125
2 0.25812408750000004 0.6766477265625 0.2348978109375 0.6766477265625 0.2348978109375 0.698162878125 0.25812408750000004 0.698162878125 0.25812408750000004 0.6766477265625
7 0.2826788328125 0.6775189390625 0.257467153125 0.6775189390625 0.257467153125 0.6964583328125 0.2826788328125 0.6964583328125 0.2826788328125 0.6775189390625
1 0.6536204375 0.6998958328125 0.45852554687499997 0.6998958328125 0.45852554687499997 0.748967803125 0.6536204375 0.748967803125 0.6536204375 0.6998958328125
7 0.51293430625 0.676657196875 0.48373722656249996 0.676657196875 0.48373722656249996 0.6964488640625001 0.51293430625 0.6964488640625001 0.51293430625 0.676657196875
7 0.6051751828125 0.676657196875 0.57730656875 0.676657196875 0.57730656875 0.697320075 0.6051751828125 0.697320075 0.6051751828125 0.676657196875
7 0.7478467156249999 0.733465909375 0.6954233578125 0.733465909375 0.6954233578125 0.752405303125 0.7478467156249999 0.752405303125 0.7478467156249999 0.733465909375
6 0.7909754484375 0.7481060609375 0.7909754484375 0.7524104671875 0.8772395484375 0.75327135 0.8944923687499999 0.7300275468749999 0.8951559390625 0.6990358125 0.889183809375 0.6990358125 0.8905109484375 0.725723140625 0.8759124093749999 0.748966940625 0.7909754484375 0.7481060609375
1 0.8885202390625 0.7265840234375001 0.889183809375 0.69817493125 0.7916390171875001 0.6998966953125 0.7916390171875001 0.7481060609375 0.873258128125 0.748966940625 0.8885202390625 0.7265840234375001
2 0.846715328125 0.6775094703125 0.82481751875 0.6775094703125 0.82481751875 0.6981723484375 0.846715328125 0.6981723484375 0.846715328125 0.6775094703125
7 0.872591240625 0.6775094703125 0.844722628125 0.6775094703125 0.844722628125 0.6981723484375 0.872591240625 0.6981723484375 0.872591240625 0.6775094703125
1 0.9906058390625001 0.6378598484375 0.8946788328125 0.6378598484375 0.8946788328125 0.6797916671875 0.9906058390625001 0.6797916671875 0.9906058390625001 0.6378598484375
7 0.9356350359375 0.6181060609375 0.9064379562499999 0.6181060609375 0.9064379562499999 0.6370454546875 0.9356350359375 0.6370454546875 0.9356350359375 0.6181060609375
4 0.9139728890625 0.3828463203125 0.9801876953124999 0.38149350625 0.9812304484375 0.148809525 0.8842544328124999 0.15016233750000002 0.884775809375 0.310470778125 0.9139728890625 0.310470778125 0.9139728890625 0.3828463203125
7 0.96018248125 0.12655302968749998 0.905773721875 0.12655302968749998 0.905773721875 0.14893939375 0.96018248125 0.14893939375 0.96018248125 0.12655302968749998
4 0.8540145984375 0.310470778125 0.8545359749999999 0.3057359296875 0.87956204375 0.30641233749999996 0.8779979140625 0.15016233750000002 0.7679874875 0.14948592968750002 0.7664233578124999 0.30641233749999996 0.78884254375 0.30641233749999996 0.78884254375 0.310470778125 0.8540145984375 0.310470778125
7 0.8560072999999999 0.127405303125 0.8015985406249999 0.127405303125 0.8015985406249999 0.14892045468749998 0.8560072999999999 0.14892045468749998 0.8560072999999999 0.127405303125
4 0.7210636078125 0.3097943734375 0.7565172062500001 0.310470778125 0.7565172062500001 0.3057359296875 0.7622523453125 0.3057359296875 0.7606882171875 0.15016233750000002 0.6710114703125 0.15016233750000002 0.6694473421875 0.29220779218750004 0.7205422328125 0.29356060624999997 0.7210636078125 0.3097943734375
7 0.7226204375 0.12741477343750002 0.694751825 0.12741477343750002 0.694751825 0.1480776515625 0.7226204375 0.1480776515625 0.7226204375 0.12741477343750002
1 0.6595474453125 0.0960416671875 0.5896788328125 0.0960416671875 0.5896788328125 0.14407197031250002 0.6595474453125 0.14407197031250002 0.6595474453125 0.0960416671875
7 0.6582627734375001 0.074034090625 0.6310510953125 0.074034090625 0.6310510953125 0.09554924218750001 0.6582627734375001 0.09554924218750001 0.6582627734375001 0.074034090625
6 0.40743198437499994 0.36587465468749997 0.4021234234375 0.3667355375 0.4021234234375 0.3805096421875 0.37159920468749996 0.3822314046875 0.37292634375 0.38997933906250004 0.4485733234375 0.38997933906250004 0.4485733234375 0.3813705234375 0.46317186406250005 0.3813705234375 0.4618447234375 0.3701790625 0.46051758437499996 0.3701790625 0.45985401406250004 0.34090909062499997 0.4479097546875 0.3400482109375 0.4479097546875 0.18336776875 0.46051758437499996 0.18336776875 0.4611811546875 0.1601239671875 0.467153284375 0.1609848484375 0.467153284375 0.14979338749999999 0.4412740546875 0.14979338749999999 0.44061048437499994 0.3822314046875 0.40743198437499994 0.3822314046875 0.40743198437499994 0.36587465468749997
4 0.3566214796875 0.310470778125 0.39468196093749996 0.310470778125 0.39520333750000003 0.2928841984375 0.43952033437500004 0.2928841984375 0.440041709375 0.15083874375 0.3503649640625 0.15016233750000002 0.3503649640625 0.3057359296875 0.356100103125 0.3057359296875 0.3566214796875 0.310470778125
2 0.38354744531249996 0.1256912875 0.36430656875 0.1256912875 0.36430656875 0.148929925 0.38354744531249996 0.148929925 0.38354744531249996 0.1256912875
7 0.4107591234375 0.127405303125 0.38354744531249996 0.127405303125 0.38354744531249996 0.14892045468749998 0.4107591234375 0.14892045468749998 0.4107591234375 0.127405303125
4 0.3242961421875 0.3097943734375 0.32481751875 0.30641233749999996 0.34306569374999996 0.3057359296875 0.34410844687500003 0.14948592968750002 0.2321167890625 0.1515151515625 0.230656934375 0.30492424218749997 0.258081334375 0.305059525 0.258081334375 0.3097943734375 0.3242961421875 0.3097943734375
7 0.3078905109375 0.127405303125 0.2561386859375 0.127405303125 0.2561386859375 0.14892045468749998 0.3078905109375 0.14892045468749998 0.3078905109375 0.127405303125
4 0.2257591234375 0.1501704546875 0.128781021875 0.1501704546875 0.128781021875 0.311155303125 0.2257591234375 0.311155303125 0.2257591234375 0.1501704546875
7 0.20503649687499997 0.127405303125 0.15195620468749998 0.127405303125 0.15195620468749998 0.1497916671875 0.20503649687499997 0.1497916671875 0.20503649687499997 0.127405303125
7 0.0862641 0.320247934375 0.0696748515625 0.3125 0.0550763109375 0.36759641875 0.0716655609375 0.374483471875 0.0862641 0.320247934375
7 0.0862641 0.45196281093749996 0.0716655609375 0.398588153125 0.05706702031250001 0.40289256250000005 0.071001990625 0.46057162500000004 0.0862641 0.45196281093749996
3 0.054412740625 0.40375344375 0.0729927 0.398588153125 0.0696748515625 0.38481405 0.0716655609375 0.3753443515625 0.0550763109375 0.36759641875 0.050431321875000004 0.388257575 0.054412740625 0.40375344375
6 0.07830126093749999 0.29614324999999997 0.07962840156249999 0.1859504125 0.0948905109375 0.16701101875 0.1114797609375 0.16701101875 0.11214333125 0.1609848484375 0.0928998015625 0.1601239671875 0.0749834109375 0.1825068859375 0.074319840625 0.29614324999999997 0.07830126093749999 0.29614324999999997
1 0.07830126093749999 0.29614324999999997 0.11214333125 0.2944214875 0.1128069 0.16615013750000002 0.0942269421875 0.16701101875 0.07830126093749999 0.1876721765625 0.07830126093749999 0.29614324999999997
3 0.11347047187499999 0.24879476562499997 0.1114797609375 0.29528236875 0.074319840625 0.29614324999999997 0.0696748515625 0.3090564734375 0.08560053125 0.3185261703125 0.08891838125 0.3159435265625 0.1280690109375 0.31680440781249997 0.12873258125 0.24879476562499997 0.11347047187499999 0.24879476562499997
1 0.11214333125 0.6051997250000001 0.1114797609375 0.4786501375 0.07962840156249999 0.47778925625 0.07962840156249999 0.5871212124999999 0.0955540796875 0.60606060625 0.11214333125 0.6051997250000001
6 0.1128069 0.60606060625 0.0948905109375 0.6069214875 0.07962840156249999 0.5871212124999999 0.07896483125 0.4786501375 0.0749834109375 0.47692837499999996 0.0749834109375 0.588842975 0.0915726609375 0.6103650125 0.11347047187499999 0.6112258953125 0.1128069 0.60606060625
3 0.11214333125 0.47692837499999996 0.11214333125 0.5268595031250001 0.12873258125 0.525137740625 0.1280690109375 0.4571280984375 0.0882548109375 0.45798898125000004 0.08560053125 0.45196281093749996 0.07033842031250001 0.46229338750000004 0.07564698125 0.4760674921875 0.11214333125 0.47692837499999996
3 0.153284671875 0.6990358125 0.153284671875 0.6757920109375 0.1293961515625 0.6757920109375 0.1293961515625 0.5501033046875 0.1128069 0.5475206609375001 0.11214333125 0.6998966953125 0.153284671875 0.6990358125
3 0.318513603125 0.7549931140624999 0.3623092234375 0.7541322312500001 0.36297279374999997 0.7317493109375001 0.33642999218749997 0.73261019375 0.33642999218749997 0.6757920109375 0.2840079640625 0.6766528921875 0.28334439218749996 0.6990358125 0.3178500328125 0.6998966953125 0.318513603125 0.7549931140624999
3 0.45719973437499994 0.6998966953125 0.4863968140625 0.69731405 0.4844061046875 0.6757920109375 0.44061048437499994 0.6766528921875 0.441937625 0.7334710734375001 0.41406768437499997 0.7317493109375001 0.41406768437499997 0.7541322312500001 0.45719973437499994 0.7541322312500001 0.45719973437499994 0.6998966953125
3 0.6529528859375 0.7549931140624999 0.6960849375 0.7541322312500001 0.6954213671875 0.7317493109375001 0.6688785671875 0.7317493109375001 0.6688785671875 0.6766528921875 0.6250829453125 0.6766528921875 0.6250829453125 0.6990358125 0.6522893171875 0.6990358125 0.6529528859375 0.7549931140624999
3 0.7929661578125 0.6998966953125 0.8261446578125 0.6990358125 0.82481751875 0.6757920109375 0.774386196875 0.6757920109375 0.7750497671875001 0.7317493109375001 0.747843396875 0.73261019375 0.7485069671875 0.7541322312500001 0.7923025890625001 0.75327135 0.7929661578125 0.6998966953125
3 0.9051094890625 0.6163911843750001 0.8779031187499999 0.617252065625 0.8779031187499999 0.6766528921875 0.8712674187499999 0.6757920109375 0.8712674187499999 0.69817493125 0.8951559390625 0.69817493125 0.895819509375 0.6387741046875 0.9064366296875 0.6379132234375 0.9051094890625 0.6163911843750001
3 0.23756204374999998 0.675785984375 0.20305109531249999 0.675785984375 0.20305109531249999 0.699024621875 0.23756204374999998 0.699024621875 0.23756204374999998 0.675785984375
3 0.5786350359375 0.6749337125 0.5308540140625 0.6749337125 0.5308540140625 0.6981723484375 0.5786350359375 0.6981723484375 0.5786350359375 0.6749337125
3 0.25613138750000003 0.127405303125 0.20503649687499997 0.127405303125 0.20503649687499997 0.14892045468749998 0.25613138750000003 0.14892045468749998 0.25613138750000003 0.127405303125
6 0.325860271875 0.30641233749999996 0.325860271875 0.3111471859375 0.305242203125 0.3107782375 0.3045786328125 0.31508264375 0.35633709375 0.3159435265625 0.35633709375 0.3064738296875 0.34970139375 0.3064738296875 0.34970139375 0.14979338749999999 0.3443928328125 0.14979338749999999 0.3437292625 0.3064738296875 0.325860271875 0.30641233749999996
3 0.3642992703125 0.1256912875 0.3072335765625 0.1256912875 0.3072335765625 0.148929925 0.3642992703125 0.148929925 0.3642992703125 0.1256912875
1 0.4608967671875 0.183982684375 0.44838373281250005 0.183982684375 0.44786235625000004 0.3395562765625 0.4608967671875 0.340232684375 0.460375390625 0.37134740312500003 0.5224191874999999 0.3699945890625 0.5218978109375 0.18465909062500002 0.5808133468750001 0.18465909062500002 0.5808133468750001 0.097402596875 0.52502606875 0.096726190625 0.523983315625 0.1609848484375 0.4608967671875 0.1609848484375 0.4608967671875 0.183982684375
3 0.5932335765625 0.0731723484375 0.5049854015624999 0.0731723484375 0.5049854015624999 0.096410984375 0.5932335765625 0.096410984375 0.5932335765625 0.0731723484375
6 0.8044838375 0.310470778125 0.7893639218749999 0.310470778125 0.78884254375 0.30641233749999996 0.7664233578124999 0.30641233749999996 0.766944734375 0.15016233750000002 0.76173096875 0.14948592968750002 0.7622523453125 0.30641233749999996 0.7570385828124999 0.30641233749999996 0.7575599578125 0.310470778125 0.7539103218750001 0.310470778125 0.75234619375 0.3172348484375 0.8044838375 0.315882034375 0.8044838375 0.310470778125
3 0.8035766421874999 0.1282670453125 0.7405401453125 0.1282670453125 0.7405401453125 0.148929925 0.8035766421874999 0.148929925 0.8035766421874999 0.1282670453125
3 0.9064379562499999 0.127405303125 0.8533576640625 0.127405303125 0.8533576640625 0.14892045468749998 0.9064379562499999 0.14892045468749998 0.9064379562499999 0.127405303125
3 0.1526211015625 0.12482782343750001 0.1128069 0.1274104671875 0.11214333125 0.226411846875 0.1293961515625 0.2238292 0.12873258125 0.1506542703125 0.15195753125 0.1506542703125 0.1526211015625 0.12482782343750001
3 0.4492368953125 0.09814049687500001 0.468480425 0.09727961406249999 0.467153284375 0.07317493124999999 0.43065693437499997 0.07317493124999999 0.431320503125 0.1274104671875 0.41008626406250004 0.1274104671875 0.4107498328125 0.1506542703125 0.4485733234375 0.1489325078125 0.4492368953125 0.09814049687500001
3 0.6954213671875 0.1265495875 0.6794956859375 0.1274104671875 0.6788321171875 0.07317493124999999 0.658261446875 0.07317493124999999 0.6595885874999999 0.1515151515625 0.694757796875 0.14979338749999999 0.6954213671875 0.1265495875
3 0.9814200390625001 0.618112946875 0.9542136703124999 0.618112946875 0.9548772390625 0.631887053125 0.952222959375 0.6336088156249999 0.9528865296875001 0.6387741046875 0.99004645 0.6387741046875 0.9907100203124999 0.686983471875 1 0.6990358125 0.9986728593749999 0.1265495875 0.9595222296875001 0.1265495875 0.9595222296875001 0.14979338749999999 0.9807564703124999 0.14979338749999999 0.9814200390625001 0.618112946875
3 0.6695474453125 0.15150568125 0.659591240625 0.15150568125 0.659591240625 0.371032196875 0.6695474453125 0.371032196875 0.6695474453125 0.15150568125
3 0.5746516265625 0.3736225890625 0.5885865953125 0.371900825 0.5899137359375 0.1850895328125 0.5222295953125 0.1850895328125 0.5222295953125 0.20316804375 0.5746516265625 0.20316804375 0.5746516265625 0.3736225890625
3 0.5899197078125 0.097282196875 0.5812919703125 0.097282196875 0.5812919703125 0.1842329546875 0.5899197078125 0.1842329546875 0.5899197078125 0.097282196875
1 0.3733055265625 0.4504870125 0.7403545359375 0.44981060624999997 0.7408759125 0.4552218625 0.7758081328124999 0.45454545468749996 0.7758081328124999 0.390963203125 0.662148071875 0.391639609375 0.6626694468750001 0.3808171 0.44890510937499994 0.38149350625 0.44890510937499994 0.390963203125 0.3331595421875 0.390963203125 0.33263816562500004 0.45589826875000006 0.3733055265625 0.4579274890625 0.3733055265625 0.4504870125
6 0.6695401453125001 0.3710511359375 0.498343065625 0.3710511359375 0.498343065625 0.38137310625 0.6695401453125001 0.38137310625 0.6695401453125001 0.3710511359375
6 0.4410844625 0.540449134375 0.4405630859375 0.5729166671875 0.382168925 0.572240259375 0.3811261734375 0.566829003125 0.3774765390625 0.566829003125 0.3774765390625 0.572240259375 0.37017726875 0.5715638515625 0.37017726875 0.5783279218749999 0.3774765390625 0.5790043296875 0.3774765390625 0.5979437234375 0.44160583906250006 0.597267315625 0.4405630859375 0.6764069265625 0.44838373281250005 0.6770833328125 0.44890510937499994 0.5762986999999999 0.5099061515625001 0.5769751078125 0.509384775 0.558712121875 0.5187695515625 0.5580357140625 0.5187695515625 0.5526244578124999 0.5057351406249999 0.5526244578124999 0.505213765625 0.5221861484375 0.5005213765625001 0.5235389609375 0.5015641296875 0.5526244578124999 0.44786235625000004 0.5539772734375 0.44786235625000004 0.466720778125 0.44160583906250006 0.46536796562499994 0.44160583906250006 0.5357142859375 0.382168925 0.5343614718749999 0.382168925 0.51204004375 0.378519290625 0.51271645 0.378519290625 0.5431547609375 0.382168925 0.5438311687499999 0.382168925 0.5397727265625 0.4410844625 0.540449134375
3 0.5202335765625 0.4511079546875 0.374248175 0.4511079546875 0.374248175 0.46574810624999996 0.5202335765625 0.46574810624999996 0.5202335765625 0.4511079546875
3 0.7398832109375 0.4502462125 0.54744525625 0.4502462125 0.54744525625 0.4657386359375 0.7398832109375 0.4657386359375 0.7398832109375 0.4502462125
2 0.7418759125000001 0.127405303125 0.72130656875 0.127405303125 0.72130656875 0.1497916671875 0.7418759125000001 0.1497916671875 0.7418759125000001 0.127405303125
2 0.127408759375 0.5234185609375 0.113467153125 0.5234185609375 0.113467153125 0.550975378125 0.127408759375 0.550975378125 0.127408759375 0.5234185609375
2 0.625087590625 0.6766477265625 0.6045182484375 0.6766477265625 0.6045182484375 0.699034090625 0.625087590625 0.699034090625 0.625087590625 0.6766477265625
2 0.53218248125 0.6775094703125 0.5109416062500001 0.6775094703125 0.5109416062500001 0.6981723484375 0.53218248125 0.6981723484375 0.53218248125 0.6775094703125
6 0.6529562046875 0.7481060609375 0.45653284687499995 0.7481060609375 0.45653284687499995 0.7541287875 0.6529562046875 0.7541287875 0.6529562046875 0.7481060609375
1 0.3324485734375 0.1265495875 0.43065693437499997 0.1265495875 0.431320503125 0.081783746875 0.3477106828125 0.081783746875 0.3337757140625 0.10072314062500001 0.3324485734375 0.1265495875
6 0.3324485734375 0.1265495875 0.33311214375 0.10072314062500001 0.3477106828125 0.08092286562499999 0.431320503125 0.08092286562499999 0.431320503125 0.07403581249999999 0.3457199734375 0.07403581249999999 0.3271400125 0.0990013765625 0.327803584375 0.1265495875 0.3324485734375 0.1265495875
1 0.7763769078125 0.10244490312500001 0.7617783671875 0.08092286562499999 0.6781685468750001 0.0800619828125 0.6794956859375 0.1265495875 0.7763769078125 0.1265495875 0.7763769078125 0.10244490312500001
6 0.777040478125 0.099862259375 0.7763769078125 0.1265495875 0.7830126078124999 0.1274104671875 0.7830126078124999 0.10072314062500001 0.763769078125 0.07317493124999999 0.6788321171875 0.07317493124999999 0.6788321171875 0.08092286562499999 0.7631055078125 0.08092286562499999 0.777040478125 0.099862259375
7 0.4452627734375 0.0378882578125 0.43397810156250005 0.0378882578125 0.43397810156250005 0.0740435609375 0.4452627734375 0.0740435609375 0.4452627734375 0.0378882578125
3 0.44658394218749997 0.022376893749999998 0.43397080312499997 0.022376893749999998 0.43397080312499997 0.039592803125 0.44658394218749997 0.039592803125 0.44658394218749997 0.022376893749999998
1 0.6657956203125 0.0297537875 0.44681751875 0.0297537875 0.44681751875 0.0730492421875 0.6657956203125 0.0730492421875 0.6657956203125 0.0297537875
3 0.524218978125 0.024100378125 0.5116058390625 0.024100378125 0.5116058390625 0.032717803125 0.524218978125 0.032717803125 0.524218978125 0.024100378125
3 0.598532846875 0.024100378125 0.5852627734375 0.024100378125 0.5852627734375 0.032717803125 0.598532846875 0.032717803125 0.598532846875 0.024100378125
7 0.6755182484375 0.0396022734375 0.6655620437499999 0.0396022734375 0.6655620437499999 0.074034090625 0.6755182484375 0.074034090625 0.6755182484375 0.0396022734375
3 0.6761824812499999 0.022376893749999998 0.662912409375 0.022376893749999998 0.662912409375 0.040464015625 0.6761824812499999 0.040464015625 0.6761824812499999 0.022376893749999998
6 0.5109416062500001 0.02324810625 0.44657664218750004 0.02324810625 0.44657664218750004 0.028418560937499997 0.5109416062500001 0.028418560937499997 0.5109416062500001 0.02324810625
6 0.5845985406249999 0.02324810625 0.524218978125 0.02324810625 0.524218978125 0.028418560937499997 0.5845985406249999 0.028418560937499997 0.5845985406249999 0.02324810625
6 0.662912409375 0.022376893749999998 0.5978759124999999 0.022376893749999998 0.5978759124999999 0.0275473484375 0.662912409375 0.0275473484375 0.662912409375 0.022376893749999998
2 0.465162575 0.07231404999999999 0.467153284375 0.09469697031249999 0.504976775 0.09469697031249999 0.50564034375 0.07231404999999999 0.49037823437499994 0.058539945312499994 0.465162575 0.07231404999999999
2 0.6330457875 0.09814049687500001 0.6310550765625 0.07317493124999999 0.5932315859374999 0.07317493124999999 0.5932315859374999 0.09814049687500001 0.6065029859375 0.11707989062499999 0.6330457875 0.09814049687500001
2 0.467153284375 0.1506542703125 0.467153284375 0.1592630859375 0.506303915625 0.1618457296875 0.506303915625 0.1489325078125 0.49037823437499994 0.1334366375 0.467153284375 0.1506542703125
2 0.3443928328125 0.3822314046875 0.3443928328125 0.38997933906250004 0.37292634375 0.3917011015625 0.3722627734375 0.3822314046875 0.3490378234375 0.3779269984375 0.3443928328125 0.3822314046875
2 0.3735899140625 0.46573691406249995 0.37292634375 0.4571280984375 0.34638354374999997 0.4571280984375 0.34505640312499997 0.4665977953125 0.3483742546875 0.47692837499999996 0.3735899140625 0.46573691406249995
1 0.5578686125 0.46604166718749995 0.506248175 0.46604166718749995 0.506248175 0.5519507578125 0.5578686125 0.5519507578125 0.5578686125 0.46604166718749995
2 0.54744525625 0.4665977953125 0.5487723953125 0.45110192812500005 0.520238884375 0.45110192812500005 0.51891174375 0.467458678125 0.543463834375 0.47692837499999996 0.54744525625 0.4665977953125
1 0.778415015625 0.5519480515625 0.8206465062499999 0.5519480515625 0.8206465062499999 0.466720778125 0.7085505734375 0.46536796562499994 0.7075078203125 0.51948051875 0.778415015625 0.5208333328125 0.778415015625 0.5519480515625
2 0.7650962171875 0.45798898125000004 0.7405441265625 0.45798898125000004 0.7385534171875 0.467458678125 0.7624419375 0.4803719015625 0.7650962171875 0.45798898125000004
1 0.8852971843749999 0.38758116875000004 0.9092805 0.388257575 0.9098018781249999 0.3125 0.884775809375 0.3125 0.884775809375 0.3172348484375 0.70698644375 0.3172348484375 0.70698644375 0.38149350625 0.8852971843749999 0.3821699125 0.8852971843749999 0.38758116875000004
2 0.737889846875 0.38997933906250004 0.7650962171875 0.38997933906250004 0.7617783671875 0.3667355375 0.7365627078125 0.3830922859375 0.737889846875 0.38997933906250004
2 0.9548759125 0.6181155296874999 0.9329781015625 0.6181155296874999 0.9329781015625 0.638778409375 0.9548759125 0.638778409375 0.9548759125 0.6181155296874999
2 0.47378898593749996 0.359848484375 0.4611811546875 0.3701790625 0.46317186406250005 0.379648759375 0.4990046453125 0.3813705234375 0.49966821406250006 0.36759641875 0.4857332453125 0.357265840625 0.47378898593749996 0.359848484375
1 0.4014525546875 0.31722537812499996 0.199160584375 0.31722537812499996 0.199160584375 0.3814867421875 0.4014525546875 0.3814867421875 0.4014525546875 0.31722537812499996
2 0.378905109375 0.3107670453125 0.35700729999999997 0.3107670453125 0.35700729999999997 0.3159375 0.378905109375 0.3159375 0.378905109375 0.3107670453125
2 0.4067664234375 0.340899621875 0.40345255468749996 0.340899621875 0.40345255468749996 0.3684564390625 0.4067664234375 0.3684564390625 0.4067664234375 0.340899621875
2 0.30591240937499997 0.309905303125 0.2694160578125 0.309905303125 0.2694160578125 0.3167992421875 0.30591240937499997 0.3167992421875 0.30591240937499997 0.309905303125
6 0.12825860312499998 0.45589826875000006 0.12930135625 0.4660443734375 0.22627737187500002 0.4660443734375 0.22679874843749998 0.48430735937499997 0.2314911375 0.48430735937499997 0.23096976093750002 0.466720778125 0.3472367046875 0.4660443734375 0.3472367046875 0.45657467656249995 0.33263816562500004 0.45589826875000006 0.3331595421875 0.390286796875 0.345672575 0.390286796875 0.3446298234375 0.3808171 0.3123044828125 0.3821699125 0.3123044828125 0.38893398281249997 0.3149113671875 0.38893398281249997 0.3138686125 0.45657467656249995 0.29092805 0.45657467656249995 0.2898852984375 0.388257575 0.2935349328125 0.38758116875000004 0.2935349328125 0.38149350625 0.27997914375 0.3828463203125 0.28050052187499996 0.38893398281249997 0.2862356625 0.389610390625 0.2862356625 0.45657467656249995 0.22940563125 0.45589826875000006 0.2288842546875 0.3862283546875 0.2606882171875 0.3869047609375 0.2606882171875 0.3828463203125 0.1981230453125 0.3828463203125 0.198644421875 0.36323051875 0.19343065625 0.36323051875 0.1939520328125 0.38758116875000004 0.22523461875 0.388257575 0.22627737187500002 0.45589826875000006 0.12825860312499998 0.45589826875000006
4 0.2247132421875 0.4552218625 0.2247132421875 0.38893398281249997 0.1939520328125 0.38893398281249997 0.1939520328125 0.315882034375 0.087591240625 0.315882034375 0.0698644421875 0.38758116875000004 0.087591240625 0.45589826875000006 0.2247132421875 0.4552218625
2 0.197744525 0.33057765156249996 0.19443065625 0.33057765156249996 0.19443065625 0.36415719687500003 0.197744525 0.36415719687500003 0.197744525 0.33057765156249996
2 0.2249489046875 0.310785984375 0.2003941609375 0.310785984375 0.2003941609375 0.31508522656250004 0.2249489046875 0.31508522656250004 0.2249489046875 0.310785984375
0 0.28623357656250004 0.386221590625 0.2283649640625 0.386221590625 0.2283649640625 0.455899621875 0.28623357656250004 0.455899621875 0.28623357656250004 0.386221590625
2 0.281350365625 0.383096590625 0.26010948906250003 0.383096590625 0.26010948906250003 0.3873958328125 0.281350365625 0.3873958328125 0.281350365625 0.383096590625
0 0.3138613140625 0.38893939375 0.290401459375 0.38893939375 0.290401459375 0.45590909062499996 0.3138613140625 0.45590909062499996 0.3138613140625 0.38893939375
2 0.31254014531249996 0.383096590625 0.2932992703125 0.383096590625 0.2932992703125 0.3882670453125 0.31254014531249996 0.3882670453125 0.31254014531249996 0.383096590625
2 0.23025547500000001 0.4838162875 0.22694160624999998 0.4838162875 0.22694160624999998 0.5320170453124999 0.23025547500000001 0.5320170453124999 0.23025547500000001 0.4838162875
4 0.23201251250000002 0.6750541125 0.331074034375 0.6750541125 0.331074034375 0.5357142859375 0.23409801875 0.5370671 0.23409801875 0.572240259375 0.23096976093750002 0.5708874453125 0.23201251250000002 0.6750541125
2 0.323160584375 0.5303030296875 0.29727737187500003 0.5303030296875 0.29727737187500003 0.5363257578125 0.323160584375 0.5363257578125 0.323160584375 0.5303030296875
4 0.3357664234375 0.7332251078125 0.4410844625 0.73187229375 0.4405630859375 0.5992965359375 0.3774765390625 0.59862013125 0.3774765390625 0.5790043296875 0.3394160578125 0.5776515156250001 0.3394160578125 0.6121482687500001 0.3357664234375 0.6114718625 0.3357664234375 0.7332251078125
2 0.37159124062500004 0.5724905296875 0.34770802968750003 0.5724905296875 0.34770802968750003 0.577660984375 0.37159124062500004 0.577660984375 0.37159124062500004 0.5724905296875
0 0.44004379531250004 0.46605113593749997 0.381649634375 0.46605113593749997 0.381649634375 0.5336837125 0.44004379531250004 0.5336837125 0.44004379531250004 0.46605113593749997
2 0.38155474375 0.4872537875 0.3782408765625 0.4872537875 0.3782408765625 0.513087121875 0.38155474375 0.513087121875 0.38155474375 0.4872537875
2 0.382211678125 0.5432196968749999 0.378226278125 0.5432196968749999 0.378226278125 0.5690530296875 0.382211678125 0.5690530296875 0.382211678125 0.5432196968749999
2 0.5049854015624999 0.4967329546875 0.501 0.4967329546875 0.501 0.5234185609375 0.5049854015624999 0.5234185609375 0.5049854015624999 0.4967329546875
4 0.44838373281250005 0.6764069265625 0.5573514078125 0.6750541125 0.5583941609374999 0.593208875 0.5542231484375 0.5925324671875 0.5542231484375 0.5593885281250001 0.509384775 0.558712121875 0.5104275281249999 0.5776515156250001 0.4494264859375 0.5769751078125 0.44838373281250005 0.6764069265625
2 0.538153284375 0.5526893937499999 0.5175839421874999 0.5526893937499999 0.5175839421874999 0.558712121875 0.538153284375 0.558712121875 0.538153284375 0.5526893937499999
6 0.539624609375 0.5526244578124999 0.53858185625 0.558712121875 0.554744525 0.5580357140625 0.554744525 0.593208875 0.557872784375 0.593208875 0.5573514078125 0.6770833328125 0.5620437953125 0.6770833328125 0.5620437953125 0.549242425 0.557872784375 0.5478896093750001 0.557872784375 0.5526244578124999 0.539624609375 0.5526244578124999
4 0.662153284375 0.46605113593749997 0.5620510953125 0.46605113593749997 0.5620510953125 0.6757291671875 0.662153284375 0.6757291671875 0.662153284375 0.46605113593749997
2 0.562036496875 0.5156723484375 0.5587226281250001 0.5156723484375 0.5587226281250001 0.5492518937499999 0.562036496875 0.5492518937499999 0.562036496875 0.5156723484375
6 0.7335766421875001 0.526920996875 0.7340980187499999 0.5208333328125 0.70698644375 0.5201569265625 0.7059436921875 0.5093344140625 0.7017726796875 0.510010821875 0.70229405625 0.521509740625 0.6694473421875 0.5208333328125 0.6694473421875 0.4660443734375 0.662148071875 0.464691559375 0.662148071875 0.6764069265625 0.668925965625 0.6764069265625 0.6684045890625 0.526920996875 0.7335766421875001 0.526920996875
1 0.7007299265625 0.46605113593749997 0.6710073000000001 0.46605113593749997 0.6710073000000001 0.5194791671875 0.7007299265625 0.5194791671875 0.7007299265625 0.46605113593749997
2 0.7067080296875 0.48380681875000003 0.702722628125 0.48380681875000003 0.702722628125 0.5096401515625 0.7067080296875 0.5096401515625 0.7067080296875 0.48380681875000003
4 0.7732043796875 0.528276515625 0.6694525546875 0.528276515625 0.6694525546875 0.73255681875 0.7732043796875 0.73255681875 0.7732043796875 0.528276515625
2 0.7604525546875001 0.5208333328125 0.733912409375 0.5208333328125 0.733912409375 0.5268560609375 0.7604525546875001 0.5268560609375 0.7604525546875001 0.5208333328125
6 0.84775808125 0.38758116875000004 0.8816475484374999 0.3869047609375 0.8811261734375 0.45657467656249995 0.8253388953125 0.4552218625 0.8253388953125 0.38758116875000004 0.82950990625 0.38758116875000004 0.828467153125 0.3808171 0.8175182484375 0.38149350625 0.8175182484375 0.38758116875000004 0.8211678828125001 0.388257575 0.8206465062499999 0.45589826875000006 0.7956204375 0.45725108125 0.7956204375 0.38893398281249997 0.7987486968749999 0.38893398281249997 0.7992700734375 0.3821699125 0.764859228125 0.38149350625 0.764859228125 0.390963203125 0.7768508859375001 0.390963203125 0.7768508859375001 0.45589826875000006 0.764859228125 0.4552218625 0.764859228125 0.4660443734375 0.8779979140625 0.466720778125 0.8774765390624999 0.5539772734375 0.8253388953125 0.5519480515625 0.8253388953125 0.5228625546875 0.8206465062499999 0.5221861484375 0.8206465062499999 0.5519480515625 0.8123044828125 0.5519480515625 0.8112617312499999 0.558712121875 0.8164754953125 0.558712121875 0.81595411875 0.5783279218749999 0.8774765390624999 0.5769751078125 0.8779979140625 0.6162067109375 0.8852971843749999 0.6162067109375 0.884775809375 0.3828463203125 0.8488008328125 0.3821699125 0.84775808125 0.38758116875000004
4 0.778415015625 0.6750541125 0.8774765390624999 0.67573051875 0.8769551625 0.5776515156250001 0.8143899890625 0.5783279218749999 0.8149113671875 0.5593885281250001 0.781543275 0.558712121875 0.7820646515624999 0.5938852828125001 0.7789363921875 0.5938852828125001 0.778415015625 0.6750541125
2 0.8128759125 0.5544128781250001 0.7909781015624999 0.5544128781250001 0.7909781015624999 0.5578598484375 0.8128759125 0.5578598484375 0.8128759125 0.5544128781250001
2 0.8248248171875 0.496723484375 0.820839415625 0.496723484375 0.820839415625 0.5216856062499999 0.8248248171875 0.5216856062499999 0.8248248171875 0.496723484375
0 0.8201240875 0.388257575 0.7956131390625 0.388257575 0.7956131390625 0.4552272734375 0.8201240875 0.4552272734375 0.8201240875 0.388257575
2 0.8181751828125 0.3822348484375 0.79893430625 0.3822348484375 0.79893430625 0.388257575 0.8181751828125 0.388257575 0.8181751828125 0.3822348484375
0 0.8769489046875 0.3875852265625 0.8263795625 0.3875852265625 0.8263795625 0.455899621875 0.8769489046875 0.455899621875 0.8769489046875 0.3875852265625
2 0.8487080296875 0.3839488640625 0.8281386859375001 0.3839488640625 0.8281386859375001 0.38824810625 0.8487080296875 0.38824810625 0.8487080296875 0.3839488640625
6 0.737744525 0.38216856093749996 0.66318978125 0.38216856093749996 0.66318978125 0.3902935609375 0.737744525 0.3902935609375 0.737744525 0.38216856093749996
1 0.701248175 0.3165530296875 0.669963503125 0.3165530296875 0.669963503125 0.382159090625 0.701248175 0.382159090625 0.701248175 0.3165530296875
6 0.706467153125 0.36730113593749997 0.7022919703125 0.36730113593749997 0.7022919703125 0.382850378125 0.706467153125 0.382850378125 0.706467153125 0.36730113593749997
2 0.7067080296875 0.34262310625 0.702722628125 0.34262310625 0.702722628125 0.3667329546875 0.7067080296875 0.3667329546875 0.7067080296875 0.34262310625
2 0.8420656937500001 0.3107670453125 0.8042408765625 0.3107670453125 0.8042408765625 0.3159375 0.8420656937500001 0.3159375 0.8420656937500001 0.3107670453125
2 0.75381751875 0.3107670453125 0.7312627734375 0.3107670453125 0.7312627734375 0.3159375 0.75381751875 0.3159375 0.75381751875 0.3107670453125
6 0.528675703125 0.36255411249999997 0.52763295 0.3503787875 0.5224191874999999 0.3503787875 0.5229405640625 0.370670996875 0.57455683125 0.370670996875 0.57455683125 0.3639069265625 0.528675703125 0.36255411249999997
2 0.527532846875 0.3193939390625 0.5228905109374999 0.3193939390625 0.5228905109374999 0.3503787875 0.527532846875 0.3503787875 0.527532846875 0.3193939390625
2 0.5282043796875 0.23932765156250002 0.5228905109374999 0.23932765156250002 0.5228905109374999 0.288399621875 0.5282043796875 0.288399621875 0.5282043796875 0.23932765156250002
6 0.5242203046875 0.1618457296875 0.5248838765625 0.09555785 0.5169210343749999 0.09727961406249999 0.5162574656250001 0.1489325078125 0.504976775 0.14979338749999999 0.504976775 0.1618457296875 0.5242203046875 0.1618457296875
6 0.3790406671875 0.315882034375 0.40302398437500003 0.316558440625 0.40354535937499997 0.3422619046875 0.40771637031249996 0.3415854984375 0.40719499375 0.3152056265625 0.4405630859375 0.315882034375 0.4405630859375 0.29356060624999997 0.3957247140625 0.2928841984375 0.39520333750000003 0.310470778125 0.378519290625 0.3097943734375 0.3790406671875 0.315882034375
6 0.2690302390625 0.316558440625 0.269551615625 0.310470778125 0.25755995781249996 0.3111471859375 0.2570385828125 0.30641233749999996 0.23044838437499998 0.30708874375 0.23096976093750002 0.148809525 0.22575599531249999 0.14948592968750002 0.22523461875 0.315882034375 0.2690302390625 0.316558440625
2 0.128255475 0.22253787812499998 0.11262043749999999 0.22253787812499998 0.11262043749999999 0.2502651515625 0.128255475 0.2502651515625 0.128255475 0.22253787812499998
6 0.19343065625 0.3307629875 0.1981230453125 0.33143939375000003 0.19760166875000001 0.316558440625 0.2007299265625 0.3152056265625 0.1996871734375 0.310470778125 0.12930135625 0.310470778125 0.1287799796875 0.316558440625 0.19343065625 0.315882034375 0.19343065625 0.3307629875
6 0.23096976093750002 0.5702110390625 0.23409801875 0.5708874453125 0.2335766421875 0.5357142859375 0.29770594375 0.5357142859375 0.2971845671875 0.5303030296875 0.22575599531249999 0.5303030296875 0.22627737187500002 0.6764069265625 0.23096976093750002 0.67573051875 0.23096976093750002 0.5702110390625
6 0.3305526578125 0.6750541125 0.335245046875 0.6764069265625 0.3357664234375 0.6114718625 0.33889468125 0.6121482687500001 0.33889468125 0.5783279218749999 0.3493222109375 0.5776515156250001 0.3493222109375 0.5715638515625 0.33628779999999997 0.5715638515625 0.3357664234375 0.5303030296875 0.3227320125 0.5296266234375 0.3222106359375 0.5357142859375 0.3321167890625 0.5357142859375 0.3305526578125 0.6750541125
6 0.3821751828125 0.4646969703125 0.378 0.4646969703125 0.378 0.4883712125 0.3821751828125 0.4883712125 0.3821751828125 0.4646969703125
6 0.505211678125 0.4653598484375 0.50156204375 0.4653598484375 0.50156204375 0.49850378749999996 0.505211678125 0.49850378749999996 0.505211678125 0.4653598484375
6 0.5620437953125 0.4653598484375 0.5578686125 0.4653598484375 0.5578686125 0.5181250000000001 0.5620437953125 0.5181250000000001 0.5620437953125 0.4653598484375
6 0.7069927 0.46536931875 0.70281751875 0.46536931875 0.70281751875 0.4863352265625 0.7069927 0.4863352265625 0.7069927 0.46536931875
6 0.5286788328124999 0.2029166671875 0.5229416062500001 0.2029166671875 0.5229416062500001 0.24079545468750002 0.5286788328124999 0.24079545468750002 0.5286788328124999 0.2029166671875
6 0.5224191874999999 0.3206168828125 0.528675703125 0.319940475 0.5291970796875 0.3057359296875 0.5755995828125 0.30641233749999996 0.5755995828125 0.29964826875 0.528675703125 0.2989718625 0.5281543265625 0.28814934999999997 0.5224191874999999 0.28814934999999997 0.5224191874999999 0.3206168828125
5 0.66006569375 0.14407197031250002 0.5896861312499999 0.14407197031250002 0.5896861312499999 0.370662878125 0.66006569375 0.370662878125 0.66006569375 0.14407197031250002
1 0.5166788328125 0.097405303125 0.44889781093750003 0.097405303125 0.44889781093750003 0.14880681875 0.5166788328125 0.14880681875 0.5166788328125 0.097405303125
6 0.5974973921875 0.3612013 0.5891553703125 0.3612013 0.5891553703125 0.370670996875 0.5974973921875 0.370670996875 0.5974973921875 0.3612013
6 0.7017726796875 0.3429383125 0.7075078203125 0.3429383125 0.70698644375 0.3172348484375 0.7314911375 0.3172348484375 0.7314911375 0.3111471859375 0.7205422328125 0.310470778125 0.72002085625 0.2928841984375 0.6699687171875001 0.2928841984375 0.6699687171875001 0.316558440625 0.70229405625 0.3152056265625 0.7017726796875 0.3429383125
6 0.8832116781250001 0.3097943734375 0.8826903015625 0.148809525 0.878519290625 0.14948592968750002 0.8790406671875 0.3057359296875 0.8534932218750001 0.3057359296875 0.8534932218750001 0.310470778125 0.8404588109375 0.310470778125 0.8409801890624999 0.315882034375 0.8858185609375001 0.315882034375 0.8852971843749999 0.310470778125 0.8832116781250001 0.3097943734375
6 0.9817518249999999 0.38758116875000004 0.9817518249999999 0.3828463203125 0.9134515125 0.3828463203125 0.9139728890625 0.3118235921875 0.9092805 0.3097943734375 0.9092805 0.388257575 0.9817518249999999 0.38758116875000004
6 0.82481751875 0.4653598484375 0.8211678828125001 0.4653598484375 0.8211678828125001 0.49850378749999996 0.82481751875 0.49850378749999996 0.82481751875 0.4653598484375
6 0.781543275 0.5925324671875 0.781543275 0.558712121875 0.79092805 0.5580357140625 0.79092805 0.553300865625 0.7773722625 0.5519480515625 0.778415015625 0.521509740625 0.7596454640625 0.5208333328125 0.7596454640625 0.5262445890625 0.7742440046875 0.5255681812499999 0.7732012515625 0.6764069265625 0.778415015625 0.6750541125 0.7789363921875 0.593208875 0.781543275 0.5925324671875
6 0.9911313875 0.6804640156249999 0.8946788328125 0.6804640156249999 0.8946788328125 0.6865435609375 0.9911313875 0.6865435609375 0.9911313875 0.6804640156249999
0 0.876963503125 0.466723484375 0.825343065625 0.466723484375 0.825343065625 0.552632575 0.876963503125 0.552632575 0.876963503125 0.466723484375
0 0.500525546875 0.4687405296875 0.44890510937499994 0.4687405296875 0.44890510937499994 0.5519412875 0.500525546875 0.5519412875 0.500525546875 0.4687405296875
0 0.44056934375 0.5397632578125 0.3821751828125 0.5397632578125 0.3821751828125 0.5715625 0.44056934375 0.5715625 0.44056934375 0.5397632578125
1 0.44004379531250004 0.31722537812499996 0.407722628125 0.31722537812499996 0.407722628125 0.3814867421875 0.44004379531250004 0.3814867421875 0.44004379531250004 0.31722537812499996
4 0.2257591234375 0.466723484375 0.128781021875 0.466723484375 0.128781021875 0.6757386359375 0.2257591234375 0.6757386359375 0.2257591234375 0.466723484375
1 0.33628779999999997 0.5708874453125 0.3774765390625 0.5708874453125 0.3774765390625 0.4660443734375 0.23201251250000002 0.4673971859375 0.23096976093750002 0.528950215625 0.3357664234375 0.5296266234375 0.33628779999999997 0.5708874453125
4 0.9807153281250001 0.3882670453125 0.8858248171875 0.3882670453125 0.8858248171875 0.6168844703125 0.9807153281250001 0.6168844703125 0.9807153281250001 0.3882670453125