1 0.288935546875 0.13883116874999998 0.215517578125 0.13883116874999998 0.215517578125 0.4254545453125 0.288935546875 0.4254545453125 0.288935546875 0.13883116874999998
7 0.2741015625 0.1097240265625 0.237734375 0.1097240265625 0.237734375 0.13547077968750001 0.2741015625 0.13547077968750001 0.2741015625 0.1097240265625
4 0.664072265625 0.136574675 0.303076171875 0.136574675 0.303076171875 0.42543831093750006 0.664072265625 0.42543831093750006 0.664072265625 0.136574675
7 0.367724609375 0.1097240265625 0.313837890625 0.1097240265625 0.313837890625 0.13547077968750001 0.367724609375 0.13547077968750001 0.367724609375 0.1097240265625
7 0.43978515625 0.10860389687500001 0.38658203125 0.10860389687500001 0.38658203125 0.136590909375 0.43978515625 0.136590909375 0.43978515625 0.10860389687500001
7 0.5125195312499999 0.10860389687500001 0.45931640625 0.10860389687500001 0.45931640625 0.136590909375 0.5125195312499999 0.136590909375 0.5125195312499999 0.10860389687500001
7 0.5839257812499999 0.1097240265625 0.53138671875 0.1097240265625 0.53138671875 0.1343668828125 0.5839257812499999 0.1343668828125 0.5839257812499999 0.1097240265625
7 0.658681640625 0.1097240265625 0.6047949218750001 0.1097240265625 0.6047949218750001 0.1343668828125 0.658681640625 0.1343668828125 0.658681640625 0.1097240265625
1 0.7502734375 0.13547077968750001 0.6775390625 0.13547077968750001 0.6775390625 0.42543831093750006 0.7502734375 0.42543831093750006 0.7502734375 0.13547077968750001
7 0.732763671875 0.1097240265625 0.697744140625 0.1097240265625 0.697744140625 0.1343668828125 0.732763671875 0.1343668828125 0.732763671875 0.1097240265625
3 0.7495959046875 0.36050156875 0.76710668125 0.36050156875 0.7677801718749999 0.13770712031250001 0.9321120687500001 0.13546798124999998 0.9321120687500001 0.2272727265625 0.9496228453125 0.22615315625000001 0.9496228453125 0.10859829843749999 0.732085128125 0.10747872656249999 0.732085128125 0.13546798124999998 0.7495959046875 0.1365875515625 0.7495959046875 0.36050156875
7 0.9489453125 0.22613636406249998 0.9321093749999999 0.22613636406249998 0.9321093749999999 0.2854870125 0.9489453125 0.2854870125 0.9489453125 0.22613636406249998
3 0.76710668125 0.4265562015625 0.7677801718749999 0.3929691 0.750269396875 0.3929691 0.7495959046875 0.422077921875 0.7266972 0.42431706093750005 0.7266972 0.4478280328125 0.750269396875 0.4467084640625 0.7509428890625001 0.48141513593749996 0.7677801718749999 0.480295565625 0.7677801718749999 0.4478280328125 0.931438578125 0.4478280328125 0.9321120687500001 0.4926108375 0.9496228453125 0.491491265625 0.9496228453125 0.407523509375 0.9307650859375001 0.4064039421875 0.931438578125 0.42431706093750005 0.76710668125 0.4265562015625
7 0.9489550781249999 0.34594155781249997 0.931435546875 0.34594155781249997 0.931435546875 0.40639610312499996 0.9489550781249999 0.40639610312499996 0.9489550781249999 0.34594155781249997
7 0.94828125 0.492597403125 0.9314453125 0.492597403125 0.9314453125 0.5810389609375 0.94828125 0.5810389609375 0.94828125 0.492597403125
7 0.947607421875 0.5967370125 0.932119140625 0.5967370125 0.932119140625 0.686314934375 0.947607421875 0.686314934375 0.947607421875 0.5967370125
7 0.94828125 0.7041883109375 0.9321093749999999 0.7041883109375 0.9321093749999999 0.7915259734375 0.94828125 0.7915259734375 0.94828125 0.7041883109375
3 0.8822656249999999 0.8408116890624999 0.8627343749999999 0.8408116890624999 0.8627343749999999 0.8687987015624999 0.8822656249999999 0.8687987015624999 0.8822656249999999 0.8408116890624999
7 0.9186328125 0.8419155843749999 0.8822656249999999 0.8419155843749999 0.8822656249999999 0.8687987015624999 0.9186328125 0.8687987015624999 0.9186328125 0.8419155843749999
3 0.82705078125 0.8407954546875 0.8081835937499999 0.8407954546875 0.8081835937499999 0.86991883125 0.82705078125 0.86991883125 0.82705078125 0.8407954546875
7 0.86408203125 0.8408116890624999 0.8277148437499999 0.8408116890624999 0.8277148437499999 0.8687987015624999 0.86408203125 0.8687987015624999 0.86408203125 0.8408116890624999
7 0.808203125 0.8430519484375001 0.7725 0.8430519484375001 0.7725 0.8710389609375 0.808203125 0.8710389609375 0.808203125 0.8430519484375001
1 0.7498242187499999 0.7665259734375 0.68443359375 0.7665259734375 0.68443359375 0.8046428578124999 0.7498242187499999 0.8046428578124999 0.7498242187499999 0.7665259734375
7 0.7327539062499999 0.736672078125 0.69638671875 0.736672078125 0.69638671875 0.7657954546875 0.7327539062499999 0.7657954546875 0.7327539062499999 0.736672078125
7 0.6539648437500001 0.73665584375 0.60142578125 0.73665584375 0.60142578125 0.7635389609375001 0.6539648437500001 0.7635389609375001 0.6539648437500001 0.73665584375
7 0.5825781250000001 0.736672078125 0.529375 0.736672078125 0.529375 0.7657954546875 0.5825781250000001 0.7657954546875 0.5825781250000001 0.736672078125
7 0.5105078125 0.7366883109375 0.45730468750000003 0.7366883109375 0.45730468750000003 0.764675325 0.5105078125 0.764675325 0.5105078125 0.7366883109375
7 0.43844726562499997 0.7355357140625001 0.384560546875 0.7355357140625001 0.384560546875 0.764659090625 0.43844726562499997 0.764659090625 0.43844726562499997 0.7355357140625001
7 0.365712890625 0.7378084421875 0.311826171875 0.7378084421875 0.311826171875 0.7635551953124999 0.365712890625 0.7635551953124999 0.365712890625 0.7378084421875
1 0.2827734375 0.7651136359375 0.21484375 0.7651136359375 0.21484375 0.8046266234375 0.2827734375 0.8046266234375 0.2827734375 0.7651136359375
7 0.270078125 0.7366883109375 0.234375 0.7366883109375 0.234375 0.764675325 0.270078125 0.764675325 0.270078125 0.7366883109375
7 0.0841796875 0.8408116890624999 0.0478125 0.8408116890624999 0.0478125 0.8687987015624999 0.0841796875 0.8687987015624999 0.0841796875 0.8408116890624999
3 0.1037109375 0.8396915578125 0.0841796875 0.8396915578125 0.0841796875 0.86991883125 0.1037109375 0.86991883125 0.1037109375 0.8396915578125
7 0.139423828125 0.8407792203125 0.102373046875 0.8407792203125 0.102373046875 0.8676623375 0.139423828125 0.8676623375 0.139423828125 0.8407792203125
3 0.15759765625 0.8408116890624999 0.13873046875 0.8408116890624999 0.13873046875 0.8687987015624999 0.15759765625 0.8687987015624999 0.15759765625 0.8408116890624999
7 0.19396484375 0.8408116890624999 0.15759765625 0.8408116890624999 0.15759765625 0.8687987015624999 0.19396484375 0.8687987015624999 0.19396484375 0.8408116890624999
7 0.035029296875 0.703084415625 0.017509765625 0.703084415625 0.017509765625 0.7915259734375 0.035029296875 0.7915259734375 0.035029296875 0.703084415625
7 0.03435546875 0.5967370125 0.018183593749999998 0.5967370125 0.018183593749999998 0.686314934375 0.03435546875 0.686314934375 0.03435546875 0.5967370125
7 0.034345703125 0.492597403125 0.018857421875 0.492597403125 0.018857421875 0.579935065625 0.034345703125 0.579935065625 0.034345703125 0.492597403125
3 0.03502155 0.13770712031250001 0.197332975 0.13770712031250001 0.1966594828125 0.26645768125 0.21484375 0.26645768125 0.2155172421875 0.1365875515625 0.23706896562500002 0.13546798124999998 0.23774245624999998 0.10747872656249999 0.017510775 0.10971786718750001 0.017510775 0.22839229843750003 0.0343480609375 0.2272727265625 0.03502155 0.13770712031250001
7 0.03435546875 0.225016234375 0.018183593749999998 0.225016234375 0.018183593749999998 0.2866071421875 0.03435546875 0.2866071421875 0.03435546875 0.225016234375
7 0.034345703125 0.345925325 0.018857421875 0.345925325 0.018857421875 0.40751623437499995 0.034345703125 0.40751623437499995 0.034345703125 0.345925325
3 0.3879296875 0.1085876625 0.367734375 0.1085876625 0.367734375 0.13771103906249998 0.3879296875 0.13771103906249998 0.3879296875 0.1085876625
3 0.45999023437500003 0.10746753281250002 0.439111328125 0.10746753281250002 0.439111328125 0.13883116874999998 0.45999023437500003 0.13883116874999998 0.45999023437500003 0.10746753281250002
3 0.533408203125 0.1085876625 0.511865234375 0.1085876625 0.511865234375 0.13771103906249998 0.533408203125 0.13771103906249998 0.533408203125 0.1085876625
3 0.60546875 0.1085876625 0.5832421875 0.1085876625 0.5832421875 0.13771103906249998 0.60546875 0.13771103906249998 0.60546875 0.1085876625
3 0.9489453125 0.2854870125 0.9321093749999999 0.2854870125 0.9321093749999999 0.34931818125 0.9489453125 0.34931818125 0.9489453125 0.2854870125
3 0.9489550781249999 0.5810389609375 0.931435546875 0.5810389609375 0.931435546875 0.5989610390625 0.9489550781249999 0.5989610390625 0.9489550781249999 0.5810389609375
3 0.9489550781249999 0.6862987015625001 0.931435546875 0.6862987015625001 0.931435546875 0.7042207796875 0.9489550781249999 0.7042207796875 0.9489550781249999 0.6862987015625001
3 0.60142578125 0.7355519484374999 0.58255859375 0.7355519484374999 0.58255859375 0.766915584375 0.60142578125 0.766915584375 0.60142578125 0.7355519484374999
3 0.5293554687500001 0.7355519484374999 0.5098242187500001 0.7355519484374999 0.5098242187500001 0.766915584375 0.5293554687500001 0.766915584375 0.5293554687500001 0.7355519484374999
3 0.45730468750000003 0.7355519484374999 0.43777343750000003 0.7355519484374999 0.43777343750000003 0.766915584375 0.45730468750000003 0.766915584375 0.45730468750000003 0.7355519484374999
3 0.3845703125 0.73556818125 0.3650390625 0.73556818125 0.3650390625 0.7657954546875 0.3845703125 0.7657954546875 0.3845703125 0.73556818125
3 0.035693359375 0.686314934375 0.017509765625 0.686314934375 0.017509765625 0.70310065 0.035693359375 0.70310065 0.035693359375 0.686314934375
3 0.035029296875 0.579935065625 0.017509765625 0.579935065625 0.017509765625 0.5989610390625 0.035029296875 0.5989610390625 0.035029296875 0.579935065625
2 0.2141702578125 0.407523509375 0.21349676718750002 0.350425434375 0.1966594828125 0.3481862953125 0.1771282328125 0.40304523124999997 0.2141702578125 0.407523509375
3 0.21416015625 0.301152596875 0.19732421875 0.301152596875 0.19732421875 0.35040584375 0.21416015625 0.35040584375 0.21416015625 0.301152596875
3 0.035029296875 0.2854870125 0.017509765625 0.2854870125 0.017509765625 0.34594155781249997 0.035029296875 0.34594155781249997 0.035029296875 0.2854870125
3 0.6640625 0.47693685781250006 0.6788793109375 0.47693685781250006 0.6768588359375001 0.4478280328125 0.7004310359375 0.4478280328125 0.701104525 0.4254366328125 0.6775323281250001 0.4254366328125 0.6775323281250001 0.13770712031250001 0.6970635781250001 0.1365875515625 0.6970635781250001 0.10859829843749999 0.6573275859375001 0.10859829843749999 0.65867456875 0.13546798124999998 0.6633890078125 0.13546798124999998 0.6640625 0.47693685781250006
3 0.9172952578125001 0.8407971328125001 0.91796875 0.8699059546875001 0.9502963359375001 0.8699059546875001 0.9502963359375001 0.7915360484375 0.9307650859375001 0.7915360484375 0.9321120687500001 0.8407971328125001 0.9172952578125001 0.8407971328125001
3 0.7300646546875 0.7355575453125 0.7314116390625001 0.7657859390625 0.7495959046875 0.766905509375 0.7495959046875 0.8710255265625 0.773168103125 0.8710255265625 0.773168103125 0.8419167046875 0.7677801718749999 0.8407971328125001 0.7677801718749999 0.515002240625 0.750269396875 0.5161218078124999 0.7495959046875 0.7366771171875001 0.7300646546875 0.7355575453125
3 0.654633621875 0.7355575453125 0.654633621875 0.7657859390625 0.6963900859375001 0.766905509375 0.6963900859375001 0.7366771171875001 0.6775323281250001 0.7344379765625 0.6788793109375 0.5172413796875001 0.6640625 0.5183609484375 0.6640625 0.7355575453125 0.654633621875 0.7355575453125
3 0.2889278 0.42431706093750005 0.26737607812499997 0.42431706093750005 0.26737607812499997 0.4478280328125 0.2882543109375 0.4478280328125 0.2882543109375 0.478056425 0.302397628125 0.478056425 0.3037446109375 0.45006717500000004 0.3091325421875 0.45006717500000004 0.3091325421875 0.42767577343749996 0.303071121875 0.4254366328125 0.303071121875 0.1388266921875 0.314520475 0.13770712031250001 0.314520475 0.118674428125 0.31654095 0.10859829843749999 0.2720905171875 0.10859829843749999 0.2741109921875 0.1365875515625 0.2896012921875 0.1365875515625 0.2889278 0.42431706093750005
3 0.197332975 0.4254366328125 0.03569504375 0.42431706093750005 0.03569504375 0.407523509375 0.017510775 0.4064039421875 0.017510775 0.493730409375 0.03569504375 0.493730409375 0.0343480609375 0.4478280328125 0.197332975 0.4478280328125 0.197332975 0.480295565625 0.21484375 0.48141513593749996 0.21484375 0.448947603125 0.242456896875 0.448947603125 0.24178340468749998 0.42431706093750005 0.2155172421875 0.42431706093750005 0.2155172421875 0.4064039421875 0.197332975 0.4064039421875 0.197332975 0.4254366328125
3 0.2155172421875 0.8699059546875001 0.2155172421875 0.7657859390625 0.23572198281249998 0.7657859390625 0.2350484921875 0.7366771171875001 0.2141702578125 0.7366771171875001 0.21484375 0.5161218078124999 0.1966594828125 0.515002240625 0.19867995624999998 0.8407971328125001 0.193292025 0.8419167046875 0.19127155 0.8710255265625 0.2155172421875 0.8699059546875001
3 0.3118265078125 0.7366771171875001 0.303071121875 0.7355575453125 0.3037446109375 0.5183609484375 0.2882543109375 0.51948051875 0.2889278 0.7355575453125 0.26939655 0.7366771171875001 0.2700700421875 0.766905509375 0.3125 0.766905509375 0.3118265078125 0.7366771171875001
5 0.7502734375 0.5172240265625 0.6775390625 0.5172240265625 0.6775390625 0.736672078125 0.7502734375 0.736672078125 0.7502734375 0.5172240265625
2 0.769800646875 0.3560232859375 0.7509428890625001 0.36050156875 0.750269396875 0.3929691 0.7684536640624999 0.3929691 0.7819234921875 0.3929691 0.769800646875 0.3560232859375
1 0.750947265625 0.44894480468750003 0.677529296875 0.44894480468750003 0.677529296875 0.5161201296875 0.750947265625 0.5161201296875 0.750947265625 0.44894480468750003
2 0.701104525 0.4265562015625 0.7004310359375 0.444469325 0.7273706890625 0.4467084640625 0.72804418125 0.42095835 0.7037984921875 0.3974473796875 0.701104525 0.4265562015625
2 0.7677801718749999 0.478056425 0.7509428890625001 0.479175996875 0.752289871875 0.5172413796875001 0.771147628125 0.5172413796875001 0.783270475 0.48141513593749996 0.7677801718749999 0.478056425
1 0.3091325421875 0.4265562015625 0.30845905 0.4478280328125 0.303071121875 0.448947603125 0.302397628125 0.4746977171875 0.3037446109375 0.527317509375 0.6647359921875 0.5317957890625 0.6640625 0.4265562015625 0.3091325421875 0.4265562015625
2 0.6768588359375001 0.51948051875 0.6768588359375001 0.47581728593749995 0.662042025 0.4746977171875 0.64789870625 0.515002240625 0.6768588359375001 0.51948051875
4 0.6647363281249999 0.540746753125 0.30374023437500003 0.540746753125 0.30374023437500003 0.7355519484374999 0.6647363281249999 0.7355519484374999 0.6647363281249999 0.540746753125
2 0.64116379375 0.5474697734375 0.6398168109375 0.53403493125 0.616918103125 0.5329153609375 0.6162446109374999 0.5452306296875 0.6202855609375 0.5653828921875 0.64116379375 0.5474697734375
2 0.3502155171875 0.5463502015625 0.3515625 0.5329153609375 0.3273168109375 0.5329153609375 0.3279903 0.541871921875 0.3306842671875 0.5676220328125 0.3502155171875 0.5463502015625
2 0.242456896875 0.4254366328125 0.242456896875 0.4467084640625 0.26804956875 0.44558889218750003 0.2687230609375 0.422077921875 0.2431303890625 0.3929691 0.242456896875 0.4254366328125
2 0.19463900781250001 0.30228392187500003 0.21484375 0.30228392187500003 0.21349676718750002 0.2630989703125 0.1966594828125 0.2642185390625 0.1845366390625 0.26757725 0.19463900781250001 0.30228392187500003
2 0.18318965468749998 0.48365427656250004 0.193292025 0.5183609484375 0.2141702578125 0.5172413796875001 0.21349676718750002 0.480295565625 0.198006465625 0.478056425 0.19127155 0.48141513593749996 0.18318965468749998 0.48365427656250004
2 0.3017241390625 0.4746977171875 0.2889278 0.47693685781250006 0.290274784375 0.520600090625 0.30576508593749996 0.51948051875 0.3199084046875 0.48141513593749996 0.3017241390625 0.4746977171875
1 0.14412715468749998 0.4254366328125 0.197332975 0.4265562015625 0.198006465625 0.3358710265625 0.03569504375 0.3336318859375 0.0343480609375 0.352664578125 0.1454741390625 0.350425434375 0.14412715468749998 0.4254366328125
0 0.06398437500000001 0.36384740312499997 0.035703125 0.36384740312499997 0.035703125 0.42543831093750006 0.06398437500000001 0.42543831093750006 0.06398437500000001 0.36384740312499997
2 0.06465820312500001 0.352646103125 0.035029296875 0.352646103125 0.035029296875 0.36384740312499997 0.06465820312500001 0.36384740312499997 0.06465820312500001 0.352646103125
6 0.07206054687499999 0.35267857187499996 0.065322265625 0.35267857187499996 0.065322265625 0.424334415625 0.07206054687499999 0.424334415625 0.07206054687499999 0.35267857187499996
0 0.101708984375 0.3638636359375 0.072744140625 0.3638636359375 0.072744140625 0.42431818125 0.101708984375 0.42431818125 0.101708984375 0.3638636359375
2 0.10036132812500001 0.3515422078125 0.071396484375 0.3515422078125 0.071396484375 0.36274350625 0.10036132812500001 0.36274350625 0.10036132812500001 0.3515422078125
6 0.106416015625 0.35267857187499996 0.101708984375 0.35267857187499996 0.101708984375 0.42543831093750006 0.106416015625 0.42543831093750006 0.106416015625 0.35267857187499996
0 0.13671875 0.36274350625 0.10640625 0.36274350625 0.10640625 0.42543831093750006 0.13671875 0.42543831093750006 0.13671875 0.36274350625
2 0.138740234375 0.352646103125 0.106416015625 0.352646103125 0.106416015625 0.36384740312499997 0.138740234375 0.36384740312499997 0.138740234375 0.352646103125
6 0.198017578125 0.32579545468750004 0.035029296875 0.32579545468750004 0.035029296875 0.332516234375 0.198017578125 0.332516234375 0.198017578125 0.32579545468750004
6 0.144130859375 0.35491883125 0.137392578125 0.35491883125 0.137392578125 0.426574675 0.144130859375 0.426574675 0.144130859375 0.35491883125
5 0.289609375 0.5161363640625 0.2141796875 0.5161363640625 0.2141796875 0.738928571875 0.289609375 0.738928571875 0.289609375 0.5161363640625
4 0.19732421875 0.13771103906249998 0.03501953125 0.13771103906249998 0.03501953125 0.3246915578125 0.19732421875 0.3246915578125 0.19732421875 0.13771103906249998
1 0.288935546875 0.44896103906249996 0.215517578125 0.44896103906249996 0.215517578125 0.513896103125 0.288935546875 0.513896103125 0.288935546875 0.44896103906249996
3 0.427666015625 0.4243019484375 0.412177734375 0.4243019484375 0.412177734375 0.44894480468750003 0.427666015625 0.44894480468750003 0.427666015625 0.4243019484375
3 0.553603515625 0.4243019484375 0.538115234375 0.4243019484375 0.538115234375 0.44894480468750003 0.553603515625 0.44894480468750003 0.553603515625 0.4243019484375
4 0.9314453125 0.13547077968750001 0.767109375 0.13547077968750001 0.767109375 0.42543831093750006 0.9314453125 0.42543831093750006 0.9314453125 0.13547077968750001
4 0.932099609375 0.44896103906249996 0.768447265625 0.44896103906249996 0.768447265625 0.839675325 0.932099609375 0.839675325 0.932099609375 0.44896103906249996
6 0.6640625 0.5329058437499999 0.639140625 0.5329058437499999 0.639140625 0.54073051875 0.6640625 0.54073051875 0.6640625 0.5329058437499999
6 0.326640625 0.5318019484375001 0.30375 0.5318019484375001 0.30375 0.5396266234375 0.326640625 0.5396266234375 0.326640625 0.5318019484375001
6 0.6155664062499999 0.5317857140625 0.35087890625 0.5317857140625 0.35087890625 0.540746753125 0.6155664062499999 0.540746753125 0.6155664062499999 0.5317857140625
3 0.03502155 0.839677565625 0.036368534375 0.7926556203125 0.017510775 0.7926556203125 0.01616379375 0.8699059546875001 0.0478178890625 0.8687863859375 0.0478178890625 0.839677565625 0.03502155 0.839677565625
4 0.198017578125 0.44894480468750003 0.035029296875 0.44894480468750003 0.035029296875 0.8407954546875 0.198017578125 0.8407954546875 0.198017578125 0.44894480468750003
1 0.282783203125 0.06774350625 0.222490234375 0.06774350625 0.222490234375 0.108685065625 0.282783203125 0.108685065625 0.282783203125 0.06774350625
1 0.7455859375 0.0691883109375 0.684453125 0.0691883109375 0.684453125 0.1115259734375 0.7455859375 0.1115259734375 0.7455859375 0.0691883109375