4 0.6849412921875 0.190258359375 0.32108610625 0.190258359375 0.32108610625 0.45819148906249996 0.6849412921875 0.45819148906249996 0.6849412921875 0.190258359375
7 0.3877690796875 0.16322188437500001 0.33485322968750003 0.16322188437500001 0.33485322968750003 0.189118540625 0.3877690796875 0.189118540625 0.3877690796875 0.16322188437500001
7 0.460254403125 0.1632370828125 0.4058904109375 0.1632370828125 0.4058904109375 0.18800911874999998 0.460254403125 0.18800911874999998 0.460254403125 0.1632370828125
7 0.5334540125 0.1643465046875 0.47981409062499997 0.1643465046875 0.47981409062499997 0.1879939203125 0.5334540125 0.1879939203125 0.5334540125 0.1643465046875
7 0.6052054796874999 0.16322188437500001 0.5508414875 0.16322188437500001 0.5508414875 0.189118540625 0.6052054796874999 0.189118540625 0.6052054796874999 0.16322188437500001
7 0.6769569468750001 0.16436170156250002 0.623317025 0.16436170156250002 0.623317025 0.1868844984375 0.6769569468750001 0.1868844984375 0.6769569468750001 0.16436170156250002
4 0.95382583125 0.1902431609375 0.7878571421875 0.1902431609375 0.7878571421875 0.4593009125 0.95382583125 0.4593009125 0.95382583125 0.1902431609375
3 0.770457346875 0.3073286046875 0.789302021875 0.3073286046875 0.7885772265625001 0.1902510421875 0.952380953125 0.1902510421875 0.9531057468749999 0.2724304859375 0.970500834375 0.27130473906249997 0.9697760390625 0.1621073953125 0.7545118515625 0.1632331421875 0.7552366453125 0.1902510421875 0.771182140625 0.1902510421875 0.770457346875 0.3073286046875
7 0.969060665625 0.2724316109375 0.9538356171875 0.2724316109375 0.9538356171875 0.3287234046875 0.969060665625 0.3287234046875 0.969060665625 0.2724316109375
3 0.789302021875 0.45705279687499994 0.7885772265625001 0.4289091515625 0.770457346875 0.4289091515625 0.770457346875 0.45817854375 0.7465391015625 0.45817854375 0.7472638984375 0.480693459375 0.770457346875 0.4795677140625 0.770457346875 0.5110885953125 0.789302021875 0.5110885953125 0.789302021875 0.480693459375 0.95165615625 0.4829449515625 0.95165615625 0.52122030625 0.971950425 0.52122030625 0.970500834375 0.44241810312499996 0.9538305421875 0.44241810312499996 0.9538305421875 0.45705279687499994 0.789302021875 0.45705279687499994
7 0.9697749515625 0.385015196875 0.95382583125 0.385015196875 0.95382583125 0.44130699062499995 0.9697749515625 0.44130699062499995 0.9697749515625 0.385015196875
7 0.970499021875 0.5212158062500001 0.9531017609375001 0.5212158062500001 0.9531017609375001 0.6056534953125 0.970499021875 0.6056534953125 0.970499021875 0.5212158062500001
7 0.9690508812499999 0.62027355625 0.9531017609375001 0.62027355625 0.9531017609375001 0.70246200625 0.9690508812499999 0.70246200625 0.9690508812499999 0.62027355625
7 0.9683268109375 0.7193465046874999 0.95382583125 0.7193465046874999 0.95382583125 0.8026595750000001 0.9683268109375 0.8026595750000001 0.9683268109375 0.7193465046874999
3 0.9045401171874999 0.8488145890625001 0.8835225046874999 0.8488145890625001 0.8835225046874999 0.874711246875 0.9045401171874999 0.874711246875 0.9045401171874999 0.8488145890625001
7 0.9378864968749999 0.8487993921875001 0.9016438359375 0.8487993921875001 0.9016438359375 0.8735714281250001 0.9378864968749999 0.8735714281250001 0.9378864968749999 0.8487993921875001
3 0.8487279843750001 0.84656535 0.8277103718750001 0.84656535 0.8277103718750001 0.874711246875 0.8487279843750001 0.874711246875 0.8487279843750001 0.84656535
7 0.8828082187499999 0.847674771875 0.847289628125 0.847674771875 0.847289628125 0.8746960484375 0.8828082187499999 0.8746960484375 0.8828082187499999 0.847674771875
7 0.8277103718750001 0.8488145890625001 0.7943639921875 0.8488145890625001 0.7943639921875 0.874711246875 0.8277103718750001 0.874711246875 0.8277103718750001 0.8488145890625001
7 0.67407045 0.7520060796875 0.6226027390625 0.7520060796875 0.6226027390625 0.7756534953124999 0.67407045 0.7756534953124999 0.67407045 0.7520060796875
7 0.6008610562500001 0.7531306984375 0.549393346875 0.7531306984375 0.549393346875 0.776778115625 0.6008610562500001 0.776778115625 0.6008610562500001 0.7531306984375
7 0.528375734375 0.7520060796875 0.4769080234375 0.7520060796875 0.4769080234375 0.7756534953124999 0.528375734375 0.7756534953124999 0.528375734375 0.7520060796875
7 0.45661448125000004 0.7531306984375 0.4036986296875 0.7531306984375 0.4036986296875 0.776778115625 0.45661448125000004 0.776778115625 0.45661448125000004 0.7531306984375
7 0.3834050875 0.7520060796875 0.33048923750000003 0.7520060796875 0.33048923750000003 0.7756534953124999 0.3834050875 0.7756534953124999 0.3834050875 0.7520060796875
3 0.1761350296875 0.847674771875 0.157289628125 0.847674771875 0.157289628125 0.8746960484375 0.1761350296875 0.8746960484375 0.1761350296875 0.847674771875
7 0.212358121875 0.8476899703124999 0.1768395296875 0.8476899703124999 0.1768395296875 0.8735866265625001 0.212358121875 0.8735866265625001 0.212358121875 0.8476899703124999
3 0.1224853234375 0.847674771875 0.10291585156250001 0.847674771875 0.10291585156250001 0.8746960484375 0.1224853234375 0.8746960484375 0.1224853234375 0.847674771875
7 0.157289628125 0.847674771875 0.1217710375 0.847674771875 0.1217710375 0.8746960484375 0.157289628125 0.8746960484375 0.157289628125 0.847674771875
7 0.10291585156250001 0.8476899703124999 0.06812133125 0.8476899703124999 0.06812133125 0.8758358656249999 0.10291585156250001 0.8758358656249999 0.10291585156250001 0.8476899703124999
7 0.0529060671875 0.7193617015625 0.035508806250000004 0.7193617015625 0.035508806250000004 0.8037993921875 0.0529060671875 0.8037993921875 0.0529060671875 0.7193617015625
7 0.05219178125 0.62027355625 0.035518590625 0.62027355625 0.035518590625 0.70246200625 0.05219178125 0.70246200625 0.05219178125 0.62027355625
7 0.0529060671875 0.521231003125 0.035508806250000004 0.521231003125 0.035508806250000004 0.6067933125 0.0529060671875 0.6067933125 0.0529060671875 0.521231003125
3 0.052910053125 0.27355623125 0.053634846874999996 0.1902510421875 0.216713778125 0.1902510421875 0.216713778125 0.3107058421875 0.234833659375 0.3107058421875 0.23410886562500002 0.1913767875 0.252953540625 0.1902510421875 0.252953540625 0.17111336093750001 0.2565775171875 0.17111336093750001 0.255127925 0.1621073953125 0.0355149671875 0.16098165 0.034790171875 0.27355623125 0.052910053125 0.27355623125
7 0.05218199531249999 0.27129179375 0.0362328765625 0.27129179375 0.0362328765625 0.32870820625 0.05218199531249999 0.32870820625 0.05218199531249999 0.27129179375
7 0.05219178125 0.385015196875 0.035518590625 0.385015196875 0.035518590625 0.44130699062499995 0.05219178125 0.44130699062499995 0.05219178125 0.385015196875
3 0.05218199531249999 0.3287234046875 0.0347847359375 0.3287234046875 0.0347847359375 0.3872644375 0.05218199531249999 0.3872644375 0.05218199531249999 0.3287234046875
1 0.162354134375 0.45817854375 0.2174385734375 0.4593042890625 0.2174385734375 0.3759991 0.053634846874999996 0.3737476078125 0.052910053125 0.39175954062499996 0.161629340625 0.390633796875 0.162354134375 0.45817854375
2 0.2188881640625 0.4435438484375 0.23338406875 0.4446695921875 0.23338406875 0.38950804843750003 0.21453939375000003 0.3883823046875 0.194969921875 0.43791511875 0.2188881640625 0.4435438484375
3 0.234833659375 0.34335866249999997 0.216712328125 0.34335866249999997 0.216712328125 0.3883738609375 0.234833659375 0.3883738609375 0.234833659375 0.34335866249999997
3 0.0529060671875 0.6056534953125 0.034060665625 0.6056534953125 0.034060665625 0.6225531921874999 0.0529060671875 0.6225531921874999 0.0529060671875 0.6056534953125
3 0.052915851562500005 0.7024468078125 0.0347945203125 0.7024468078125 0.0347945203125 0.720471125 0.052915851562500005 0.720471125 0.052915851562500005 0.7024468078125
1 0.32108429374999997 0.5572441734375 0.6842067125 0.5572441734375 0.6842067125 0.4593042890625 0.32760745 0.45817854375 0.32760745 0.47731622187499995 0.32180908750000004 0.4784419671875 0.32108429374999997 0.5572441734375
3 0.4464774953125 0.45705167187500007 0.43125244687500003 0.45705167187500007 0.43125244687500003 0.4806990875 0.4464774953125 0.4806990875 0.4464774953125 0.45705167187500007
3 0.5747749515625 0.4581762921875 0.5595499015625001 0.4581762921875 0.5595499015625001 0.48182370781249995 0.5747749515625 0.48182370781249995 0.5747749515625 0.4581762921875
3 0.40661448125 0.1632370828125 0.38559686875 0.1632370828125 0.38559686875 0.190258359375 0.40661448125 0.190258359375 0.40661448125 0.1632370828125
3 0.47981409062499997 0.1621124625 0.45807240781249997 0.1621124625 0.45807240781249997 0.1891337390625 0.47981409062499997 0.1891337390625 0.47981409062499997 0.1621124625
3 0.5515655578125 0.1620972640625 0.5305479453124999 0.1620972640625 0.5305479453124999 0.1902431609375 0.5515655578125 0.1902431609375 0.5515655578125 0.1620972640625
3 0.6262230921875 0.1621124625 0.6052054796874999 0.1621124625 0.6052054796874999 0.191382978125 0.6262230921875 0.191382978125 0.6262230921875 0.1621124625
2 0.789302021875 0.39513677812500003 0.77263173125 0.3973882703125 0.7733565265625 0.43003489687499996 0.79002681875 0.43003489687499996 0.804522721875 0.43453788125 0.789302021875 0.39513677812500003
3 0.7885812140625 0.339984803125 0.771183953125 0.339984803125 0.771183953125 0.397401215625 0.7885812140625 0.397401215625 0.7885812140625 0.339984803125
3 0.9697847359375 0.3287234046875 0.9531115453125001 0.3287234046875 0.9531115453125001 0.3872644375 0.9697847359375 0.3872644375 0.9697847359375 0.3287234046875
3 0.9697749515625 0.604528875 0.9523776906249999 0.604528875 0.9523776906249999 0.6236778109375 0.9697749515625 0.6236778109375 0.9697749515625 0.604528875
3 0.969060665625 0.7013221890625 0.9523874749999999 0.7013221890625 0.9523874749999999 0.7193465046874999 0.969060665625 0.7193465046874999 0.969060665625 0.7013221890625
3 0.4044422703125 0.749741640625 0.3834246578125 0.749741640625 0.3834246578125 0.7767629171875 0.4044422703125 0.7767629171875 0.4044422703125 0.749741640625
3 0.47764187812500003 0.7508662609375001 0.4559001953125 0.7508662609375001 0.4559001953125 0.7778875375000001 0.47764187812500003 0.7778875375000001 0.47764187812500003 0.7508662609375001
3 0.549393346875 0.748617021875 0.528375734375 0.748617021875 0.528375734375 0.7778875375000001 0.549393346875 0.7778875375000001 0.549393346875 0.748617021875
3 0.621868884375 0.7508814593750001 0.6001272015625 0.7508814593750001 0.6001272015625 0.7790273562500001 0.621868884375 0.7790273562500001 0.621868884375 0.7508814593750001
3 0.683481915625 0.5065856140625 0.697253025 0.507711359375 0.6965282312500001 0.48181920624999997 0.7240704499999999 0.4795677140625 0.722620859375 0.4593042890625 0.697253025 0.4593042890625 0.6958034359374999 0.1902510421875 0.7124737265625 0.1902510421875 0.7124737265625 0.17111336093750001 0.7153729078125 0.1632331421875 0.6769587593749999 0.1632331421875 0.677683553125 0.1891252953125 0.682757121875 0.1891252953125 0.683481915625 0.5065856140625
3 0.9378850468750001 0.8476865921875 0.9378850468750001 0.8758302375 0.970500834375 0.8747044921875 0.9712256281249999 0.8015310156250001 0.9531057468749999 0.8037825046875 0.9531057468749999 0.8465608484375 0.9378850468750001 0.8476865921875
3 0.7545118515625 0.7508724531250001 0.7545118515625 0.767758640625 0.7537870546875001 0.7767646078125 0.771182140625 0.7767646078125 0.771182140625 0.8769559843750001 0.7951003828125 0.8758302375 0.7951003828125 0.8476865921875 0.789302021875 0.8488123375000001 0.789302021875 0.543735225 0.770457346875 0.543735225 0.76973255 0.7497467078125 0.7545118515625 0.7508724531250001
3 0.6740595765624999 0.7497467078125 0.6740595765624999 0.777890353125 0.7153729078125 0.777890353125 0.7131985203125 0.7711358781250001 0.71174893125 0.7486209609375 0.6965282312500001 0.7497467078125 0.697977821875 0.5471124625 0.682757121875 0.5471124625 0.682757121875 0.7497467078125 0.6740595765624999 0.7497467078125
3 0.308037978125 0.18799955 0.307313184375 0.45817854375 0.2870189171875 0.45817854375 0.2877437125 0.4795677140625 0.307313184375 0.4784419671875 0.308762775 0.507711359375 0.32180908750000004 0.507711359375 0.32108429374999997 0.4784419671875 0.32688265625 0.4784419671875 0.32760745 0.45705279687499994 0.3203594984375 0.45817854375 0.3203594984375 0.1891252953125 0.3334058125 0.18799955 0.334855403125 0.16098165 0.293542075 0.1632331421875 0.29426686874999997 0.172239109375 0.29644125468750004 0.18799955 0.308037978125 0.18799955
3 0.2174385734375 0.4593042890625 0.052910053125 0.45817854375 0.05435964375 0.44241810312499996 0.0355149671875 0.44129235624999996 0.034790171875 0.5223460546875 0.052910053125 0.52122030625 0.052910053125 0.48181920624999997 0.21598898281249998 0.48181920624999997 0.2174385734375 0.51221434375 0.23555845468749997 0.5110885953125 0.23555845468749997 0.480693459375 0.2631006734375 0.480693459375 0.26237587812499996 0.45705279687499994 0.23410886562500002 0.45817854375 0.23410886562500002 0.4435438484375 0.2174385734375 0.44241810312499996 0.2174385734375 0.4593042890625
3 0.234833659375 0.8747044921875 0.23555845468749997 0.777890353125 0.2522287453125 0.7801418453125 0.250054359375 0.767758640625 0.24860476875 0.7508724531250001 0.23555845468749997 0.7508724531250001 0.23628325 0.543735225 0.2174385734375 0.543735225 0.2174385734375 0.8488123375000001 0.21164021093750002 0.849938084375 0.2109154171875 0.8747044921875 0.234833659375 0.8747044921875
3 0.2920924828125 0.7688843859375 0.2920924828125 0.7790160968750001 0.3326810171875 0.7790160968750001 0.33195622343750003 0.7508724531250001 0.32108429374999997 0.7508724531250001 0.32108429374999997 0.5471124625 0.30658838906249997 0.5471124625 0.307313184375 0.7497467078125 0.293542075 0.7508724531250001 0.2920924828125 0.7688843859375
3 0.06740595625 0.8758302375 0.0688555484375 0.8476865921875 0.053634846874999996 0.8476865921875 0.053634846874999996 0.8037825046875 0.0355149671875 0.8037825046875 0.0355149671875 0.8747044921875 0.06740595625 0.8758302375
1 0.77117416875 0.47957446875 0.6957925640625 0.47957446875 0.6957925640625 0.544863221875 0.77117416875 0.544863221875 0.77117416875 0.47957446875
2 0.7211712703125001 0.4390408625 0.7211712703125001 0.46043003281250006 0.722620859375 0.4795677140625 0.7479886921875 0.480693459375 0.7472638984375 0.45705279687499994 0.7240704499999999 0.43228638906250005 0.7211712703125001 0.4390408625
2 0.7885772265625001 0.3073286046875 0.771182140625 0.30845435 0.7719069359375 0.341100978125 0.7885772265625001 0.34222672656249997 0.803797928125 0.343352471875 0.7885772265625001 0.3073286046875
2 0.79002681875 0.5088371031250001 0.7719069359375 0.5099628515625 0.77263173125 0.543735225 0.7922012031250001 0.5471124625 0.804522721875 0.51221434375 0.79002681875 0.5088371031250001
1 0.771183953125 0.776778115625 0.703062621875 0.776778115625 0.703062621875 0.8139209718749999 0.771183953125 0.8139209718749999 0.771183953125 0.776778115625
2 0.73639196875 0.7992795234375001 0.7566862375000001 0.782393334375 0.7559614406249999 0.751998196875 0.71174893125 0.7508724531250001 0.7124737265625 0.777890353125 0.7284192218750001 0.7959022859375 0.73639196875 0.7992795234375001
2 0.6820323265625 0.54823820625 0.6958034359374999 0.54823820625 0.695078640625 0.5065856140625 0.682757121875 0.504334121875 0.6668116265624999 0.5414837328125001 0.6820323265625 0.54823820625
5 0.7711937375 0.1891337390625 0.6972602734375 0.1891337390625 0.6972602734375 0.3028419453125 0.7711937375 0.3028419453125 0.7711937375 0.1891337390625
2 0.7291440171875 0.1429697171875 0.711024134375 0.1632331421875 0.71174893125 0.186873803125 0.7559614406249999 0.186873803125 0.7566862375000001 0.1621073953125 0.73639196875 0.140718225 0.7291440171875 0.1429697171875
4 0.6827690796875 0.568495440625 0.61245596875 0.568495440625 0.61245596875 0.749741640625 0.6827690796875 0.749741640625 0.6827690796875 0.568495440625
6 0.6117271875 0.5673758875 0.6334710453125 0.5685016328125 0.6341958390625 0.559495665625 0.6066536203124999 0.5606214109375001 0.6066536203124999 0.7508724531250001 0.6124519828125 0.7508724531250001 0.6117271875 0.5673758875
2 0.6610132640625 0.570753125 0.6602884671875 0.5606214109375001 0.6341958390625 0.5606214109375001 0.6334710453125 0.5696273765625001 0.637819815625 0.5921422953125 0.6610132640625 0.570753125
4 0.392113503125 0.57074468125 0.3225244625 0.57074468125 0.3225244625 0.749741640625 0.392113503125 0.749741640625 0.392113503125 0.57074468125
2 0.369645575 0.5730046171875001 0.369645575 0.559495665625 0.3450025359375 0.559495665625 0.3450025359375 0.5696273765625001 0.34282815 0.597771025 0.369645575 0.5730046171875001
1 0.30949119375 0.4806990875 0.2355577296875 0.4806990875 0.2355577296875 0.5459878421875 0.30949119375 0.5459878421875 0.30949119375 0.4806990875
2 0.2609262875 0.4593042890625 0.2609262875 0.47731622187499995 0.2877437125 0.4784419671875 0.2877437125 0.45705279687499994 0.2631006734375 0.43228638906250005 0.2609262875 0.4593042890625
2 0.32180908750000004 0.505459865625 0.308762775 0.5065856140625 0.308762775 0.54823820625 0.3247082703125 0.54823820625 0.3392041734375 0.5099628515625 0.32180908750000004 0.505459865625
1 0.30295499062500003 0.7767629171875 0.2355577296875 0.7767629171875 0.2355577296875 0.8127811546875 0.30295499062500003 0.8127811546875 0.30295499062500003 0.7767629171875
2 0.27542219375 0.798153778125 0.29281727968750004 0.7846448265625 0.293542075 0.751998196875 0.247155178125 0.7508724531250001 0.250054359375 0.7790160968750001 0.267449446875 0.7970280296875 0.27542219375 0.798153778125
2 0.20221787343750003 0.5144658328125 0.21598898281249998 0.5471124625 0.23410886562500002 0.5459867171874999 0.23338406875 0.51221434375 0.2188881640625 0.5088371031250001 0.2101906203125 0.5099628515625 0.20221787343750003 0.5144658328125
2 0.20221787343750003 0.312957334375 0.21453939375000003 0.34447821562500003 0.234833659375 0.343352471875 0.23410886562500002 0.309580096875 0.21961295937499997 0.3073286046875 0.2109154171875 0.309580096875 0.20221787343750003 0.312957334375
0 0.0848043046875 0.3985258359375 0.053630137499999994 0.3985258359375 0.053630137499999994 0.45819148906249996 0.0848043046875 0.45819148906249996 0.0848043046875 0.3985258359375
2 0.0855381609375 0.3929027359375 0.053639921874999996 0.3929027359375 0.053639921874999996 0.3985258359375 0.0855381609375 0.3985258359375 0.0855381609375 0.3929027359375
6 0.0898727984375 0.3928875375 0.0848043046875 0.3928875375 0.0848043046875 0.46042553125 0.0898727984375 0.46042553125 0.0898727984375 0.3928875375
0 0.12103718125 0.3985258359375 0.090587084375 0.3985258359375 0.090587084375 0.45819148906249996 0.12103718125 0.45819148906249996 0.12103718125 0.3985258359375
2 0.12104696718750001 0.3929027359375 0.0898727984375 0.3929027359375 0.0898727984375 0.3985258359375 0.12104696718750001 0.3985258359375 0.12104696718750001 0.3929027359375
6 0.126115459375 0.3917629171875 0.12104696718750001 0.3917629171875 0.12104696718750001 0.45705167187500007 0.126115459375 0.45705167187500007 0.126115459375 0.3917629171875
0 0.15656555781249998 0.3985106390625 0.1268395296875 0.3985106390625 0.1268395296875 0.4593009125 0.15656555781249998 0.4593009125 0.15656555781249998 0.3985106390625
2 0.1580136984375 0.3929027359375 0.1268395296875 0.3929027359375 0.1268395296875 0.3985258359375 0.1580136984375 0.3985258359375 0.1580136984375 0.3929027359375
6 0.21743639843749998 0.36474164062500003 0.05219178125 0.36474164062500003 0.05219178125 0.3737386015625 0.21743639843749998 0.3737386015625 0.21743639843749998 0.36474164062500003
6 0.161624265625 0.3906382984375 0.15727984374999998 0.3906382984375 0.15727984374999998 0.46042553125 0.161624265625 0.46042553125 0.161624265625 0.3906382984375
6 0.3442857140625 0.5594984796875 0.3218199609375 0.5594984796875 0.3218199609375 0.5696200609375001 0.3442857140625 0.5696200609375001 0.3442857140625 0.5594984796875
6 0.6841976515625 0.5594984796875 0.6595596875 0.5594984796875 0.6595596875 0.5696200609375001 0.6841976515625 0.5696200609375001 0.6841976515625 0.5594984796875
5 0.307309196875 0.189118540625 0.23409980468749997 0.189118540625 0.23409980468749997 0.3062006078125 0.307309196875 0.3062006078125 0.307309196875 0.189118540625
2 0.26672465 0.1429697171875 0.252953540625 0.1632331421875 0.2515039515625 0.186873803125 0.2971660515625 0.186873803125 0.295716459375 0.16098165 0.27832137343749996 0.1440954625 0.26672465 0.1429697171875
6 0.39356381875 0.7497467078125 0.3986373859375 0.7486209609375 0.3993621796875 0.5583699203125 0.369645575 0.559495665625 0.3703703703125 0.5685016328125 0.39356381875 0.5685016328125 0.39356381875 0.7497467078125
4 0.95382583125 0.4806990875 0.7893052843749999 0.4806990875 0.7893052843749999 0.8476899703124999 0.95382583125 0.8476899703124999 0.95382583125 0.4806990875
5 0.771183953125 0.5471124625 0.69652641875 0.5471124625 0.69652641875 0.7508814593750001 0.771183953125 0.7508814593750001 0.771183953125 0.5471124625
1 0.3073189828125 0.307340425 0.234833659375 0.307340425 0.234833659375 0.45819148906249996 0.3073189828125 0.45819148906249996 0.3073189828125 0.307340425
1 0.769726028125 0.303966565625 0.6972407046875 0.303966565625 0.6972407046875 0.459316109375 0.769726028125 0.459316109375 0.769726028125 0.303966565625
1 0.76466731875 0.1249696046875 0.7037866921875 0.1249696046875 0.7037866921875 0.1632370828125 0.76466731875 0.1632370828125 0.76466731875 0.1249696046875
1 0.30224070468750003 0.1249696046875 0.241360078125 0.1249696046875 0.241360078125 0.1609878421875 0.30224070468750003 0.1609878421875 0.30224070468750003 0.1249696046875
4 0.607387475 0.5583890578124999 0.40008806249999995 0.5583890578124999 0.40008806249999995 0.7520060796875 0.607387475 0.7520060796875 0.607387475 0.5583890578124999
4 0.2174266140625 0.47957446875 0.0529060671875 0.47957446875 0.0529060671875 0.84656535 0.2174266140625 0.84656535 0.2174266140625 0.47957446875
4 0.218150684375 0.1891337390625 0.053630137499999994 0.1891337390625 0.053630137499999994 0.36363221874999996 0.218150684375 0.36363221874999996 0.218150684375 0.1891337390625
5 0.30658512656250003 0.5482370828125 0.236272015625 0.5482370828125 0.236272015625 0.7497568390625 0.30658512656250003 0.7497568390625 0.30658512656250003 0.5482370828125