4 0.7994858609375 0.1297468359375 0.5809768640625 0.1297468359375 0.5809768640625 0.4367088609375 0.7994858609375 0.4367088609375 0.7994858609375 0.1297468359375
7 0.7467866328125 0.1054852328125 0.6311053984375 0.1054852328125 0.6311053984375 0.1286919828125 0.7467866328125 0.1286919828125 0.7467866328125 0.1054852328125
7 0.8303341906249999 0.3217299578125 0.8020565546875 0.3217299578125 0.8020565546875 0.41772151874999996 0.8303341906249999 0.41772151874999996 0.8303341906249999 0.3217299578125
7 0.0848329046875 0.2552742609375 0.050128534375 0.2552742609375 0.050128534375 0.34915611874999997 0.0848329046875 0.34915611874999997 0.0848329046875 0.2552742609375
4 0.2943444734375 0.2109704640625 0.0874035984375 0.2109704640625 0.0874035984375 0.4367088609375 0.2943444734375 0.4367088609375 0.2943444734375 0.2109704640625
7 0.21079691562499997 0.18459915625 0.1079691515625 0.18459915625 0.1079691515625 0.2099156125 0.21079691562499997 0.2099156125 0.21079691562499997 0.18459915625
7 0.3714652953125 0.927215190625 0.2262210796875 0.927215190625 0.2262210796875 0.9546413499999999 0.3714652953125 0.9546413499999999 0.3714652953125 0.927215190625
1 0.6580976859375001 0.9261603375 0.6786632390625 0.9251054859375 0.6799485859375001 0.9113924046875 0.691516709375 0.9124472578124999 0.6902313625 0.8755274265624999 0.44601542343749995 0.873417721875 0.44601542343749995 0.9367088609374999 0.6580976859375001 0.9367088609374999 0.6580976859375001 0.9261603375
7 0.57326478125 0.848101265625 0.47043701875000005 0.848101265625 0.47043701875000005 0.873417721875 0.57326478125 0.873417721875 0.57326478125 0.848101265625
7 0.8946015421875 0.848101265625 0.7519280203125 0.848101265625 0.7519280203125 0.8744725734375001 0.8946015421875 0.8744725734375001 0.8946015421875 0.848101265625
3 0.40874035937500003 0.10443037968749999 0.28920308437500003 0.1054852328125 0.28920308437500003 0.20886075937499998 0.3406169671875 0.20886075937499998 0.33933162031249997 0.19092827031249998 0.32005141406250004 0.19092827031249998 0.3187660671875 0.1297468359375 0.4164524421875 0.1297468359375 0.41516709531249996 0.19092827031249998 0.3856041125 0.191983121875 0.38688945937499997 0.20886075937499998 0.4421593828125 0.2067510546875 0.4434447296875 0.058016878125000004 0.5578406171875 0.058016878125000004 0.5565552703125001 0.1297468359375 0.6323907453125 0.1308016875 0.6311053984375 0.10443037968749999 0.5861182515625 0.10443037968749999 0.5861182515625 0.033755275 0.4074550125 0.033755275 0.40874035937500003 0.10443037968749999
6 0.44087403593749996 0.27320675156249996 0.44087403593749996 0.2078059078125 0.41516709531249996 0.2099156125 0.4164524421875 0.274261603125 0.32005141406250004 0.274261603125 0.3213367609375 0.2637130796875 0.29562982031249996 0.261603375 0.2943444734375 0.37236286875 0.32005141406250004 0.373417721875 0.3213367609375 0.3544303796875 0.3406169671875 0.3544303796875 0.3406169671875 0.2932489453125 0.5552699234375 0.2932489453125 0.5539845765625 0.45358649843750004 0.5835475578125 0.45569620312500003 0.5874035984375 0.43776371249999996 0.5796915171875 0.4367088609375 0.5809768640625 0.19620253125 0.5539845765625 0.1951476796875 0.552699228125 0.2721518984375 0.44087403593749996 0.27320675156249996
2 0.5796915171875 0.1529535859375 0.5565552703125001 0.1529535859375 0.5565552703125001 0.1951476796875 0.5796915171875 0.1951476796875 0.5796915171875 0.1529535859375
2 0.22493573281249998 0.2267932484375 0.23393316249999999 0.23312236249999999 0.28920308437500003 0.2099156125 0.29048843125 0.18459915625 0.22493573281249998 0.18776371249999999 0.22750642656250003 0.2109704640625 0.2210796921875 0.20886075937499998 0.22493573281249998 0.2267932484375
6 0.32005141406250004 0.20886075937499998 0.29820051406250003 0.20886075937499998 0.29820051406250003 0.22468354375000002 0.32005141406250004 0.22468354375000002 0.32005141406250004 0.20886075937499998
1 0.41516709531249996 0.20886075937499998 0.32005141406250004 0.20886075937499998 0.32005141406250004 0.27320675156249996 0.41516709531249996 0.27320675156249996 0.41516709531249996 0.20886075937499998
2 0.335475578125 0.183544303125 0.336760925 0.20886075937499998 0.3856041125 0.2078059078125 0.38303341875 0.19092827031249998 0.3419023140625 0.16983122343749998 0.335475578125 0.183544303125
2 0.358611825 0.3829113921875 0.35604113125 0.37552742656250004 0.32904884375 0.36814345937500004 0.2969151671875 0.3713080171875 0.2969151671875 0.42932489374999994 0.32005141406250004 0.430379746875 0.358611825 0.3829113921875
1 0.1812339328125 0.6160337546875 0.2943444734375 0.614978903125 0.2969151671875 0.4694092828125 0.2236503859375 0.4694092828125 0.22493573281249998 0.4567510546875 0.0809768640625 0.4567510546875 0.08354755781249999 0.535864978125 0.17994858593750002 0.53691983125 0.1812339328125 0.6160337546875
2 0.2210796921875 0.413502109375 0.16323907499999998 0.4367088609375 0.164524421875 0.45464135 0.2300771203125 0.45358649843750004 0.2300771203125 0.4251054859375 0.2210796921875 0.413502109375
6 0.29562982031249996 0.6170886078125 0.2506426734375 0.6170886078125 0.2480719796875 0.635021096875 0.4421593828125 0.6371308015625 0.4421593828125 0.5453586500000001 0.41516709531249996 0.521097046875 0.402313625 0.5316455703125 0.41773778906250003 0.544303796875 0.41516709531249996 0.6181434593749999 0.3213367609375 0.6181434593749999 0.3213367609375 0.46835442968749996 0.35732647812499996 0.4978902953125 0.3714652953125 0.48417721562500005 0.3213367609375 0.441983121875 0.3226221078125 0.42932489374999994 0.29820051406250003 0.4282700421875 0.2969151671875 0.4367088609375 0.22750642656250003 0.4367088609375 0.22750642656250003 0.46624472499999997 0.2969151671875 0.467299578125 0.29562982031249996 0.6170886078125
1 0.3226221078125 0.441983121875 0.550128534375 0.6297468359375 0.6812339328125 0.6286919828124999 0.6786632390625 0.5601265828125 0.6606683796875 0.558016878125 0.6619537281250001 0.45464135 0.5604113109375 0.45464135 0.5629820046875 0.478902953125 0.41516709531249996 0.478902953125 0.41516709531249996 0.29535865 0.3431876609375 0.294303796875 0.3419023140625 0.3544303796875 0.3213367609375 0.3554852328125 0.3226221078125 0.441983121875
1 0.41516709531249996 0.5453586500000001 0.3239074546875 0.47046413437499995 0.32005141406250004 0.6160337546875 0.41516709531249996 0.6181434593749999 0.41516709531249996 0.5453586500000001
2 0.43573264843750004 0.49683544375000005 0.3714652953125 0.48417721562500005 0.358611825 0.495780590625 0.402313625 0.5316455703125 0.4215938296875 0.524261603125 0.42802056562499996 0.511603375 0.43573264843750004 0.49683544375000005
4 0.41516709531249996 0.6339662453125 0.18380462656250002 0.6339662453125 0.18380462656250002 0.9282700421875001 0.41516709531249996 0.9282700421875001 0.41516709531249996 0.6339662453125
2 0.2557840609375 0.6445147671875 0.2532133671875 0.6318565406250001 0.2532133671875 0.6191983125 0.186375321875 0.6170886078125 0.18766066875 0.6329113921875 0.2442159390625 0.660337553125 0.2557840609375 0.6445147671875
2 0.4652956296875 0.6360759500000001 0.43958868906250004 0.6339662453125 0.41773778906250003 0.6360759500000001 0.4203084828125 0.693037975 0.44087403593749996 0.6940928265624999 0.4781491 0.643459915625 0.4652956296875 0.6360759500000001
2 0.5964010281250001 0.8238396625 0.5848329046875 0.8291139234375 0.5848329046875 0.8491561187500001 0.5861182515625 0.873417721875 0.6516709515625 0.87236286875 0.6503856046875 0.8502109703125 0.5964010281250001 0.8238396625
4 0.44601542343749995 0.5464135015625 0.4434447296875 0.848101265625 0.6812339328125 0.8491561187500001 0.6812339328125 0.6308016875 0.552699228125 0.6308016875 0.44601542343749995 0.5464135015625
2 0.6465295625 0.578059071875 0.6838046265625 0.6297468359375 0.7069408734375 0.62763713125 0.7069408734375 0.5717299578125 0.6799485859375001 0.5685654015625 0.6580976859375001 0.572784809375 0.6465295625 0.578059071875
6 0.663239075 0.5590717296875 0.6812339328125 0.558016878125 0.6838046265625 0.572784809375 0.7082262203125 0.572784809375 0.7082262203125 0.558016878125 0.7493573265625 0.556962025 0.7467866328125 0.5379746828124999 0.685089975 0.5379746828124999 0.6838046265625 0.45569620312500003 0.8059125968749999 0.45464135 0.8059125968749999 0.4367088609375 0.6568123390625 0.4367088609375 0.6555269921875 0.45464135 0.6619537281250001 0.45464135 0.663239075 0.5590717296875
4 0.9395886890625 0.558016878125 0.7082262203125 0.558016878125 0.7082262203125 0.848101265625 0.9395886890625 0.848101265625 0.9395886890625 0.558016878125
2 0.7442159390625 0.5284810125 0.7480719796875 0.556962025 0.7969151671875 0.556962025 0.7956298203125 0.535864978125 0.7544987140625 0.5179324890625 0.7442159390625 0.5284810125
2 0.647814909375 0.4092827 0.5848329046875 0.438818565625 0.5848329046875 0.45569620312500003 0.6593830328125 0.45464135 0.6593830328125 0.438818565625 0.6606683796875 0.42299578125000004 0.647814909375 0.4092827
3 0.41773778906250003 0.8512658234374999 0.41516709531249996 0.927215190625 0.3688946015625 0.927215190625 0.3688946015625 0.9535864984375 0.4434447296875 0.9546413499999999 0.4447300765625 0.873417721875 0.4730077125 0.8744725734375001 0.4730077125 0.848101265625 0.4434447296875 0.848101265625 0.41773778906250003 0.8512658234374999
3 0.137532134375 0.5379746828124999 0.13881748124999999 0.5632911390625 0.1529562984375 0.5622362875 0.1503856046875 0.9535864984375 0.22493573281249998 0.9546413499999999 0.22493573281249998 0.9282700421875001 0.18251927968749998 0.9282700421875001 0.18251927968749998 0.53691983125 0.137532134375 0.5379746828124999
3 0.6593830328125 0.955696203125 0.713367609375 0.9546413499999999 0.713367609375 0.913502109375 0.6799485859375001 0.913502109375 0.6812339328125 0.9261603375 0.6593830328125 0.9261603375 0.6593830328125 0.955696203125
3 0.0822622109375 0.53691983125 0.0848329046875 0.34915611874999997 0.05141388125 0.3502109703125 0.05141388125 0.5632911390625 0.10025706875 0.5632911390625 0.10025706875 0.5379746828124999 0.0822622109375 0.53691983125
7 0.137532134375 0.5379746828124999 0.10154241718749998 0.5379746828124999 0.10154241718749998 0.5643459921875 0.137532134375 0.5643459921875 0.137532134375 0.5379746828124999
3 0.7943444734375 0.53691983125 0.7969151671875 0.556962025 0.9370179953125 0.558016878125 0.9395886890625 0.848101265625 0.8946015421875 0.8470464140624999 0.8933161953125 0.8744725734375001 0.971722365625 0.873417721875 0.971722365625 0.5316455703125 0.832904884375 0.5305907171875 0.8316195375 0.4166666671875 0.8007712078125 0.4156118140625 0.8020565546875 0.5348101265625 0.7943444734375 0.53691983125
3 0.7994858609375 0.322784809375 0.832904884375 0.3217299578125 0.832904884375 0.10337552812499999 0.7455012859375 0.10337552812499999 0.7480719796875 0.13185654062500002 0.7994858609375 0.13185654062500002 0.7994858609375 0.322784809375
3 0.0848329046875 0.20886075937499998 0.10925449843749999 0.20886075937499998 0.10925449843749999 0.1867088609375 0.05141388125 0.1867088609375 0.050128534375 0.2552742609375 0.08354755781249999 0.254219409375 0.0848329046875 0.20886075937499998
6 0.07326478125 0.07700421874999999 0.052699228125 0.07700421874999999 0.052699228125 0.18459915625 0.07326478125 0.18459915625 0.07326478125 0.07700421874999999
3 0.0886889453125 0.0632911390625 0.10668380468750001 0.0622362875 0.1079691515625 0.032700421875 0.052699228125 0.033755275 0.05141388125 0.07700421874999999 0.0848329046875 0.07700421874999999 0.0886889453125 0.0632911390625
1 0.4074550125 0.10443037968749999 0.4074550125 0.051687764062499995 0.3496143953125 0.051687764062499995 0.3496143953125 0.0622362875 0.2930591265625 0.0622362875 0.2917737796875 0.052742615625 0.10925449843749999 0.051687764062499995 0.1079691515625 0.0632911390625 0.0874035984375 0.0622362875 0.0874035984375 0.07700421874999999 0.074550128125 0.07700421874999999 0.074550128125 0.183544303125 0.28920308437500003 0.18565400781250002 0.29048843125 0.10443037968749999 0.4074550125 0.10443037968749999
3 0.3457583546875 0.033755275 0.2943444734375 0.033755275 0.2943444734375 0.0622362875 0.3457583546875 0.0622362875 0.3457583546875 0.033755275
6 0.6593830328125 0.9377637125 0.44858611875000004 0.9377637125 0.44858611875000004 0.9546413499999999 0.6593830328125 0.9546413499999999 0.6593830328125 0.9377637125
6 0.7120822625 0.8755274265624999 0.69280205625 0.8755274265624999 0.69280205625 0.913502109375 0.7120822625 0.913502109375 0.7120822625 0.8755274265624999
6 0.41002570625 0.033755275 0.3483290484375 0.033755275 0.3483290484375 0.052742615625 0.41002570625 0.052742615625 0.41002570625 0.033755275
6 0.2969151671875 0.033755275 0.10668380468750001 0.033755275 0.10668380468750001 0.052742615625 0.2969151671875 0.052742615625 0.2969151671875 0.033755275
3 0.7532133671875 0.8470464140624999 0.647814909375 0.8470464140624999 0.647814909375 0.8744725734375001 0.7532133671875 0.8744725734375001 0.7532133671875 0.8470464140624999
6 0.5796915171875 0.1255274265625 0.5552699234375 0.1255274265625 0.5552699234375 0.15084388124999998 0.5796915171875 0.15084388124999998 0.5796915171875 0.1255274265625
2 0.32005141406250004 0.22573839687500002 0.2969151671875 0.22573839687500002 0.2969151671875 0.262658228125 0.32005141406250004 0.262658228125 0.32005141406250004 0.22573839687500002
6 0.16580976875 0.43565400781249997 0.08354755781249999 0.43565400781249997 0.08354755781249999 0.45569620312500003 0.16580976875 0.45569620312500003 0.16580976875 0.43565400781249997
6 0.4421593828125 0.691983121875 0.41516709531249996 0.691983121875 0.41516709531249996 0.8502109703125 0.4421593828125 0.8502109703125 0.4421593828125 0.691983121875
6 0.7043701796875 0.626582278125 0.6799485859375001 0.626582278125 0.6799485859375001 0.8491561187500001 0.7043701796875 0.8491561187500001 0.7043701796875 0.626582278125
5 0.5591259640625 0.2932489453125 0.4164524421875 0.2932489453125 0.4164524421875 0.4778481015625 0.5591259640625 0.4778481015625 0.5591259640625 0.2932489453125
1 0.55141388125 0.0590717296875 0.4421593828125 0.0590717296875 0.4421593828125 0.27320675156249996 0.55141388125 0.27320675156249996 0.55141388125 0.0590717296875
1 0.41516709531249996 0.1308016875 0.32005141406250004 0.1308016875 0.32005141406250004 0.1898734171875 0.41516709531249996 0.1898734171875 0.41516709531249996 0.1308016875
1 0.8007712078125 0.45569620312500003 0.685089975 0.45569620312500003 0.685089975 0.53691983125 0.8007712078125 0.53691983125 0.8007712078125 0.45569620312500003