5 0.37962233125 0.0465502796875 0.31550629375 0.0465502796875 0.31550629375 0.280656425 0.37962233125 0.280656425 0.37962233125 0.0465502796875
7 0.3743842359375 0.024208565625 0.32019704375 0.024208565625 0.32019704375 0.0446927375 0.3743842359375 0.0446927375 0.3743842359375 0.024208565625
7 0.6639299390625 0.9450651765625 0.5971538046875 0.9450651765625 0.5971538046875 0.9674115453125 0.6639299390625 0.9674115453125 0.6639299390625 0.9450651765625
1 0.6681554453125 0.6437849156250001 0.5926984125 0.6437849156250001 0.5926984125 0.707630353125 0.6681554453125 0.707630353125 0.6681554453125 0.6437849156250001
2 0.6392993984374999 0.6722532593749999 0.6489952296875 0.675711625 0.64860426875 0.6378026078125 0.6119321296875 0.63873370625 0.6110720140625 0.675711625 0.6235827656249999 0.6690609203125 0.6299945265625 0.65642458125 0.6392993984374999 0.6722532593749999
1 0.312377825 0.43961159843750003 0.31667839531249997 0.43961159843750003 0.31667839531249997 0.548683159375 0.312377825 0.548683159375 0.312377825 0.59922851875 0.31667839531249997 0.59922851875 0.316287434375 0.6358073953125001 0.50394870625 0.6371375359375 0.5043396671875 0.648443734375 0.5696301515625 0.6497738765625 0.5700211109375 0.6371375359375 0.6798811484375 0.6371375359375 0.6794901859375 0.5779462625 0.6658065515625 0.5779462625 0.666588475 0.41234370781249996 0.6794901859375 0.41234370781249996 0.6798811484375 0.35182229375 0.6611150203125 0.35182229375 0.660724059375 0.3371907421875 0.5942606921875 0.336525671875 0.5938697312500001 0.35182229375 0.5696301515625 0.35182229375 0.5704120734375 0.3398510234375 0.5035577453125 0.3398510234375 0.5043396671875 0.35248736406250003 0.3780592703125 0.35182229375 0.3784502296875 0.34184623593749996 0.31706935625 0.34184623593749996 0.31667839531249997 0.39039638125 0.313159746875 0.39039638125 0.312377825 0.43961159843750003
2 0.33059660625 0.5744878953125 0.325123153125 0.560521415625 0.3163656265625 0.553072625 0.30596606406250004 0.553072625 0.3070607546875 0.59404096875 0.3327859875 0.5949720671875001 0.331691296875 0.5856610796874999 0.33059660625 0.5744878953125
2 0.3234811171875 0.42737430156249995 0.32840722499999997 0.4199255125 0.3322386421875 0.40409683437500005 0.3327859875 0.3938547484375 0.306513409375 0.39478584687499996 0.30596606406250004 0.4376163875 0.316912971875 0.435754190625 0.3234811171875 0.42737430156249995
1 0.37962506875 0.281326815625 0.315897646875 0.281326815625 0.315897646875 0.333868715625 0.37962506875 0.333868715625 0.37962506875 0.281326815625
2 0.3535851125 0.30819366875 0.3497536953125 0.31657355625 0.34701696718749997 0.324022346875 0.3426382046875 0.30912476718750004 0.3371647515625 0.303538175 0.32785987968749997 0.301675978125 0.32731253437499996 0.338919925 0.367268746875 0.338919925 0.3667214015625 0.2998137796875 0.361247946875 0.301675978125 0.3535851125 0.30819366875
2 0.4750957859375 0.36033519531249997 0.4793181640625 0.3491620109375 0.48166392968749994 0.328677840625 0.4575807328125 0.328677840625 0.4570333875 0.37110933749999997 0.46798029531249996 0.36844905625 0.4750957859375 0.36033519531249997
2 0.647509578125 0.372439478125 0.6573617953124999 0.375232775 0.65900383125 0.332402234375 0.63382594375 0.332402234375 0.6354679796875 0.3538175046875 0.640941434375 0.3659217875 0.647509578125 0.372439478125
2 0.6644772859375 0.40595903125 0.6743295015624999 0.413407821875 0.683087028125 0.4143389203125 0.6825396828125 0.3743016765625 0.6557197593749999 0.3715083796875 0.6595511765625 0.3919925515625 0.6644772859375 0.40595903125
1 0.6701071234375 0.569965415625 0.6837907578125 0.569965415625 0.6830088359375 0.65642458125 0.7498631640625 0.655094440625 0.750254125 0.6384676781249999 0.762373915625 0.6384676781249999 0.7627648765624999 0.35182229375 0.751036046875 0.35182229375 0.7506450859375 0.3378558125 0.6830088359375 0.3371907421875 0.6833997968750001 0.4203245546875 0.6708890453125 0.419659484375 0.6701071234375 0.569965415625
6 0.683087028125 0.3491620109375 0.67980295625 0.3491620109375 0.67980295625 0.375232775 0.683087028125 0.375232775 0.683087028125 0.3491620109375
2 0.6918445546875 0.375232775 0.700054734375 0.37057728125 0.7066228796875 0.36126629375 0.7099069515624999 0.3491620109375 0.7110016421875 0.3314711359375 0.68418171875 0.332402234375 0.685276409375 0.3761638734375 0.6918445546875 0.375232775
4 0.39096098125 0.645783453125 0.3248885765625 0.645783453125 0.3252795375 0.6670657078125 0.22717178750000003 0.6670657078125 0.22717178750000003 0.9011705234375 0.47855970000000003 0.9011705234375 0.4785362421875 0.6451183828125 0.4132457578125 0.645783453125 0.41285479687500004 0.6590848625 0.39096098125 0.659749934375 0.39096098125 0.645783453125
2 0.470717021875 0.7104283046875 0.48275862031249994 0.7141527 0.48221127499999994 0.6703910609375 0.455938696875 0.6713221593750001 0.4570333875 0.68342644375 0.45977011562500003 0.6973929234375 0.470717021875 0.7104283046875
1 0.19391664687500001 0.6617451453125 0.306904371875 0.661080075 0.306904371875 0.548683159375 0.301821878125 0.548683159375 0.30221283906249996 0.44160680937499996 0.306904371875 0.440941740625 0.30729533125 0.3265496140625 0.2588161703125 0.32787975468749997 0.25959809218749996 0.34783187031249996 0.2087731640625 0.348496940625 0.20916412499999998 0.5593242890625 0.1943076078125 0.5593242890625 0.19391664687500001 0.6617451453125
2 0.2813355234375 0.6433892 0.279146140625 0.6666666671875 0.30432402812500003 0.6666666671875 0.30432402812500003 0.622905028125 0.2983032296875 0.622905028125 0.28516694062500003 0.632216015625 0.2813355234375 0.6433892
2 0.21510673281249998 0.5819366859375 0.21620142343749998 0.5633147109375 0.1899288453125 0.5633147109375 0.190476190625 0.6042830546875 0.2025177890625 0.6042830546875 0.2090859328125 0.5968342640625 0.21510673281249998 0.5819366859375
3 0.3196387515625 0.0232774671875 0.25997810625 0.024208565625 0.2605254515625 0.0884543765625 0.3070498078125 0.086592178125 0.3070498078125 0.390130353125 0.316902025 0.39106145312499996 0.31525998906249997 0.046554934375 0.3185440609375 0.0474860328125 0.3196387515625 0.0232774671875
2 0.28188286875 0.36405959062500004 0.2922824296875 0.3668528859375 0.2933771203125 0.32122905 0.26819923437500004 0.3202979515625 0.269293925 0.34078212343750003 0.2736726875 0.354748603125 0.28188286875 0.36405959062500004
3 0.37984674375 0.046554934375 0.37875205312500004 0.3510242078125 0.411592775 0.35288640625 0.411592775 0.332402234375 0.38696223281250003 0.3305400375 0.3864148875 0.0409683421875 0.4225396828125 0.0409683421875 0.4214449921875 0.07541899375 0.408308703125 0.07541899375 0.408308703125 0.0884543765625 0.43458128125 0.086592178125 0.4351286265625 0.0232774671875 0.37382594375 0.0232774671875 0.37382594375 0.046554934375 0.37984674375 0.046554934375
6 0.45155993437499997 0.33320031875 0.42028305625 0.33253524843750004 0.41989209531249994 0.3285448265625 0.4171553671875 0.32787975468749997 0.4171553671875 0.331870178125 0.4108999921875 0.331870178125 0.4108999921875 0.35248736406250003 0.4566424265625 0.35182229375 0.4566424265625 0.333865390625 0.4585972328125 0.33253524843750004 0.45781530937500003 0.327214684375 0.4550785828125 0.3285448265625 0.4550785828125 0.19087523281250002 0.4507780125 0.191540303125 0.4503870515625 0.1968608671875 0.45155993437499997 0.1975259375 0.45155993437499997 0.33320031875
1 0.45116858281249994 0.1975279328125 0.4202818828125 0.1975279328125 0.4202818828125 0.3318761640625 0.45116858281249994 0.3318761640625 0.45116858281249994 0.1975279328125
2 0.43295019218749997 0.2048417125 0.42528735624999997 0.2001862203125 0.417077175 0.19925512031249998 0.417077175 0.23463687187499999 0.44006568125 0.23463687187499999 0.4384236453125 0.21973929218750002 0.43295019218749997 0.2048417125
2 0.4313081546875 0.2513966484375 0.42474001093749997 0.24581005625 0.4165298296875 0.24674115468750002 0.4165298296875 0.28119180625 0.44006568125 0.28119180625 0.4378763 0.26350093124999996 0.4313081546875 0.2513966484375
2 0.4302134640625 0.2960893859375 0.417077175 0.2951582875 0.4165298296875 0.3296089390625 0.44006568125 0.328677840625 0.436781609375 0.3072625703125 0.4302134640625 0.2960893859375
0 0.5105938703125 0.08845903125 0.404644225 0.08845903125 0.404644225 0.19154096874999998 0.5105938703125 0.19154096874999998 0.5105938703125 0.08845903125
2 0.4362342640625 0.1601489765625 0.42966611875 0.1601489765625 0.43240284687499997 0.19553072656249998 0.4521072796875 0.194599628125 0.44827586249999996 0.171322159375 0.44444444375 0.16573556875 0.4362342640625 0.1601489765625
2 0.7449370546875 0.3854748609375 0.7564313078125 0.39757914375 0.766283525 0.39851024218750003 0.766283525 0.3566108 0.740010946875 0.354748603125 0.740010946875 0.368715084375 0.7449370546875 0.3854748609375
3 0.663371646875 0.9664804468750001 0.7186535296875001 0.9674115453125 0.7175588390625001 0.9022346375 0.67705528125 0.904096834375 0.675960590625 0.6415270015625001 0.66829775625 0.6415270015625001 0.6688451015625 0.944134078125 0.6639189921875001 0.9432029796875 0.663371646875 0.9664804468750001
2 0.704433496875 0.6219739296875 0.6923919 0.6182495343750001 0.6912972078124999 0.6620111734374999 0.717022440625 0.6620111734374999 0.7164750953125 0.6508379890625 0.7115489875 0.631284915625 0.704433496875 0.6219739296875
2 0.21674876875 0.6378026078125 0.2058018609375 0.6256983234375 0.19594964374999999 0.622905028125 0.1964969890625 0.66573556875 0.2205801859375 0.6685288640625 0.2205801859375 0.6527001859375 0.21674876875 0.6378026078125
7 0.10673234843749999 0.72718808125 0.10618500312500001 0.9227188078124999 0.5429666125 0.92364990625 0.5429666125 0.9022346375 0.11877394687500001 0.9022346375 0.11877394687500001 0.7262569828125 0.10673234843749999 0.72718808125
1 0.5324904218750001 0.6584217875 0.48205801875 0.6584217875 0.48205801875 0.7388966484374999 0.5324904218750001 0.7388966484374999 0.5324904218750001 0.6584217875
2 0.5134099609375 0.7141527 0.508483853125 0.7281191812500001 0.5079365078125 0.7467411546875 0.53037766875 0.7467411546875 0.5298303234375 0.7029795156249999 0.521072796875 0.7067039109375 0.5134099609375 0.7141527
2 0.5353037765625 0.7104283046875 0.5353037765625 0.6713221593750001 0.512862615625 0.67411545625 0.51559934375 0.6871508375000001 0.5194307609375 0.7011173187499999 0.5353037765625 0.7104283046875
7 0.037219485937500005 0.5214152703125 0.043240284375 0.5735567968749999 0.055829228125 0.627560521875 0.079912425 0.627560521875 0.079912425 0.605214153125 0.06677613593750001 0.6061452515625 0.055829228125 0.564245809375 0.050355775000000005 0.519553071875 0.0519978109375 0.46554934843750007 0.0563765734375 0.4208566109375 0.0651341 0.3845437609375 0.079912425 0.3854748609375 0.07936507968749999 0.3621973921875 0.055829228125 0.36126629375 0.0437876296875 0.41527001874999997 0.0383141765625 0.46927374374999997 0.037219485937500005 0.5214152703125
4 0.295563765625 0.09111731875 0.1184592234375 0.09111731875 0.1184592234375 0.32122905 0.295563765625 0.32122905 0.295563765625 0.09111731875
7 0.259989053125 0.06890130312500001 0.1045429671875 0.06797020468750001 0.1050903125 0.2644320296875 0.11767925625 0.265363128125 0.11767925625 0.0903165734375 0.2605363984375 0.089385475 0.259989053125 0.06890130312500001
7 0.865342090625 0.176927375 0.8784783796875001 0.176927375 0.879025725 0.06705772812500001 0.43568691875 0.06703910625000001 0.43458128125 0.08847299843749999 0.865342090625 0.08847299843749999 0.865342090625 0.176927375
7 0.9217186640625 0.3938547484375 0.9304761906250001 0.4432029796875 0.9326655718750001 0.4925512109375 0.9310235359375 0.5474860328125 0.9222660093749999 0.5986964625 0.9135084843750001 0.6415270015625001 0.8998248500000001 0.6424581 0.9003721953125 0.662942271875 0.9222660093749999 0.66480446875 0.9354022984375 0.6080074484375 0.9441598250000001 0.5521415265625 0.9452545156250001 0.4962756046875 0.9430651343750001 0.4404096828125 0.9343076078125 0.3845437609375 0.9228133546875 0.327746740625 0.9014668859375 0.328677840625 0.9003721953125 0.350093109375 0.9135084843750001 0.3510242078125 0.9217186640625 0.3938547484375
7 0.7186535296875001 0.9022346375 0.7181061843750001 0.92364990625 0.879025725 0.9245810062500001 0.8795730703125001 0.8156424578125 0.8658894359374999 0.8156424578125 0.8658894359374999 0.9013035374999999 0.7186535296875001 0.9022346375
3 0.56758620625 0.9162011171875 0.5670388609375 0.9022346375 0.54405035625 0.9013035374999999 0.54405035625 0.96834264375 0.5971428578125 0.9674115453125 0.5971428578125 0.944134078125 0.5927640937499999 0.944134078125 0.5933114390625 0.6396648046875 0.5845539140625 0.6396648046875 0.5845539140625 0.91527001875 0.56758620625 0.9162011171875
3 0.8647947453124999 0.8137802609375001 0.9003721953125 0.8156424578125 0.8998248500000001 0.63873370625 0.848374384375 0.6378026078125 0.848374384375 0.6601489765624999 0.865342090625 0.661080075 0.8647947453124999 0.8137802609375001
3 0.869720853125 0.3305400375 0.849469075 0.3314711359375 0.8489217296874999 0.35288640625 0.9009195406250001 0.35288640625 0.9009195406250001 0.1750465546875 0.8647947453124999 0.17690875156250002 0.8647947453124999 0.21880819375 0.8686261625 0.2178770953125 0.869720853125 0.3305400375
3 0.1362889984375 0.32216014843749996 0.11767925625 0.32216014843749996 0.1182266015625 0.2662942265625 0.07936507968749999 0.2644320296875 0.0804597703125 0.3873370578125 0.1362889984375 0.3873370578125 0.1362889984375 0.32216014843749996
3 0.1171319109375 0.6666666671875 0.135741653125 0.66480446875 0.1362889984375 0.60242085625 0.079912425 0.60242085625 0.07936507968749999 0.72718808125 0.11877394687500001 0.7262569828125 0.1171319109375 0.6666666671875
6 0.676753459375 0.768156425 0.68887325 0.768156425 0.6892642109375 0.661080075 0.6935647828125 0.660415003125 0.693486590625 0.65642458125 0.6830088359375 0.6557595109375 0.683087028125 0.6154562390625 0.6803503015625 0.613594040625 0.6803503015625 0.6378026078125 0.6480569234375 0.6368715078125 0.6482133078125 0.6424581 0.6759715374999999 0.6415270015625001 0.676753459375 0.768156425
2 0.6595511765625 0.5968342640625 0.6573617953124999 0.6163873375 0.683087028125 0.6163873375 0.6836343734375 0.5754189937499999 0.6721401203124999 0.5772811921875001 0.66502463125 0.5856610796874999 0.6595511765625 0.5968342640625
3 0.31581828125 0.5996275609375 0.3076081 0.5996275609375 0.3076081 0.6554934828125 0.31581828125 0.6554934828125 0.31581828125 0.5996275609375
6 0.306904371875 0.65642458125 0.30729533125 0.661080075 0.3029947609375 0.661080075 0.3029947609375 0.6664006390625 0.3252795375 0.6664006390625 0.3248885765625 0.6451183828125 0.39135194375000004 0.6451183828125 0.39135194375000004 0.6590848625 0.41285479687500004 0.659749934375 0.4132457578125 0.6451183828125 0.47892720312500003 0.6451183828125 0.47892720312500003 0.6723862734375 0.48166392968749994 0.6717212015625 0.482054890625 0.6577547218750001 0.5035577453125 0.6577547218750001 0.50394870625 0.6491088046875 0.50394870625 0.6384676781249999 0.3158964734375 0.6378026078125 0.3158964734375 0.65642458125 0.306904371875 0.65642458125
3 0.4121510671875 0.63873370625 0.3918992890625 0.63873370625 0.3918992890625 0.6573556796875 0.4121510671875 0.6573556796875 0.4121510671875 0.63873370625
3 0.501915709375 0.6396648046875 0.48275862031249994 0.6396648046875 0.48275862031249994 0.6573556796875 0.501915709375 0.6573556796875 0.501915709375 0.6396648046875
4 0.77762139375 0.6378026078125 0.89999218125 0.6378026078125 0.89999218125 0.6424581 0.9140667765625 0.6404628890625 0.931269059375 0.5473530203125 0.932832903125 0.49880287343749996 0.9304871374999999 0.4429369515625 0.9218859953124999 0.39106145312499996 0.91289389375 0.351157221875 0.7666744859375 0.353152434375 0.7658925640625001 0.42298483593749997 0.77762139375 0.42364990625 0.77762139375 0.6378026078125
6 0.7498631640625 0.661080075 0.8489326765625 0.661080075 0.84838533125 0.6378026078125 0.7772304328125 0.6378026078125 0.777777778125 0.4227188078125 0.7657361796875 0.42458100625000006 0.766283525 0.3957169453125 0.7624521078125001 0.39478584687499996 0.7619047625 0.4292364984375 0.7624521078125001 0.63873370625 0.750410509375 0.6378026078125 0.7498631640625 0.661080075
4 0.676753459375 0.9018355953125001 0.8655876140625001 0.9018355953125001 0.865196653125 0.661080075 0.6896551718749999 0.6617451453125 0.68887325 0.7688214953125 0.6771444203125 0.7688214953125 0.676753459375 0.9018355953125001
3 0.7733990140625 0.640595903125 0.7515052 0.640595903125 0.7515052 0.6554934828125 0.7733990140625 0.6554934828125 0.7733990140625 0.640595903125
6 0.870279146875 0.3314711359375 0.8691844546875 0.3109869640625 0.7515052 0.310055865625 0.7515052 0.35288640625 0.8489326765625 0.35288640625 0.84838533125 0.3314711359375 0.870279146875 0.3314711359375
3 0.7712096328125 0.33426443125 0.7520525453125 0.33426443125 0.7520525453125 0.350093109375 0.7712096328125 0.350093109375 0.7712096328125 0.33426443125
3 0.680897646875 0.33426443125 0.6617405578125 0.33426443125 0.6617405578125 0.350093109375 0.680897646875 0.350093109375 0.680897646875 0.33426443125
6 0.48674642187500006 0.191540303125 0.48674642187500006 0.3285448265625 0.4793181640625 0.32787975468749997 0.479709125 0.33253524843750004 0.48127296875000003 0.331870178125 0.480491046875 0.35248736406250003 0.5035577453125 0.35182229375 0.5035577453125 0.3405160953125 0.5700211109375 0.339185953125 0.5700211109375 0.35182229375 0.5934787703125 0.35182229375 0.5934787703125 0.3305400375 0.5023848625 0.3298749671875 0.5019939015625 0.2001862203125 0.5152865734375001 0.1995211484375 0.5156775359375 0.072492684375 0.5105950421875 0.0718276140625 0.510986003125 0.191540303125 0.48674642187500006 0.191540303125
3 0.5911330046875001 0.3333333328125 0.5719759171875001 0.3333333328125 0.5719759171875001 0.3491620109375 0.5911330046875001 0.3491620109375 0.5911330046875001 0.3333333328125
3 0.5013683640625 0.3333333328125 0.48221127499999994 0.3333333328125 0.48221127499999994 0.3491620109375 0.5013683640625 0.3491620109375 0.5013683640625 0.3333333328125
6 0.7515052 0.3314711359375 0.7099069515624999 0.3314711359375 0.7099069515624999 0.3398510234375 0.7515052 0.3398510234375 0.7515052 0.3314711359375
4 0.5027758234374999 0.329209896875 0.6634607859375 0.3305400375 0.663069825 0.0957701515625 0.676753459375 0.09510508125 0.6771444203125 0.0884543765625 0.5156775359375 0.0897845171875 0.5152865734375001 0.1995211484375 0.5027758234374999 0.2001862203125 0.5027758234374999 0.329209896875
6 0.634920634375 0.3314711359375 0.5927750406250001 0.3314711359375 0.5927750406250001 0.33612662968749996 0.634920634375 0.33612662968749996 0.634920634375 0.3314711359375
6 0.766283525 0.350093109375 0.7629994531250001 0.350093109375 0.7629994531250001 0.35940409687499997 0.766283525 0.35940409687499997 0.766283525 0.350093109375
6 0.7498631640625 0.65642458125 0.7153804046875 0.65642458125 0.7153804046875 0.661080075 0.7498631640625 0.661080075 0.7498631640625 0.65642458125
6 0.5659551171875 0.7988826812500001 0.5665024625 0.91527001875 0.584017515625 0.9143389203125001 0.5845648609375 0.7988826812500001 0.58448666875 0.74687416875 0.5790132140625001 0.74687416875 0.5790132140625001 0.798084596875 0.5659551171875 0.7988826812500001
6 0.5358511218750001 0.7057728125 0.53256705 0.7057728125 0.53256705 0.738361265625 0.53037766875 0.738361265625 0.529282978125 0.747672253125 0.584017515625 0.7467411546875 0.584017515625 0.739292365625 0.5363984671875001 0.738361265625 0.5358511218750001 0.7057728125
6 0.5024630546875 0.65642458125 0.53256705 0.6573556796875 0.5320197046875 0.67411545625 0.5358511218750001 0.6722532593749999 0.5363984671875001 0.6573556796875 0.5845648609375 0.65642458125 0.5845648609375 0.640595903125 0.5916803500000001 0.640595903125 0.5927750406250001 0.6443202984374999 0.6130268203125 0.6443202984374999 0.6130268203125 0.6359404093750001 0.5708812265625001 0.6378026078125 0.5703338812500001 0.649906890625 0.5024630546875 0.6508379890625 0.5024630546875 0.65642458125
6 0.66338259375 0.332402234375 0.677066228125 0.332402234375 0.6765188828124999 0.127560521875 0.6819923375 0.1266294234375 0.6814449921875 0.0726256984375 0.6776135734375 0.0726256984375 0.677066228125 0.0949720671875 0.6628352484375 0.0949720671875 0.66338259375 0.332402234375
4 0.676753459375 0.33253524843750004 0.7506450859375 0.331870178125 0.751036046875 0.3099228515625 0.8687153015625 0.3105879234375 0.8687153015625 0.21814312343750003 0.8648056921875 0.21880819375 0.8648056921875 0.089119446875 0.681835953125 0.089119446875 0.6814449921875 0.12636339531250002 0.676753459375 0.12702846406249999 0.676753459375 0.33253524843750004
3 0.8464305265625001 0.12370311249999999 0.8503401359374999 0.12636339531250002 0.85464070625 0.1256983234375 0.8581593562500001 0.122372971875 0.8605051218750001 0.11572226562500001 0.8601141609375 0.10707635 0.8581593562500001 0.1004256453125 0.8530768625 0.0971002921875 0.8456486046875 0.1004256453125 0.842911878125 0.10907156093749999 0.8440847609375 0.11904761875 0.8464305265625001 0.12370311249999999
3 0.6669794359375001 0.122372971875 0.6704980843749999 0.125033253125 0.6763624984375001 0.12436818281249999 0.6790992265625 0.12104283125 0.6806630703125001 0.113061984375 0.6802721093749999 0.10308592812499999 0.6775353828124999 0.098430434375 0.6716709671875 0.096435221875 0.6658065515625 0.09976057499999999 0.6638517484374999 0.1064112796875 0.6642427093750001 0.114392125 0.6669794359375001 0.122372971875
3 0.487137384375 0.12370311249999999 0.49182891562500003 0.125033253125 0.4976933296875 0.1217079015625 0.4996481359375 0.114392125 0.4996481359375 0.1077414203125 0.49730236874999995 0.099095503125 0.4879193046875 0.0957701515625 0.482054890625 0.1064112796875 0.48361873437499997 0.11904761875 0.487137384375 0.12370311249999999
3 0.8464305265625001 0.8911944671875001 0.8519039796874999 0.8951848890624999 0.8577683953124999 0.8931896781249999 0.8605051218750001 0.8872040437500001 0.86128704375 0.8772279859375001 0.8589412781249999 0.869247140625 0.8554226281249999 0.8652567171875001 0.8487762921875 0.8665868578125 0.8444757218750001 0.873902634375 0.8436937984374999 0.883878690625 0.8464305265625001 0.8911944671875001
6 0.48440065624999995 0.9184623562500001 0.48440065624999995 0.7488693796875 0.5098131203125 0.7475392390625 0.509422159375 0.7388933234375 0.48166392968749994 0.7388933234375 0.48166392968749994 0.7109603625 0.47814528125000005 0.7102952921875 0.4785362421875 0.9171322156249999 0.48440065624999995 0.9184623562500001
0 0.5653295796875 0.7987496671875001 0.578622253125 0.7974195265625 0.5782312921874999 0.7475392390625 0.48440065624999995 0.7482043093749999 0.48440065624999995 0.900505453125 0.5653295796875 0.9018355953125001 0.5653295796875 0.7987496671875001
3 0.4855735390625 0.8905293953125 0.4890921890625 0.8938547484375 0.494956603125 0.8931896781249999 0.4992571734375 0.8891992546875 0.5016029390625001 0.8818834796875 0.50082101875 0.8732375640625 0.4984752515625 0.8652567171875001 0.49300179843749997 0.8639265765624999 0.487137384375 0.8659217874999999 0.48361873437499997 0.8705772812499999 0.4828368125 0.87988826875 0.4855735390625 0.8905293953125
6 0.42262882187499995 0.041234370312500004 0.38626945 0.041234370312500004 0.38626945 0.1975259375 0.4163734453125 0.1968608671875 0.4163734453125 0.2015163609375 0.41911017343749996 0.20218143125000002 0.41989209531249994 0.19819100781250001 0.4308390015625 0.196195796875 0.4308390015625 0.19087523281250002 0.40425365625 0.191540303125 0.40425365625 0.0877893046875 0.4089451875 0.0877893046875 0.408163265625 0.0751529671875 0.4230197828125 0.0744878953125 0.42262882187499995 0.041234370312500004
6 0.4163734453125 0.2480712953125 0.41989209531249994 0.24873636562499998 0.41989209531249994 0.2341048140625 0.4175463296875 0.2341048140625 0.41676440625 0.23809523906250002 0.38626945 0.23942537968750002 0.38626945 0.244080871875 0.4163734453125 0.244080871875 0.4163734453125 0.2480712953125
6 0.41676440625 0.29529130000000003 0.42028305625 0.29529130000000003 0.42028305625 0.28065975 0.41676440625 0.28065975 0.41676440625 0.2859803140625 0.387051371875 0.28531524375 0.3866604109375 0.2906358078125 0.4163734453125 0.2906358078125 0.41676440625 0.29529130000000003
6 0.295566503125 0.32122905 0.2916568921875 0.32122905 0.2908749703125 0.3285448265625 0.306904371875 0.3285448265625 0.3076862921875 0.0871242359375 0.260770975 0.08645916406250001 0.2603800140625 0.0897845171875 0.295566503125 0.0897845171875 0.295566503125 0.32122905
6 0.3800164203125 0.3345297953125 0.36633278593749996 0.3345297953125 0.36633278593749996 0.340516759375 0.3800164203125 0.340516759375 0.3800164203125 0.3345297953125
6 0.3287985765625 0.333864059375 0.315897646875 0.333864059375 0.315897646875 0.34051210468750004 0.3287985765625 0.34051210468750004 0.3287985765625 0.333864059375
6 0.2240206421875 0.915802075 0.22675736875000002 0.9191274281249999 0.22675736875000002 0.6670657078125 0.281100946875 0.6670657078125 0.2822738296875 0.661080075 0.219720071875 0.659749934375 0.21932911093750002 0.6664006390625 0.2240206421875 0.6670657078125 0.2240206421875 0.915802075
6 0.13565564218749998 0.6251662671875 0.13565564218749998 0.66573556875 0.197435296875 0.6677307796874999 0.19821721718750002 0.6617451453125 0.19391664687500001 0.662410215625 0.1943076078125 0.6025538703125 0.1903901796875 0.6025538703125 0.1903901796875 0.624501196875 0.13565564218749998 0.6251662671875
6 0.20837438437500003 0.34783187031249996 0.2591993125 0.34650172968750004 0.25880835156250004 0.3285448265625 0.26936429687499996 0.3285448265625 0.27014621875 0.3218941203125 0.13565564218749998 0.3218941203125 0.13565564218749998 0.3637935625 0.2056376578125 0.3637935625 0.20602861875 0.552673584375 0.1903901796875 0.5520085124999999 0.1903901796875 0.5639797828125 0.19390882812500002 0.5639797828125 0.1935178671875 0.5593242890625 0.2095472671875 0.5586592171875 0.20837438437500003 0.34783187031249996
6 0.3123727421875 0.3903910609375 0.307287903125 0.3903910609375 0.307287903125 0.397709496875 0.3123727421875 0.397709496875 0.3123727421875 0.3903910609375
6 0.31237000625 0.5912476718749999 0.3068965515625 0.5912476718749999 0.3068965515625 0.5985661078125 0.31237000625 0.5985661078125 0.31237000625 0.5912476718749999
6 0.3022050203125 0.5480180906250001 0.306505590625 0.5480180906250001 0.3068965515625 0.5546687953125 0.31197904374999996 0.5546687953125 0.31197904374999996 0.548683159375 0.316279615625 0.548683159375 0.31667057656250003 0.44160680937499996 0.31237000625 0.440941740625 0.31237000625 0.4349561046875 0.3068965515625 0.4349561046875 0.306505590625 0.44027666875 0.301814059375 0.43961159843750003 0.3022050203125 0.5480180906250001
6 0.3917429046875 0.553338653125 0.408163265625 0.557994146875 0.42497458750000006 0.5540037250000001 0.44139494843750005 0.5453578078125 0.44921416875000003 0.5360468218750001 0.447650325 0.531391328125 0.43631245625000004 0.5327214687499999 0.4367034171875 0.543362596875 0.380795996875 0.5440276671875 0.3811869578125 0.5180899171875 0.387051371875 0.519420059375 0.385487528125 0.512769353125 0.3796231140625 0.512769353125 0.3706310109375 0.5360468218750001 0.3784502296875 0.5453578078125 0.3917429046875 0.553338653125
3 0.4366955984375 0.5333865390625 0.38665259218750003 0.5333865390625 0.387043553125 0.5187549875 0.380397215625 0.5187549875 0.3811791390625 0.5446927374999999 0.43708655937499996 0.5440276671875 0.4366955984375 0.5333865390625
6 0.433966690625 0.44227188125000005 0.4163734453125 0.4349561046875 0.4077723046875 0.434291034375 0.3921338640625 0.4376163875 0.3804050359375 0.445597234375 0.3698490890625 0.4549082203125 0.380014075 0.479515828125 0.380795996875 0.44825751562500005 0.4367034171875 0.4475924453125 0.437094378125 0.46022878437500003 0.447650325 0.461558925 0.44921416875000003 0.45690343125000005 0.44413167500000006 0.4502527265625 0.433966690625 0.44227188125000005
3 0.387043553125 0.45889864375 0.43708655937499996 0.46022878437500003 0.43708655937499996 0.446927375 0.38078817656249997 0.446927375 0.3811791390625 0.47752061718750005 0.387043553125 0.4788507578125 0.387043553125 0.45889864375
1 0.4496051296875 0.4562383609375 0.4480412859375 0.461558925 0.43122996406249997 0.46022878437500003 0.431620925 0.5320563968750001 0.4480412859375 0.531391328125 0.44882320781249996 0.536711890625 0.437094378125 0.548683159375 0.42497458750000006 0.5546687953125 0.620455078125 0.555333865625 0.6200641171875 0.43628624687500006 0.4206740171875 0.4356211765625 0.43240284687499997 0.44227188125000005 0.44256783125 0.4489225859375 0.4496051296875 0.4562383609375
6 0.6208460390625 0.555333865625 0.4116819140625 0.555333865625 0.41129095312499997 0.5619845703124999 0.6243646890625 0.5619845703124999 0.6247556484375 0.4283054 0.4116819140625 0.42764032968750004 0.4116819140625 0.4349561046875 0.61967315625 0.4349561046875 0.6208460390625 0.555333865625
2 0.3893951828125 0.4768575421875 0.38626984062499997 0.4768575421875 0.38626984062499997 0.5154329609375 0.3893951828125 0.5154329609375 0.3893951828125 0.4768575421875
6 0.6833997968750001 0.5706304875 0.6704980843749999 0.5706304875 0.6704980843749999 0.41899441406250004 0.6833997968750001 0.419659484375 0.682617875 0.41300877968750005 0.6669794359375001 0.41300877968750005 0.6669794359375001 0.5766161203125 0.6830088359375 0.5779462625 0.6833997968750001 0.5706304875
1 0.58409414375 0.6597486031249999 0.5363984671875001 0.6597486031249999 0.5363984671875001 0.7388919921875 0.58409414375 0.7388919921875 0.58409414375 0.6597486031249999
5 0.6681499718749999 0.7082960890625001 0.593087028125 0.7082960890625001 0.593087028125 0.94373370625 0.6681499718749999 0.94373370625 0.6681499718749999 0.7082960890625001
6 0.6873097968749999 0.3318761640625 0.682619046875 0.3318761640625 0.682619046875 0.3371927375 0.6873097968749999 0.3371927375 0.6873097968749999 0.3318761640625
6 0.6615079359375 0.3318761640625 0.6564230984375 0.3318761640625 0.6564230984375 0.3371927375 0.6615079359375 0.3371927375 0.6615079359375 0.3318761640625
0 0.416767925 0.19819366875 0.3870525453125 0.19819366875 0.3870525453125 0.238100559375 0.416767925 0.238100559375 0.416767925 0.19819366875
0 0.41637931093749997 0.244748603125 0.38666392968749996 0.244748603125 0.38666392968749996 0.28465549375 0.41637931093749997 0.28465549375 0.41637931093749997 0.244748603125
0 0.41637931093749997 0.29130353750000004 0.38666392968749996 0.29130353750000004 0.38666392968749996 0.331210428125 0.41637931093749997 0.331210428125 0.41637931093749997 0.29130353750000004
1 0.48674329531250005 0.1922067046875 0.45546797968749997 0.1922067046875 0.45546797968749997 0.327216015625 0.48674329531250005 0.327216015625 0.48674329531250005 0.1922067046875
3 0.3057549453125 0.888534184375 0.30966455625 0.8918595375 0.3163108921875 0.8938547484375 0.3194385796875 0.8891992546875 0.3217843453125 0.8818834796875 0.321393384375 0.8732375640625 0.3178747359375 0.864591646875 0.31279224375000003 0.8639265765624999 0.3073187890625 0.8659217874999999 0.303800140625 0.8725724921875001 0.3041911015625 0.8832136203125 0.3057549453125 0.888534184375
4 0.22362890000000002 0.6670670390625 0.118461959375 0.6670670390625 0.118461959375 0.9018342640625001 0.22362890000000002 0.9018342640625001 0.22362890000000002 0.6670670390625
3 0.126694815625 0.8905293953125 0.1321682703125 0.8931896781249999 0.136468840625 0.8905293953125 0.1399874890625 0.8872040437500001 0.141160371875 0.8805533390625 0.141160371875 0.8705772812499999 0.13725076249999998 0.864591646875 0.13295019218749998 0.86126629375 0.126694815625 0.864591646875 0.12278520625 0.875232775 0.12395808906250001 0.8845437609375001 0.126694815625 0.8905293953125
4 0.056689342187500005 0.42298483593749997 0.05160685 0.4695397703125 0.050824928125 0.5214152703125 0.057080303124999995 0.5693003453125 0.06607240625000001 0.6058792234375 0.13644538281250002 0.6025538703125 0.13644538281250002 0.6238361265625 0.1900070375 0.624501196875 0.1900070375 0.5520085124999999 0.20603643749999997 0.5520085124999999 0.20564547656249998 0.3644586328125 0.13644538281250002 0.3644586328125 0.13644538281250002 0.3870710296875 0.0648995234375 0.3857408875 0.056689342187500005 0.42298483593749997
3 0.1266713578125 0.12436818281249999 0.13370865625 0.12636339531250002 0.13761826562499999 0.12370311249999999 0.13996403125 0.11638733750000001 0.139182109375 0.10508113906250001 0.1352725 0.0977653625 0.129017125 0.0971002921875 0.12432559218749999 0.10109071562500001 0.123152709375 0.1064112796875 0.123152709375 0.1183825484375 0.1266713578125 0.12436818281249999