3 0.40570175312499995 0.0660350265625 0.4069200796875 0.32873959375 0.43372319687500005 0.32586850312500004 0.43006822656250004 0.064599484375 0.9161793390625 0.057421764062500005 0.9149610125000001 0.1564743015625 0.9429824578125 0.1536032171875 0.9429824578125 0.033017515625 0.131578946875 0.033017515625 0.1327972703125 0.1521676703125 0.1596003921875 0.1536032171875 0.1596003921875 0.0674705703125 0.40570175312499995 0.0660350265625
7 0.94175986875 0.1536046515625 0.9149506578125 0.1536046515625 0.9149506578125 0.33019379843749996 0.94175986875 0.33019379843749996 0.94175986875 0.1536046515625
1 0.9344572375 0.8225581390625001 0.5921217109375 0.8225581390625001 0.5921217109375 0.9417054265625 0.9344572375 0.9417054265625 0.9344572375 0.8225581390625001
7 0.885723684375 0.7866666671875 0.7748684203125 0.7866666671875 0.7748684203125 0.819689921875 0.885723684375 0.819689921875 0.885723684375 0.7866666671875
7 0.47269736875 0.914437984375 0.3265131578125 0.914437984375 0.3265131578125 0.9517635656250001 0.47269736875 0.9517635656250001 0.47269736875 0.914437984375
7 0.1596052625 0.1536046515625 0.131578946875 0.1536046515625 0.131578946875 0.32585271250000003 0.1596052625 0.32585271250000003 0.1596052625 0.1536046515625
1 0.6798190796875 0.28852713125 0.5872203953125 0.28852713125 0.5872203953125 0.40767441875 0.6798190796875 0.40767441875 0.6798190796875 0.28852713125
2 0.6408382078125 0.30289979843750003 0.65180311875 0.30146425625 0.65180311875 0.28854435624999997 0.6773879140625 0.28854435624999997 0.6786062375 0.25839793437499997 0.6554580890625 0.2598334765625 0.6554580890625 0.22825150781249998 0.6420565296875 0.226815965625 0.6420565296875 0.2598334765625 0.617690059375 0.25839793437499997 0.61890838125 0.28854435624999997 0.6420565296875 0.289979903125 0.6408382078125 0.30289979843750003
2 0.6676413250000001 0.376112546875 0.6786062375 0.376112546875 0.6798245625 0.40913006249999995 0.6956627671875 0.4105656046875 0.6968810921874999 0.3789836359375 0.7334308 0.3775480890625 0.7334308 0.36606373593749997 0.7005360625 0.3617571046875 0.701754384375 0.32873959375 0.6810428843749999 0.32873959375 0.6822612078125 0.3631926515625 0.6676413250000001 0.3631926515625 0.6676413250000001 0.376112546875
2 0.5348440562500001 0.344530578125 0.5348440562500001 0.36032156249999997 0.562865496875 0.35888601875 0.56408381875 0.403387884375 0.5847953218749999 0.4062589734375 0.5945419109375 0.35027275156250004 0.5884502921875 0.300028709375 0.56408381875 0.2985931671875 0.5653021453125 0.344530578125 0.5348440562500001 0.344530578125
1 0.7310032890625 0.43352713125 0.5884703953125 0.43352713125 0.5884703953125 0.6574806203125 0.7310032890625 0.6574806203125 0.7310032890625 0.43352713125
2 0.6359649109375 0.4694229109375 0.6432748546875 0.47085845312499996 0.646929825 0.43496985312499997 0.6749512671875 0.43496985312499997 0.6737329437499999 0.40913006249999995 0.646929825 0.4105656046875 0.646929825 0.3947746203125 0.6371832375 0.3933390734375 0.6371832375 0.4105656046875 0.6067251453125 0.407694515625 0.6091617921875 0.433534309375 0.6347465890625 0.43640540000000005 0.6359649109375 0.4694229109375
4 0.9100877203125 0.757967271875 0.9100877203125 0.569910996875 0.7577972703125 0.5656043640624999 0.755360625 0.7866781515625 0.8845029249999999 0.7852426078125 0.9100877203125 0.757967271875
2 0.7870370359375001 0.611541775 0.7992202734375 0.611541775 0.79800195 0.56703990625 0.8272417140625 0.568475453125 0.8272417140625 0.5297157640625 0.79800195 0.52540913125 0.79800195 0.4866494421875 0.7882553625 0.4866494421875 0.7882553625 0.526844675 0.7614522406249999 0.5297157640625 0.7614522406249999 0.564168821875 0.7882553625 0.564168821875 0.7870370359375001 0.611541775
2 0.7297758296875 0.601492965625 0.7322124765625 0.6302038484375 0.755360625 0.6316393921875 0.755360625 0.6029285109375 0.7809454171875 0.6029285109375 0.7797270953125001 0.5900086124999999 0.755360625 0.5900086124999999 0.755360625 0.5612977328125 0.7297758296875 0.5598621859375 0.728557503125 0.5885730703125 0.7005360625 0.5914441593750001 0.7041910328125 0.6029285109375 0.7297758296875 0.601492965625
1 0.7309868421875 0.6832945734375 0.589671053125 0.6832945734375 0.589671053125 0.7852325578125 0.7309868421875 0.7852325578125 0.7309868421875 0.6832945734375
2 0.6457115 0.707723228125 0.6578947375 0.707723228125 0.6566764140625 0.6804478921875 0.68591618125 0.681883434375 0.687134503125 0.660350271875 0.659113059375 0.660350271875 0.6566764140625 0.6302038484375 0.6457115 0.6316393921875 0.6457115 0.6617858171875 0.611598440625 0.658914728125 0.6140350890625 0.681883434375 0.6457115 0.681883434375 0.6457115 0.707723228125
2 0.6457115 0.874246340625 0.6542397671875 0.874246340625 0.6566764140625 0.8225667515625 0.68591618125 0.8225667515625 0.68591618125 0.7838070625 0.6554580890625 0.78237151875 0.6542397671875 0.7321274765625 0.6444931781250001 0.730691934375 0.6444931781250001 0.7852426078125 0.6128167625 0.7838070625 0.6152534109375 0.821131209375 0.6457115 0.821131209375 0.6457115 0.874246340625
2 0.16081871406249998 0.5311513062500001 0.15716374375 0.5483778328125 0.20346003906250001 0.546942290625 0.20346003906250001 0.6043640546875 0.23757309843750002 0.6043640546875 0.238791425 0.546942290625 0.287524365625 0.5483778328125 0.287524365625 0.5311513062500001 0.238791425 0.5311513062500001 0.238791425 0.478036175 0.207115009375 0.47660063125 0.20589668749999998 0.5311513062500001 0.16081871406249998 0.5311513062500001
2 0.31189083906250004 0.4909560734375 0.32285575 0.4909560734375 0.324074075 0.44071203125 0.3752436640625 0.44071203125 0.3752436640625 0.401952340625 0.32285575 0.401952340625 0.32285575 0.35027275156250004 0.3143274875 0.34883720937499996 0.31310916093749996 0.40051679531250006 0.261939571875 0.3990812515625 0.261939571875 0.4378409421875 0.31310916093749996 0.4378409421875 0.31189083906250004 0.4909560734375
2 0.3594054578125 0.3574504734375 0.3557504875 0.374677003125 0.40570175312499995 0.374677003125 0.40448343124999997 0.40482342656250003 0.43372319687500005 0.407694515625 0.4349415203125 0.3775480890625 0.481237815625 0.374677003125 0.4824561421875 0.3617571046875 0.4349415203125 0.3574504734375 0.43372319687500005 0.32873959375 0.40570175312499995 0.32730404687500003 0.40570175312499995 0.36032156249999997 0.3594054578125 0.3574504734375
3 0.23513645 0.4751650890625 0.23635477656249998 0.4378409421875 0.261939571875 0.439276484375 0.2631578953125 0.3990812515625 0.16081871406249998 0.3990812515625 0.1596003921875 0.32586850312500004 0.131578946875 0.32443296093749996 0.131578946875 0.44788975156250005 0.207115009375 0.44788975156250005 0.20589668749999998 0.47660063125 0.23513645 0.4751650890625
4 0.5628618421875 0.4378488375 0.236348684375 0.4378488375 0.236348684375 0.91587209375 0.5628618421875 0.91587209375 0.5628618421875 0.4378488375
3 0.4325 0.40052325624999996 0.3740131578125 0.40052325624999996 0.3740131578125 0.4378488375 0.4325 0.4378488375 0.4325 0.40052325624999996
3 0.8820662765625 0.78811369375 0.8832846015625 0.8225667515625 0.9405458093749999 0.8196956625 0.9429824578125 0.3316106828125 0.9149610125000001 0.3301751359375 0.9100877203125 0.762273903125 0.8820662765625 0.78811369375
3 0.47514619687500004 0.950330175 0.590886940625 0.9517657203125 0.5933235859375 0.821131209375 0.6152534109375 0.8196956625 0.6140350890625 0.789549240625 0.562865496875 0.789549240625 0.56408381875 0.9173126625 0.47392787500000005 0.915877115625 0.47514619687500004 0.950330175
3 0.776072125 0.78811369375 0.6834795328125 0.78811369375 0.6834795328125 0.821131209375 0.777290446875 0.821131209375 0.776072125 0.78811369375
3 0.23513645 0.9130060312499999 0.23757309843750002 0.6043640546875 0.207115009375 0.6043640546875 0.20589668749999998 0.950330175 0.3277290453125 0.9517657203125 0.3277290453125 0.9144415734375 0.23513645 0.9130060312499999
5 0.565296053125 0.0660465109375 0.43128289531249997 0.0660465109375 0.43128289531249997 0.32589147343749997 0.565296053125 0.32589147343749997 0.565296053125 0.0660465109375
6 0.6201267078125 0.2871088140625 0.6201267078125 0.26126901875 0.5884502921875 0.262704565625 0.5872319703125 0.064599484375 0.5665204671875 0.064599484375 0.5653021453125 0.30146425625 0.5860136453125 0.300028709375 0.5872319703125 0.2871088140625 0.6201267078125 0.2871088140625
6 0.6822612078125 0.289979903125 0.6810428843749999 0.3316106828125 0.6968810921874999 0.3301751359375 0.6968810921874999 0.0631639375 0.6773879140625 0.0631639375 0.6761695921875 0.28854435624999997 0.6822612078125 0.289979903125
6 0.7322124765625 0.5340223953125001 0.7456140359375001 0.5354579375 0.74805068125 0.43640540000000005 0.9161793390625 0.43640540000000005 0.9149610125000001 0.41343669375000003 0.6700779734375 0.41200114687499995 0.67251461875 0.433534309375 0.7309941515625 0.433534309375 0.7322124765625 0.5340223953125001
6 0.5860136453125 0.6804478921875 0.617690059375 0.681883434375 0.617690059375 0.6632213609375001 0.5860136453125 0.6632213609375001 0.5884502921875 0.4320987640625 0.6079434703125 0.433534309375 0.6079434703125 0.41343669375000003 0.5847953218749999 0.4148722359375 0.583576996875 0.4062589734375 0.5665204671875 0.40482342656250003 0.56408381875 0.7938558718750001 0.5860136453125 0.789549240625 0.5860136453125 0.6804478921875
6 0.68591618125 0.660350271875 0.68591618125 0.6804478921875 0.7297758296875 0.681883434375 0.7309941515625 0.7909847828125 0.7541423 0.7909847828125 0.755360625 0.6316393921875 0.7322124765625 0.6302038484375 0.7322124765625 0.6617858171875 0.68591618125 0.660350271875
3 0.91375 0.5297093015625001 0.8248026312500001 0.5297093015625001 0.8248026312500001 0.567034884375 0.91375 0.567034884375 0.91375 0.5297093015625001
3 0.7626809203125 0.5297093015625001 0.7310032890625 0.5297093015625001 0.7310032890625 0.5641666671875 0.7626809203125 0.5641666671875 0.7626809203125 0.5297093015625001
1 0.9112993421875 0.4363953484375 0.7480427625 0.4363953484375 0.7480427625 0.53112403125 0.9112993421875 0.53112403125 0.9112993421875 0.4363953484375
1 0.564078946875 0.3287209296875 0.43493421093749995 0.3287209296875 0.43493421093749995 0.4363953484375 0.564078946875 0.4363953484375 0.564078946875 0.3287209296875
4 0.4056907890625 0.067461240625 0.16082236875 0.067461240625 0.16082236875 0.40052325624999996 0.4056907890625 0.40052325624999996 0.4056907890625 0.067461240625
4 0.9149671046875 0.06172480625 0.6993092109375 0.06172480625 0.6993092109375 0.41199612343750003 0.9149671046875 0.41199612343750003 0.9149671046875 0.06172480625
1 0.6761677625 0.0645930234375 0.5884375000000001 0.0645930234375 0.5884375000000001 0.25982558125 0.6761677625 0.25982558125 0.6761677625 0.0645930234375
1 0.207115009375 0.44788975156250005 0.130360625 0.44788975156250005 0.1291423 0.4421475734375 0.0024366484375000002 0.4421475734375 0.001218321875 0.92736146875 0.20589668749999998 0.92736146875 0.207115009375 0.44788975156250005