4 0.3098202609375 0.11693 0.1784803921875 0.11693 0.1784803921875 0.24539 0.3098202609375 0.24539 0.3098202609375 0.11693
7 0.2853104578125 0.09001 0.2061274515625 0.09001 0.2061274515625 0.11538999999999999 0.2853104578125 0.11538999999999999 0.2853104578125 0.09001
4 0.43300653593750005 0.11691 0.3180065359375 0.11691 0.3180065359375 0.31461 0.43300653593750005 0.31461 0.43300653593750005 0.11691
7 0.41540849687500003 0.08925 0.336225490625 0.08925 0.336225490625 0.11463000000000001 0.41540849687500003 0.11463000000000001 0.41540849687500003 0.08925
4 0.9307516343750001 0.11538 0.8000326796874999 0.11538 0.8000326796874999 0.24462 0.9307516343750001 0.24462 0.9307516343750001 0.11538
7 0.9049836593749999 0.09001 0.8258006531250001 0.09001 0.8258006531250001 0.11538999999999999 0.9049836593749999 0.11538999999999999 0.9049836593749999 0.09001
4 0.7918464046875 0.11693 0.6768464046875 0.11693 0.6768464046875 0.31539 0.7918464046875 0.31539 0.7918464046875 0.11693
7 0.77426470625 0.08925 0.6950817 0.08925 0.6950817 0.11463000000000001 0.77426470625 0.11463000000000001 0.77426470625 0.08925
4 0.5876068375 0.1938461546875 0.624057315625 0.195384615625 0.6246857718750001 0.2176923078125 0.668049271875 0.2169230765625 0.668049271875 0.1169230765625 0.5643539453125 0.1169230765625 0.5643539453125 0.1661538453125 0.5876068375 0.1661538453125 0.5876068375 0.1938461546875
7 0.64039215625 0.09078 0.590751634375 0.09078 0.590751634375 0.11462000000000001 0.64039215625 0.11462000000000001 0.64039215625 0.09078
4 0.5222473609375 0.1923076921875 0.5235042734375 0.1661538453125 0.5461287078125 0.1661538453125 0.5461287078125 0.11538461562499999 0.443061840625 0.11846153749999999 0.442433384375 0.21615384531249998 0.48453997031249996 0.21538461562500003 0.4851684265625 0.1930769234375 0.5222473609375 0.1923076921875
7 0.5191094765625001 0.09 0.46821078437499997 0.09 0.46821078437499997 0.11616 0.5191094765625001 0.11616 0.5191094765625001 0.09
7 0.270236928125 0.6599999999999999 0.1904166671875 0.6599999999999999 0.1904166671875 0.68616 0.270236928125 0.68616 0.270236928125 0.6599999999999999
7 0.3613725484375 0.66076 0.31297385625 0.66076 0.31297385625 0.68692 0.3613725484375 0.68692 0.3613725484375 0.66076
7 0.46694444375 0.6607700000000001 0.4204411765625 0.6607700000000001 0.4204411765625 0.68615 0.46694444375 0.68615 0.46694444375 0.6607700000000001
7 0.6894281046875 0.66001 0.6410294125 0.66001 0.6410294125 0.68539 0.6894281046875 0.68539 0.6894281046875 0.66001
7 0.7956372546875 0.6599999999999999 0.7472385625 0.6599999999999999 0.7472385625 0.68616 0.7956372546875 0.68616 0.7956372546875 0.6599999999999999
7 0.9181781046875 0.6599999999999999 0.8383578437500001 0.6599999999999999 0.8383578437500001 0.68692 0.9181781046875 0.68692 0.9181781046875 0.6599999999999999
7 0.9527450984374999 0.28615 0.9313725484375001 0.28615 0.9313725484375001 0.34385 0.9527450984374999 0.34385 0.9527450984374999 0.28615
7 0.952736928125 0.43 0.9320016343749999 0.43 0.9320016343749999 0.49000000000000005 0.952736928125 0.49000000000000005 0.952736928125 0.43
7 0.1778594765625 0.43 0.156486928125 0.43 0.156486928125 0.49076000000000003 0.1778594765625 0.49076000000000003 0.1778594765625 0.43
7 0.1778513078125 0.28692 0.1571160125 0.28692 0.1571160125 0.34384000000000003 0.1778513078125 0.34384000000000003 0.1778513078125 0.28692
3 0.2828054296875 0.1169230765625 0.3349673203125 0.11538461562499999 0.3355957765625 0.1 0.340623428125 0.0984615375 0.340623428125 0.08769230781250001 0.28029160468750003 0.08769230781250001 0.27903469062499997 0.10076922968749999 0.28217697343750003 0.10153846250000001 0.2828054296875 0.1169230765625
3 0.1558572140625 0.29153846250000004 0.16716943125 0.29230769218749997 0.16779788906249998 0.2869230765625 0.1784816484375 0.2869230765625 0.1778531921875 0.11615384531249999 0.20487682187499998 0.11615384531249999 0.20487682187499998 0.10153846250000001 0.2080191046875 0.1 0.2086475625 0.08769230781250001 0.1552287578125 0.08769230781250001 0.1558572140625 0.29153846250000004
3 0.1558572140625 0.435384615625 0.166540975 0.4361538453125 0.166540975 0.43076922968750003 0.1778531921875 0.43076922968750003 0.17911010624999998 0.3976923078125 0.49773755781249995 0.3992307703125 0.4983660125 0.4084615375 0.51344896875 0.4092307703125 0.5147058828125 0.3761538453125 0.1778531921875 0.37769230781249996 0.1784816484375 0.34615384531250004 0.16716943125 0.344615384375 0.166540975 0.33923077031250004 0.1558572140625 0.33923077031250004 0.1558572140625 0.435384615625
3 0.41540975312499995 0.11615384531249999 0.4688285578125 0.11538461562499999 0.4688285578125 0.10153846250000001 0.47322775312500004 0.10153846250000001 0.47385620937499995 0.08769230781250001 0.4116390140625 0.08769230781250001 0.4103821015625 0.10076922968749999 0.41540975312499995 0.1023076921875 0.41540975312499995 0.11615384531249999
3 0.546757165625 0.11538461562499999 0.5461287078125 0.3784615375 0.5398441421875 0.3784615375 0.5404726 0.4 0.5681246859375 0.3992307703125 0.5687531421875 0.3792307703125 0.5643539453125 0.3792307703125 0.5630970343749999 0.11615384531249999 0.5913775765625 0.11538461562499999 0.5913775765625 0.10076922968749999 0.595148315625 0.1 0.5957767734375 0.08846153749999999 0.51344896875 0.0869230765625 0.5172197093750001 0.10153846250000001 0.5165912515625 0.11538461562499999 0.546757165625 0.11538461562499999
3 0.639768728125 0.1169230765625 0.6944444437499999 0.11538461562499999 0.6950729 0.09923077031250001 0.6975867265625 0.09923077031250001 0.6982151828125 0.08769230781250001 0.6359979890624999 0.08769230781250001 0.634741075 0.10076922968749999 0.639140271875 0.10153846250000001 0.639768728125 0.1169230765625
3 0.774258421875 0.11538461562499999 0.8257918546875 0.11538461562499999 0.8257918546875 0.1023076921875 0.8308195062499999 0.10153846250000001 0.83019105 0.0869230765625 0.7686023125 0.08769230781250001 0.7686023125 0.10153846250000001 0.7730015078125 0.1030769234375 0.774258421875 0.11538461562499999
3 0.9326294624999999 0.11538461562499999 0.9301156359375 0.2876923078125 0.943313221875 0.2876923078125 0.9451985921875 0.29230769218749997 0.9546254390625 0.29153846250000004 0.953996984375 0.08769230781250001 0.9005781796875001 0.08846153749999999 0.8999497234374999 0.09923077031250001 0.90434891875 0.10076922968749999 0.90434891875 0.11538461562499999 0.9326294624999999 0.11538461562499999
3 0.928858721875 0.344615384375 0.9307440937499999 0.375384615625 0.594519859375 0.3761538453125 0.594519859375 0.4076923078125 0.6127450984375 0.4076923078125 0.6133735546875 0.3984615375 0.9307440937499999 0.3976923078125 0.9313725484375001 0.43076922968750003 0.943313221875 0.43 0.943313221875 0.435384615625 0.953996984375 0.4361538453125 0.9533685265624999 0.3407692296875 0.942684765625 0.33923077031250004 0.942684765625 0.344615384375 0.928858721875 0.344615384375
3 0.9131473109374999 0.674615384375 0.9144042234375 0.6884615375 0.955882353125 0.6884615375 0.953996984375 0.48384615468750003 0.943313221875 0.48461538437499996 0.942684765625 0.49076922968750003 0.9307440937499999 0.4915384625 0.9313725484375001 0.6584615375 0.9175465062500001 0.6599999999999999 0.9181749625 0.6730769234375 0.9131473109374999 0.674615384375
3 0.7912267468749999 0.6884615375 0.8446455500000001 0.6876923078125 0.8440170953124999 0.6738461546875001 0.8396178984375 0.6730769234375 0.838989440625 0.6584615375 0.7949974875 0.6592307703125 0.7956259421875 0.6730769234375 0.7912267468749999 0.6738461546875001 0.7912267468749999 0.6884615375
3 0.6856460546875 0.6884615375 0.7522624421875 0.6869230765625 0.7522624421875 0.6723076921875 0.7484917046875 0.6715384625 0.7478632484375 0.6599999999999999 0.6887883359375 0.6584615375 0.6900452484375 0.6738461546875001 0.6856460546875 0.674615384375 0.6856460546875 0.6884615375
3 0.594519859375 0.6592307703125 0.578179990625 0.6592307703125 0.5788084453125 0.6738461546875001 0.5750377078125 0.6738461546875001 0.5750377078125 0.6876923078125 0.6460532921875 0.6869230765625 0.6460532921875 0.6730769234375 0.6416540984375 0.6730769234375 0.6416540984375 0.6592307703125 0.6140020109375001 0.6592307703125 0.6127450984375 0.44153846249999995 0.594519859375 0.44230769218750005 0.594519859375 0.6592307703125
3 0.46694318749999997 0.6738461546875001 0.4638009046875 0.6738461546875001 0.4644293609375 0.6876923078125 0.5354449484375 0.6884615375 0.5354449484375 0.6730769234375 0.5316742078125001 0.6723076921875 0.5316742078125001 0.6584615375 0.5140774265625 0.6584615375 0.51344896875 0.44153846249999995 0.49648064375 0.44153846249999995 0.4971091 0.6592307703125 0.46694318749999997 0.6592307703125 0.46694318749999997 0.6738461546875001
3 0.356963296875 0.6876923078125 0.4235796875 0.6884615375 0.42483660156249997 0.674615384375 0.4204374046875 0.6730769234375 0.4204374046875 0.6599999999999999 0.36136249375 0.6584615375 0.36136249375 0.6730769234375 0.356963296875 0.6738461546875001 0.356963296875 0.6876923078125
3 0.2658371046875 0.6869230765625 0.3173705375 0.6892307703125 0.31799899531250003 0.675384615625 0.31422825468750004 0.674615384375 0.31297134375 0.6599999999999999 0.2721216703125 0.6592307703125 0.27086475625 0.6738461546875001 0.2658371046875 0.6738461546875001 0.2658371046875 0.6869230765625
3 0.16716943125 0.48923077031249995 0.16716943125 0.48384615468750003 0.1546003015625 0.48384615468750003 0.1546003015625 0.6884615375 0.1967068875 0.6892307703125 0.1967068875 0.6730769234375 0.1916792359375 0.6730769234375 0.1916792359375 0.6592307703125 0.1778531921875 0.6599999999999999 0.1784816484375 0.49000000000000005 0.16716943125 0.48923077031249995
2 0.3186274515625 0.155384615625 0.311085971875 0.1584615375 0.31171442968749996 0.195384615625 0.31799899531250003 0.1961538453125 0.33245349375 0.195384615625 0.3186274515625 0.155384615625
1 0.31799899531250003 0.375384615625 0.5455002515625 0.37769230781249996 0.5455002515625 0.32461538437500004 0.48453997031249996 0.32461538437500004 0.4851684265625 0.2261538453125 0.44180492656250003 0.22692307656250002 0.44117647031249996 0.325384615625 0.3173705375 0.325384615625 0.31799899531250003 0.375384615625
2 0.367018603125 0.3238461546875 0.3978129703125 0.3238461546875 0.3959276015625 0.2969230765625 0.36513323125 0.31307692343750004 0.367018603125 0.3238461546875
2 0.4788838609375 0.22692307656250002 0.4776269484375 0.2176923078125 0.446832578125 0.2192307703125 0.44620412187499997 0.2261538453125 0.44934640468750003 0.244615384375 0.4788838609375 0.22692307656250002
1 0.5649824031249999 0.3238461546875 0.5643539453125 0.3784615375 0.7937405734375 0.375384615625 0.792483659375 0.3269230765625 0.669306184375 0.32461538437500004 0.668049271875 0.22538461562499998 0.6253142281249999 0.22538461562499998 0.6246857718750001 0.3238461546875 0.5649824031249999 0.3238461546875
2 0.6253142281249999 0.23846153750000001 0.6190296640625 0.2392307703125 0.61840120625 0.26692307656250003 0.6271995984375 0.27 0.6378833578124999 0.24 0.6253142281249999 0.23846153750000001
2 0.66176470625 0.22538461562499998 0.6623931625 0.2169230765625 0.63159879375 0.2176923078125 0.63034188125 0.2261538453125 0.66113625 0.2461538453125 0.66176470625 0.22538461562499998
2 0.6246857718750001 0.2830769234375 0.61965811875 0.284615384375 0.6190296640625 0.31307692343750004 0.6265711406250001 0.3123076921875 0.6366264453125 0.284615384375 0.6246857718750001 0.2830769234375
2 0.48391151250000003 0.26769230781250003 0.490824534375 0.26769230781250003 0.490824534375 0.2407692296875 0.4851684265625 0.2392307703125 0.4707139265625 0.24153846250000002 0.48391151250000003 0.26769230781250003
2 0.48391151250000003 0.31307692343750004 0.490196078125 0.3115384625 0.490196078125 0.2838461546875 0.4851684265625 0.28230769218749996 0.47197084062499994 0.2869230765625 0.48391151250000003 0.31307692343750004
1 0.39027149375 0.5492307703125 0.43363499218749996 0.5492307703125 0.43363499218749996 0.4515384625 0.494595275 0.4507692296875 0.4971091 0.40076922968749995 0.2903469078125 0.4015384625 0.2909753640625 0.4507692296875 0.39089995 0.4507692296875 0.39027149375 0.5492307703125
6 0.316748365625 0.36923 0.311094771875 0.36923 0.311094771875 0.37768999999999997 0.316748365625 0.37768999999999997 0.316748365625 0.36923
2 0.3173705375 0.3315384625 0.310457515625 0.3315384625 0.310457515625 0.37 0.3186274515625 0.3707692296875 0.3343388640625 0.3330769234375 0.3173705375 0.3315384625
2 0.5649824031249999 0.3769230765625 0.5681246859375 0.3976923078125 0.596405228125 0.3976923078125 0.5957767734375 0.375384615625 0.596405228125 0.3561538453125 0.5649824031249999 0.3769230765625
2 0.5115636 0.374615384375 0.51344896875 0.3969230765625 0.5411010562499999 0.39615384531250003 0.54235796875 0.375384615625 0.5140774265625 0.3569230765625 0.5115636 0.374615384375
2 0.6146304671875 0.4069230765625 0.596405228125 0.4076923078125 0.597033684375 0.4438461546875 0.6121166421875001 0.4430769234375 0.63285570625 0.44230769218750005 0.6146304671875 0.4069230765625
4 0.8188725484375 0.46077 0.726486928125 0.46077 0.726486928125 0.65847 0.8188725484375 0.65847 0.8188725484375 0.46077
6 0.818250378125 0.6607692296875001 0.8245349421875 0.6599999999999999 0.8251633984375 0.4438461546875 0.8195072906249999 0.44153846249999995 0.8195072906249999 0.4515384625 0.7893413781249999 0.4507692296875 0.788712921875 0.4584615375 0.818250378125 0.4584615375 0.818250378125 0.6607692296875001
1 0.6755907484375 0.55 0.7183257921874999 0.5492307703125 0.7195827046875001 0.4515384625 0.8188788328125 0.4523076921875 0.8188788328125 0.40076922968749995 0.6127450984375 0.40076922968749995 0.6140020109375001 0.4507692296875 0.6749622921875 0.4515384625 0.6755907484375 0.55
2 0.8251633984375 0.44461538437500003 0.8245349421875 0.4069230765625 0.8169934640625 0.40615384531250004 0.8025389640625 0.44461538437500003 0.8251633984375 0.44461538437500003
2 0.7893413781249999 0.4630769234375 0.7893413781249999 0.45307692343749995 0.7579185515625 0.45307692343749995 0.759175465625 0.45999999999999996 0.759803921875 0.48230769218749997 0.7893413781249999 0.4630769234375
2 0.669306184375 0.4630769234375 0.669306184375 0.4915384625 0.6887883359375 0.4915384625 0.6749622921875 0.46153846249999997 0.669306184375 0.4630769234375
4 0.6372549015625 0.6084615375 0.615258925 0.6076923078124999 0.6146304671875 0.6584615375 0.7189542484375 0.6584615375 0.7189542484375 0.5584615375 0.6755907484375 0.5576923078125 0.6755907484375 0.58 0.6378833578124999 0.58 0.6372549015625 0.6084615375
2 0.6806184015625 0.5576923078125 0.7120412265625 0.5576923078125 0.7107843140625 0.53 0.678104575 0.55 0.6806184015625 0.5576923078125
6 0.6366264453125 0.6084615375 0.6366264453125 0.5792307703125 0.6749622921875 0.5784615375 0.6749622921875 0.5569230765625 0.6818753140625 0.5569230765625 0.6812468578125 0.5492307703125 0.6749622921875 0.5492307703125 0.6749622921875 0.534615384375 0.6686777265625 0.5353846156250001 0.6686777265625 0.5723076921875 0.6127450984375 0.5723076921875 0.6140020109375001 0.6069230765625 0.6366264453125 0.6084615375
2 0.6686777265625 0.5076923078125 0.6686777265625 0.5353846156250001 0.6894167921875 0.5338461546875 0.6755907484375 0.5053846156249999 0.6686777265625 0.5076923078125
2 0.43991955781250003 0.49230769218750003 0.43991955781250003 0.465384615625 0.43363499218749996 0.4630769234375 0.42169431875 0.49230769218750003 0.43991955781250003 0.49230769218750003
2 0.51344896875 0.4430769234375 0.51344896875 0.4084615375 0.494595275 0.4069230765625 0.4807692296875 0.4430769234375 0.51344896875 0.4430769234375
4 0.3833660125 0.45924 0.2909803921875 0.45924 0.2909803921875 0.6599999999999999 0.3833660125 0.6599999999999999 0.3833660125 0.45924
6 0.3205128203125 0.4607692296875 0.321769734375 0.4515384625 0.2909753640625 0.4507692296875 0.2916038203125 0.4438461546875 0.28406234375 0.44230769218750005 0.28406234375 0.6584615375 0.2897184515625 0.6607692296875001 0.2903469078125 0.45999999999999996 0.3205128203125 0.4607692296875
2 0.2846907984375 0.40615384531250004 0.2846907984375 0.44230769218750005 0.30731523437499997 0.44461538437500003 0.292232278125 0.40538461562499994 0.2846907984375 0.40615384531250004
2 0.3500502765625 0.45307692343749995 0.3205128203125 0.45307692343749995 0.3198843640625 0.46230769218749995 0.3500502765625 0.4807692296875 0.3500502765625 0.45307692343749995
4 0.4971091 0.6069230765625 0.474484665625 0.6069230765625 0.47385620937499995 0.5807692296875 0.43426345 0.58 0.43426345 0.5584615375 0.3921568625 0.5592307703125 0.39027149375 0.6584615375 0.49522372968750006 0.6592307703125 0.4971091 0.6069230765625
2 0.3978129703125 0.5561538453125 0.429235796875 0.5569230765625 0.427350428125 0.5484615374999999 0.3996983421875 0.53 0.3978129703125 0.5561538453125
1 0.5960130718750001 0.68952 0.5143137249999999 0.68952 0.5143137249999999 0.73332 0.5960130718750001 0.73332 0.5960130718750001 0.68952
2 0.5354449484375 0.6884615375 0.550527903125 0.7007692296875 0.5586978375 0.7007692296875 0.5762946203125 0.6884615375 0.57378079375 0.6738461546875001 0.5788084453125 0.6738461546875001 0.5788084453125 0.6607692296875001 0.5310457515625 0.6607692296875001 0.5304172953124999 0.674615384375 0.5354449484375 0.675384615625 0.5354449484375 0.6884615375
6 0.43426345 0.55 0.4267219703125 0.5507692296875 0.427978884375 0.5584615375 0.43489190468750005 0.5584615375 0.43426345 0.58 0.474484665625 0.5792307703125 0.47511312187500004 0.6069230765625 0.4971091 0.6061538453125 0.49585218593749997 0.5715384625000001 0.44117647031249996 0.5723076921875 0.44054801406250005 0.5353846156250001 0.43489190468750005 0.5369230765624999 0.43426345 0.55
2 0.43991955781250003 0.5369230765624999 0.43991955781250003 0.5084615375 0.43363499218749996 0.5069230765625 0.42295123125 0.5361538453125 0.43991955781250003 0.5369230765624999
2 0.798768225 0.195384615625 0.7975113125 0.15769230781250002 0.7912267468749999 0.1561538453125 0.7730015078125 0.195384615625 0.798768225 0.195384615625
2 0.7434640515625001 0.3223076921875 0.742835596875 0.3123076921875 0.7114127703124999 0.295384615625 0.7126696828125 0.3230769234375 0.7434640515625001 0.3223076921875
2 0.79813976875 0.3684615375 0.798768225 0.3323076921875 0.775515334375 0.3338461546875 0.7893413781249999 0.3692307703125 0.79813976875 0.3684615375
6 0.7987663406250001 0.11615 0.792475490625 0.11615 0.792475490625 0.16153 0.7987663406250001 0.16153 0.7987663406250001 0.11615
6 0.3161111109375 0.11615 0.310457515625 0.11615 0.310457515625 0.15769 0.3161111109375 0.15769 0.3161111109375 0.11615
6 0.7981372546875 0.36922 0.792483659375 0.36922 0.792483659375 0.37846 0.7981372546875 0.37846 0.7981372546875 0.36922
6 0.825155228125 0.39769 0.8182434640625 0.39769 0.8182434640625 0.40998999999999997 0.825155228125 0.40998999999999997 0.825155228125 0.39769
6 0.399069884375 0.5584615375 0.398441428125 0.5492307703125 0.39089995 0.5507692296875 0.39152840625 0.4515384625 0.350678734375 0.4515384625 0.350678734375 0.4592307703125 0.383986928125 0.45999999999999996 0.383986928125 0.6599999999999999 0.39027149375 0.6599999999999999 0.39089995 0.5584615375 0.399069884375 0.5584615375
6 0.44054801406250005 0.4592307703125 0.4971091 0.4592307703125 0.49585218593749997 0.4515384625 0.43426345 0.4523076921875 0.43426345 0.46461538437499994 0.44054801406250005 0.46461538437499994 0.44054801406250005 0.4592307703125
6 0.43489190468750005 0.5092307703125 0.44117647031249996 0.51 0.44117647031249996 0.5038461546875 0.49585218593749997 0.504615384375 0.49585218593749997 0.49615384531249995 0.44117647031249996 0.495384615625 0.44180492656250003 0.49000000000000005 0.43426345 0.49000000000000005 0.43489190468750005 0.5092307703125
1 0.5957679734375 0.60922 0.5134477125 0.60922 0.5134477125 0.65846 0.5957679734375 0.65846 0.5957679734375 0.60922
6 0.5304248359375 0.6 0.5140849671875001 0.6 0.5140849671875001 0.60924 0.5304248359375 0.60924 0.5304248359375 0.6
6 0.595147059375 0.6000099999999999 0.5788071890625 0.6000099999999999 0.5788071890625 0.60847 0.595147059375 0.60847 0.595147059375 0.6000099999999999
2 0.5586978375 0.6238461546875 0.5788084453125 0.6115384625 0.5788084453125 0.6 0.5304172953124999 0.6 0.5297888375 0.61 0.5498994484375 0.6230769234375 0.5586978375 0.6238461546875
6 0.668049271875 0.465384615625 0.6755907484375 0.4638461546875 0.6743338359375 0.4515384625 0.6146304671875 0.45307692343749995 0.6133735546875 0.4592307703125 0.668049271875 0.4592307703125 0.668049271875 0.465384615625
6 0.669306184375 0.51 0.6743338359375 0.51 0.6743338359375 0.4915384625 0.669306184375 0.4915384625 0.6686777265625 0.49615384531249995 0.6146304671875 0.49615384531249995 0.6127450984375 0.5038461546875 0.6686777265625 0.5038461546875 0.669306184375 0.51
6 0.7189542484375 0.4515384625 0.7189542484375 0.55 0.7095274 0.55 0.7101558578125 0.5584615375 0.7183257921874999 0.5584615375 0.7195827046875001 0.6592307703125 0.7258672703125 0.6584615375 0.7258672703125 0.45999999999999996 0.759803921875 0.4607692296875 0.759803921875 0.4507692296875 0.7189542484375 0.4515384625
6 0.7918552046875 0.31538461562500003 0.7422071390625 0.3161538453125 0.7415786828125001 0.325384615625 0.793112115625 0.325384615625 0.793112115625 0.334615384375 0.79939668125 0.3338461546875 0.79939668125 0.2538461546875 0.9313725484375001 0.2538461546875 0.9307440937499999 0.244615384375 0.79939668125 0.245384615625 0.798768225 0.19461538437499998 0.7918552046875 0.19692307656250002 0.7918552046875 0.31538461562500003
6 0.6605077921875 0.21538461562500003 0.6605077921875 0.22538461562499998 0.6686777265625 0.22538461562499998 0.6686777265625 0.32461538437500004 0.713926596875 0.32461538437500004 0.713298140625 0.31538461562500003 0.6755907484375 0.31538461562500003 0.67621920625 0.11615384531249999 0.6686777265625 0.11538461562499999 0.668049271875 0.21538461562500003 0.6605077921875 0.21538461562500003
6 0.61777275 0.24 0.6246857718750001 0.2407692296875 0.6246857718750001 0.22538461562499998 0.63222725 0.22692307656250002 0.63222725 0.2176923078125 0.6246857718750001 0.2192307703125 0.6246857718750001 0.195384615625 0.5857214671875 0.195384615625 0.586349925 0.1676923078125 0.5630970343749999 0.1676923078125 0.5630970343749999 0.20384615468749998 0.61714429375 0.2030769234375 0.61777275 0.24
6 0.5643539453125 0.2715384625 0.5643539453125 0.2792307703125 0.61777275 0.27999999999999997 0.61777275 0.285384615625 0.6246857718750001 0.2861538453125 0.624057315625 0.26538461562500004 0.61777275 0.264615384375 0.61840120625 0.2715384625 0.5643539453125 0.2715384625
6 0.5643539453125 0.3161538453125 0.563725490625 0.3230769234375 0.624057315625 0.3238461546875 0.624057315625 0.31 0.61840120625 0.3092307703125 0.61840120625 0.3169230765625 0.5643539453125 0.3161538453125
6 0.4851684265625 0.3238461546875 0.5461287078125 0.32461538437500004 0.5461287078125 0.3161538453125 0.49208144843749996 0.3169230765625 0.49208144843749996 0.31 0.4851684265625 0.31 0.4851684265625 0.3238461546875
0 0.545498365625 0.27999 0.4920833328125 0.27999 0.4920833328125 0.31461 0.545498365625 0.31461 0.545498365625 0.27999
6 0.4857968828125 0.2861538453125 0.49145299218750005 0.285384615625 0.49145299218750005 0.2784615375 0.5448717937499999 0.2784615375 0.5455002515625 0.2715384625 0.49145299218750005 0.2723076921875 0.49145299218750005 0.26615384531249997 0.4851684265625 0.26538461562500004 0.4857968828125 0.2861538453125
6 0.5222473609375 0.1930769234375 0.4851684265625 0.19461538437499998 0.4851684265625 0.2169230765625 0.4782554046875 0.21615384531249998 0.4776269484375 0.22538461562499998 0.4851684265625 0.22692307656250002 0.4857968828125 0.2392307703125 0.490824534375 0.2407692296875 0.49208144843749996 0.20384615468749998 0.5473856203125 0.20384615468749998 0.5480140765625 0.16846153749999998 0.5235042734375 0.1676923078125 0.5222473609375 0.1930769234375
6 0.3959276015625 0.3161538453125 0.3959276015625 0.32461538437500004 0.43991955781250003 0.32461538437500004 0.442433384375 0.2261538453125 0.44808949218749994 0.22692307656250002 0.44808949218749994 0.2176923078125 0.44117647031249996 0.2169230765625 0.44180492656250003 0.1176923078125 0.43426345 0.1169230765625 0.43300653593750005 0.3161538453125 0.3959276015625 0.3161538453125
6 0.1784816484375 0.244615384375 0.1778531921875 0.2538461546875 0.30982906093749996 0.2538461546875 0.311085971875 0.3330769234375 0.31674208125000003 0.334615384375 0.31674208125000003 0.3238461546875 0.36639014531249997 0.325384615625 0.367018603125 0.3161538453125 0.3173705375 0.31461538437500003 0.31799899531250003 0.1961538453125 0.311085971875 0.19461538437499998 0.30982906093749996 0.245384615625 0.1784816484375 0.244615384375
4 0.3110866015625 0.25461 0.1784885625 0.25461 0.1784885625 0.37615 0.3110866015625 0.37615 0.3110866015625 0.25461
4 0.9320016343749999 0.25461 0.8000245093749999 0.25461 0.8000245093749999 0.37615 0.9320016343749999 0.37615 0.9320016343749999 0.25461
4 0.9307434640625001 0.39924 0.8257924843750001 0.39924 0.8257924843750001 0.6592399999999999 0.9307434640625001 0.6592399999999999 0.9307434640625001 0.39924
4 0.2834395421875 0.39846 0.1791094765625 0.39846 0.1791094765625 0.65922 0.2834395421875 0.65922 0.2834395421875 0.39846
0 0.545498365625 0.20384000000000002 0.4920833328125 0.20384000000000002 0.4920833328125 0.27076 0.545498365625 0.27076 0.545498365625 0.20384000000000002
0 0.6171486921875 0.20459999999999998 0.563733659375 0.20459999999999998 0.563733659375 0.27152 0.6171486921875 0.27152 0.6171486921875 0.20459999999999998
0 0.6184068625 0.28075 0.5649918296875 0.28075 0.5649918296875 0.31537000000000004 0.6184068625 0.31537000000000004 0.6184068625 0.28075
0 0.6686764703125 0.46151 0.613382353125 0.46151 0.613382353125 0.49612999999999996 0.6686764703125 0.49612999999999996 0.6686764703125 0.46151
0 0.4964950984375 0.46075 0.44056372499999996 0.46075 0.44056372499999996 0.49537000000000003 0.4964950984375 0.49537000000000003 0.4964950984375 0.46075
0 0.6680473859375 0.5046 0.614632353125 0.5046 0.614632353125 0.57152 0.6680473859375 0.57152 0.6680473859375 0.5046
0 0.4952205875 0.5046 0.44180555625 0.5046 0.44180555625 0.57152 0.4952205875 0.57152 0.4952205875 0.5046
5 0.595147059375 0.44538 0.514068628125 0.44538 0.514068628125 0.5992200000000001 0.595147059375 0.5992200000000001 0.595147059375 0.44538
1 0.5957843140625 0.39769 0.5140849671875001 0.39769 0.5140849671875001 0.44539 0.5957843140625 0.44539 0.5957843140625 0.39769