4 0.3703703703125 0.2833409203125 0.50496119375 0.4403732359375 0.6307102859375 0.2901684109375 0.4754887515625 0.11265361874999999 0.360546221875 0.24806554374999998 0.38019451875 0.271961765625 0.3703703703125 0.2833409203125
7 0.46360153281249994 0.127218934375 0.4431673046875 0.10207100625000001 0.36909323125000004 0.1863905328125 0.3933588765625 0.2115384609375 0.46360153281249994 0.127218934375
4 0.1778170734375 0.35275375468750003 0.3811769328125 0.587164315625 0.5039787796875 0.44378698281249995 0.3025837515625 0.20937642343750001 0.1778170734375 0.35275375468750003
7 0.27114647812500003 0.238962221875 0.2505157671875 0.2162039140625 0.1778170734375 0.301547565625 0.198447784375 0.32544378749999997 0.27114647812500003 0.238962221875
4 0.72600451875 0.6781975421875 0.859612928125 0.8329540281250001 0.9794675312500001 0.6964041875 0.8154042625000001 0.506372325 0.6926024156249999 0.6508875734374999 0.7201100312500001 0.6827492046875 0.72600451875 0.6781975421875
7 0.9676785546875 0.757851615625 0.9480302578125 0.7350933093750001 0.8753315640625001 0.818161128125 0.8949798609374999 0.8420573499999999 0.9676785546875 0.757851615625
4 0.8547008546875 0.8431952656249999 0.751547303125 0.727127903125 0.7466352296875 0.7305416484375 0.68277826875 0.65885298125 0.5658709109375 0.79881656875 0.7289517640625001 0.9865725984375 0.8547008546875 0.8431952656249999
7 0.8330877296875 0.9126081015624999 0.813439434375 0.8898497953125 0.739758325 0.972917615625 0.7603890359375 0.995675921875 0.8330877296875 0.9126081015624999
3 0.9490126734375 0.7350933093750001 0.9686609687500001 0.7555757859375001 0.9775027015625 0.7464724625 0.9814323593750001 0.695266271875 0.9490126734375 0.7350933093750001
3 0.8743491499999999 0.8192990437500001 0.8144218499999999 0.8864360484375 0.835052559375 0.9126081015624999 0.8949798609374999 0.8420573499999999 0.8743491499999999 0.8192990437500001
3 0.7554769625 1 0.7603890359375 0.9968138375000001 0.737793496875 0.9751934453125 0.71519795625 1 0.7554769625 1
3 0.7269869328125 0.6816112890625 0.7161803718749999 0.6918525265625 0.7476176437500001 0.7305416484375 0.7584242062500001 0.7168866640625 0.7269869328125 0.6816112890625
4 0.4912073875 1 0.7171627859374999 0.9990896671874999 0.7210924453125 0.9934000921875 0.621868553125 0.8750568968750001 0.6159740640625 0.8796085578125 0.5540819328125 0.810195721875 0.5187150015624999 0.8522985890625 0.5501522750000001 0.892125625 0.4745063375 0.97974510625 0.4912073875 1
3 0.62383338125 0.8682294031250001 0.5943609390625 0.8352298593749999 0.5865016203125 0.84433318125 0.61499165 0.8784706421875 0.62383338125 0.8682294031250001
6 0.5128205140625 0.4312699140625 0.5216622453124999 0.4403732359375 0.559976421875 0.3948566234375 0.6592003140625 0.5109239859375 0.6199037234375 0.5541647703125 0.593378525 0.5200273109375 0.5835543765625 0.530268546875 0.6208861375 0.57350933125 0.66607721875 0.5200273109375 0.6729541218749999 0.5291306328125 0.6808134390625 0.5188893953125 0.5658709109375 0.386891215625 0.6385696046875 0.301547565625 0.786914234375 0.47109695 0.7554769625 0.5052344109375 0.7682483546875 0.5223031406249999 0.72600451875 0.5712335000000001 0.7102858828125 0.5530268546875 0.7034089796874999 0.562130178125 0.72600451875 0.5894401453125 0.7210924453125 0.595129721875 0.7289517640625001 0.6065088750000001 0.816386678125 0.506372325 0.9794675312500001 0.6964041875 0.9794675312500001 0.6747837953125 0.4862953140625 0.1012744640625 0.4754887515625 0.111515703125 0.6307102859375 0.29358215625 0.5128205140625 0.4312699140625
1 0.46762943281249997 0.49499317343750004 0.5039787796875 0.5405097859375 0.42342076874999995 0.636094675 0.48826014375 0.7134729171874999 0.5639060812500001 0.6281292671875 0.5874840359375 0.6554392359375 0.5796247171875 0.6656804734375 0.5629236671875 0.6497496578125 0.49808429062500004 0.727127903125 0.50201395 0.7350933093750001 0.45878769999999996 0.7862994999999999 0.5069260250000001 0.845471096875 0.72600451875 0.5894401453125 0.6650948031249999 0.5200273109375 0.61793889375 0.5746472453125 0.5059436093749999 0.44606281406250003 0.46762943281249997 0.49499317343750004
3 0.5472050296875001 0.4699590359375 0.5138029265624999 0.4312699140625 0.5069260250000001 0.4415111515625 0.5422929562500001 0.4813381875 0.5472050296875001 0.4699590359375
3 0.198447784375 0.32544378749999997 0.1778170734375 0.30040965000000003 0.1453973875 0.33682294062499996 0.1463798015625 0.384615384375 0.198447784375 0.32544378749999997
3 0.368405540625 0.2833409203125 0.37921210312500003 0.269685934375 0.3615286375 0.2457897125 0.390018665625 0.21165225312499997 0.3674231265625 0.188893946875 0.346792415625 0.21165225312499997 0.3006189203125 0.15930814843750002 0.2544454265625 0.2150659984375 0.2731113078125 0.23782430625 0.3025837515625 0.2059626765625 0.368405540625 0.2833409203125
3 0.4636997734375 0.0785161578125 0.44405147968750003 0.10013654999999999 0.4636997734375 0.1251706875 0.50496119375 0.076240328125 0.4636997734375 0.0785161578125
1 0.6582178984375 0.509786071875 0.5589940078125 0.39827036875 0.5216622453124999 0.4380974046875 0.621868553125 0.5518889390624999 0.6582178984375 0.509786071875
2 0.5609588359375001 0.524578971875 0.567835740625 0.5166135640625 0.5806071328125 0.532544378125 0.593378525 0.5200273109375 0.581589546875 0.5052344109375 0.5874840359375 0.49499317343750004 0.581589546875 0.48930359687499997 0.5727478140625 0.49840691875000004 0.5619412515625 0.48361401875 0.5511346890625 0.49499317343750004 0.5619412515625 0.509786071875 0.5540819328125 0.5200273109375 0.5609588359375001 0.524578971875
6 0.4145790359375 0.5917159765625 0.405737303125 0.580336821875 0.462717359375 0.5109239859375 0.49611946093750003 0.547337278125 0.5029963656249999 0.539371871875 0.4636997734375 0.49613108749999996 0.382159346875 0.5905780609375 0.17585224531250002 0.35275375468750003 0.1679929265625 0.361857078125 0.427350428125 0.6634046421875001 0.43717457499999995 0.6531634046875 0.3988603984375 0.6110605375 0.4145790359375 0.5917159765625
1 0.3998428140625 0.612198453125 0.4204735234375 0.6326809296875 0.4921898015625 0.5461993625 0.4636997734375 0.509786071875 0.4067197171875 0.5791989078124999 0.41556145000000005 0.5939918078125 0.3998428140625 0.612198453125
2 0.441104234375 0.580336821875 0.44798113749999996 0.5894401453125 0.4165438640625 0.6269913515625001 0.422438353125 0.636094675 0.45387562656249997 0.597405553125 0.45878769999999996 0.605370959375 0.46566460468750004 0.6019572140625 0.4617349453125 0.5917159765625 0.49808429062500004 0.5530268546875 0.49022497343750004 0.5416477015625001 0.4568228703125 0.58375056875 0.4469987234375 0.5746472453125 0.441104234375 0.580336821875
0 0.76923076875 0.5211652250000001 0.7544945484375 0.5018206640625 0.783966990625 0.4688211203125 0.63955201875 0.30268548125 0.5668533250000001 0.386891215625 0.7269869328125 0.5712335000000001 0.76923076875 0.5211652250000001
2 0.6768837796875 0.5530268546875 0.6817958546875 0.5587164312499999 0.6906375875 0.5518889390624999 0.7024265640625 0.562130178125 0.7102858828125 0.5507510234375 0.6994793203125 0.53823395625 0.7073386390625 0.5279927171875001 0.7034089796874999 0.524578971875 0.6945672468749999 0.530268546875 0.68277826875 0.5177514796875 0.67491895 0.530268546875 0.6847430984375 0.5427856171875 0.6768837796875 0.5530268546875
2 0.6847430984375 0.6759217109375 0.6896551718749999 0.685025034375 0.69849690625 0.6793354578125 0.7112682968749999 0.692990440625 0.7210924453125 0.685025034375 0.7073386390625 0.6668183890625 0.7161803718749999 0.6577150671875 0.7132331265625 0.6520254890625 0.7024265640625 0.65885298125 0.6906375875 0.6486117421875 0.6837606828125 0.6577150671875 0.69358483125 0.66909421875 0.6847430984375 0.6759217109375
6 0.6876903421875 0.63837050625 0.6729541218749999 0.6531634046875 0.6788486109375 0.6634046421875001 0.6955496609375 0.645197996875 0.6876903421875 0.63837050625
2 0.6926024156249999 0.6065088750000001 0.7004617343749999 0.61902594375 0.6876903421875 0.636094675 0.696532075 0.6463359125 0.7112682968749999 0.630405096875 0.7181452 0.6395084203125 0.7240396890625 0.637232590625 0.7171627859374999 0.6247155203125 0.7299341781249999 0.6087847078124999 0.7191276156249999 0.5962676375 0.7073386390625 0.61333636875 0.69849690625 0.6042330437500001 0.6926024156249999 0.6065088750000001
2 0.640534434375 0.6634046421875001 0.6513409968749999 0.6759217109375 0.6385696046875 0.6907146109375 0.649376165625 0.7009558484375 0.6631299734375 0.6884387796875 0.670989290625 0.697542103125 0.6768837796875 0.6907146109375 0.6690244625 0.6793354578125 0.6808134390625 0.6634046421875001 0.6690244625 0.6520254890625 0.6572354859375 0.66909421875 0.65035858125 0.6577150671875 0.640534434375 0.6634046421875001
2 0.5540819328125 0.8261265359375001 0.5589940078125 0.8352298593749999 0.5668533250000001 0.8284023671874999 0.5776598875000001 0.8420573499999999 0.5914136953125 0.8284023671874999 0.5776598875000001 0.8136094671875 0.58551920625 0.8079198906249999 0.5825719609375 0.7999544843749999 0.5727478140625 0.8056440609375001 0.5619412515625 0.795402821875 0.5530995187500001 0.80905780625 0.5639060812500001 0.820436959375 0.5540819328125 0.8261265359375001
6 0.46959426249999997 0.7146108328125 0.328126534375 0.8773327265624999 0.33795068281249996 0.8864360484375 0.35563414843749996 0.865953571875 0.47254150624999997 0.9990896671874999 0.48826014375 1 0.4381569890625 0.9410559859375001 0.5079084390624999 0.8602639968749999 0.5422929562500001 0.9000910328125 0.5481874437500001 0.8909877093749999 0.5147853421875 0.8534365046874999 0.5196974156249999 0.8477469281250001 0.5118380984375 0.8397815203125001 0.5059436093749999 0.845471096875 0.49513704687500004 0.8318161125 0.48531289843750003 0.8375056890625 0.49906670625 0.8534365046874999 0.43128008749999996 0.9319526625 0.36545829687500003 0.8557123343749999 0.433244915625 0.7760582625 0.45878769999999996 0.806781975 0.4646821890625 0.797678653125 0.4391394046875 0.768092853125 0.4646821890625 0.7385070546875 0.479418409375 0.7555757859375001 0.501031534375 0.7350933093750001 0.49611946093750003 0.727127903125 0.5226446609375001 0.6918525265625 0.5157677578125 0.685025034375 0.49022497343750004 0.7134729171874999 0.4754887515625 0.6986800171875001 0.462717359375 0.70892125625 0.46959426249999997 0.7146108328125
2 0.5226446609375001 0.82385070625 0.50987326875 0.8420573499999999 0.5177325859375 0.8500227593749999 0.5314863937500001 0.8363677734375001 0.5403281265625 0.84433318125 0.5472050296875001 0.8375056890625 0.5373808828125 0.8295402828125 0.5501522750000001 0.8136094671875 0.5422929562500001 0.7999544843749999 0.5285391500000001 0.8158852984375 0.5206798312500001 0.80905780625 0.5157677578125 0.8147473828124999 0.5226446609375001 0.82385070625
0 0.49906670625 0.8534365046874999 0.433244915625 0.7794720078124999 0.36545829687500003 0.8545744203125001 0.43128008749999996 0.9296768312499999 0.49906670625 0.8534365046874999
2 0.4617349453125 0.8306781984375 0.4666470171875 0.8363677734375001 0.4754887515625 0.8295402828125 0.4862953140625 0.8397815203125001 0.49513704687500004 0.8306781984375 0.48531289843750003 0.8147473828124999 0.49513704687500004 0.8033682296875 0.48826014375 0.7999544843749999 0.47745358125 0.806781975 0.4666470171875 0.7965407359375 0.45878769999999996 0.806781975 0.4705766765625 0.8215748749999999 0.4617349453125 0.8306781984375
1 0.4754887515625 0.7521620390625 0.4646821890625 0.7396449703125 0.44012182031249997 0.770368684375 0.45092838124999995 0.7817478375 0.4754887515625 0.7521620390625
2 0.462717359375 0.768092853125 0.45092838124999995 0.7794720078124999 0.457805284375 0.7897132453125 0.46959426249999997 0.7783340921875 0.47745358125 0.7874374140625 0.48531289843750003 0.7771961765625 0.4745063375 0.76923076875 0.48334806874999997 0.75898953125 0.476471165625 0.7521620390625 0.46861184843750003 0.757851615625 0.4617349453125 0.7532999546875 0.45584045624999997 0.75898953125 0.462717359375 0.768092853125
2 0.5442577859375 0.6918525265625 0.5511346890625 0.6873008656249999 0.5413105421875 0.6770596265625 0.5511346890625 0.6634046421875001 0.5432753703125 0.6508875734374999 0.5314863937500001 0.6645425578124999 0.523627075 0.65430131875 0.5157677578125 0.659990896875 0.524609490625 0.6713700499999999 0.5147853421875 0.6816112890625 0.523627075 0.69412835625 0.535416053125 0.6827492046875 0.5442577859375 0.6918525265625
2 0.43226250000000005 0.6907146109375 0.4391394046875 0.7009558484375 0.448963553125 0.692990440625 0.4646821890625 0.707783340625 0.4745063375 0.6964041875 0.45977011562500003 0.6770596265625 0.46762943281249997 0.6679563046875 0.462717359375 0.662266728125 0.4528932125 0.6713700499999999 0.43717457499999995 0.6520254890625 0.427350428125 0.6656804734375 0.4420866484375 0.68388711875 0.43226250000000005 0.6907146109375
1 0.5069260250000001 0.8636777421874999 0.4391394046875 0.9387801546875 0.46959426249999997 0.9740555296875 0.5403281265625 0.897815203125 0.5069260250000001 0.8636777421874999
2 0.4971018765625 0.9421939015625 0.46861184843750003 0.9751934453125 0.4745063375 0.97974510625 0.50201395 0.9512972234375001 0.5167501718749999 0.9660901234375 0.524609490625 0.955848884375 0.50987326875 0.9433318171874999 0.5403281265625 0.906918525 0.5393457109375001 0.897815203125 0.5029963656249999 0.93422849375 0.4921898015625 0.9251251703125 0.48433048437500004 0.9308147468750001 0.4971018765625 0.9421939015625
6 0.5501522750000001 0.662266728125 0.5629236671875 0.6463359125 0.5806071328125 0.6634046421875001 0.5865016203125 0.6554392359375 0.5629236671875 0.62926718125 0.5452402000000001 0.6508875734374999 0.5501522750000001 0.662266728125
6 0.640534434375 0.692990440625 0.5432753703125 0.8045061453125 0.5501522750000001 0.8124715515625001 0.649376165625 0.6998179328125 0.640534434375 0.692990440625
6 0.8586305140625001 0.8352298593749999 0.7574417921875 0.7191624937500001 0.7525297171875 0.7259899859375001 0.8547008546875 0.8420573499999999 0.8586305140625001 0.8352298593749999
6 0.7250221046875 0.9865725984375 0.62383338125 0.86936731875 0.6208861375 0.8784706421875 0.7191276156249999 0.99453800625 0.7250221046875 0.9865725984375