4 0.5336018234375 0.07655493437500001 0.072608915625 0.07655493437500001 0.072608915625 0.3310552453125 0.5336018234375 0.3310552453125 0.5336018234375 0.07655493437500001
7 0.36094225 0.043451271875 0.24316109375 0.043451271875 0.24316109375 0.0744878953125 0.36094225 0.0744878953125 0.36094225 0.043451271875
4 0.9211398171875 0.078625078125 0.5487993921875 0.078625078125 0.5487993921875 0.464515828125 0.9211398171875 0.464515828125 0.9211398171875 0.078625078125
7 0.7446808515625001 0.045003103125 0.6268996953125 0.045003103125 0.6268996953125 0.0791433890625 0.7446808515625001 0.0791433890625 0.7446808515625001 0.045003103125
7 0.3546099296875 0.9062693984375001 0.23936170156249997 0.9062693984375001 0.23936170156249997 0.9404096828125 0.3546099296875 0.9404096828125 0.3546099296875 0.9062693984375001
7 0.7459473156249999 0.9078212296875 0.6306990875 0.9078212296875 0.6306990875 0.9419615140625 0.7459473156249999 0.9419615140625 0.7459473156249999 0.9078212296875
3 0.6306990875 0.9078212296875 0.3520770015625 0.9078212296875 0.3520770015625 0.9419615140625 0.6306990875 0.9419615140625 0.6306990875 0.9078212296875
3 0.6294326234375001 0.041899440625 0.358409321875 0.041899440625 0.358409321875 0.0775915578125 0.6294326234375001 0.0775915578125 0.6294326234375001 0.041899440625
3 0.9181864234375 0.9078212296875 0.7434143875 0.9062693984375001 0.7434143875 0.9419615140625 0.9473150968749999 0.9435133453125 0.9549138796875001 0.045003103125 0.7421479234375 0.045003103125 0.7421479234375 0.0791433890625 0.9207193515625001 0.08224705156249999 0.9181864234375 0.9078212296875
3 0.240628165625 0.9047175671875 0.0683890578125 0.9047175671875 0.0734549140625 0.07603972656249999 0.2444275578125 0.0775915578125 0.24569402187499997 0.041899440625 0.0405268484375 0.0403476109375 0.0354609921875 0.9404096828125 0.240628165625 0.9404096828125 0.240628165625 0.9047175671875
4 0.110604525 0.7531553890625 0.0683890578125 0.7531553890625 0.0683890578125 0.90523484375 0.5293819656250001 0.9073039515625 0.53191489375 0.661080075 0.06923336718749999 0.6590109671875 0.06923336718749999 0.7293606453125 0.109760215625 0.728326090625 0.110604525 0.7531553890625
3 0.1101823703125 0.7293606453125 0.0683890578125 0.7293606453125 0.0683890578125 0.75108628125 0.1101823703125 0.75108628125 0.1101823703125 0.7293606453125
6 0.49772036406250003 0.33209186874999996 0.4964539 0.3460583484375 0.5331813578125 0.3476101796875 0.534447821875 0.386405959375 0.5496453906250001 0.386405959375 0.5509118546875 0.0791433890625 0.5357142859375 0.0775915578125 0.5331813578125 0.33209186874999996 0.49772036406250003 0.33209186874999996
4 0.9202963531250001 0.4852048421875 0.5462689968750001 0.4852048421875 0.5462689968750001 0.905235878125 0.9202963531250001 0.905235878125 0.9202963531250001 0.4852048421875
6 0.53191489375 0.522449825 0.5488010812499999 0.5214152703125 0.547956771875 0.48313676718750004 0.92114150625 0.484171321875 0.92114150625 0.46554934843750007 0.547956771875 0.46348024062500004 0.5488010812499999 0.4458928203125 0.532759203125 0.44382371249999997 0.53191489375 0.522449825
6 0.25329280625 0.3631284921875 0.27017899375 0.36209393749999996 0.27017899375 0.3434719640625 0.4424181015625 0.3445065171875 0.4432624109375 0.3310573140625 0.06923336718749999 0.3300227609375 0.06923336718749999 0.3445065171875 0.25413711562499997 0.3445065171875 0.25329280625 0.3631284921875
0 0.2524468078125 0.44796089375000003 0.0700759875 0.44796089375000003 0.0700759875 0.642454996875 0.2524468078125 0.642454996875 0.2524468078125 0.44796089375000003
6 0.25329280625 0.4624456859375 0.269334684375 0.46348024062500004 0.269334684375 0.4158907515625 0.254981425 0.4169253046875 0.25329280625 0.43140906250000005 0.06923336718749999 0.4293399546875 0.0700776765625 0.446927375 0.25413711562499997 0.44899648281250004 0.25329280625 0.4624456859375
6 0.4441067203125 0.6434926546875 0.268490375 0.6445272078125 0.269334684375 0.5121042828125 0.25329280625 0.5121042828125 0.25329280625 0.6424581 0.06923336718749999 0.641423546875 0.0683890578125 0.6579764124999999 0.4441067203125 0.6590109671875 0.4441067203125 0.6434926546875
6 0.531070584375 0.9093730609374999 0.546268153125 0.90833850625 0.547956771875 0.5803848546875 0.53191489375 0.5803848546875 0.53191489375 0.6434926546875 0.4964539 0.6445272078125 0.4964539 0.6579764124999999 0.532759203125 0.6590109671875 0.531070584375 0.9093730609374999
2 0.53191489375 0.4458928203125 0.547956771875 0.4458928203125 0.547956771875 0.3858886828125 0.5336035125 0.3858886828125 0.50489699375 0.4386509421875 0.53191489375 0.4458928203125
1 0.2853765625 0.46761845625 0.420466059375 0.46761845625 0.420466059375 0.6424581 0.53191489375 0.6455617625000001 0.534447821875 0.345541071875 0.27017899375 0.3445065171875 0.268490375 0.6424581 0.2853765625 0.6424581 0.2853765625 0.46761845625
2 0.4964539 0.345541071875 0.4972982109375 0.33209186874999996 0.4432624109375 0.3310573140625 0.4424181015625 0.345541071875 0.48632218906249997 0.3838195734375 0.4964539 0.345541071875
2 0.27017899375 0.36209393749999996 0.25413711562499997 0.3600248296875 0.254981425 0.4158907515625 0.269334684375 0.41795985937499996 0.29381965625 0.41071798125000003 0.27017899375 0.36209393749999996
2 0.269334684375 0.4624456859375 0.25413711562499997 0.4624456859375 0.255825734375 0.5131388375 0.27017899375 0.5121042828125 0.2904424171875 0.466583903125 0.269334684375 0.4624456859375
2 0.4424181015625 0.6434926546875 0.4432624109375 0.6569418578125 0.4972982109375 0.6579764124999999 0.4972982109375 0.6445272078125 0.4896994265625 0.6176288015625 0.4424181015625 0.6434926546875
2 0.531070584375 0.5814194078125 0.547956771875 0.5814194078125 0.547956771875 0.520380715625 0.53191489375 0.520380715625 0.50151975625 0.5286571484375 0.531070584375 0.5814194078125
5 0.41962006093750004 0.4676163875 0.2853748734375 0.4676163875 0.2853748734375 0.6445251390625 0.41962006093750004 0.6445251390625 0.41962006093750004 0.4676163875
1 0.254136271875 0.34346989375 0.070919453125 0.34346989375 0.070919453125 0.4303724390625 0.254136271875 0.4303724390625 0.254136271875 0.34346989375