4 0.373016234375 0.079286403125 0.0230876625 0.079286403125 0.0230876625 0.37286403125 0.373016234375 0.37286403125 0.373016234375 0.079286403125
7 0.134509740625 0.0647444546875 0.07977597343750001 0.0647444546875 0.07977597343750001 0.08127290312499999 0.134509740625 0.08127290312499999 0.134509740625 0.0647444546875
7 0.31632792187500003 0.0647444546875 0.26159415625000004 0.0647444546875 0.26159415625000004 0.08127290312499999 0.31632792187500003 0.08127290312499999 0.31632792187500003 0.0647444546875
4 0.556996753125 0.0814368375 0.3874448046875 0.0814368375 0.3874448046875 0.3728736734375 0.556996753125 0.3728736734375 0.556996753125 0.0814368375
7 0.49907467499999997 0.0647444546875 0.444340909375 0.0647444546875 0.444340909375 0.08127290312499999 0.49907467499999997 0.08127290312499999 0.49907467499999997 0.0647444546875
7 0.6808928578125 0.0647444546875 0.6261590906250001 0.0647444546875 0.6261590906250001 0.08127290312499999 0.6808928578125 0.08127290312499999 0.6808928578125 0.0647444546875
7 0.8636396109375 0.0647444546875 0.8089058437500001 0.0647444546875 0.8089058437500001 0.08127290312499999 0.8636396109375 0.08127290312499999 0.8636396109375 0.0647444546875
7 0.6808928578125 0.8609932499999999 0.6261590906250001 0.8609932499999999 0.6261590906250001 0.8775216968749999 0.6808928578125 0.8775216968749999 0.6808928578125 0.8609932499999999
7 0.49907467499999997 0.862372228125 0.444340909375 0.862372228125 0.444340909375 0.878900675 0.49907467499999997 0.878900675 0.49907467499999997 0.862372228125
7 0.31725649375 0.862372228125 0.2625227265625 0.862372228125 0.2625227265625 0.878900675 0.31725649375 0.878900675 0.31725649375 0.862372228125
7 0.1354383109375 0.8609932499999999 0.0807045453125 0.8609932499999999 0.0807045453125 0.8775216968749999 0.1354383109375 0.8775216968749999 0.1354383109375 0.8609932499999999
7 0.021334415625 0.4284378015625 0.0120551953125 0.4284378015625 0.0120551953125 0.512468659375 0.021334415625 0.512468659375 0.021334415625 0.4284378015625
3 0.2626266234375 0.0653567984375 0.13491883124999998 0.0653567984375 0.13491883124999998 0.08143201562499999 0.2626266234375 0.08143201562499999 0.2626266234375 0.0653567984375
3 0.44299999999999995 0.066432015625 0.316740259375 0.066432015625 0.316740259375 0.0803567984375 0.44299999999999995 0.0803567984375 0.44299999999999995 0.066432015625
6 0.6298701296875 0.383585128125 0.6291486296875 0.37287045937499996 0.56926406875 0.3739419265625 0.5678210671875 0.0792885453125 0.55627705625 0.0792885453125 0.5569985578125001 0.3739419265625 0.496392496875 0.3739419265625 0.49567099531250003 0.383585128125 0.6298701296875 0.383585128125
3 0.626266234375 0.06536162031250001 0.4992792203125 0.06536162031250001 0.4992792203125 0.079286403125 0.626266234375 0.079286403125 0.626266234375 0.06536162031250001
3 0.8080779218749999 0.06536162031250001 0.6818181812499999 0.06536162031250001 0.6818181812499999 0.079286403125 0.8080779218749999 0.079286403125 0.8080779218749999 0.06536162031250001
3 0.916305915625 0.42965820312499997 0.9271284265625 0.43072966875 0.9271284265625 0.06535947656249999 0.8629148624999999 0.06535947656249999 0.8643578640625 0.0814314796875 0.9170274171875 0.0814314796875 0.916305915625 0.42965820312499997
3 0.68109668125 0.8614593375 0.68109668125 0.8764598734375 0.9271284265625 0.8764598734375 0.9271284265625 0.513232615625 0.9170274171875 0.5121611484375 0.9170274171875 0.8614593375 0.68109668125 0.8614593375
3 0.022366521875 0.8614593375 0.022366521875 0.51108968125 0.0122655125 0.51108968125 0.0115440109375 0.8753884062499999 0.0800865796875 0.8764598734375 0.07936507968749999 0.8614593375 0.022366521875 0.8614593375
3 0.26190584375000003 0.8614609453125001 0.1341980515625 0.8614609453125001 0.1341980515625 0.8775361625 0.26190584375000003 0.8775361625 0.26190584375000003 0.8614609453125001
3 0.44444480468750003 0.8625361625 0.3167370125 0.8625361625 0.3167370125 0.8764609453125001 0.44444480468750003 0.8764609453125001 0.44444480468750003 0.8625361625
3 0.6269870125 0.8614561234375 0.4985584421875 0.8614561234375 0.4985584421875 0.8764609453125001 0.6269870125 0.8764609453125001 0.6269870125 0.8614561234375
1 0.8456006500000001 0.3835872703125 0.0230876625 0.3835872703125 0.0230876625 0.5593056890625 0.8456006500000001 0.5593056890625 0.8456006500000001 0.3835872703125
2 0.8001443 0.43608700312500004 0.8124098125 0.40608593125 0.8131313125 0.37287045937499996 0.7629870125 0.3741562203125 0.7623376625 0.383799421875 0.7824675328125 0.41755062656249997 0.79415584375 0.43201542968749995 0.8001443 0.43608700312500004
2 0.6796536796875 0.4018000640625 0.6796536796875 0.3739419265625 0.63051948125 0.3741562203125 0.63051948125 0.38669238125 0.665223665625 0.43715847031250005 0.671717171875 0.425372334375 0.6796536796875 0.4018000640625
2 0.49783549843749997 0.3932283296875 0.49610389687499995 0.3760848609375 0.44740259687500006 0.375120540625 0.44805194843749996 0.3847637421875 0.48196248124999996 0.43715847031250005 0.490620490625 0.42215793437500004 0.49783549843749997 0.3932283296875
2 0.35569985625 0.40822886562500005 0.3578643578125 0.38894246250000003 0.35642135625 0.370727525 0.3071428578125 0.375120540625 0.3071428578125 0.3847637421875 0.33766233749999996 0.43105110937499996 0.3419913421875 0.43715847031250005 0.35569985625 0.40822886562500005
2 0.1227272734375 0.5149469625 0.116161615625 0.506803815625 0.0824675328125 0.5593056890625 0.0822510828125 0.571091825 0.134920634375 0.571091825 0.133477634375 0.5453766203125 0.1227272734375 0.5149469625
2 0.309523809375 0.52501875 0.29870129843750004 0.5072324015625 0.2668831171875 0.5554484093750001 0.265584415625 0.5679845703125 0.3138528140625 0.572163290625 0.316017315625 0.5518054218749999 0.309523809375 0.52501875
2 0.48196248124999996 0.505732346875 0.4487012984375 0.5564127296875 0.447330446875 0.5700203578124999 0.497113996875 0.572163290625 0.496392496875 0.5389478203125 0.48196248124999996 0.505732346875
2 0.6733766234375 0.5284474453125 0.66818181875 0.5139826421875 0.6616883109375 0.508196721875 0.6292207796875 0.5583413687500001 0.6292207796875 0.5679845703125 0.68037518125 0.571091825 0.6772727265625 0.5419479265625 0.6733766234375 0.5284474453125
2 0.809523809375 0.5282331515625 0.7987012984375 0.5046608796875 0.7623376625 0.5593056890625 0.7633477640625 0.572163290625 0.8138528140625001 0.571091825 0.8145743140624999 0.5518054218749999 0.809523809375 0.5282331515625
1 0.9170259734374999 0.382516875 0.852090909375 0.382516875 0.852090909375 0.560376084375 0.9170259734374999 0.560376084375 0.9170259734374999 0.382516875
2 0.875180375 0.5025179468750001 0.8881673890625 0.48966034531249997 0.885064934375 0.4821600765625 0.853535353125 0.4350155359375 0.8455988453125001 0.43394406874999997 0.84343434375 0.50787528125 0.8614718609375001 0.5089467484375 0.875180375 0.5025179468750001
2 0.9689754687500001 0.48966034531249997 0.9584415578125001 0.474445515625 0.927922078125 0.4300867890625 0.9162337656249999 0.43105110937499996 0.9168831171875 0.51108968125 0.9357864359375 0.5153755484375 0.9545454546875 0.505732346875 0.9689754687500001 0.48966034531249997
0 0.9170259734374999 0.56894406875 0.7518051953125 0.56894406875 0.7518051953125 0.69323529375 0.9170259734374999 0.69323529375 0.9170259734374999 0.56894406875
2 0.8997113999999999 0.695381978125 0.8688311687500001 0.651880425 0.8603896109375 0.66538090625 0.85649350625 0.6817743484375 0.8551948046875 0.7010607515625 0.8584415578125 0.7039537124999999 0.8997113999999999 0.7039537124999999 0.8997113999999999 0.695381978125
0 0.8304448046875 0.7028833171875 0.7518019484375 0.7028833171875 0.7518019484375 0.8614561234375 0.8304448046875 0.8614561234375 0.8304448046875 0.7028833171875
2 0.8077922078125 0.6692381875 0.7987012984375 0.651880425 0.7701298703125 0.6923818703125 0.7707792203125 0.7029893921875 0.8103896109375001 0.7029893921875 0.8123376625000001 0.6962391515624999 0.8077922078125 0.6692381875
6 0.678210678125 0.37287045937499996 0.678210678125 0.3814421953125 0.7640692640625 0.3814421953125 0.7640692640625 0.37501339375 0.75036075 0.37287045937499996 0.7510822515625 0.0803600125 0.7388167390625 0.0792885453125 0.7388167390625 0.37287045937499996 0.678210678125 0.37287045937499996
6 0.846320346875 0.43394406874999997 0.8520923515625001 0.4350155359375 0.85064935 0.3825136609375 0.9177489171875 0.3814421953125 0.9177489171875 0.3739419265625 0.8124098125 0.3739419265625 0.8131313125 0.3825136609375 0.846320346875 0.3825136609375 0.846320346875 0.43394406874999997
6 0.8102453109375001 0.5603771562500001 0.8116883109374999 0.568948890625 0.9170274171875 0.5668059578125 0.9177489171875 0.5603771562500001 0.8520923515625001 0.5603771562500001 0.8513708515625 0.50787528125 0.846320346875 0.506803815625 0.846320346875 0.5614486234375 0.8102453109375001 0.5603771562500001
6 0.9177467531250001 0.69323529375 0.8968246750000001 0.69323529375 0.8968246750000001 0.703948890625 0.9177467531250001 0.703948890625 0.9177467531250001 0.69323529375
6 0.83116883125 0.8625308046875 0.8369408375 0.863602271875 0.8369408375 0.7039537124999999 0.8571428578125 0.7039537124999999 0.8571428578125 0.6943105109375 0.8102453109375001 0.69323904375 0.8102453109375001 0.7039537124999999 0.83116883125 0.7028822453125 0.83116883125 0.8625308046875
6 0.7395382390624999 0.8625308046875 0.7510822515625 0.8614593375 0.7510822515625 0.7018107796875 0.7705627703125 0.7018107796875 0.76911976875 0.69323904375 0.75036075 0.69323904375 0.75036075 0.5668059578125 0.7619047609375 0.5700203578124999 0.7611832609375 0.5603771562500001 0.678210678125 0.5603771562500001 0.68037518125 0.567877425 0.7388167390625 0.568948890625 0.7395382390624999 0.8625308046875
6 0.55627705625 0.8593164046874999 0.5685425687500001 0.8603878703125 0.5678210671875 0.567877425 0.6298701296875 0.567877425 0.6298701296875 0.5593056890625 0.49567099531250003 0.5603771562500001 0.496392496875 0.567877425 0.55627705625 0.568948890625 0.55627705625 0.8593164046874999
6 0.3737373734375 0.8614593375 0.38672438750000004 0.8614593375 0.38672438750000004 0.567877425 0.44660894687499997 0.567877425 0.447330446875 0.5603771562500001 0.31313131250000004 0.5603771562500001 0.3145743140625 0.568948890625 0.3730158734375 0.5700203578124999 0.3737373734375 0.8614593375
6 0.1926406921875 0.8625308046875 0.204184703125 0.8625308046875 0.20346320312500002 0.5668059578125 0.266233765625 0.567877425 0.26479076562500004 0.5593056890625 0.13059163125 0.5614486234375 0.13203463124999998 0.568948890625 0.1926406921875 0.567877425 0.1926406921875 0.8625308046875
3 0.022366521875 0.0792885453125 0.07936507968749999 0.0792885453125 0.077922078125 0.06535947656249999 0.0122655125 0.06643094375 0.0115440109375 0.42965820312499997 0.021645021875 0.42965820312499997 0.022366521875 0.0792885453125
6 0.447330446875 0.383585128125 0.447330446875 0.37287045937499996 0.38672438750000004 0.37287045937499996 0.38672438750000004 0.0803600125 0.375180375 0.0803600125 0.374458875 0.3739419265625 0.35569985625 0.37501339375 0.35642135625 0.3825136609375 0.447330446875 0.383585128125
6 0.30736038906249996 0.3728736734375 0.0223668828125 0.3728736734375 0.0223668828125 0.382516875 0.30736038906249996 0.382516875 0.30736038906249996 0.3728736734375
4 0.7380941562500001 0.0814368375 0.5685422078125 0.0814368375 0.5685422078125 0.3728736734375 0.7380941562500001 0.3728736734375 0.7380941562500001 0.0814368375
4 0.9170259734374999 0.0814368375 0.7518051953125 0.0814368375 0.7518051953125 0.3728736734375 0.9170259734374999 0.3728736734375 0.9170259734374999 0.0814368375
4 0.738814934375 0.568958534375 0.5692629874999999 0.568958534375 0.5692629874999999 0.860395371875 0.738814934375 0.860395371875 0.738814934375 0.568958534375
4 0.5562759734375 0.568958534375 0.3867240265625 0.568958534375 0.3867240265625 0.860395371875 0.5562759734375 0.860395371875 0.5562759734375 0.568958534375
4 0.37445779218749997 0.568958534375 0.20490584374999998 0.568958534375 0.20490584374999998 0.860395371875 0.37445779218749997 0.860395371875 0.37445779218749997 0.568958534375
4 0.19191883125 0.568958534375 0.0223668828125 0.568958534375 0.0223668828125 0.860395371875 0.19191883125 0.860395371875 0.19191883125 0.568958534375
0 0.9163019484375001 0.7039537124999999 0.837659090625 0.7039537124999999 0.837659090625 0.86252651875 0.9163019484375001 0.86252651875 0.9163019484375001 0.7039537124999999