0 0.225718842 0.7277850499999999 0.22677360300000002 0.67109165 0.208315286 0.64801875375 0.208315286 0.60582831625 0.194603394 0.58868845125 0.128680835 0.67109165 0.17192603399999998 0.727125825 0.225718842 0.7277850499999999
11 0.049573764 0.7534948487500001 0.060121374000000005 0.7422880137500001 0.132899879 0.833261145 0.167179609 0.7910707062500001 0.225718842 0.7897522549999999 0.225718842 0.73701420875 0.16823437000000002 0.73701420875 0.120770128 0.677683905 0.116551084 0.68427616125 0.12287964999999999 0.6928460937500001 0.110749899 0.70668983125 0.086490397 0.6743877775 0.035861871999999996 0.73701420875 0.049573764 0.7534948487500001
11 0.138701064 0.8418310775000001 0.15979628299999998 0.86622242375 0.191439111 0.86688165 0.191439111 0.8596301675 0.22466408100000002 0.8596301675 0.225191461 0.800299865 0.17192603399999998 0.800299865 0.138701064 0.8418310775000001
5 0.355443079 0.8593129387499999 0.356094074 0.66726951625 0.567016341 0.66889700375 0.56831833 0.58670892875 0.30792047 0.5850814425 0.233056085 0.5858951849999999 0.216781219 0.605425025 0.215479229 0.6461121900000001 0.234358074 0.66726951625 0.233056085 0.8593129387499999 0.355443079 0.8593129387499999
12 0.364797185 0.8595682037500001 0.379040893 0.8595682037500001 0.379238722 0.8509131725 0.431861309 0.85140774625 0.43319196699999996 0.67391956875 0.364244488 0.6743399800000001 0.364797185 0.8595682037500001
0 0.557970088 0.8517536162499999 0.557633759 0.67476039125 0.439582222 0.67391956875 0.438909563 0.8517536162499999 0.557970088 0.8517536162499999
1 0.7077832529999999 0.73311606 0.7070155929999999 0.858820515 0.938081492 0.8569013624999999 0.938081492 0.64003718875 0.9035367559999999 0.64003718875 0.9035367559999999 0.6592287075000001 0.705480271 0.6611478599999999 0.70579557 0.67923838125 0.565488416 0.68023677125 0.564955941 0.7338170650000001 0.7077832529999999 0.73311606
12 0.639362988 0.8514142275000001 0.6395545859999999 0.8724900225000001 0.655840428 0.8724900225000001 0.655680009 0.85819613375 0.7001790680000001 0.85819613375 0.698816852 0.7424077662499999 0.564448116 0.7429217812500001 0.564865603 0.8519526437499999 0.639362988 0.8514142275000001
8 0.674564959 0.36854742875 0.663953825 0.36854742875 0.662437948 0.57887526625 0.576032999 0.57887526625 0.576032999 0.666038155 0.656374443 0.666038155 0.656374443 0.65087939125 0.72762063 0.6518268137500001 0.72762063 0.54287320375 0.73974764 0.54287320375 0.7420214549999999 0.55329485375 0.757180218 0.55045258625 0.773096919 0.53813609125 0.779918363 0.5191876375 0.7814342390000001 0.50213402875 0.775370734 0.5002391825 0.776128672 0.4841329975 0.78901362 0.4841329975 0.790529497 0.49360722375 0.903462282 0.49455464624999995 0.903462282 0.483185575 0.919378983 0.483185575 0.920136921 0.49550207 0.946664757 0.49455464624999995 0.963339396 0.45760516125 0.9686449629999999 0.4613948525 0.980014036 0.42065567625 0.983045788 0.378021655 0.980014036 0.33728248 0.975466407 0.29938557125 0.967129087 0.3031752625 0.9534862000000001 0.26054124125 0.962581458 0.25675155 0.943633004 0.2207494875 0.9239266119999999 0.18853711625 0.896640839 0.160114435 0.870113003 0.14021855875 0.864049498 0.14779794000000002 0.829184343 0.1307443325 0.833731972 0.1222175275 0.803414445 0.11369072375 0.767033414 0.1117958775 0.73595795 0.11748041375 0.7026086709999999 0.12884948625 0.706398361 0.13927113625 0.676838773 0.1553773225 0.674564959 0.36854742875
6 0.894685481 0.6514882387500001 0.895186144 0.5138058050000001 0.790547495 0.5138058050000001 0.783037544 0.53570982875 0.769519633 0.55260721875 0.754499731 0.5626204862499999 0.7349738589999999 0.5638721449999999 0.735474522 0.6514882387500001 0.894685481 0.6514882387500001
7 0.551340854 0.57771479 0.661860206 0.5792846675 0.661232255 0.21821292374999998 0.551968805 0.21899786249999997 0.551340854 0.57771479
5 0.385548454 0.46408610125000005 0.406457828 0.46344862124999997 0.406967812 0.47428579625 0.385548454 0.473648315 0.385038469 0.578832665 0.45847627 0.578195185 0.4574563 0.46344862124999997 0.5211992129999999 0.46345913125000004 0.5218271640000001 0.35749242375 0.544433395 0.35670748500000005 0.545689297 0.20835409500000002 0.5569924119999999 0.20835409500000002 0.5569924119999999 0.16753728875 0.386189778 0.16562203875 0.385548454 0.46408610125000005
1 0.21177301099999998 0.21830660500000001 0.21805252 0.21752166625000002 0.217461598 0.31461458 0.20940746500000001 0.3148662725 0.208803405 0.3974211375 0.216796618 0.39727260000000003 0.216796618 0.46242250125 0.28928192999999996 0.46315633624999997 0.28928192999999996 0.57821164875 0.37075987600000004 0.57733112375 0.370525069 0.47284211499999995 0.3472792 0.47284211499999995 0.347514006 0.46433037 0.370016628 0.46399237875 0.37064457900000003 0.42396051125 0.377552038 0.42396051125 0.37880793999999995 0.2873812 0.37064457900000003 0.2873812 0.37064457900000003 0.1672855975 0.212400962 0.16571572 0.21177301099999998 0.21830660500000001
0 0.21645483100000001 0.511940845 0.199541151 0.53333463625 0.20678987100000001 0.542143845 0.188265365 0.5652994775 0.214441298 0.5972643187500001 0.229945504 0.57788406125 0.281089251 0.57712898625 0.280887897 0.47393540375 0.21645483100000001 0.47267694499999996 0.21645483100000001 0.511940845
0 0.544414572 0.5771309099999999 0.544414572 0.51785552125 0.5300781990000001 0.5173960224999999 0.529343 0.4962590625 0.5230938119999999 0.4962590625 0.522726213 0.47328410624999995 0.46574832 0.473743605 0.46574832 0.57667141125 0.544414572 0.5771309099999999