4 0.6332320982367758 0.40836049583828776 0.6332320982367758 0.20553692746730085 0.5249791066330814 0.20621526753864447 0.5240211158690177 0.4090388359096314 0.6332320982367758 0.40836049583828776
3 0.333380892527288 0.1967185112960761 0.5177941738035264 0.1967185112960761 0.5173151780016793 0.10649933174791915 0.333380892527288 0.10717767181926277 0.333380892527288 0.1967185112960761
7 0.45600374979009234 0.36223339714625447 0.45600374979009234 0.20553692746730085 0.33529687489504617 0.20621526753864447 0.3329018975650714 0.36155505707491087 0.45600374979009234 0.36223339714625447
5 0.3972523568429891 0.3714366159334126 0.3977309739714526 0.3843148929845422 0.3915089496221662 0.3836370891795482 0.3905517145256087 0.37211441973840664 0.33503210831234254 0.3714366159334126 0.33407487321578505 0.3843148929845422 0.32737423173803526 0.3836370891795482 0.32737423173803526 0.30772303567181924 0.2967427246011755 0.3070452318668252 0.296264107472712 0.476496242568371 0.3264169966414778 0.476496242568371 0.3268956137699412 0.4331167847800238 0.3326390218303946 0.43243897978596907 0.3335962560873216 0.4439616492271106 0.35178371368597816 0.4439616492271106 0.35226233081444164 0.45073968965517236 0.33407487321578505 0.45006188585017837 0.3335962560873216 0.5354651950059454 0.3891158631402183 0.5361429988109393 0.3900730973971453 0.45073968965517236 0.3704497884130982 0.45141749346016646 0.3714070226700252 0.4446394530321046 0.3900730973971453 0.4446394530321046 0.38959448026868176 0.4331167847800238 0.3962951225860621 0.4331167847800238 0.3958165046179681 0.4446394530321046 0.4455927036104114 0.4446394530321046 0.4465499387069689 0.4107492508917955 0.5188211502938707 0.41278266349583825 0.5188211502938707 0.3727922247324614 0.3972523568429891 0.3714366159334126
0 0.45887772292191437 0.36155505707491087 0.5192311603694375 0.36087671700356716 0.5192311603694375 0.2862593507728894 0.4593567187237615 0.28422433174791917 0.45887772292191437 0.36155505707491087
11 0.5187340629722922 0.2796478216409037 0.518374704450042 0.20687322948870393 0.45890086481947945 0.2071276860879905 0.45872118555835434 0.2791389084423306 0.5187340629722922 0.2796478216409037
0 0.5173852989084802 0.4446394530321046 0.5178639160369438 0.41549387871581456 0.44846440806045346 0.4161716837098692 0.44798579009235934 0.44667286563614744 0.5173852989084802 0.4446394530321046
1 0.3268956137699412 0.30094499524375745 0.32737423173803526 0.20605242925089182 0.20915575902602856 0.20673023305588586 0.209634376154492 0.30094499524375745 0.3268956137699412 0.30094499524375745
1 0.20771990680100755 0.42362752794292513 0.29243516876574305 0.42362752794292513 0.29243516876574305 0.30636742806183115 0.20819852476910158 0.3070452318668252 0.20771990680100755 0.42362752794292513
12 0.29339240302267006 0.49683036385255647 0.29339240302267006 0.42904995957193814 0.20915575902602856 0.42837215576694415 0.2086771418975651 0.4961525600475624 0.29339240302267006 0.49683036385255647
1 0.3268956137699412 0.6073124233055885 0.3264169966414778 0.48191867538644473 0.29578548950461797 0.4832742829964328 0.296264107472712 0.5008971890606421 0.20819852476910158 0.5022527966706303 0.2086771418975651 0.6079902271105826 0.3268956137699412 0.6073124233055885
8 0.3958165046179681 0.5578327288941736 0.43075556759026035 0.6086680321046374 0.48148900083963053 0.6120570523186681 0.5183425331654072 0.5551215124851367 0.5173852989084802 0.45141749346016646 0.3962951225860621 0.45006188585017837 0.3958165046179681 0.5578327288941736