5 0.3184648157894737 0.38722988450704227 0.3178593694736842 0.5119859563380281 0.22704240631578945 0.5127960605633802 0.22704240631578945 0.6335016112676056 0.30877767263157896 0.6326915056338028 0.30998856526315793 0.7566374732394366 0.3614515115789474 0.7566374732394366 0.3608460652631579 0.39290061549295774 0.35539704736842104 0.39290061549295774 0.35539704736842104 0.38722988450704227 0.3184648157894737 0.38722988450704227
0 0.31179884736842106 0.5041113985915493 0.31248261684210527 0.3815144338028169 0.22837897999999998 0.38334423943661977 0.2276952105263158 0.5031964957746479 0.31179884736842106 0.5041113985915493
0 0.3623977831578947 0.3028328 0.3603464747368421 0.181150738028169 0.27761037684210527 0.181150738028169 0.2789779157894737 0.3028328 0.3623977831578947 0.3028328
1 0.07589840315789473 0.35508705352112674 0.07658217263157895 0.3935129676056338 0.21674981789473685 0.39452082394366195 0.2167549 0.37247020563380284 0.2673538357894737 0.3706404 0.3541861547368421 0.3718379014084507 0.3541861547368421 0.3637368577464789 0.3650841894736842 0.3637368577464789 0.3662950821052631 0.3102699704225352 0.26518553052631577 0.30783965774647887 0.265302527368421 0.18491514788732397 0.06837694000000001 0.18674495352112677 0.06837694000000001 0.35600195633802817 0.07589840315789473 0.35508705352112674
12 0.22701144105263157 0.7584543549295776 0.3042773842105263 0.7575394521126761 0.30496115263157897 0.6504958338028168 0.2276952105263158 0.6486660281690141 0.22701144105263157 0.7584543549295776
1 0.06906070947368421 0.5672396873239437 0.2174386694736842 0.5663247845070423 0.2167549 0.40255719718309857 0.06906070947368421 0.40255719718309857 0.06906070947368421 0.5672396873239437
1 0.22154128631578948 0.7557096464788733 0.22154128631578948 0.5782185197183098 0.06837694000000001 0.5773036169014084 0.06906070947368421 0.7566245492957747 0.22154128631578948 0.7557096464788733
11 0.4574417294736842 0.5718142 0.4574417294736842 0.4547066521126761 0.3685517073684211 0.4528768464788732 0.3678679378947368 0.5754738112676057 0.4574417294736842 0.5718142
7 0.4629118852631579 0.4464725281690141 0.4622281157894737 0.5699843943661972 0.6208626168421052 0.5699843943661972 0.6194950778947368 0.41811054366197187 0.4629118852631579 0.4464725281690141
10 0.6607171115789473 0.5662723816901408 0.659837472631579 0.4327489873239437 0.6330947463157895 0.43394416197183094 0.6333413736842105 0.5669323732394366 0.6607171115789473 0.5662723816901408
8 0.3723495463157895 0.36049644084507043 0.38324758210526316 0.36049644084507043 0.3838530284210526 0.39290061549295774 0.3675059757894737 0.39290061549295774 0.3675059757894737 0.4471776070422535 0.4595338305263158 0.44798771126760567 0.6223989168421052 0.4163936422535211 0.6526712378947369 0.4163936422535211 0.6532766842105263 0.3353832056338028 0.6635692736842105 0.3345731014084507 0.6629638273684211 0.18713410704225353 0.37356044 0.1855138985915493 0.3723495463157895 0.36049644084507043