8 0.12532011342592592 0.40844325294888595 0.47878709999999997 0.4075335799475754 0.47878709999999997 0.2938244338138925 0.40295236481481483 0.2938244338138925 0.4023096976851852 0.15828313171690694 0.09190141666666667 0.15828313171690694 0.09190141666666667 0.33930809239842724 0.12532011342592592 0.40844325294888595
5 0.49213093101851857 0.2948547051114024 0.48366836203703706 0.29393328374836175 0.4830173949074074 0.4349106893840105 0.4771586935185185 0.4339892686762778 0.47846062731481476 0.4146394285714286 0.42312844583333337 0.4137180078636959 0.421826512037037 0.5095457870249017 0.5650392166666667 0.5104672077326343 0.566341150462963 0.1566415622542595 0.49213093101851857 0.15756298296199214 0.49213093101851857 0.2948547051114024
12 0.4781444328703704 0.285637375491481 0.4800724347222222 0.22650861926605503 0.4877844416666666 0.22559894626474442 0.4877844416666666 0.1546444390563565 0.40745103564814816 0.1564637850589777 0.40680836851851854 0.29018574115334206 0.4781444328703704 0.285637375491481
0 0.4640057532407407 0.5385265163826999 0.48585643981481486 0.5385265163826999 0.4845711055555556 0.6294938335517694 0.5655471787037036 0.6294938335517694 0.5655471787037036 0.5166943604193971 0.4659337550925926 0.5166943604193971 0.4640057532407407 0.5385265163826999
1 0.5698936662037037 0.5156001120576671 0.6332398050925926 0.5164035104849279 0.6332398050925926 0.6362828971166449 0.8058823444444444 0.635360747706422 0.8065338259259259 0.6012412300131061 0.8156545638888889 0.6003190812581913 0.8163060449074074 0.41496710681520316 0.8071853069444445 0.415889256225426 0.8065338259259259 0.38176973853211005 0.5706976018518519 0.38084758912188726 0.5698936662037037 0.5156001120576671
12 0.5700458495370371 0.634951872214941 0.6291712361111111 0.6358615452162516 0.6278859018518518 0.5203330530799476 0.5694031824074074 0.5203330530799476 0.5700458495370371 0.634951872214941
0 0.42287504953703703 0.6367712188728702 0.46014974999999997 0.6367712188728702 0.46014974999999997 0.5157846874180865 0.4241603837962963 0.5157846874180865 0.42287504953703703 0.6367712188728702
10 0.8952354773148148 0.39024978964613366 0.8939501425925925 0.17283790235910876 0.8431794300925927 0.17465724836173 0.8412514282407407 0.38934011664482304 0.8952354773148148 0.39024978964613366
7 0.5751871875 0.273811623853211 0.5745445203703703 0.36204992136304065 0.6375259106481481 0.36204992136304065 0.6368832430555555 0.372965999344692 0.759632687962963 0.372965999344692 0.7583473532407408 0.36295959436435127 0.8161874055555556 0.36204992136304065 0.8161874055555556 0.15555411205766712 0.6317419050925926 0.15737345806028832 0.631099237962963 0.2747212975098296 0.5751871875 0.273811623853211
11 0.5694031824074074 0.26744391153342073 0.6278859018518518 0.26744391153342073 0.6278859018518518 0.18921201900393186 0.6098912189814815 0.18921201900393186 0.6092485513888889 0.1564637850589777 0.5700458495370371 0.15555411205766712 0.5694031824074074 0.26744391153342073
10 0.11825077361111111 0.4448301802096985 0.11889344120370371 0.6194874285714286 0.17737616064814812 0.6176680819134994 0.17866149490740743 0.4475591992136304 0.11825077361111111 0.4448301802096985
6 0.2120801921296296 0.6031133112712975 0.2140081939814815 0.6340421992136305 0.4183763787037037 0.6340421992136305 0.4183763787037037 0.4148109652686763 0.3888136851851852 0.4148109652686763 0.38817101805555554 0.4266367162516383 0.3309736328703704 0.4275463899082569 0.3309736328703704 0.41663031192660555 0.21272285925925927 0.4148109652686763 0.2120801921296296 0.4375527948885976 0.20359030787037039 0.4377766795543906 0.2037255175925926 0.6031133112712975 0.2120801921296296 0.6031133112712975