10 0.11647886703221384 0.2720542162948593 0.27932310897875257 0.270453898157129 0.2804539712131597 0.1936385897187197 0.1181751610692255 0.19443874878758488 0.11647886703221384 0.2720542162948593
5 0.28158483413296775 0.580915768186227 0.18602692871830023 0.5817159282250243 0.18602692871830023 0.696138731328807 0.32399218917066486 0.6969388903976722 0.3256884832076765 0.5793154500484966 0.5394215496915695 0.5793154500484966 0.538856118574366 0.5105017361784675 0.2827156970527758 0.5081012580019398 0.28158483413296775 0.580915768186227
0 0.4189846627827279 0.6561307575169738 0.4105031919122687 0.6569309175557712 0.4105031919122687 0.7129420795344326 0.5360289616175462 0.7137422386032978 0.5365943927347498 0.6305256547041708 0.5156734311172035 0.6297254956353056 0.515108 0.5873170446168768 0.4189846627827279 0.5873170446168768 0.4189846627827279 0.6561307575169738
0 0.34547858190541464 0.628125176527643 0.33021193420150785 0.628125176527643 0.33021193420150785 0.6953385712900096 0.40767603495544896 0.696138731328807 0.40824146675805345 0.6473290038797285 0.41389578067169297 0.6473290038797285 0.4133303488690884 0.5873170446168768 0.3466094448252227 0.5873170446168768 0.34547858190541464 0.628125176527643
0 0.11308627895819055 0.6969388903976722 0.1803726148046607 0.6969388903976722 0.1803726148046607 0.580915768186227 0.11365171007539411 0.580915768186227 0.11308627895819055 0.6969388903976722
1 0.11308627895819055 0.5753146517943744 0.27649595202193283 0.573714333656644 0.2781922460589445 0.5441084335596508 0.26349102947224123 0.5433082735208535 0.26349102947224123 0.3000597982541222 0.11365171007539411 0.3000597982541222 0.11308627895819055 0.5753146517943744
1 0.3279502083618917 0.3008599573229874 0.32625391432488005 0.5025001416100873 0.5332018046607265 0.5025001416100873 0.5337672357779301 0.3264650601357905 0.5196314509938313 0.3256649000969932 0.5196314509938313 0.30166011639185253 0.4636537429746402 0.3008599573229874 0.4630883118574366 0.2856569272550921 0.3731847203564085 0.2840566081474297 0.37205385743660047 0.3000597982541222 0.3471748759424263 0.3000597982541222 0.3279502083618917 0.3008599573229874
12 0.2827156970527758 0.324864741028128 0.2702762063056888 0.324864741028128 0.2702762063056888 0.41368244131910764 0.32116503152844417 0.41288228128031035 0.3234267573680603 0.3000597982541222 0.2827156970527758 0.3008599573229874 0.2827156970527758 0.324864741028128
12 0.2702762063056888 0.5025001416100873 0.32173046333104866 0.5033003006789525 0.32173046333104866 0.4216840358874879 0.2702762063056888 0.4208838768186227 0.2702762063056888 0.5025001416100873
7 0.7271447731322824 0.7121419204655673 0.7271447731322824 0.6977390494665373 0.7390188320767649 0.6977390494665373 0.7407151261137767 0.573714333656644 0.5416832755311857 0.580915768186227 0.5405524126113777 0.7137422386032978 0.7271447731322824 0.7121419204655673
8 0.5382906874571625 0.5081012580019398 0.7118781254283756 0.5249046062075655 0.7124435565455791 0.5008998225024248 0.728841067169294 0.5008998225024248 0.7294064982864976 0.3008599573229874 0.538856118574366 0.3000597982541222 0.5382906874571625 0.5081012580019398