4 0.6876026272577996 0.8821070234113713 0.9780377668308703 0.8835005574136009 0.9780377668308703 0.45429208472686733 0.6865763546798029 0.45429208472686733 0.6876026272577996 0.8821070234113713
2 0.0318144499178982 0.39297658862876256 0.0318144499178982 0.43478260869565216 0.14470443349753695 0.43478260869565216 0.14470443349753695 0.39297658862876256 0.20217569786535303 0.3943701226309922 0.20935960591133004 0.10869565217391304 0.0318144499178982 0.10451505016722408 0.0318144499178982 0.39297658862876256
1 0.0318144499178982 0.8793199554069119 0.20422824302134646 0.8821070234113713 0.20935960591133004 0.5713489409141583 0.03489326765188834 0.5657748049052397 0.0318144499178982 0.8793199554069119
0 0.14367816091954022 0.5588071348940914 0.14367816091954022 0.4431438127090301 0.06773399014778325 0.44175027870680045 0.06670771756978654 0.45568561872909696 0.03489326765188834 0.45429208472686733 0.033866995073891626 0.560200668896321 0.14367816091954022 0.5588071348940914
0 0.2124384236453202 0.8835005574136009 0.2986453201970443 0.8835005574136009 0.2996715927750411 0.7302118171683389 0.2134646962233169 0.7302118171683389 0.2124384236453202 0.8835005574136009
8 0.2124384236453202 0.44871794871794873 0.48440065681444994 0.44871794871794873 0.4833743842364532 0.05434782608695652 0.21449096880131363 0.052954292084726864 0.2124384236453202 0.44871794871794873
3 0.48747947454844004 0.44732441471571904 0.6793924466338259 0.44871794871794873 0.6834975369458128 0.18812709030100336 0.4895320197044335 0.1867335562987737 0.48747947454844004 0.44732441471571904
7 0.6865763546798029 0.44732441471571904 0.8630952380952381 0.44732441471571904 0.8600164203612479 0.16304347826086957 0.8179392446633826 0.10312151616499443 0.7327586206896551 0.10451505016722408 0.6886288998357963 0.16722408026755853 0.6865763546798029 0.44732441471571904
11 0.8723316912972086 0.4431438127090301 0.9575123152709359 0.4431438127090301 0.9564860426929392 0.3232998885172798 0.8723316912972086 0.3219063545150502 0.8723316912972086 0.4431438127090301
5 0.20730706075533661 0.4041248606465998 0.1488095238095238 0.4013377926421405 0.14983579638752054 0.5588071348940914 0.3099343185550082 0.5615942028985508 0.3099343185550082 0.6354515050167224 0.6834975369458128 0.6312709030100334 0.6824712643678161 0.5406911928651059 0.4823481116584565 0.5406911928651059 0.4823481116584565 0.532329988851728 0.5182676518883416 0.532329988851728 0.5162151067323482 0.45429208472686733 0.4813218390804598 0.45429208472686733 0.3078817733990148 0.45429208472686733 0.3099343185550082 0.4807692307692308 0.20935960591133004 0.4807692307692308 0.20730706075533661 0.4041248606465998
0 0.6188423645320197 0.5365105908584169 0.6188423645320197 0.45429208472686733 0.5233990147783252 0.45429208472686733 0.5223727422003284 0.5351170568561873 0.6188423645320197 0.5365105908584169
12 0.21141215106732347 0.7246376811594203 0.2976190476190476 0.7260312151616499 0.2986453201970443 0.5657748049052397 0.2134646962233169 0.5657748049052397 0.21141215106732347 0.7246376811594203
10 0.3274655221674877 0.7768377892976588 0.32755962192118226 0.7905732731326645 0.3100188883415435 0.7907731293199554 0.3084647733990148 0.9085389024526199 0.3978288329228243 0.9368729966555184 0.44999566954022985 0.9454964169453735 0.5398133534482759 0.9454964169453735 0.6146614236453202 0.9313293695652174 0.6781688768472907 0.9103867781493868 0.6772616276683087 0.7890429381270903 0.6573021424466338 0.7902748556298774 0.6568485176518883 0.7779556839464883 0.6774244712643679 0.7782313232998885 0.6784507438423646 0.6458455930880713 0.3110451609195402 0.6458455930880713 0.3100188883415435 0.7768377892976588 0.3274655221674877 0.7768377892976588