0 0.09500203693181819 0.8042412290132549 0.09431818181818181 0.93519882179676 0.31136363636363634 0.9366715758468336 0.3125 0.7349042709867453 0.1212791965909091 0.7356929808541973 0.1212791965909091 0.8042412290132549 0.09500203693181819 0.8042412290132549
6 0.23125725397727273 0.7256254278350516 0.23227154034090908 0.6362367879234168 0.30022871590909095 0.6349222496318115 0.2982001431818182 0.3522964035346097 0.2829858505681818 0.3522964035346097 0.2829858505681818 0.24713329823269511 0.09331433068181819 0.2458187592047128 0.09635718920454545 0.7243108888070692 0.23125725397727273 0.7256254278350516
1 0.2961715710227273 0.3089166222385862 0.32355729829545454 0.30760208321060384 0.32355729829545454 0.34835278718703977 0.30834300568181816 0.3509818645066274 0.30935729147727276 0.6349222496318115 0.5071431011363636 0.6349222496318115 0.5061288147727272 0.24844783652430044 0.2971858573863636 0.24844783652430044 0.2961715710227273 0.3089166222385862
8 0.5152573903409091 0.7295690441826215 0.71850349375 0.7300797422680413 0.717959265909091 0.35300656111929307 0.698536434090909 0.35330270765832106 0.6989934420454545 0.31124991237113403 0.7257283988636364 0.31095376583210604 0.7252146346590909 0.24844783652430044 0.5162716767045454 0.24844783652430044 0.5152573903409091 0.7295690441826215
0 0.4316327460227273 0.9345723932253314 0.43277918125000003 0.7369601067746686 0.3192821244318182 0.7362172032400589 0.3192821244318182 0.9382869101620029 0.4316327460227273 0.9345723932253314
12 0.6334145494318182 0.9366325714285715 0.7360544210227272 0.9366325714285715 0.7367574340909091 0.7407415184094256 0.634820575 0.7398303969072164 0.6334145494318182 0.9366325714285715
5 0.8485364721590909 0.9348103291605301 0.847833459090909 0.7389192761413843 0.738866472159091 0.7398303969072164 0.737460446590909 0.9366325714285715 0.8485364721590909 0.9348103291605301
11 0.8541605744318183 0.9348103291605301 0.9251648693181818 0.933899208394698 0.9251648693181818 0.7544083357879233 0.8548635874999999 0.7534972150220913 0.8541605744318183 0.9348103291605301
7 0.737460446590909 0.3526038961708395 0.7177760880681818 0.3535150176730486 0.7184791005681818 0.7152301251840942 0.9237588437500001 0.7170523674521355 0.9237588437500001 0.250558324005891 0.737460446590909 0.250558324005891 0.737460446590909 0.3526038961708395
11 0.4386799988636364 0.932988086892489 0.5040601909090909 0.9348103291605301 0.5040601909090909 0.7370970338733431 0.4393830113636364 0.7380081546391752 0.4386799988636364 0.932988086892489
11 0.5174174346590908 0.9357214506627394 0.6249783960227272 0.9348103291605301 0.6256814085227272 0.7398303969072164 0.5174174346590908 0.7398303969072164 0.5174174346590908 0.9357214506627394
5 0.5054662164772727 0.7261635795287187 0.5054662164772727 0.6441626730486009 0.23832134545454545 0.6459849160530191 0.23691531988636363 0.7261635795287187 0.5054662164772727 0.7261635795287187