10 0.134765625 0.7707182320441989 0.1240234375 0.7707182320441989 0.1240234375 0.8342541436464088 0.2978515625 0.835635359116022 0.2998046875 0.7720994475138122 0.2880859375 0.7693370165745856 0.2861328125 0.7265193370165746 0.1337890625 0.7265193370165746 0.134765625 0.7707182320441989
0 0.5205078125 0.42679558011049723 0.5185546875 0.324585635359116 0.396484375 0.324585635359116 0.396484375 0.430939226519337 0.5205078125 0.42679558011049723
1 0.7275390625 0.738950276243094 0.8935546875 0.7417127071823204 0.8955078125 0.7168508287292817 0.904296875 0.7182320441988951 0.9052734375 0.4723756906077348 0.7265625 0.47099447513812154 0.7275390625 0.738950276243094
12 0.806640625 0.462707182320442 0.89453125 0.462707182320442 0.896484375 0.4281767955801105 0.9052734375 0.4281767955801105 0.9052734375 0.3259668508287293 0.80859375 0.3259668508287293 0.806640625 0.462707182320442
0 0.904296875 0.31629834254143646 0.9052734375 0.20027624309392264 0.830078125 0.20027624309392264 0.8291015625 0.143646408839779 0.7646484375 0.14226519337016574 0.7646484375 0.17679558011049723 0.724609375 0.17679558011049723 0.724609375 0.20303867403314918 0.705078125 0.20027624309392264 0.7060546875 0.31629834254143646 0.904296875 0.31629834254143646
9 0.3037109375 0.20441988950276244 0.3037109375 0.31767955801104975 0.44140625 0.31767955801104975 0.44140625 0.11187845303867404 0.326171875 0.11187845303867404 0.3251953125 0.20303867403314918 0.3037109375 0.20441988950276244
7 0.3330078125 0.47513812154696133 0.3037109375 0.47790055248618785 0.302734375 0.7168508287292817 0.3251953125 0.7182320441988951 0.3251953125 0.7417127071823204 0.494140625 0.7403314917127072 0.4970703125 0.7196132596685083 0.5234375 0.7209944751381215 0.5244140625 0.48066298342541436 0.470703125 0.48066298342541436 0.47265625 0.44060773480662985 0.33203125 0.43784530386740333 0.3330078125 0.47513812154696133
12 0.302734375 0.4281767955801105 0.3896484375 0.42955801104972374 0.390625 0.3259668508287293 0.3017578125 0.324585635359116 0.302734375 0.4281767955801105
6 0.1103515625 0.430939226519337 0.2939453125 0.430939226519337 0.296875 0.17955801104972377 0.126953125 0.17541436464088397 0.126953125 0.20165745856353592 0.1103515625 0.20165745856353592 0.1103515625 0.430939226519337
1 0.109375 0.7182320441988951 0.2958984375 0.7196132596685083 0.296875 0.43922651933701656 0.1279296875 0.43922651933701656 0.1259765625 0.47375690607734805 0.1103515625 0.47375690607734805 0.109375 0.7182320441988951
8 0.52734375 0.738950276243094 0.693359375 0.7417127071823204 0.697265625 0.7168508287292817 0.71875 0.7168508287292817 0.720703125 0.4723756906077348 0.697265625 0.47099447513812154 0.69921875 0.3370165745856354 0.5283203125 0.3356353591160221 0.52734375 0.738950276243094
5 0.5244140625 0.3149171270718232 0.5263671875 0.3328729281767956 0.6982421875 0.3328729281767956 0.6962890625 0.14226519337016574 0.607421875 0.143646408839779 0.6083984375 0.10911602209944751 0.501953125 0.10911602209944751 0.5029296875 0.15883977900552487 0.5263671875 0.16022099447513813 0.5260112007812501 0.20339827955801107 0.4951171875 0.20303867403314918 0.4951171875 0.17265193370165746 0.44993688125000003 0.17146446187845304 0.45014028906250003 0.20138443535911602 0.44566532890625005 0.20109674364640884 0.4453125 0.3149171270718232 0.5244140625 0.3149171270718232